
Replication	FitnessValue	Frequency	Bus1	Bus2	Bus3	Bus4	Bus5	Bus6	Bus7	Bus8	Bus9	Bus10	Bus11	Bus12	Bus1_P	Bus2_P	Bus3_P	Bus4_P	Bus5_P	Bus6_P	Bus7_P	Bus8_P	Bus9_P	Bus10_P	Bus11_P	Bus12_P	Bus1_Q	Bus2_Q	Bus3_Q	Bus4_Q	Bus5_Q	Bus6_Q	Bus7_Q	Bus8_Q	Bus9_Q	Bus10_Q	Bus11_Q	Bus12_Q	PLoss	QLoss
Replication0	 0.07318	0.99199	0.87682 	0.88049 	0.87975 	0.88955 	0.88386 	0.88698 	0.89559 	0.88335 	0.91428 	0.88356 	0.89863 	0.91460 	-0.16131 	-0.13503 	-0.17609 	0.29071 	0.01183 	0.28316 	-0.14518 	-0.16913 	0.09312 	-0.15649 	0.03359 	0.13966 	-0.05377 	-0.04500 	-0.05869 	0.03482 	0.00394 	0.03066 	-0.04839 	-0.05637 	0.09568 	-0.05216 	0.01120 	0.14344 	0.01435	0.04052
Replication1	 0.03416	0.99511	0.91584 	0.91847 	0.91868 	0.92561 	0.92576 	0.92455 	0.95310 	0.94845 	0.96710 	0.94903 	0.96965 	0.96547 	-0.14920 	-0.14798 	-0.14821 	0.19209 	0.00000 	0.18601 	-0.13069 	-0.14458 	0.04153 	-0.12181 	0.31867 	0.06492 	-0.04942 	-0.04901 	-0.04909 	0.03599 	0.00000 	0.03198 	-0.04329 	-0.04789 	0.04309 	-0.04035 	0.10555 	0.06722 	0.00754	0.02029
Replication2	 0.04016	0.99452	0.90984 	0.91190 	0.91112 	0.91955 	0.91824 	0.91752 	0.94202 	0.93643 	0.95773 	0.93570 	0.95857 	0.95617 	-0.13661 	-0.14095 	-0.16741 	0.20977 	0.00000 	0.20433 	-0.16057 	-0.13177 	0.05067 	-0.17315 	0.32033 	0.07858 	-0.04530 	-0.04674 	-0.05551 	0.03470 	0.00000 	0.03158 	-0.05325 	-0.04370 	0.05242 	-0.05742 	0.10623 	0.08116 	0.00840	0.02247
Replication3	 0.04126	0.99427	0.90874 	0.91140 	0.91026 	0.91864 	0.91647 	0.91652 	0.93652 	0.92852 	0.95223 	0.92904 	0.95050 	0.95100 	-0.13781 	-0.11962 	-0.16443 	0.21498 	0.00000 	0.20954 	-0.14587 	-0.17195 	0.05606 	-0.15135 	0.27598 	0.08618 	-0.04572 	-0.03969 	-0.05455 	0.03194 	0.00000 	0.02892 	-0.04840 	-0.05705 	0.05789 	-0.05022 	0.09156 	0.08888 	0.00828	0.02234
Replication4	 0.05521	0.99316	0.89479 	0.89739 	0.89698 	0.90557 	0.90172 	0.90339 	0.91763 	0.90734 	0.93450 	0.90765 	0.92607 	0.93404 	-0.13958 	-0.13689 	-0.15835 	0.25036 	0.00000 	0.24378 	-0.13749 	-0.17123 	0.07336 	-0.15747 	0.15727 	0.11108 	-0.04641 	-0.04552 	-0.05265 	0.03187 	0.00000 	0.02819 	-0.04572 	-0.05694 	0.07555 	-0.05236 	0.05229 	0.11431 	0.00998	0.02760
Replication5	 0.06046	0.99281	0.88954 	0.89365 	0.89498 	0.90166 	0.89847 	0.90080 	0.90989 	0.90081 	0.92726 	0.90076 	0.91604 	0.92712 	-0.16995 	-0.14834 	-0.13025 	0.26121 	0.03344 	0.25257 	-0.17632 	-0.14066 	0.08045 	-0.14222 	0.08842 	0.12128 	-0.05655 	-0.04936 	-0.04334 	0.03161 	0.01113 	0.02601 	-0.05867 	-0.04680 	0.08275 	-0.04732 	0.02942 	0.12467 	0.01099	0.03060
Replication6	 0.05950	0.99296	0.89050 	0.89453 	0.89569 	0.90255 	0.89948 	0.90162 	0.91467 	0.90499 	0.93144 	0.90474 	0.92139 	0.93121 	-0.16937 	-0.14849 	-0.13429 	0.25759 	0.01505 	0.24915 	-0.13883 	-0.14634 	0.07635 	-0.15833 	0.11391 	0.11525 	-0.05634 	-0.04940 	-0.04467 	0.03281 	0.00501 	0.02734 	-0.04618 	-0.04868 	0.07860 	-0.05267 	0.03789 	0.11856 	0.01021	0.02841
Replication7	 0.05021	0.99399	0.89979 	0.90381 	0.90491 	0.91151 	0.91053 	0.91092 	0.93528 	0.92890 	0.95142 	0.92874 	0.94994 	0.95012 	-0.17712 	-0.15555 	-0.14105 	0.22906 	0.00000 	0.22107 	-0.15187 	-0.14363 	0.05681 	-0.15586 	0.27588 	0.08743 	-0.05880 	-0.05164 	-0.04682 	0.03712 	0.00000 	0.03167 	-0.05042 	-0.04768 	0.05873 	-0.05174 	0.09158 	0.09026 	0.00864	0.02334
Replication8	 0.05556	0.99334	0.89444 	0.89817 	0.89928 	0.90613 	0.90367 	0.90521 	0.92337 	0.91526 	0.93966 	0.91528 	0.93282 	0.93904 	-0.16639 	-0.15244 	-0.13623 	0.24682 	0.00000 	0.23870 	-0.14096 	-0.14463 	0.06831 	-0.14509 	0.16600 	0.10371 	-0.05531 	-0.05067 	-0.04528 	0.03392 	0.00000 	0.02862 	-0.04686 	-0.04808 	0.07044 	-0.04823 	0.05518 	0.10685 	0.00880	0.02417
Replication9	 0.05824	0.99310	0.89176 	0.89422 	0.89385 	0.90289 	0.89959 	0.90064 	0.91909 	0.91130 	0.93658 	0.91100 	0.93006 	0.93581 	-0.14662 	-0.15213 	-0.16977 	0.25500 	0.00000 	0.24829 	-0.17210 	-0.14218 	0.07131 	-0.15857 	0.19071 	0.10845 	-0.04876 	-0.05059 	-0.05646 	0.03448 	0.00000 	0.03068 	-0.05723 	-0.04728 	0.07351 	-0.05273 	0.06342 	0.11170 	0.00969	0.02645