
Replication	FitnessValue	Frequency	Bus1	Bus2	Bus3	Bus4	Bus5	Bus6	Bus7	Bus8	Bus9	Bus10	Bus11	Bus12	Bus1_P	Bus2_P	Bus3_P	Bus4_P	Bus5_P	Bus6_P	Bus7_P	Bus8_P	Bus9_P	Bus10_P	Bus11_P	Bus12_P	Bus1_Q	Bus2_Q	Bus3_Q	Bus4_Q	Bus5_Q	Bus6_Q	Bus7_Q	Bus8_Q	Bus9_Q	Bus10_Q	Bus11_Q	Bus12_Q	PLoss	QLoss
Replication0	 -1.37326	0.99744	0.96863 	0.97511 	0.98362 	0.97433 	0.98025 	0.99893 	0.96023 	0.96807 	0.98487 	0.96352 	0.97757 	0.98190 	-0.14966 	-0.14069 	-0.18083 	0.33347 	0.00000 	0.38085 	-0.16161 	-0.16030 	0.04604 	-0.12714 	0.15131 	0.02578 	-0.04934 	-0.04638 	-0.05962 	-0.12686 	0.00000 	0.37459 	-0.05328 	-0.05285 	0.02970 	-0.04192 	0.04989 	0.00409 	0.01721	0.02801
Replication1	 -1.33100	0.99733	0.96740 	0.97357 	0.98364 	0.97299 	0.97939 	0.99861 	0.95609 	0.96540 	0.98339 	0.95987 	0.97326 	0.98041 	-0.14289 	-0.16378 	-0.14679 	0.34694 	0.00000 	0.39207 	-0.17380 	-0.14439 	0.04861 	-0.13726 	0.11596 	0.02703 	-0.04712 	-0.05401 	-0.04840 	-0.13254 	0.00000 	0.38555 	-0.05731 	-0.04761 	0.03159 	-0.04526 	0.03824 	0.00443 	0.02170	0.02755
Replication2	 -1.42323	0.99783	0.97387 	0.97869 	0.98742 	0.97876 	0.98478 	1.00056 	0.96744 	0.97483 	0.98973 	0.97060 	0.98817 	0.98689 	-0.13400 	-0.16584 	-0.15734 	0.28505 	0.01855 	0.32493 	-0.17484 	-0.15718 	0.03745 	-0.13982 	0.25386 	0.02146 	-0.04414 	-0.05463 	-0.05183 	-0.10410 	0.00611 	0.31964 	-0.05760 	-0.05178 	0.02363 	-0.04606 	0.08363 	0.00312 	0.01227	0.02599
Replication3	 -1.46496	0.99794	0.97360 	0.98038 	0.98793 	0.97963 	0.98458 	1.00096 	0.97315 	0.97829 	0.99143 	0.97494 	0.99182 	0.98875 	-0.15962 	-0.12202 	-0.17206 	0.27257 	0.00000 	0.31100 	-0.14028 	-0.16216 	0.03453 	-0.13119 	0.25727 	0.02000 	-0.05257 	-0.04019 	-0.05667 	-0.09665 	0.00000 	0.30599 	-0.04620 	-0.05341 	0.02143 	-0.04321 	0.08473 	0.00260 	0.00804	0.02584
Replication4	 -1.45214	0.99794	0.97429 	0.98029 	0.98798 	0.97981 	0.98475 	1.00094 	0.97204 	0.97746 	0.99129 	0.97339 	0.99205 	0.98849 	-0.14752 	-0.13230 	-0.16828 	0.27201 	0.00000 	0.31170 	-0.14552 	-0.16224 	0.03475 	-0.15558 	0.28211 	0.02014 	-0.04859 	-0.04357 	-0.05542 	-0.09715 	0.00000 	0.30668 	-0.04793 	-0.05344 	0.02165 	-0.05124 	0.09291 	0.00274 	0.00926	0.02664
Replication5	 -1.42569	0.99781	0.97286 	0.97886 	0.98794 	0.97839 	0.98385 	1.00061 	0.96904 	0.97509 	0.98964 	0.97128 	0.98658 	0.98696 	-0.14373 	-0.14779 	-0.13645 	0.28819 	0.00000 	0.32309 	-0.14406 	-0.16163 	0.03767 	-0.12818 	0.20374 	0.02152 	-0.04735 	-0.04869 	-0.04495 	-0.10511 	0.00000 	0.31775 	-0.04746 	-0.05325 	0.02370 	-0.04223 	0.06712 	0.00298 	0.01236	0.02252
Replication6	 -1.46767	0.99817	0.97828 	0.98229 	0.99079 	0.98265 	0.98771 	1.00196 	0.97506 	0.98130 	0.99375 	0.97643 	0.99539 	0.99122 	-0.12006 	-0.16395 	-0.13157 	0.24354 	0.00941 	0.27668 	-0.15345 	-0.11945 	0.03031 	-0.17156 	0.29035 	0.01773 	-0.03952 	-0.05397 	-0.04331 	-0.08511 	0.00310 	0.27222 	-0.05052 	-0.03932 	0.01865 	-0.05648 	0.09559 	0.00224 	0.00799	0.02355
Replication7	 -1.44936	0.99789	0.97243 	0.97885 	0.98753 	0.97843 	0.98368 	1.00068 	0.97103 	0.97719 	0.99096 	0.97285 	0.99154 	0.98817 	-0.15793 	-0.14637 	-0.16261 	0.28119 	0.00000 	0.32051 	-0.15609 	-0.15006 	0.03543 	-0.15714 	0.28191 	0.02055 	-0.05202 	-0.04821 	-0.05356 	-0.09830 	0.00000 	0.31536 	-0.05141 	-0.04943 	0.02195 	-0.05176 	0.09286 	0.00266 	0.00939	0.02813
Replication8	 -1.42627	0.99782	0.97213 	0.97854 	0.98752 	0.97805 	0.98371 	1.00052 	0.96776 	0.97523 	0.98978 	0.97098 	0.98782 	0.98701 	-0.15444 	-0.14776 	-0.14802 	0.28865 	0.00591 	0.32604 	-0.17244 	-0.14772 	0.03743 	-0.13651 	0.23936 	0.02146 	-0.05088 	-0.04868 	-0.04876 	-0.10356 	0.00195 	0.32072 	-0.05681 	-0.04866 	0.02351 	-0.04497 	0.07886 	0.00298 	0.01199	0.02568
Replication9	 -1.45647	0.99791	0.97493 	0.97943 	0.98797 	0.97962 	0.98542 	1.00088 	0.97175 	0.97761 	0.99087 	0.97352 	0.98967 	0.98827 	-0.13107 	-0.16690 	-0.16192 	0.27569 	0.01701 	0.31382 	-0.14146 	-0.13973 	0.03548 	-0.14077 	0.22852 	0.02040 	-0.04317 	-0.05497 	-0.05333 	-0.09973 	0.00560 	0.30871 	-0.04659 	-0.04602 	0.02216 	-0.04637 	0.07527 	0.00271 	0.00906	0.02426
Replication10	 -1.44172	0.99786	0.97403 	0.97966 	0.98807 	0.97928 	0.98483 	1.00079 	0.97060 	0.97639 	0.99007 	0.97199 	0.98683 	0.98752 	-0.14006 	-0.14453 	-0.14899 	0.28115 	0.00804 	0.31688 	-0.13030 	-0.13440 	0.03685 	-0.14264 	0.18776 	0.02101 	-0.04614 	-0.04761 	-0.04908 	-0.10323 	0.00265 	0.31165 	-0.04292 	-0.04427 	0.02321 	-0.04699 	0.06185 	0.00289 	0.01078	0.02202
Replication11	 -1.40040	0.99785	0.97396 	0.98014 	0.98828 	0.97962 	0.98659 	1.00081 	0.96722 	0.97337 	0.98921 	0.96932 	0.98575 	0.98638 	-0.15135 	-0.13989 	-0.14343 	0.28130 	0.04454 	0.31613 	-0.14817 	-0.18095 	0.03818 	-0.13862 	0.21558 	0.02167 	-0.04986 	-0.04608 	-0.04725 	-0.10532 	0.01467 	0.31088 	-0.04881 	-0.05961 	0.02446 	-0.04566 	0.07102 	0.00345 	0.01502	0.02190
Replication12	 -1.33787	0.99753	0.97053 	0.97663 	0.98595 	0.97602 	0.98297 	0.99956 	0.96014 	0.96710 	0.98522 	0.96154 	0.97681 	0.98224 	-0.14190 	-0.15206 	-0.13154 	0.32052 	0.02520 	0.35945 	-0.13927 	-0.17156 	0.04522 	-0.16378 	0.14590 	0.02523 	-0.04677 	-0.05012 	-0.04336 	-0.12369 	0.00831 	0.35341 	-0.04591 	-0.05655 	0.02945 	-0.05399 	0.04809 	0.00429 	0.02141	0.02316
Replication13	 -1.43250	0.99799	0.97551 	0.98135 	0.98886 	0.98087 	0.98632 	1.00121 	0.97157 	0.97656 	0.99122 	0.97156 	0.99132 	0.98838 	-0.14331 	-0.12952 	-0.15374 	0.26530 	0.01541 	0.30249 	-0.13148 	-0.16305 	0.03472 	-0.18689 	0.28152 	0.02002 	-0.04720 	-0.04265 	-0.05063 	-0.09656 	0.00507 	0.29757 	-0.04330 	-0.05370 	0.02187 	-0.06155 	0.09271 	0.00297 	0.01146	0.02461
Replication14	 -1.46516	0.99822	0.97748 	0.98318 	0.99088 	0.98311 	0.98984 	1.00215 	0.97676 	0.98102 	0.99401 	0.97764 	0.99683 	0.99134 	-0.15596 	-0.14603 	-0.14913 	0.23806 	0.05590 	0.26991 	-0.13488 	-0.17677 	0.02978 	-0.14961 	0.30944 	0.01747 	-0.05134 	-0.04807 	-0.04909 	-0.08232 	0.01840 	0.26556 	-0.04440 	-0.05819 	0.01841 	-0.04925 	0.10186 	0.00237 	0.00821	0.02395
Replication15	 -1.31672	0.99717	0.96407 	0.97161 	0.98195 	0.97062 	0.97738 	0.99792 	0.95563 	0.96320 	0.98174 	0.95729 	0.97032 	0.97869 	-0.16492 	-0.15685 	-0.15990 	0.36787 	0.00000 	0.41565 	-0.13544 	-0.15460 	0.05159 	-0.15678 	0.08775 	0.02861 	-0.05440 	-0.05174 	-0.05275 	-0.13973 	0.00000 	0.40875 	-0.04468 	-0.05099 	0.03357 	-0.05171 	0.02895 	0.00468 	0.02297	0.02995
Replication16	 -1.39956	0.99757	0.97070 	0.97605 	0.98567 	0.97588 	0.98256 	0.99965 	0.96554 	0.97145 	0.98659 	0.96677 	0.97891 	0.98398 	-0.13933 	-0.17168 	-0.15192 	0.31697 	0.01916 	0.35612 	-0.11567 	-0.13866 	0.04302 	-0.13501 	0.10788 	0.02412 	-0.04592 	-0.05658 	-0.05007 	-0.11934 	0.00631 	0.35019 	-0.03812 	-0.04570 	0.02753 	-0.04450 	0.03556 	0.00355 	0.01500	0.02289
Replication17	 -1.44459	0.99800	0.97608 	0.98131 	0.98945 	0.98121 	0.98784 	1.00141 	0.97330 	0.97765 	0.99139 	0.97325 	0.98977 	0.98880 	-0.14152 	-0.15191 	-0.14491 	0.26280 	0.04268 	0.29556 	-0.11130 	-0.15348 	0.03441 	-0.16118 	0.21972 	0.01973 	-0.04660 	-0.05003 	-0.04772 	-0.09605 	0.01406 	0.29068 	-0.03665 	-0.05054 	0.02167 	-0.05308 	0.07236 	0.00281 	0.01060	0.02090
Replication18	 -1.48029	0.99825	0.98027 	0.98389 	0.99145 	0.98434 	0.99027 	1.00236 	0.97797 	0.98228 	0.99428 	0.97845 	0.99563 	0.99186 	-0.11829 	-0.15912 	-0.14212 	0.23143 	0.03960 	0.26272 	-0.12091 	-0.14255 	0.02926 	-0.15101 	0.26097 	0.01705 	-0.03894 	-0.05237 	-0.04678 	-0.08281 	0.01303 	0.25845 	-0.03980 	-0.04692 	0.01810 	-0.04970 	0.08590 	0.00224 	0.00703	0.02041
Replication19	 -1.36622	0.99753	0.96727 	0.97513 	0.98515 	0.97438 	0.98236 	0.99940 	0.96078 	0.96910 	0.98604 	0.96420 	0.97993 	0.98306 	-0.18472 	-0.16060 	-0.15245 	0.32506 	0.04576 	0.36473 	-0.17453 	-0.15888 	0.04399 	-0.14063 	0.18545 	0.02478 	-0.06089 	-0.05294 	-0.05025 	-0.11876 	0.01508 	0.35870 	-0.05753 	-0.05237 	0.02823 	-0.04636 	0.06113 	0.00386 	0.01796	0.02791
Replication20	 -1.40680	0.99778	0.97095 	0.97774 	0.98705 	0.97718 	0.98274 	1.00028 	0.96612 	0.97370 	0.98939 	0.96911 	0.98866 	0.98639 	-0.15993 	-0.14906 	-0.14668 	0.29473 	0.00000 	0.33425 	-0.18308 	-0.16857 	0.03814 	-0.15667 	0.28858 	0.02196 	-0.05269 	-0.04911 	-0.04833 	-0.10461 	0.00000 	0.32883 	-0.06032 	-0.05554 	0.02396 	-0.05162 	0.09508 	0.00314 	0.01367	0.02880
Replication21	 -1.43612	0.99781	0.97258 	0.97886 	0.98763 	0.97831 	0.98370 	1.00058 	0.96962 	0.97569 	0.98980 	0.97202 	0.98715 	0.98714 	-0.14953 	-0.14242 	-0.14803 	0.28801 	0.00000 	0.32421 	-0.14528 	-0.15682 	0.03741 	-0.12369 	0.20596 	0.02140 	-0.04926 	-0.04692 	-0.04877 	-0.10444 	0.00000 	0.31887 	-0.04786 	-0.05166 	0.02348 	-0.04075 	0.06785 	0.00290 	0.01120	0.02345
Replication22	 -1.33667	0.99736	0.96703 	0.97450 	0.98426 	0.97338 	0.97973 	0.99882 	0.95780 	0.96639 	0.98356 	0.96065 	0.97180 	0.98081 	-0.15866 	-0.14043 	-0.13814 	0.34335 	0.00000 	0.38479 	-0.14774 	-0.12317 	0.04826 	-0.13701 	0.06338 	0.02670 	-0.05232 	-0.04630 	-0.04555 	-0.13121 	0.00000 	0.37835 	-0.04871 	-0.04061 	0.03141 	-0.04518 	0.02090 	0.00433 	0.02134	0.02511
Replication23	 -1.48645	0.99811	0.97433 	0.98083 	0.98971 	0.98052 	0.98547 	1.00161 	0.97723 	0.98211 	0.99396 	0.97915 	0.99744 	0.99138 	-0.16269 	-0.14769 	-0.14724 	0.25480 	0.00000 	0.28858 	-0.14723 	-0.15914 	0.03019 	-0.13035 	0.30862 	0.01789 	-0.05357 	-0.04862 	-0.04848 	-0.08407 	0.00000 	0.28398 	-0.04847 	-0.05239 	0.01816 	-0.04292 	0.10161 	0.00192 	0.00574	0.02714
Replication24	 -1.28636	0.99726	0.96671 	0.97378 	0.98396 	0.97270 	0.97928 	0.99848 	0.95432 	0.96235 	0.98192 	0.95664 	0.96896 	0.97889 	-0.14676 	-0.14641 	-0.12048 	0.35426 	0.00000 	0.39633 	-0.14269 	-0.17043 	0.05105 	-0.14513 	0.06884 	0.02814 	-0.04840 	-0.04829 	-0.03973 	-0.13820 	0.00000 	0.38963 	-0.04706 	-0.05621 	0.03357 	-0.04786 	0.02270 	0.00493 	0.02673	0.02509
Replication25	 -1.41060	0.99779	0.97195 	0.97890 	0.98774 	0.97807 	0.98358 	1.00051 	0.96706 	0.97408 	0.98921 	0.96911 	0.98593 	0.98645 	-0.15632 	-0.13340 	-0.13646 	0.29085 	0.00102 	0.32656 	-0.15560 	-0.14438 	0.03837 	-0.15715 	0.21840 	0.02187 	-0.05150 	-0.04395 	-0.04496 	-0.10592 	0.00034 	0.32117 	-0.05126 	-0.04757 	0.02428 	-0.05177 	0.07195 	0.00317 	0.01376	0.02398
Replication26	 -1.34295	0.99748	0.96909 	0.97579 	0.98515 	0.97492 	0.98098 	0.99925 	0.95798 	0.96730 	0.98493 	0.96145 	0.97640 	0.98198 	-0.14747 	-0.14294 	-0.13827 	0.32817 	0.00011 	0.37000 	-0.17788 	-0.13914 	0.04581 	-0.15254 	0.14916 	0.02557 	-0.04862 	-0.04712 	-0.04558 	-0.12499 	0.00004 	0.36384 	-0.05864 	-0.04587 	0.02973 	-0.05029 	0.04917 	0.00422 	0.02060	0.02590
Replication27	 -1.38628	0.99768	0.97145 	0.97756 	0.98611 	0.97710 	0.98354 	0.99995 	0.96293 	0.97116 	0.98763 	0.96575 	0.98395 	0.98462 	-0.15054 	-0.14914 	-0.16226 	0.30319 	0.02285 	0.34569 	-0.17875 	-0.15189 	0.04109 	-0.16558 	0.23795 	0.02329 	-0.04961 	-0.04914 	-0.05347 	-0.11265 	0.00753 	0.34004 	-0.05890 	-0.05005 	0.02633 	-0.05456 	0.07841 	0.00369 	0.01590	0.02762
Replication28	 -1.40657	0.99776	0.97461 	0.97977 	0.98738 	0.97939 	0.98618 	1.00049 	0.96597 	0.97330 	0.98780 	0.96841 	0.97963 	0.98535 	-0.13258 	-0.14044 	-0.15586 	0.28998 	0.03997 	0.32734 	-0.13546 	-0.11059 	0.04060 	-0.12608 	0.09512 	0.02259 	-0.04368 	-0.04627 	-0.05135 	-0.11269 	0.01317 	0.32187 	-0.04463 	-0.03644 	0.02631 	-0.04154 	0.03134 	0.00362 	0.01460	0.01970
Replication29	 -1.28978	0.99718	0.96475 	0.97292 	0.98207 	0.97145 	0.97810 	0.99797 	0.95253 	0.96143 	0.98106 	0.95513 	0.96865 	0.97790 	-0.16720 	-0.12720 	-0.16152 	0.36484 	0.00330 	0.41413 	-0.15721 	-0.15593 	0.05259 	-0.15893 	0.08999 	0.02900 	-0.05515 	-0.04196 	-0.05328 	-0.14156 	0.00109 	0.40725 	-0.05186 	-0.05143 	0.03461 	-0.05242 	0.02968 	0.00513 	0.02585	0.03011
Replication30	 -1.38063	0.99767	0.97205 	0.97865 	0.98698 	0.97769 	0.98322 	1.00013 	0.96377 	0.97095 	0.98727 	0.96615 	0.98086 	0.98447 	-0.14363 	-0.12404 	-0.13704 	0.30241 	0.00000 	0.33981 	-0.15006 	-0.15652 	0.04167 	-0.14150 	0.16254 	0.02342 	-0.04733 	-0.04087 	-0.04516 	-0.11523 	0.00000 	0.33414 	-0.04945 	-0.05158 	0.02684 	-0.04663 	0.05356 	0.00373 	0.01705	0.02202
Replication31	 -1.33488	0.99757	0.97114 	0.97778 	0.98685 	0.97684 	0.98345 	0.99984 	0.95986 	0.96759 	0.98547 	0.96264 	0.97594 	0.98262 	-0.14352 	-0.13479 	-0.11551 	0.31433 	0.01899 	0.34983 	-0.15129 	-0.16827 	0.04470 	-0.13424 	0.11689 	0.02484 	-0.04730 	-0.04443 	-0.03807 	-0.12223 	0.00626 	0.34390 	-0.04987 	-0.05546 	0.02921 	-0.04424 	0.03853 	0.00427 	0.02198	0.02056
Replication32	 -1.44118	0.99787	0.97254 	0.97902 	0.98761 	0.97850 	0.98376 	1.00067 	0.97104 	0.97635 	0.99064 	0.97235 	0.99081 	0.98780 	-0.15614 	-0.14165 	-0.15835 	0.28248 	0.00000 	0.32095 	-0.14318 	-0.17116 	0.03596 	-0.15354 	0.27415 	0.02082 	-0.05143 	-0.04666 	-0.05216 	-0.10002 	0.00000 	0.31576 	-0.04716 	-0.05638 	0.02239 	-0.05058 	0.09030 	0.00279 	0.01035	0.02685
Replication33	 -1.42083	0.99793	0.97372 	0.98008 	0.98909 	0.97955 	0.98484 	1.00106 	0.96932 	0.97610 	0.99101 	0.97188 	0.99060 	0.98818 	-0.14929 	-0.14222 	-0.12535 	0.27371 	0.00097 	0.30746 	-0.16909 	-0.16759 	0.03521 	-0.14980 	0.27829 	0.02034 	-0.04917 	-0.04684 	-0.04128 	-0.09733 	0.00032 	0.30242 	-0.05569 	-0.05520 	0.02204 	-0.04934 	0.09166 	0.00286 	0.01267	0.02445
Replication34	 -1.35471	0.99751	0.97026 	0.97627 	0.98503 	0.97559 	0.98143 	0.99932 	0.95926 	0.96787 	0.98528 	0.96218 	0.97765 	0.98231 	-0.13775 	-0.14254 	-0.15245 	0.32347 	0.00000 	0.36734 	-0.16922 	-0.14608 	0.04519 	-0.15635 	0.16248 	0.02527 	-0.04541 	-0.04699 	-0.05026 	-0.12413 	0.00000 	0.36125 	-0.05578 	-0.04815 	0.02930 	-0.05154 	0.05356 	0.00417 	0.01935	0.02604
Replication35	 -1.29963	0.99711	0.96223 	0.97056 	0.98131 	0.96938 	0.97635 	0.99760 	0.95250 	0.96186 	0.98098 	0.95579 	0.96914 	0.97784 	-0.17764 	-0.15623 	-0.15902 	0.37739 	0.00000 	0.42663 	-0.16762 	-0.14849 	0.05294 	-0.14945 	0.09670 	0.02934 	-0.05860 	-0.05154 	-0.05246 	-0.14210 	0.00000 	0.41957 	-0.05530 	-0.04899 	0.03450 	-0.04930 	0.03190 	0.00485 	0.02455	0.03253
Replication36	 -1.37121	0.99762	0.97142 	0.97698 	0.98679 	0.97659 	0.98248 	0.99990 	0.96276 	0.97025 	0.98687 	0.96521 	0.98019 	0.98405 	-0.13211 	-0.16041 	-0.12219 	0.31079 	0.00000 	0.34767 	-0.15422 	-0.15498 	0.04245 	-0.14638 	0.16347 	0.02388 	-0.04354 	-0.05287 	-0.04027 	-0.11727 	0.00000 	0.34185 	-0.05083 	-0.05108 	0.02725 	-0.04824 	0.05388 	0.00371 	0.01797	0.02260
Replication37	 -1.46866	0.99792	0.97346 	0.97912 	0.98762 	0.97894 	0.98408 	1.00079 	0.97184 	0.97872 	0.99133 	0.97442 	0.99127 	0.98873 	-0.14804 	-0.15291 	-0.16908 	0.27714 	0.00000 	0.31674 	-0.16168 	-0.11962 	0.03478 	-0.14228 	0.25234 	0.02013 	-0.04876 	-0.05036 	-0.05569 	-0.09723 	0.00000 	0.31165 	-0.05325 	-0.03940 	0.02149 	-0.04686 	0.08311 	0.00248 	0.00753	0.02719
Replication38	 -1.48235	0.99796	0.97430 	0.97977 	0.98829 	0.97962 	0.98470 	1.00105 	0.97502 	0.97994 	0.99186 	0.97609 	0.99141 	0.98942 	-0.14403 	-0.15259 	-0.16180 	0.27147 	0.00000 	0.30793 	-0.12311 	-0.12692 	0.03385 	-0.13774 	0.21979 	0.01959 	-0.04744 	-0.05025 	-0.05329 	-0.09550 	0.00000 	0.30294 	-0.04055 	-0.04180 	0.02082 	-0.04536 	0.07239 	0.00229 	0.00644	0.02426
Replication39	 -1.50553	0.99822	0.97909 	0.98294 	0.99041 	0.98335 	0.98852 	1.00208 	0.97805 	0.98372 	0.99447 	0.98054 	0.99652 	0.99213 	-0.12340 	-0.15723 	-0.16362 	0.23708 	0.01992 	0.27232 	-0.14880 	-0.12146 	0.02908 	-0.11921 	0.26245 	0.01704 	-0.04062 	-0.05176 	-0.05386 	-0.08270 	0.00656 	0.26798 	-0.04898 	-0.03998 	0.01773 	-0.03924 	0.08639 	0.00197 	0.00419	0.02349
Replication40	 -1.46115	0.99797	0.97374 	0.97989 	0.98819 	0.97953 	0.98456 	1.00101 	0.97256 	0.97868 	0.99193 	0.97484 	0.99360 	0.98918 	-0.15403 	-0.14294 	-0.16385 	0.27027 	0.00000 	0.30911 	-0.16185 	-0.15395 	0.03369 	-0.14545 	0.29756 	0.01965 	-0.05073 	-0.04707 	-0.05396 	-0.09378 	0.00000 	0.30416 	-0.05330 	-0.05070 	0.02076 	-0.04790 	0.09800 	0.00249 	0.00821	0.02797
Replication41	 -1.41893	0.99796	0.97609 	0.98188 	0.98847 	0.98130 	0.98729 	1.00112 	0.96798 	0.97518 	0.99033 	0.97045 	0.98882 	0.98748 	-0.14245 	-0.11865 	-0.16640 	0.26629 	0.03310 	0.30550 	-0.16914 	-0.15500 	0.03614 	-0.15768 	0.26058 	0.02061 	-0.04691 	-0.03908 	-0.05480 	-0.10006 	0.01090 	0.30052 	-0.05571 	-0.05105 	0.02313 	-0.05193 	0.08582 	0.00334 	0.01289	0.02418
Replication42	 -1.39450	0.99760	0.96897 	0.97592 	0.98561 	0.97525 	0.98119 	0.99963 	0.96432 	0.97132 	0.98731 	0.96624 	0.98314 	0.98439 	-0.16117 	-0.15339 	-0.15139 	0.31630 	0.00000 	0.35684 	-0.15388 	-0.15480 	0.04185 	-0.15986 	0.21078 	0.02378 	-0.05312 	-0.05055 	-0.04989 	-0.11504 	0.00000 	0.35098 	-0.05072 	-0.05102 	0.02654 	-0.05269 	0.06947 	0.00345 	0.01507	0.02741
Replication43	 -1.38000	0.99764	0.97144 	0.97749 	0.98620 	0.97693 	0.98318 	0.99988 	0.96351 	0.97033 	0.98701 	0.96546 	0.98163 	0.98407 	-0.14408 	-0.14568 	-0.15091 	0.30798 	0.01525 	0.34817 	-0.14951 	-0.16864 	0.04218 	-0.15255 	0.19087 	0.02379 	-0.04748 	-0.04801 	-0.04973 	-0.11641 	0.00503 	0.34241 	-0.04927 	-0.05558 	0.02711 	-0.05027 	0.06290 	0.00378 	0.01687	0.02448
Replication44	 -1.44886	0.99776	0.97143 	0.97722 	0.98609 	0.97702 	0.98249 	1.00014 	0.97064 	0.97567 	0.98957 	0.97130 	0.98862 	0.98679 	-0.15048 	-0.15958 	-0.17793 	0.29702 	0.00000 	0.33938 	-0.12795 	-0.15348 	0.03793 	-0.15894 	0.24164 	0.02184 	-0.04958 	-0.05258 	-0.05862 	-0.10597 	0.00000 	0.33390 	-0.04216 	-0.05057 	0.02362 	-0.05237 	0.07961 	0.00284 	0.00944	0.02814
Replication45	 -1.31789	0.99725	0.96638 	0.97223 	0.98240 	0.97183 	0.97836 	0.99816 	0.95377 	0.96364 	0.98252 	0.95799 	0.97306 	0.97933 	-0.14110 	-0.17362 	-0.16207 	0.35749 	0.00000 	0.40754 	-0.19005 	-0.15787 	0.05017 	-0.14408 	0.14838 	0.02794 	-0.04654 	-0.05726 	-0.05345 	-0.13639 	0.00000 	0.40083 	-0.06268 	-0.05207 	0.03264 	-0.04752 	0.04894 	0.00467 	0.02273	0.03116
Replication46	 -1.38524	0.99763	0.96938 	0.97665 	0.98624 	0.97580 	0.98169 	0.99981 	0.96461 	0.97098 	0.98744 	0.96595 	0.98326 	0.98449 	-0.16235 	-0.14420 	-0.13969 	0.31223 	0.00000 	0.35056 	-0.14451 	-0.17000 	0.04156 	-0.16526 	0.21423 	0.02361 	-0.05351 	-0.04752 	-0.04604 	-0.11413 	0.00000 	0.34476 	-0.04763 	-0.05602 	0.02642 	-0.05446 	0.07060 	0.00352 	0.01617	0.02600
Replication47	 -1.32336	0.99719	0.96332 	0.97079 	0.98220 	0.97006 	0.97702 	0.99795 	0.95546 	0.96427 	0.98230 	0.95723 	0.97157 	0.97930 	-0.16909 	-0.17707 	-0.14914 	0.36792 	0.00000 	0.41450 	-0.15121 	-0.11837 	0.05069 	-0.18205 	0.10772 	0.02821 	-0.05577 	-0.05841 	-0.04919 	-0.13660 	0.00000 	0.40765 	-0.04988 	-0.03905 	0.03278 	-0.06005 	0.03553 	0.00443 	0.02212	0.03145
Replication48	 -1.42464	0.99777	0.97237 	0.97863 	0.98710 	0.97800 	0.98340 	1.00036 	0.96744 	0.97459 	0.98897 	0.96945 	0.98499 	0.98632 	-0.14759 	-0.13768 	-0.15351 	0.29316 	0.00000 	0.33157 	-0.14999 	-0.12190 	0.03880 	-0.15433 	0.19174 	0.02204 	-0.04862 	-0.04536 	-0.05058 	-0.10782 	0.00000 	0.32612 	-0.04942 	-0.04016 	0.02457 	-0.05085 	0.06317 	0.00314 	0.01230	0.02420
Replication49	 -1.51104	0.99831	0.97784 	0.98305 	0.99045 	0.98314 	0.98739 	1.00221 	0.97978 	0.98553 	0.99606 	0.98207 	1.00266 	0.99350 	-0.14600 	-0.14298 	-0.17201 	0.22914 	0.00000 	0.26796 	-0.16918 	-0.12989 	0.02637 	-0.14823 	0.37179 	0.01590 	-0.04805 	-0.04706 	-0.05661 	-0.07353 	0.00000 	0.26384 	-0.05568 	-0.04275 	0.01563 	-0.04878 	0.12236 	0.00164 	0.00288	0.03101
Replication50	 -1.45034	0.99783	0.97188 	0.97858 	0.98752 	0.97800 	0.98341 	1.00059 	0.97077 	0.97698 	0.99029 	0.97251 	0.98828 	0.98771 	-0.15979 	-0.14410 	-0.15380 	0.28719 	0.00000 	0.32380 	-0.14174 	-0.12730 	0.03660 	-0.14611 	0.21384 	0.02102 	-0.05264 	-0.04747 	-0.05067 	-0.10182 	0.00000 	0.31851 	-0.04669 	-0.04194 	0.02279 	-0.04813 	0.07044 	0.00268 	0.00960	0.02508
Replication51	 -1.34601	0.99739	0.96894 	0.97404 	0.98379 	0.97385 	0.98004 	0.99879 	0.95823 	0.96629 	0.98431 	0.96094 	0.97679 	0.98120 	-0.12941 	-0.17348 	-0.15844 	0.33867 	0.00000 	0.38558 	-0.16454 	-0.16787 	0.04701 	-0.15351 	0.16970 	0.02634 	-0.04267 	-0.05720 	-0.05224 	-0.12926 	0.00000 	0.37922 	-0.05425 	-0.05535 	0.03040 	-0.05061 	0.05595 	0.00428 	0.02004	0.02827
Replication52	 -1.38067	0.99760	0.96905 	0.97604 	0.98591 	0.97535 	0.98132 	0.99967 	0.96301 	0.97062 	0.98720 	0.96529 	0.98299 	0.98421 	-0.16011 	-0.15345 	-0.14114 	0.31567 	0.00000 	0.35550 	-0.16584 	-0.15774 	0.04200 	-0.16548 	0.22324 	0.02386 	-0.05277 	-0.05057 	-0.04652 	-0.11498 	0.00000 	0.34964 	-0.05466 	-0.05199 	0.02671 	-0.05454 	0.07357 	0.00356 	0.01650	0.02747
Replication53	 -1.40237	0.99756	0.97002 	0.97535 	0.98523 	0.97524 	0.98121 	0.99951 	0.96550 	0.97125 	0.98700 	0.96712 	0.98228 	0.98414 	-0.13855 	-0.17517 	-0.15735 	0.31938 	0.00000 	0.36111 	-0.13349 	-0.17379 	0.04241 	-0.13702 	0.18281 	0.02406 	-0.04567 	-0.05773 	-0.05186 	-0.11803 	0.00000 	0.35516 	-0.04400 	-0.05728 	0.02689 	-0.04516 	0.06025 	0.00344 	0.01440	0.02601
Replication54	 -1.42406	0.99784	0.97290 	0.97944 	0.98809 	0.97874 	0.98408 	1.00071 	0.96813 	0.97535 	0.98985 	0.97081 	0.98704 	0.98716 	-0.15071 	-0.13513 	-0.13879 	0.28435 	0.00000 	0.31981 	-0.16170 	-0.13995 	0.03724 	-0.14257 	0.21861 	0.02128 	-0.04965 	-0.04451 	-0.04572 	-0.10330 	0.00000 	0.31454 	-0.05327 	-0.04610 	0.02348 	-0.04696 	0.07201 	0.00300 	0.01243	0.02352
Replication55	 -1.48353	0.99822	0.97659 	0.98258 	0.99056 	0.98231 	0.98688 	1.00201 	0.97738 	0.98287 	0.99476 	0.97878 	0.99911 	0.99215 	-0.15164 	-0.13656 	-0.14750 	0.23999 	0.00000 	0.27466 	-0.15514 	-0.13899 	0.02864 	-0.16412 	0.33965 	0.01702 	-0.04992 	-0.04495 	-0.04855 	-0.07959 	0.00000 	0.27032 	-0.05107 	-0.04575 	0.01729 	-0.05402 	0.11180 	0.00196 	0.00600	0.02752
Replication56	 0.00438	0.99685	0.96103 	0.96816 	0.97936 	0.96723 	0.97473 	0.99655 	0.94562 	0.95486 	0.97690 	0.94785 	0.95984 	0.97353 	-0.15301 	-0.17247 	-0.15103 	0.40700 	0.00221 	0.46278 	-0.14711 	-0.16756 	0.05992 	-0.16564 	0.02579 	0.03273 	-0.05050 	-0.05693 	-0.04985 	-0.15925 	0.00073 	0.45509 	-0.04856 	-0.05531 	0.03982 	-0.05467 	0.00851 	0.00604 	0.03361	0.03512
Replication57	 -1.34925	0.99740	0.96854 	0.97471 	0.98386 	0.97403 	0.98014 	0.99884 	0.95840 	0.96668 	0.98412 	0.96088 	0.97503 	0.98117 	-0.14222 	-0.15013 	-0.16054 	0.33801 	0.00000 	0.38389 	-0.15551 	-0.14018 	0.04729 	-0.15490 	0.12776 	0.02634 	-0.04689 	-0.04950 	-0.05293 	-0.12965 	0.00000 	0.37753 	-0.05127 	-0.04622 	0.03069 	-0.05107 	0.04212 	0.00430 	0.01981	0.02711
Replication58	 -1.36068	0.99742	0.96677 	0.97472 	0.98432 	0.97357 	0.97993 	0.99900 	0.96078 	0.96785 	0.98485 	0.96232 	0.97673 	0.98194 	-0.17136 	-0.13900 	-0.15227 	0.33677 	0.00308 	0.37856 	-0.13770 	-0.14934 	0.04610 	-0.15817 	0.13615 	0.02582 	-0.05650 	-0.04583 	-0.05020 	-0.12575 	0.00102 	0.37228 	-0.04540 	-0.04924 	0.02968 	-0.05215 	0.04489 	0.00402 	0.01864	0.02683
Replication59	 -1.42373	0.99788	0.97278 	0.97916 	0.98866 	0.97870 	0.98414 	1.00086 	0.96932 	0.97600 	0.99058 	0.97110 	0.98926 	0.98784 	-0.15149 	-0.15090 	-0.12494 	0.28082 	0.00000 	0.31452 	-0.15669 	-0.14538 	0.03601 	-0.16466 	0.25434 	0.02074 	-0.04990 	-0.04971 	-0.04115 	-0.09951 	0.00000 	0.30936 	-0.05161 	-0.04789 	0.02250 	-0.05424 	0.08378 	0.00282 	0.01237	0.02445
Replication60	 -1.31385	0.99725	0.96664 	0.97285 	0.98267 	0.97219 	0.97867 	0.99822 	0.95505 	0.96343 	0.98221 	0.95704 	0.97120 	0.97913 	-0.14212 	-0.16037 	-0.15681 	0.35682 	0.00000 	0.40518 	-0.15009 	-0.14698 	0.05065 	-0.16814 	0.10717 	0.02807 	-0.04687 	-0.05289 	-0.05172 	-0.13779 	0.00000 	0.39846 	-0.04950 	-0.04848 	0.03309 	-0.05545 	0.03535 	0.00476 	0.02338	0.02896
Replication61	 -1.33690	0.99728	0.96590 	0.97295 	0.98301 	0.97209 	0.97861 	0.99839 	0.95712 	0.96551 	0.98292 	0.95944 	0.97169 	0.98006 	-0.15721 	-0.15594 	-0.15480 	0.35413 	0.00000 	0.39967 	-0.14523 	-0.12491 	0.04948 	-0.15157 	0.07997 	0.02743 	-0.05185 	-0.05143 	-0.05105 	-0.13455 	0.00000 	0.39303 	-0.04789 	-0.04119 	0.03213 	-0.04999 	0.02637 	0.00440 	0.02103	0.02798
Replication62	 -1.46879	0.99805	0.97550 	0.98046 	0.98861 	0.98054 	0.98536 	1.00125 	0.97308 	0.97984 	0.99276 	0.97650 	0.99572 	0.98999 	-0.13783 	-0.15497 	-0.16715 	0.26071 	0.00000 	0.30099 	-0.18203 	-0.15732 	0.03221 	-0.13070 	0.32453 	0.01890 	-0.04538 	-0.05103 	-0.05504 	-0.09006 	0.00000 	0.29622 	-0.05994 	-0.05180 	0.01976 	-0.04304 	0.10686 	0.00237 	0.00734	0.02892
Replication63	 -1.44406	0.99805	0.97532 	0.98157 	0.98984 	0.98103 	0.98594 	1.00150 	0.97292 	0.97846 	0.99240 	0.97438 	0.99361 	0.98965 	-0.14785 	-0.13184 	-0.13322 	0.25886 	0.00000 	0.29229 	-0.15038 	-0.16671 	0.03273 	-0.15786 	0.29522 	0.01906 	-0.04868 	-0.04341 	-0.04387 	-0.09104 	0.00000 	0.28754 	-0.04952 	-0.05489 	0.02030 	-0.05198 	0.09721 	0.00257 	0.01032	0.02423
Replication64	 -1.42746	0.99770	0.97064 	0.97703 	0.98578 	0.97654 	0.98223 	0.99994 	0.96747 	0.97391 	0.98858 	0.96881 	0.98611 	0.98575 	-0.15664 	-0.14964 	-0.17433 	0.30351 	0.00312 	0.34619 	-0.14550 	-0.13889 	0.03960 	-0.16679 	0.22835 	0.02263 	-0.05162 	-0.04931 	-0.05744 	-0.10972 	0.00103 	0.34058 	-0.04794 	-0.04577 	0.02494 	-0.05496 	0.07524 	0.00315 	0.01161	0.02818
Replication65	 -1.32458	0.99729	0.96639 	0.97322 	0.98321 	0.97239 	0.97887 	0.99842 	0.95567 	0.96476 	0.98278 	0.95859 	0.97159 	0.97984 	-0.15189 	-0.15536 	-0.14936 	0.35273 	0.00000 	0.39843 	-0.16026 	-0.13036 	0.04966 	-0.15279 	0.09400 	0.02752 	-0.05009 	-0.05123 	-0.04926 	-0.13486 	0.00000 	0.39180 	-0.05285 	-0.04299 	0.03235 	-0.05039 	0.03100 	0.00454 	0.02233	0.02803
Replication66	 -1.28509	0.99721	0.96651 	0.97332 	0.98272 	0.97234 	0.97936 	0.99817 	0.95303 	0.96151 	0.98115 	0.95503 	0.96788 	0.97806 	-0.14793 	-0.14572 	-0.15027 	0.35954 	0.01372 	0.40720 	-0.14427 	-0.15278 	0.05236 	-0.16306 	0.06901 	0.02878 	-0.04879 	-0.04806 	-0.04956 	-0.14137 	0.00453 	0.40039 	-0.04758 	-0.05039 	0.03457 	-0.05378 	0.02276 	0.00517 	0.02659	0.02788
Replication67	 -1.47944	0.99794	0.97152 	0.97803 	0.98806 	0.97791 	0.98337 	1.00087 	0.97459 	0.98029 	0.99231 	0.97646 	0.99394 	0.98974 	-0.16784 	-0.17090 	-0.15241 	0.27804 	0.00000 	0.31398 	-0.14833 	-0.13195 	0.03323 	-0.14236 	0.27533 	0.01949 	-0.05528 	-0.05629 	-0.05020 	-0.09215 	0.00000 	0.30895 	-0.04885 	-0.04346 	0.02009 	-0.04689 	0.09068 	0.00205 	0.00630	0.02866
Replication68	 -1.44946	0.99782	0.97044 	0.97722 	0.98688 	0.97687 	0.98245 	1.00037 	0.97140 	0.97679 	0.99055 	0.97240 	0.99117 	0.98774 	-0.16802 	-0.16139 	-0.16115 	0.29216 	0.00000 	0.33143 	-0.14147 	-0.15449 	0.03627 	-0.16415 	0.27898 	0.02108 	-0.05535 	-0.05317 	-0.05309 	-0.10025 	0.00000 	0.32610 	-0.04661 	-0.05089 	0.02234 	-0.05408 	0.09191 	0.00258 	0.00924	0.02949
Replication69	 -1.45798	0.99806	0.97638 	0.98148 	0.98986 	0.98134 	0.98622 	1.00154 	0.97432 	0.97926 	0.99256 	0.97571 	0.99335 	0.98992 	-0.13189 	-0.14677 	-0.13611 	0.25751 	0.00000 	0.29092 	-0.13786 	-0.16603 	0.03248 	-0.14150 	0.26941 	0.01890 	-0.04343 	-0.04833 	-0.04482 	-0.09148 	0.00000 	0.28617 	-0.04539 	-0.05467 	0.02009 	-0.04659 	0.08871 	0.00245 	0.00906	0.02271
Replication70	 -1.41799	0.99760	0.96903 	0.97481 	0.98554 	0.97478 	0.98089 	0.99961 	0.96646 	0.97312 	0.98784 	0.96814 	0.98386 	0.98509 	-0.15083 	-0.18683 	-0.15062 	0.31758 	0.00000 	0.35764 	-0.14341 	-0.13457 	0.04104 	-0.15453 	0.19378 	0.02340 	-0.04971 	-0.06157 	-0.04964 	-0.11354 	0.00000 	0.35179 	-0.04727 	-0.04435 	0.02574 	-0.05093 	0.06387 	0.00308 	0.01266	0.02745
Replication71	 -1.47286	0.99807	0.97634 	0.98187 	0.98960 	0.98153 	0.98627 	1.00157 	0.97557 	0.98017 	0.99282 	0.97685 	0.99391 	0.99024 	-0.13913 	-0.13387 	-0.15166 	0.25533 	0.00000 	0.29004 	-0.13160 	-0.16077 	0.03203 	-0.13526 	0.26374 	0.01865 	-0.04581 	-0.04408 	-0.04994 	-0.09044 	0.00000 	0.28535 	-0.04333 	-0.05294 	0.01976 	-0.04454 	0.08684 	0.00236 	0.00750	0.02323
Replication72	 -1.39688	0.99773	0.97362 	0.97912 	0.98724 	0.97853 	0.98389 	1.00031 	0.96542 	0.97225 	0.98793 	0.96757 	0.98224 	0.98520 	-0.12861 	-0.13408 	-0.14343 	0.29518 	0.00000 	0.33333 	-0.14489 	-0.15159 	0.04049 	-0.14103 	0.16723 	0.02280 	-0.04238 	-0.04418 	-0.04726 	-0.11291 	0.00000 	0.32779 	-0.04774 	-0.04995 	0.02600 	-0.04647 	0.05510 	0.00357 	0.01541	0.02158
Replication73	 -1.43370	0.99770	0.97052 	0.97655 	0.98634 	0.97629 	0.98207 	1.00003 	0.96975 	0.97462 	0.98883 	0.96982 	0.98574 	0.98614 	-0.15183 	-0.16687 	-0.15475 	0.30451 	0.00000 	0.34313 	-0.11320 	-0.14414 	0.03924 	-0.16411 	0.19681 	0.02243 	-0.05003 	-0.05499 	-0.05099 	-0.10925 	0.00000 	0.33751 	-0.03730 	-0.04749 	0.02455 	-0.05408 	0.06485 	0.00293 	0.01122	0.02572
Replication74	 -1.40708	0.99761	0.96892 	0.97566 	0.98583 	0.97516 	0.98130 	0.99970 	0.96450 	0.97258 	0.98757 	0.96792 	0.98254 	0.98485 	-0.16104 	-0.16448 	-0.14636 	0.31570 	0.00291 	0.35449 	-0.16808 	-0.13136 	0.04142 	-0.13140 	0.17857 	0.02349 	-0.05307 	-0.05421 	-0.04824 	-0.11392 	0.00096 	0.34866 	-0.05539 	-0.04329 	0.02617 	-0.04330 	0.05885 	0.00325 	0.01387	0.02645
Replication75	 -1.39991	0.99750	0.96672 	0.97385 	0.98426 	0.97332 	0.97958 	0.99912 	0.96449 	0.97074 	0.98663 	0.96620 	0.98269 	0.98366 	-0.17027 	-0.16947 	-0.16514 	0.33113 	0.00000 	0.37423 	-0.14422 	-0.16785 	0.04320 	-0.15000 	0.20805 	0.02460 	-0.05613 	-0.05586 	-0.05444 	-0.11867 	0.00000 	0.36811 	-0.04754 	-0.05533 	0.02723 	-0.04945 	0.06858 	0.00340 	0.01427	0.02992
Replication76	 -1.43842	0.99777	0.97157 	0.97781 	0.98690 	0.97739 	0.98291 	1.00032 	0.96952 	0.97551 	0.98954 	0.97091 	0.98728 	0.98685 	-0.15305 	-0.15256 	-0.15721 	0.29443 	0.00000 	0.33299 	-0.13888 	-0.13980 	0.03792 	-0.15337 	0.21852 	0.02173 	-0.05042 	-0.05026 	-0.05179 	-0.10554 	0.00000 	0.32755 	-0.04575 	-0.04606 	0.02373 	-0.05053 	0.07200 	0.00288 	0.01074	0.02579
Replication77	 -1.43633	0.99799	0.97597 	0.98244 	0.98947 	0.98146 	0.98623 	1.00137 	0.97045 	0.97711 	0.99101 	0.97268 	0.98837 	0.98845 	-0.14241 	-0.10390 	-0.14025 	0.26324 	0.00000 	0.29690 	-0.15018 	-0.13550 	0.03502 	-0.14143 	0.21001 	0.01997 	-0.04690 	-0.03422 	-0.04619 	-0.09793 	0.00000 	0.29199 	-0.04946 	-0.04462 	0.02220 	-0.04657 	0.06916 	0.00295 	0.01149	0.02041
Replication78	 -1.37865	0.99756	0.97064 	0.97660 	0.98561 	0.97599 	0.98182 	0.99958 	0.96304 	0.96986 	0.98615 	0.96449 	0.97874 	0.98336 	-0.13883 	-0.14710 	-0.14826 	0.31796 	0.00000 	0.35871 	-0.13445 	-0.14329 	0.04372 	-0.15579 	0.13988 	0.02451 	-0.04576 	-0.04848 	-0.04887 	-0.12094 	0.00000 	0.35274 	-0.04431 	-0.04723 	0.02814 	-0.05135 	0.04611 	0.00382 	0.01707	0.02387
Replication79	 -1.37640	0.99764	0.97058 	0.97677 	0.98648 	0.97628 	0.98213 	0.99987 	0.96312 	0.97061 	0.98742 	0.96527 	0.98319 	0.98443 	-0.14553 	-0.15684 	-0.13395 	0.30948 	0.00000 	0.34857 	-0.16457 	-0.16297 	0.04154 	-0.16795 	0.22573 	0.02358 	-0.04796 	-0.05169 	-0.04414 	-0.11416 	0.00000 	0.34281 	-0.05424 	-0.05371 	0.02650 	-0.05535 	0.07439 	0.00361 	0.01708	0.02607
Replication80	 -1.29259	0.99735	0.97121 	0.97587 	0.98430 	0.97529 	0.98126 	0.99882 	0.95490 	0.96269 	0.98232 	0.95708 	0.96983 	0.97926 	-0.10563 	-0.14302 	-0.14011 	0.33865 	0.00000 	0.38491 	-0.14143 	-0.17713 	0.05015 	-0.14645 	0.07868 	0.02757 	-0.03483 	-0.04716 	-0.04620 	-0.13762 	0.00000 	0.37844 	-0.04664 	-0.05841 	0.03325 	-0.04829 	0.02594 	0.00512 	0.02620	0.02361
Replication81	 -1.42279	0.99795	0.97678 	0.98155 	0.98940 	0.98123 	0.98616 	1.00124 	0.97021 	0.97592 	0.99062 	0.97087 	0.98804 	0.98794 	-0.11798 	-0.13561 	-0.13032 	0.26701 	0.00000 	0.30139 	-0.13212 	-0.14727 	0.03573 	-0.17038 	0.22206 	0.02038 	-0.03886 	-0.04466 	-0.04292 	-0.10039 	0.00000 	0.29640 	-0.04351 	-0.04850 	0.02268 	-0.05612 	0.07313 	0.00307 	0.01288	0.02033
Replication82	 -1.47560	0.99806	0.97494 	0.98036 	0.98968 	0.98049 	0.98640 	1.00152 	0.97614 	0.98086 	0.99308 	0.97685 	0.99441 	0.99057 	-0.14972 	-0.16964 	-0.14069 	0.25934 	0.02088 	0.29180 	-0.12818 	-0.13955 	0.03167 	-0.15420 	0.26687 	0.01853 	-0.04930 	-0.05586 	-0.04632 	-0.08838 	0.00687 	0.28708 	-0.04221 	-0.04595 	0.01932 	-0.05077 	0.08787 	0.00214 	0.00710	0.02450
Replication83	 -1.43053	0.99782	0.97324 	0.97907 	0.98772 	0.97865 	0.98409 	1.00061 	0.96850 	0.97559 	0.98966 	0.97020 	0.98628 	0.98704 	-0.14250 	-0.14579 	-0.14684 	0.28615 	0.00289 	0.32323 	-0.14868 	-0.11411 	0.03759 	-0.16392 	0.20231 	0.02141 	-0.04694 	-0.04803 	-0.04837 	-0.10455 	0.00095 	0.31792 	-0.04898 	-0.03759 	0.02372 	-0.05400 	0.06665 	0.00300 	0.01174	0.02377
Replication84	 -1.37786	0.99770	0.97334 	0.97931 	0.98686 	0.97844 	0.98374 	1.00016 	0.96296 	0.97074 	0.98721 	0.96493 	0.98088 	0.98437 	-0.13241 	-0.11877 	-0.14805 	0.29814 	0.00000 	0.33853 	-0.15519 	-0.13716 	0.04168 	-0.16792 	0.17501 	0.02337 	-0.04363 	-0.03914 	-0.04878 	-0.11535 	0.00000 	0.33291 	-0.05114 	-0.04520 	0.02700 	-0.05533 	0.05767 	0.00388 	0.01725	0.02291
Replication85	 -1.45390	0.99802	0.97575 	0.98146 	0.99014 	0.98104 	0.98609 	1.00153 	0.97326 	0.97899 	0.99200 	0.97570 	0.99029 	0.98956 	-0.13761 	-0.14023 	-0.12083 	0.26176 	0.00000 	0.29143 	-0.14137 	-0.14911 	0.03343 	-0.11459 	0.20764 	0.01925 	-0.04531 	-0.04618 	-0.03979 	-0.09404 	0.00000 	0.28660 	-0.04656 	-0.04910 	0.02080 	-0.03773 	0.06838 	0.00248 	0.00979	0.01955
Replication86	 -1.42151	0.99766	0.97199 	0.97776 	0.98535 	0.97718 	0.98253 	0.99983 	0.96689 	0.97263 	0.98768 	0.96826 	0.98357 	0.98486 	-0.14062 	-0.13388 	-0.18711 	0.30500 	0.00000 	0.34986 	-0.13135 	-0.15781 	0.04108 	-0.14403 	0.18804 	0.02326 	-0.04634 	-0.04412 	-0.06166 	-0.11491 	0.00000 	0.34415 	-0.04328 	-0.05200 	0.02618 	-0.04746 	0.06196 	0.00347 	0.01244	0.02598
Replication87	 -1.43289	0.99800	0.97676 	0.98158 	0.98941 	0.98135 	0.98620 	1.00133 	0.97156 	0.97676 	0.99136 	0.97273 	0.99092 	0.98858 	-0.12209 	-0.13807 	-0.13806 	0.26301 	0.00000 	0.29836 	-0.13953 	-0.17622 	0.03448 	-0.15376 	0.26368 	0.01987 	-0.04021 	-0.04547 	-0.04546 	-0.09703 	0.00000 	0.29346 	-0.04595 	-0.05803 	0.02170 	-0.05064 	0.08683 	0.00290 	0.01167	0.02211
Replication88	 -1.36992	0.99749	0.97029 	0.97569 	0.98457 	0.97527 	0.98115 	0.99922 	0.96126 	0.96845 	0.98535 	0.96305 	0.97806 	0.98241 	-0.13196 	-0.15471 	-0.16336 	0.32602 	0.00000 	0.37107 	-0.14429 	-0.15210 	0.04514 	-0.15728 	0.15393 	0.02529 	-0.04350 	-0.05100 	-0.05385 	-0.12485 	0.00000 	0.36494 	-0.04756 	-0.05014 	0.02914 	-0.05185 	0.05074 	0.00404 	0.01775	0.02611
Replication89	 -1.29720	0.99727	0.96538 	0.97358 	0.98302 	0.97217 	0.97862 	0.99832 	0.95423 	0.96246 	0.98230 	0.95596 	0.97236 	0.97902 	-0.16792 	-0.13003 	-0.14989 	0.35509 	0.00000 	0.40186 	-0.15628 	-0.17150 	0.05046 	-0.18246 	0.14771 	0.02804 	-0.05538 	-0.04288 	-0.04944 	-0.13599 	0.00000 	0.39519 	-0.05154 	-0.05656 	0.03302 	-0.06017 	0.04871 	0.00489 	0.02508	0.02985
Replication90	 -1.43345	0.99791	0.97500 	0.97987 	0.98855 	0.97986 	0.98581 	1.00096 	0.96969 	0.97633 	0.99048 	0.97173 	0.98829 	0.98783 	-0.13225 	-0.16012 	-0.14307 	0.27526 	0.01941 	0.31095 	-0.15181 	-0.13891 	0.03608 	-0.15002 	0.22538 	0.02065 	-0.04356 	-0.05274 	-0.04712 	-0.10069 	0.00639 	0.30584 	-0.05000 	-0.04575 	0.02273 	-0.04941 	0.07423 	0.00293 	0.01154	0.02285
Replication91	 -1.41339	0.99767	0.97107 	0.97663 	0.98614 	0.97644 	0.98217 	0.99992 	0.96622 	0.97298 	0.98821 	0.96851 	0.98480 	0.98537 	-0.14178 	-0.16614 	-0.15458 	0.30628 	0.00000 	0.34683 	-0.15402 	-0.15554 	0.04026 	-0.14396 	0.21294 	0.02295 	-0.04672 	-0.05475 	-0.05094 	-0.11187 	0.00000 	0.34115 	-0.05075 	-0.05125 	0.02542 	-0.04744 	0.07017 	0.00324 	0.01325	0.02625
Replication92	 -1.43840	0.99794	0.97336 	0.97959 	0.98923 	0.97929 	0.98517 	1.00112 	0.97167 	0.97751 	0.99130 	0.97266 	0.99011 	0.98868 	-0.15369 	-0.15823 	-0.12303 	0.27412 	0.01269 	0.30553 	-0.13837 	-0.13747 	0.03475 	-0.16608 	0.24072 	0.02006 	-0.05062 	-0.05211 	-0.04052 	-0.09620 	0.00418 	0.30050 	-0.04557 	-0.04528 	0.02161 	-0.05470 	0.07928 	0.00261 	0.01100	0.02317
Replication93	 -1.42990	0.99786	0.97252 	0.97888 	0.98804 	0.97854 	0.98509 	1.00074 	0.96951 	0.97587 	0.99015 	0.97090 	0.98801 	0.98746 	-0.15959 	-0.15658 	-0.14461 	0.28354 	0.02858 	0.31858 	-0.14478 	-0.13639 	0.03675 	-0.16377 	0.22893 	0.02105 	-0.05257 	-0.05158 	-0.04763 	-0.10131 	0.00942 	0.31335 	-0.04769 	-0.04493 	0.02309 	-0.05395 	0.07541 	0.00292 	0.01173	0.02453
Replication94	 -1.43979	0.99796	0.97492 	0.98047 	0.98905 	0.98020 	0.98562 	1.00116 	0.97093 	0.97735 	0.99121 	0.97251 	0.99000 	0.98856 	-0.13965 	-0.14734 	-0.13748 	0.26970 	0.00826 	0.30418 	-0.14946 	-0.13478 	0.03483 	-0.16177 	0.24434 	0.02004 	-0.04599 	-0.04852 	-0.04528 	-0.09706 	0.00272 	0.29919 	-0.04922 	-0.04439 	0.02181 	-0.05328 	0.08047 	0.00275 	0.01086	0.02319
Replication95	 -1.38198	0.99746	0.96723 	0.97435 	0.98400 	0.97363 	0.97996 	0.99901 	0.96174 	0.96927 	0.98561 	0.96377 	0.97946 	0.98267 	-0.16571 	-0.15541 	-0.16868 	0.33345 	0.00451 	0.37802 	-0.15281 	-0.14129 	0.04485 	-0.16050 	0.17448 	0.02528 	-0.05463 	-0.05123 	-0.05561 	-0.12278 	0.00149 	0.37182 	-0.05038 	-0.04658 	0.02865 	-0.05291 	0.05752 	0.00378 	0.01619	0.02914
Replication96	 -1.40504	0.99771	0.97187 	0.97765 	0.98663 	0.97725 	0.98283 	1.00010 	0.96560 	0.97275 	0.98828 	0.96769 	0.98459 	0.98543 	-0.14097 	-0.15182 	-0.14993 	0.30069 	0.00009 	0.34059 	-0.15716 	-0.14740 	0.04003 	-0.15866 	0.21595 	0.02276 	-0.04645 	-0.05003 	-0.04940 	-0.11098 	0.00003 	0.33500 	-0.05178 	-0.04857 	0.02542 	-0.05228 	0.07116 	0.00336 	0.01418	0.02547
Replication97	 -1.42166	0.99765	0.97082 	0.97650 	0.98620 	0.97628 	0.98225 	0.99992 	0.96777 	0.97350 	0.98806 	0.96908 	0.98324 	0.98540 	-0.14434 	-0.16783 	-0.15157 	0.30827 	0.00401 	0.34676 	-0.12517 	-0.14483 	0.04054 	-0.13989 	0.16367 	0.02300 	-0.04757 	-0.05531 	-0.04995 	-0.11293 	0.00132 	0.34103 	-0.04125 	-0.04773 	0.02559 	-0.04610 	0.05393 	0.00315 	0.01261	0.02420
Replication98	 -1.30680	0.99736	0.96958 	0.97598 	0.98415 	0.97485 	0.98082 	0.99882 	0.95499 	0.96388 	0.98263 	0.95813 	0.97008 	0.97968 	-0.13328 	-0.12197 	-0.14754 	0.33909 	0.00000 	0.38465 	-0.15647 	-0.14890 	0.04967 	-0.13856 	0.07057 	0.02730 	-0.04395 	-0.04022 	-0.04865 	-0.13546 	0.00000 	0.37820 	-0.05159 	-0.04910 	0.03282 	-0.04569 	0.02327 	0.00494 	0.02457	0.02458
Replication99	 -1.43324	0.99788	0.97268 	0.97810 	0.98841 	0.97817 	0.98374 	1.00077 	0.97081 	0.97662 	0.99095 	0.97209 	0.99093 	0.98816 	-0.14310 	-0.17887 	-0.12692 	0.28283 	0.00000 	0.31756 	-0.14814 	-0.15867 	0.03548 	-0.16474 	0.27522 	0.02059 	-0.04713 	-0.05892 	-0.04181 	-0.09845 	0.00000 	0.31238 	-0.04880 	-0.05226 	0.02194 	-0.05427 	0.09066 	0.00262 	0.01125	0.02597
Replication100	 -1.46768	0.99807	0.97552 	0.98049 	0.98898 	0.98075 	0.98668 	1.00139 	0.97346 	0.98007 	0.99291 	0.97640 	0.99559 	0.99019 	-0.14538 	-0.16731 	-0.16366 	0.25798 	0.02693 	0.29612 	-0.17519 	-0.14975 	0.03190 	-0.14008 	0.31727 	0.01870 	-0.04787 	-0.05509 	-0.05389 	-0.08854 	0.00887 	0.29141 	-0.05768 	-0.04931 	0.01960 	-0.04612 	0.10447 	0.00236 	0.00753	0.02821
Replication101	 -1.47540	0.99806	0.97599 	0.98172 	0.98979 	0.98133 	0.98617 	1.00158 	0.97520 	0.98047 	0.99266 	0.97728 	0.99238 	0.99024 	-0.14159 	-0.13516 	-0.14252 	0.25731 	0.00000 	0.28972 	-0.13660 	-0.14323 	0.03231 	-0.11786 	0.22632 	0.01872 	-0.04662 	-0.04451 	-0.04693 	-0.09121 	0.00000 	0.28498 	-0.04498 	-0.04716 	0.01994 	-0.03881 	0.07452 	0.00229 	0.00742	0.02152
Replication102	 -1.51861	0.99851	0.97879 	0.98467 	0.99228 	0.98469 	0.98872 	1.00304 	0.98821 	0.99167 	0.99891 	0.98952 	1.00675 	0.99683 	-0.16110 	-0.13930 	-0.16322 	0.20677 	0.00000 	0.23928 	-0.12609 	-0.10925 	0.02145 	-0.11605 	0.33192 	0.01329 	-0.05300 	-0.04583 	-0.05370 	-0.06017 	0.00000 	0.23566 	-0.04148 	-0.03594 	0.01197 	-0.03818 	0.10919 	0.00071 	0.00230	0.02924
Replication103	 -1.46665	0.99791	0.97423 	0.97986 	0.98780 	0.97952 	0.98455 	1.00086 	0.97208 	0.97830 	0.99102 	0.97443 	0.98982 	0.98848 	-0.14291 	-0.14073 	-0.16853 	0.27570 	0.00000 	0.31432 	-0.14745 	-0.12979 	0.03525 	-0.12924 	0.22109 	0.02027 	-0.04707 	-0.04635 	-0.05551 	-0.09912 	0.00000 	0.30922 	-0.04857 	-0.04275 	0.02194 	-0.04257 	0.07282 	0.00261 	0.00799	0.02466
Replication104	 -1.37271	0.99740	0.96773 	0.97387 	0.98402 	0.97341 	0.97973 	0.99888 	0.96109 	0.96851 	0.98473 	0.96373 	0.97577 	0.98197 	-0.14739 	-0.16851 	-0.15463 	0.33959 	0.00000 	0.38255 	-0.14174 	-0.14145 	0.04637 	-0.12607 	0.10283 	0.02591 	-0.04860 	-0.05556 	-0.05098 	-0.12763 	0.00000 	0.37621 	-0.04673 	-0.04664 	0.02978 	-0.04157 	0.03390 	0.00389 	0.01746	0.02608
Replication105	 -1.45934	0.99798	0.97362 	0.98040 	0.98932 	0.97978 	0.98497 	1.00127 	0.97401 	0.97909 	0.99196 	0.97478 	0.99140 	0.98944 	-0.15893 	-0.13799 	-0.13338 	0.26871 	0.00000 	0.30041 	-0.12678 	-0.13696 	0.03361 	-0.15422 	0.23496 	0.01947 	-0.05234 	-0.04545 	-0.04392 	-0.09367 	0.00000 	0.29549 	-0.04175 	-0.04510 	0.02075 	-0.05079 	0.07738 	0.00239 	0.00889	0.02298
Replication106	 -1.39774	0.99766	0.97056 	0.97714 	0.98637 	0.97648 	0.98221 	0.99994 	0.96504 	0.97202 	0.98782 	0.96691 	0.98358 	0.98496 	-0.15256 	-0.14680 	-0.14646 	0.30693 	0.00000 	0.34611 	-0.15211 	-0.15064 	0.04087 	-0.15990 	0.20627 	0.02320 	-0.05027 	-0.04838 	-0.04826 	-0.11279 	0.00000 	0.34041 	-0.05012 	-0.04964 	0.02597 	-0.05269 	0.06797 	0.00342 	0.01492	0.02561
Replication107	 -1.28076	0.99713	0.96458 	0.97174 	0.98154 	0.97082 	0.97843 	0.99774 	0.95147 	0.96053 	0.98039 	0.95416 	0.96709 	0.97722 	-0.15983 	-0.15617 	-0.16429 	0.37139 	0.02299 	0.42196 	-0.15658 	-0.15368 	0.05377 	-0.15678 	0.07439 	0.02958 	-0.05273 	-0.05152 	-0.05420 	-0.14443 	0.00758 	0.41495 	-0.05165 	-0.05070 	0.03546 	-0.05172 	0.02454 	0.00527 	0.02676	0.03087
Replication108	 -1.40203	0.99762	0.97091 	0.97669 	0.98482 	0.97630 	0.98231 	0.99959 	0.96412 	0.97110 	0.98716 	0.96624 	0.98374 	0.98414 	-0.14640 	-0.14858 	-0.18834 	0.31144 	0.01241 	0.35830 	-0.15893 	-0.16251 	0.04200 	-0.15752 	0.22845 	0.02383 	-0.04825 	-0.04897 	-0.06207 	-0.11622 	0.00409 	0.35249 	-0.05238 	-0.05356 	0.02682 	-0.05191 	0.07529 	0.00367 	0.01414	0.02900
Replication109	 -1.52577	0.99840	0.97813 	0.98429 	0.99117 	0.98410 	0.98896 	1.00260 	0.98150 	0.98737 	0.99696 	0.98460 	1.00371 	0.99455 	-0.16476 	-0.12889 	-0.17623 	0.21840 	0.02019 	0.25463 	-0.17290 	-0.12336 	0.02474 	-0.12300 	0.35770 	0.01497 	-0.05421 	-0.04241 	-0.05799 	-0.06840 	0.00664 	0.25073 	-0.05689 	-0.04059 	0.01456 	-0.04047 	0.11770 	0.00146 	0.00149	0.03012
Replication110	 -1.37731	0.99754	0.97048 	0.97638 	0.98475 	0.97576 	0.98147 	0.99936 	0.96115 	0.96925 	0.98585 	0.96383 	0.97931 	0.98292 	-0.13932 	-0.14187 	-0.16971 	0.32044 	0.00000 	0.36595 	-0.16326 	-0.14252 	0.04424 	-0.15354 	0.17167 	0.02483 	-0.04592 	-0.04676 	-0.05594 	-0.12212 	0.00000 	0.35994 	-0.05381 	-0.04698 	0.02853 	-0.05061 	0.05658 	0.00397 	0.01691	0.02687
Replication111	 -1.43372	0.99789	0.97376 	0.97919 	0.98820 	0.97901 	0.98430 	1.00080 	0.96927 	0.97637 	0.99060 	0.97168 	0.98953 	0.98786 	-0.13873 	-0.15668 	-0.14197 	0.27959 	0.00000 	0.31656 	-0.16556 	-0.13982 	0.03598 	-0.15505 	0.25623 	0.02072 	-0.04570 	-0.05161 	-0.04676 	-0.10011 	0.00000 	0.31140 	-0.05453 	-0.04606 	0.02250 	-0.05107 	0.08440 	0.00282 	0.01127	0.02528
Replication112	 -1.45588	0.99806	0.97506 	0.98113 	0.98966 	0.98075 	0.98570 	1.00147 	0.97313 	0.97945 	0.99267 	0.97523 	0.99403 	0.99000 	-0.14872 	-0.14109 	-0.13778 	0.25925 	0.00000 	0.29336 	-0.16149 	-0.14442 	0.03231 	-0.15394 	0.29269 	0.01886 	-0.04897 	-0.04646 	-0.04537 	-0.08985 	0.00000 	0.28861 	-0.05318 	-0.04755 	0.01992 	-0.05069 	0.09638 	0.00240 	0.00902	0.02524
Replication113	 -1.48994	0.99813	0.97478 	0.98079 	0.98965 	0.98083 	0.98702 	1.00167 	0.97718 	0.98236 	0.99391 	0.97880 	0.99684 	0.99139 	-0.16494 	-0.16338 	-0.15704 	0.25266 	0.03242 	0.28661 	-0.14473 	-0.13742 	0.03021 	-0.14222 	0.29542 	0.01782 	-0.05430 	-0.05379 	-0.05170 	-0.08367 	0.01068 	0.28204 	-0.04765 	-0.04524 	0.01827 	-0.04682 	0.09726 	0.00197 	0.00540	0.02703
Replication114	 -1.38643	0.99766	0.96924 	0.97648 	0.98654 	0.97577 	0.98170 	0.99990 	0.96413 	0.97168 	0.98796 	0.96610 	0.98460 	0.98499 	-0.16461 	-0.15329 	-0.13329 	0.30935 	0.00000 	0.34735 	-0.16567 	-0.15169 	0.04067 	-0.17606 	0.23994 	0.02320 	-0.05425 	-0.05052 	-0.04392 	-0.11109 	0.00000 	0.34164 	-0.05460 	-0.04999 	0.02575 	-0.05802 	0.07907 	0.00339 	0.01590	0.02747
Replication115	 -1.43232	0.99780	0.97282 	0.97817 	0.98731 	0.97802 	0.98347 	1.00045 	0.96850 	0.97536 	0.98967 	0.97107 	0.98747 	0.98695 	-0.13840 	-0.16115 	-0.15042 	0.29025 	0.00000 	0.32868 	-0.15873 	-0.14542 	0.03764 	-0.13970 	0.22709 	0.02157 	-0.04560 	-0.05309 	-0.04955 	-0.10503 	0.00000 	0.32331 	-0.05229 	-0.04791 	0.02361 	-0.04602 	0.07481 	0.00294 	0.01142	0.02517
Replication116	 -1.37019	0.99756	0.96967 	0.97622 	0.98555 	0.97553 	0.98143 	0.99953 	0.96165 	0.96944 	0.98636 	0.96378 	0.98055 	0.98338 	-0.14971 	-0.14774 	-0.14602 	0.31879 	0.00000 	0.36019 	-0.16065 	-0.15056 	0.04340 	-0.16780 	0.19333 	0.02447 	-0.04935 	-0.04870 	-0.04813 	-0.11910 	0.00000 	0.35424 	-0.05295 	-0.04963 	0.02785 	-0.05531 	0.06372 	0.00383 	0.01769	0.02648
Replication117	 -1.49545	0.99826	0.97743 	0.98312 	0.99061 	0.98316 	0.98978 	1.00221 	0.97879 	0.98352 	0.99485 	0.97980 	0.99842 	0.99235 	-0.16162 	-0.14891 	-0.16775 	0.23396 	0.05606 	0.26779 	-0.13725 	-0.13607 	0.02838 	-0.15237 	0.30599 	0.01675 	-0.05320 	-0.04901 	-0.05521 	-0.07851 	0.01845 	0.26354 	-0.04518 	-0.04479 	0.01729 	-0.05015 	0.10072 	0.00202 	0.00495	0.02596
Replication118	 -1.33163	0.99742	0.96991 	0.97523 	0.98496 	0.97479 	0.98096 	0.99908 	0.95732 	0.96636 	0.98404 	0.96025 	0.97318 	0.98120 	-0.12523 	-0.16139 	-0.13100 	0.33356 	0.00000 	0.37571 	-0.16004 	-0.12757 	0.04733 	-0.15135 	0.09572 	0.02622 	-0.04129 	-0.05321 	-0.04319 	-0.12963 	0.00000 	0.36942 	-0.05276 	-0.04206 	0.03089 	-0.04990 	0.03156 	0.00439 	0.02196	0.02422
Replication119	 -1.35703	0.99742	0.96816 	0.97462 	0.98442 	0.97396 	0.98017 	0.99900 	0.95917 	0.96771 	0.98472 	0.96259 	0.97599 	0.98184 	-0.14847 	-0.15656 	-0.14795 	0.33566 	0.00000 	0.37839 	-0.16479 	-0.14393 	0.04631 	-0.13302 	0.12759 	0.02587 	-0.04895 	-0.05162 	-0.04878 	-0.12688 	0.00000 	0.37210 	-0.05433 	-0.04745 	0.02989 	-0.04385 	0.04207 	0.00407 	0.01908	0.02626
Replication120	 -1.44036	0.99793	0.97228 	0.97911 	0.98901 	0.97863 	0.98411 	1.00102 	0.97175 	0.97766 	0.99145 	0.97317 	0.99122 	0.98878 	-0.16187 	-0.15417 	-0.12257 	0.27714 	0.00000 	0.30906 	-0.14688 	-0.14726 	0.03456 	-0.15952 	0.26207 	0.02006 	-0.05331 	-0.05078 	-0.04037 	-0.09544 	0.00000 	0.30399 	-0.04838 	-0.04850 	0.02133 	-0.05254 	0.08632 	0.00250 	0.01064	0.02483
Replication121	 -1.45423	0.99817	0.97887 	0.98369 	0.99076 	0.98365 	0.99015 	1.00206 	0.97418 	0.97956 	0.99289 	0.97581 	0.99286 	0.99032 	-0.13477 	-0.13937 	-0.14768 	0.24104 	0.05229 	0.27320 	-0.14129 	-0.15669 	0.03162 	-0.14048 	0.25356 	0.01823 	-0.04437 	-0.04588 	-0.04862 	-0.08839 	0.01721 	0.26872 	-0.04651 	-0.05158 	0.01993 	-0.04625 	0.08347 	0.00270 	0.00967	0.02045
Replication122	 -1.41299	0.99771	0.97227 	0.97803 	0.98663 	0.97756 	0.98305 	1.00015 	0.96711 	0.97310 	0.98833 	0.96830 	0.98439 	0.98554 	-0.13964 	-0.14538 	-0.15544 	0.29918 	0.00000 	0.33892 	-0.13466 	-0.15334 	0.03993 	-0.15674 	0.19797 	0.02268 	-0.04601 	-0.04790 	-0.05122 	-0.11128 	0.00000 	0.33335 	-0.04437 	-0.05053 	0.02536 	-0.05165 	0.06523 	0.00333 	0.01348	0.02431
Replication123	 -1.44665	0.99774	0.96883 	0.97602 	0.98652 	0.97562 	0.98152 	1.00012 	0.97079 	0.97616 	0.98993 	0.97261 	0.98939 	0.98717 	-0.17543 	-0.17026 	-0.15292 	0.30257 	0.00000 	0.34000 	-0.14150 	-0.16515 	0.03745 	-0.13367 	0.24682 	0.02170 	-0.05780 	-0.05610 	-0.05039 	-0.10344 	0.00000 	0.33448 	-0.04662 	-0.05441 	0.02304 	-0.04404 	0.08132 	0.00257 	0.00962	0.02860
Replication124	 -1.52588	0.99841	0.97910 	0.98440 	0.99231 	0.98445 	0.98878 	1.00282 	0.98501 	0.98761 	0.99727 	0.98485 	1.00330 	0.99495 	-0.14457 	-0.14308 	-0.14173 	0.21652 	0.00244 	0.24690 	-0.10798 	-0.14630 	0.02425 	-0.14317 	0.32396 	0.01472 	-0.04757 	-0.04708 	-0.04663 	-0.06850 	0.00080 	0.24302 	-0.03553 	-0.04814 	0.01413 	-0.04711 	0.10660 	0.00128 	0.00197	0.02528
Replication125	 -1.45553	0.99787	0.97368 	0.97930 	0.98714 	0.97920 	0.98625 	1.00070 	0.97126 	0.97679 	0.99025 	0.97343 	0.98865 	0.98759 	-0.15613 	-0.15541 	-0.18663 	0.28014 	0.04972 	0.31985 	-0.13947 	-0.15670 	0.03654 	-0.12062 	0.21687 	0.02091 	-0.05143 	-0.05119 	-0.06148 	-0.10174 	0.01638 	0.31466 	-0.04594 	-0.05162 	0.02299 	-0.03973 	0.07144 	0.00291 	0.00905	0.02524
Replication126	 -1.42473	0.99768	0.97082 	0.97695 	0.98601 	0.97650 	0.98216 	0.99994 	0.96873 	0.97350 	0.98833 	0.96905 	0.98500 	0.98554 	-0.14999 	-0.15329 	-0.16353 	0.30569 	0.00000 	0.34606 	-0.11539 	-0.16273 	0.04006 	-0.15601 	0.19843 	0.02284 	-0.04943 	-0.05051 	-0.05389 	-0.11167 	0.00000 	0.34039 	-0.03802 	-0.05362 	0.02524 	-0.05141 	0.06539 	0.00317 	0.01215	0.02563
Replication127	 -1.39555	0.99768	0.97117 	0.97792 	0.98634 	0.97710 	0.98296 	1.00001 	0.96540 	0.97171 	0.98769 	0.96622 	0.98323 	0.98481 	-0.15403 	-0.13328 	-0.15587 	0.30372 	0.00779 	0.34381 	-0.13683 	-0.15118 	0.04101 	-0.17558 	0.20241 	0.02322 	-0.05076 	-0.04392 	-0.05136 	-0.11317 	0.00257 	0.33814 	-0.04509 	-0.04982 	0.02622 	-0.05786 	0.06670 	0.00357 	0.01518	0.02522
Replication128	 -1.45276	0.99793	0.97365 	0.97960 	0.98811 	0.97928 	0.98440 	1.00091 	0.97199 	0.97777 	0.99138 	0.97353 	0.99205 	0.98863 	-0.14920 	-0.14657 	-0.15783 	0.27452 	0.00000 	0.31269 	-0.14959 	-0.15239 	0.03464 	-0.15640 	0.27920 	0.02010 	-0.04914 	-0.04827 	-0.05198 	-0.09657 	0.00000 	0.30764 	-0.04927 	-0.05019 	0.02146 	-0.05151 	0.09196 	0.00261 	0.00918	0.02674
Replication129	 -1.40555	0.99766	0.97233 	0.97716 	0.98593 	0.97703 	0.98260 	0.99987 	0.96536 	0.97201 	0.98762 	0.96746 	0.98319 	0.98477 	-0.12670 	-0.16040 	-0.16186 	0.30604 	0.00000 	0.34849 	-0.14819 	-0.15843 	0.04120 	-0.14377 	0.19445 	0.02334 	-0.04175 	-0.05286 	-0.05334 	-0.11504 	0.00000 	0.34277 	-0.04883 	-0.05221 	0.02625 	-0.04738 	0.06408 	0.00349 	0.01416	0.02518
Replication130	 -1.52578	0.99836	0.97786 	0.98348 	0.99173 	0.98356 	0.98868 	1.00259 	0.98328 	0.98713 	0.99664 	0.98415 	1.00159 	0.99439 	-0.15536 	-0.15115 	-0.14734 	0.22428 	0.01801 	0.25471 	-0.12414 	-0.12586 	0.02537 	-0.13463 	0.30280 	0.01526 	-0.05113 	-0.04974 	-0.04849 	-0.07110 	0.00593 	0.25070 	-0.04085 	-0.04142 	0.01488 	-0.04430 	0.09965 	0.00134 	0.00196	0.02547
Replication131	 -1.41072	0.99778	0.97207 	0.97815 	0.98746 	0.97773 	0.98328 	1.00040 	0.96747 	0.97381 	0.98928 	0.96950 	0.98724 	0.98640 	-0.14635 	-0.15306 	-0.13871 	0.29312 	0.00000 	0.33027 	-0.15486 	-0.17308 	0.03830 	-0.14993 	0.24597 	0.02196 	-0.04822 	-0.05043 	-0.04570 	-0.10619 	0.00000 	0.32485 	-0.05102 	-0.05702 	0.02413 	-0.04940 	0.08104 	0.00314 	0.01363	0.02517
Replication132	 -1.40635	0.99761	0.97090 	0.97623 	0.98544 	0.97604 	0.98179 	0.99966 	0.96481 	0.97194 	0.98735 	0.96677 	0.98271 	0.98452 	-0.13728 	-0.16459 	-0.16395 	0.31264 	0.00000 	0.35568 	-0.15067 	-0.13859 	0.04174 	-0.15685 	0.19216 	0.02365 	-0.04524 	-0.05424 	-0.05403 	-0.11591 	0.00000 	0.34986 	-0.04966 	-0.04568 	0.02653 	-0.05169 	0.06333 	0.00345 	0.01392	0.02670
Replication133	 -1.44995	0.99795	0.97387 	0.97961 	0.98889 	0.97943 	0.98490 	1.00108 	0.97125 	0.97821 	0.99148 	0.97393 	0.99072 	0.98890 	-0.14633 	-0.15855 	-0.13565 	0.27293 	0.00501 	0.30692 	-0.16290 	-0.13101 	0.03444 	-0.14092 	0.24587 	0.01991 	-0.04820 	-0.05222 	-0.04468 	-0.09585 	0.00165 	0.30191 	-0.05365 	-0.04315 	0.02135 	-0.04641 	0.08098 	0.00253 	0.00972	0.02427
Replication134	 -1.41394	0.99768	0.97186 	0.97771 	0.98594 	0.97718 	0.98264 	0.99995 	0.96581 	0.97270 	0.98787 	0.96818 	0.98355 	0.98508 	-0.14148 	-0.14103 	-0.16903 	0.30360 	0.00000 	0.34589 	-0.15127 	-0.14869 	0.04075 	-0.13996 	0.19140 	0.02308 	-0.04662 	-0.04647 	-0.05570 	-0.11347 	0.00000 	0.34022 	-0.04985 	-0.04900 	0.02594 	-0.04612 	0.06307 	0.00342 	0.01327	0.02543
Replication135	 -1.40158	0.99764	0.97149 	0.97698 	0.98552 	0.97662 	0.98219 	0.99974 	0.96295 	0.97184 	0.98728 	0.96646 	0.98220 	0.98446 	-0.13706 	-0.15097 	-0.16800 	0.30899 	0.00000 	0.35318 	-0.17978 	-0.12090 	0.04177 	-0.14871 	0.19228 	0.02358 	-0.04517 	-0.04975 	-0.05537 	-0.11562 	0.00000 	0.34741 	-0.05925 	-0.03984 	0.02670 	-0.04901 	0.06337 	0.00357 	0.01438	0.02704
Replication136	 -1.32884	0.99732	0.96747 	0.97334 	0.98306 	0.97287 	0.97919 	0.99847 	0.95554 	0.96481 	0.98331 	0.95867 	0.97457 	0.98016 	-0.14010 	-0.16518 	-0.16163 	0.34796 	0.00000 	0.39680 	-0.17756 	-0.14896 	0.04875 	-0.16446 	0.15885 	0.02719 	-0.04620 	-0.05447 	-0.05330 	-0.13288 	0.00000 	0.39027 	-0.05855 	-0.04912 	0.03168 	-0.05423 	0.05238 	0.00453 	0.02167	0.03011
Replication137	 -1.38501	0.99748	0.96734 	0.97444 	0.98493 	0.97377 	0.98007 	0.99923 	0.96354 	0.97011 	0.98601 	0.96482 	0.97904 	0.98323 	-0.16346 	-0.16362 	-0.14366 	0.33111 	0.00000 	0.37060 	-0.13045 	-0.14044 	0.04417 	-0.15543 	0.14246 	0.02489 	-0.05388 	-0.05394 	-0.04736 	-0.12124 	0.00000 	0.36445 	-0.04300 	-0.04630 	0.02812 	-0.05124 	0.04696 	0.00357 	0.01618	0.02615
Replication138	 -1.39523	0.99766	0.97064 	0.97726 	0.98632 	0.97656 	0.98226 	0.99993 	0.96476 	0.97176 	0.98770 	0.96672 	0.98333 	0.98482 	-0.15222 	-0.14318 	-0.14780 	0.30707 	0.00000 	0.34653 	-0.15287 	-0.15384 	0.04107 	-0.15792 	0.20504 	0.02329 	-0.05016 	-0.04718 	-0.04870 	-0.11334 	0.00000 	0.34082 	-0.05038 	-0.05069 	0.02615 	-0.05204 	0.06757 	0.00348 	0.01519	0.02551
Replication139	 -1.43885	0.99772	0.96878 	0.97610 	0.98630 	0.97561 	0.98147 	1.00004 	0.96836 	0.97562 	0.98953 	0.97148 	0.98826 	0.98678 	-0.17604 	-0.16368 	-0.15587 	0.30393 	0.00000 	0.34272 	-0.16985 	-0.14041 	0.03809 	-0.13497 	0.24444 	0.02197 	-0.05801 	-0.05393 	-0.05136 	-0.10470 	0.00000 	0.33717 	-0.05597 	-0.04626 	0.02359 	-0.04447 	0.08054 	0.00271 	0.01034	0.02931
Replication140	 -1.39831	0.99748	0.96569 	0.97354 	0.98403 	0.97281 	0.97913 	0.99903 	0.96374 	0.97062 	0.98651 	0.96617 	0.98263 	0.98353 	-0.18177 	-0.16403 	-0.16677 	0.33417 	0.00000 	0.37745 	-0.15669 	-0.16543 	0.04343 	-0.14309 	0.21231 	0.02475 	-0.05992 	-0.05407 	-0.05498 	-0.11872 	0.00000 	0.37130 	-0.05165 	-0.05454 	0.02736 	-0.04717 	0.06999 	0.00340 	0.01432	0.03099
Replication141	 -1.44099	0.99787	0.97277 	0.97887 	0.98768 	0.97868 	0.98554 	1.00073 	0.97044 	0.97640 	0.99034 	0.97184 	0.98892 	0.98764 	-0.16074 	-0.16024 	-0.16171 	0.28199 	0.03931 	0.31902 	-0.14209 	-0.14319 	0.03641 	-0.15601 	0.23683 	0.02090 	-0.05295 	-0.05278 	-0.05327 	-0.10058 	0.01295 	0.31382 	-0.04680 	-0.04717 	0.02283 	-0.05139 	0.07801 	0.00287 	0.01050	0.02555
Replication142	 -1.39694	0.99778	0.97373 	0.97919 	0.98773 	0.97873 	0.98410 	1.00048 	0.96465 	0.97296 	0.98863 	0.96808 	0.98420 	0.98584 	-0.13017 	-0.14215 	-0.13531 	0.29013 	0.00000 	0.32767 	-0.17716 	-0.14242 	0.03929 	-0.14236 	0.20549 	0.02225 	-0.04289 	-0.04683 	-0.04458 	-0.10902 	0.00000 	0.32224 	-0.05837 	-0.04692 	0.02512 	-0.04690 	0.06770 	0.00344 	0.01526	0.02299
Replication143	 -1.39260	0.99748	0.96544 	0.97342 	0.98419 	0.97267 	0.97907 	0.99904 	0.96298 	0.97047 	0.98645 	0.96556 	0.98222 	0.98348 	-0.18347 	-0.16614 	-0.15908 	0.33479 	0.00000 	0.37724 	-0.16365 	-0.15298 	0.04354 	-0.15117 	0.21104 	0.02478 	-0.06048 	-0.05477 	-0.05244 	-0.11857 	0.00000 	0.37108 	-0.05395 	-0.05043 	0.02744 	-0.04983 	0.06957 	0.00341 	0.01491	0.03103
Replication144	 -1.40651	0.99777	0.97328 	0.97927 	0.98759 	0.97861 	0.98396 	1.00047 	0.96659 	0.97340 	0.98869 	0.96835 	0.98419 	0.98596 	-0.13845 	-0.13332 	-0.14126 	0.29087 	0.00000 	0.32797 	-0.14603 	-0.14205 	0.03921 	-0.15610 	0.19127 	0.02221 	-0.04562 	-0.04392 	-0.04654 	-0.10904 	0.00000 	0.32254 	-0.04811 	-0.04680 	0.02502 	-0.05143 	0.06302 	0.00336 	0.01433	0.02247
Replication145	 -1.44144	0.99805	0.97534 	0.98142 	0.99059 	0.98100 	0.98610 	1.00164 	0.97336 	0.97871 	0.99248 	0.97465 	0.99255 	0.98986 	-0.14427 	-0.14372 	-0.10910 	0.25881 	0.00000 	0.28771 	-0.14091 	-0.16093 	0.03260 	-0.15223 	0.26395 	0.01895 	-0.04751 	-0.04733 	-0.03592 	-0.09083 	0.00000 	0.28296 	-0.04640 	-0.05299 	0.02019 	-0.05013 	0.08691 	0.00247 	0.01087	0.02144
Replication146	 -1.42608	0.99783	0.97266 	0.97904 	0.98736 	0.97843 	0.98371 	1.00054 	0.96991 	0.97478 	0.98988 	0.97059 	0.98922 	0.98696 	-0.15111 	-0.13620 	-0.15807 	0.28649 	0.00000 	0.32563 	-0.13318 	-0.18355 	0.03724 	-0.16193 	0.26521 	0.02144 	-0.04978 	-0.04487 	-0.05207 	-0.10365 	0.00000 	0.32033 	-0.04387 	-0.06047 	0.02339 	-0.05334 	0.08737 	0.00305 	0.01197	0.02608
Replication147	 -1.45839	0.99793	0.97405 	0.98025 	0.98865 	0.97972 	0.98484 	1.00107 	0.97311 	0.97823 	0.99124 	0.97412 	0.98972 	0.98872 	-0.14891 	-0.13680 	-0.14669 	0.27315 	0.00000 	0.30742 	-0.12486 	-0.13843 	0.03485 	-0.14423 	0.21346 	0.02005 	-0.04904 	-0.04505 	-0.04831 	-0.09773 	0.00000 	0.30238 	-0.04112 	-0.04559 	0.02168 	-0.04750 	0.07031 	0.00257 	0.00903	0.02258
Replication148	 -1.35564	0.99764	0.97237 	0.97814 	0.98697 	0.97748 	0.98313 	0.99999 	0.96124 	0.96921 	0.98664 	0.96376 	0.97985 	0.98370 	-0.12968 	-0.13937 	-0.12504 	0.30614 	0.00000 	0.34431 	-0.16337 	-0.15975 	0.04273 	-0.15822 	0.17787 	0.02397 	-0.04274 	-0.04593 	-0.04121 	-0.11774 	0.00000 	0.33855 	-0.05384 	-0.05264 	0.02768 	-0.05214 	0.05862 	0.00399 	0.01959	0.02259
Replication149	 -1.47217	0.99806	0.97563 	0.98124 	0.98973 	0.98100 	0.98592 	1.00153 	0.97436 	0.98056 	0.99280 	0.97641 	0.99313 	0.99033 	-0.14238 	-0.14541 	-0.14019 	0.25800 	0.00000 	0.29126 	-0.15026 	-0.12253 	0.03210 	-0.14320 	0.25152 	0.01866 	-0.04688 	-0.04788 	-0.04616 	-0.09001 	0.00000 	0.28653 	-0.04948 	-0.04035 	0.01974 	-0.04715 	0.08282 	0.00226 	0.00755	0.02343
Replication150	 -1.31376	0.99742	0.96963 	0.97597 	0.98449 	0.97501 	0.98096 	0.99899 	0.95503 	0.96454 	0.98364 	0.95895 	0.97413 	0.98050 	-0.13630 	-0.13117 	-0.14652 	0.33342 	0.00000 	0.37892 	-0.18490 	-0.16694 	0.04795 	-0.14567 	0.14823 	0.02662 	-0.04494 	-0.04325 	-0.04831 	-0.13074 	0.00000 	0.37261 	-0.06096 	-0.05504 	0.03148 	-0.04803 	0.04887 	0.00474 	0.02364	0.02644
Replication151	 -1.50159	0.99815	0.97583 	0.98138 	0.98974 	0.98141 	0.98684 	1.00175 	0.97812 	0.98316 	0.99416 	0.97978 	0.99692 	0.99173 	-0.15303 	-0.15576 	-0.16115 	0.24908 	0.01728 	0.28376 	-0.14006 	-0.12999 	0.02978 	-0.13420 	0.28108 	0.01755 	-0.05038 	-0.05128 	-0.05305 	-0.08346 	0.00569 	0.27924 	-0.04611 	-0.04280 	0.01797 	-0.04418 	0.09254 	0.00188 	0.00433	0.02606
Replication152	 -1.42961	0.99774	0.97056 	0.97666 	0.98667 	0.97656 	0.98308 	1.00018 	0.96896 	0.97482 	0.98932 	0.97023 	0.98750 	0.98654 	-0.15938 	-0.17655 	-0.15391 	0.29962 	0.01929 	0.33781 	-0.14068 	-0.15216 	0.03835 	-0.15818 	0.23527 	0.02203 	-0.05251 	-0.05817 	-0.05071 	-0.10592 	0.00636 	0.33230 	-0.04635 	-0.05014 	0.02396 	-0.05212 	0.07752 	0.00292 	0.01150	0.02713
Replication153	 -1.38929	0.99741	0.96523 	0.97320 	0.98371 	0.97234 	0.97878 	0.99884 	0.96279 	0.96962 	0.98557 	0.96506 	0.97942 	0.98268 	-0.18094 	-0.16036 	-0.16339 	0.34134 	0.00000 	0.38404 	-0.14450 	-0.15558 	0.04506 	-0.13594 	0.16021 	0.02547 	-0.05966 	-0.05287 	-0.05387 	-0.12320 	0.00000 	0.37773 	-0.04764 	-0.05129 	0.02857 	-0.04482 	0.05282 	0.00357 	0.01542	0.02935
Replication154	 -1.38944	0.99752	0.96975 	0.97562 	0.98504 	0.97516 	0.98113 	0.99939 	0.96330 	0.97034 	0.98608 	0.96525 	0.97874 	0.98334 	-0.14193 	-0.15870 	-0.15577 	0.32339 	0.00000 	0.36520 	-0.13818 	-0.13596 	0.04394 	-0.14360 	0.13279 	0.02466 	-0.04679 	-0.05231 	-0.05135 	-0.12159 	0.00000 	0.35916 	-0.04555 	-0.04482 	0.02814 	-0.04733 	0.04377 	0.00369 	0.01584	0.02502
Replication155	 -1.46032	0.99814	0.97565 	0.98250 	0.99073 	0.98180 	0.98658 	1.00188 	0.97440 	0.98066 	0.99357 	0.97725 	0.99542 	0.99096 	-0.15772 	-0.12357 	-0.12709 	0.24849 	0.00000 	0.27921 	-0.16718 	-0.15621 	0.03068 	-0.13107 	0.29520 	0.01798 	-0.05193 	-0.04068 	-0.04184 	-0.08513 	0.00000 	0.27467 	-0.05504 	-0.05143 	0.01884 	-0.04315 	0.09719 	0.00226 	0.00872	0.02376
Replication156	 -1.29414	0.99706	0.96263 	0.96965 	0.98108 	0.96897 	0.97611 	0.99743 	0.95244 	0.96138 	0.98043 	0.95510 	0.96726 	0.97736 	-0.15956 	-0.18105 	-0.15285 	0.38285 	0.00000 	0.43246 	-0.15187 	-0.14075 	0.05393 	-0.15176 	0.06401 	0.02979 	-0.05264 	-0.05974 	-0.05043 	-0.14519 	0.00000 	0.42529 	-0.05011 	-0.04644 	0.03519 	-0.05007 	0.02112 	0.00491 	0.02520	0.03189
Replication157	 -1.46904	0.99818	0.97576 	0.98186 	0.99114 	0.98165 	0.98656 	1.00201 	0.97652 	0.98202 	0.99445 	0.97835 	0.99777 	0.99186 	-0.15210 	-0.15166 	-0.11736 	0.24520 	0.00000 	0.27500 	-0.15586 	-0.15331 	0.02922 	-0.14944 	0.32066 	0.01733 	-0.05007 	-0.04993 	-0.03863 	-0.08101 	0.00000 	0.27057 	-0.05131 	-0.05047 	0.01764 	-0.04919 	0.10556 	0.00196 	0.00770	0.02513
Replication158	 -1.45907	0.99806	0.97321 	0.98010 	0.98993 	0.97971 	0.98497 	1.00147 	0.97493 	0.98018 	0.99322 	0.97662 	0.99578 	0.99054 	-0.16606 	-0.15454 	-0.12254 	0.26227 	0.00000 	0.29329 	-0.15105 	-0.16575 	0.03148 	-0.14688 	0.30979 	0.01857 	-0.05468 	-0.05089 	-0.04035 	-0.08685 	0.00000 	0.28855 	-0.04974 	-0.05458 	0.01909 	-0.04836 	0.10201 	0.00212 	0.00859	0.02632
Replication159	 -1.44676	0.99804	0.97373 	0.98086 	0.99013 	0.98020 	0.98537 	1.00151 	0.97432 	0.97909 	0.99268 	0.97458 	0.99391 	0.99000 	-0.16390 	-0.13804 	-0.11799 	0.26190 	0.00000 	0.29199 	-0.13134 	-0.15776 	0.03233 	-0.17466 	0.28860 	0.01891 	-0.05397 	-0.04546 	-0.03885 	-0.08929 	0.00000 	0.28722 	-0.04325 	-0.05195 	0.01987 	-0.05751 	0.09503 	0.00236 	0.01005	0.02420
Replication160	 -1.38183	0.99770	0.97301 	0.97902 	0.98718 	0.97839 	0.98535 	1.00028 	0.96477 	0.97097 	0.98723 	0.96702 	0.98022 	0.98448 	-0.14361 	-0.13799 	-0.14479 	0.29819 	0.03809 	0.33450 	-0.13468 	-0.17571 	0.04164 	-0.12002 	0.13818 	0.02331 	-0.04732 	-0.04547 	-0.04771 	-0.11510 	0.01255 	0.32889 	-0.04438 	-0.05790 	0.02697 	-0.03955 	0.04553 	0.00383 	0.01709	0.02034
Replication161	 -1.40614	0.99784	0.97244 	0.97862 	0.98780 	0.97822 	0.98364 	1.00057 	0.96689 	0.97424 	0.98995 	0.96922 	0.98963 	0.98695 	-0.14912 	-0.15119 	-0.13884 	0.28604 	0.00000 	0.32456 	-0.17804 	-0.16497 	0.03709 	-0.17307 	0.29996 	0.02140 	-0.04912 	-0.04980 	-0.04574 	-0.10196 	0.00000 	0.31929 	-0.05865 	-0.05434 	0.02332 	-0.05701 	0.09881 	0.00311 	0.01383	0.02790
Replication162	 -1.31036	0.99725	0.96681 	0.97331 	0.98310 	0.97248 	0.97896 	0.99834 	0.95599 	0.96339 	0.98216 	0.95726 	0.97025 	0.97915 	-0.14358 	-0.15296 	-0.14736 	0.35538 	0.00000 	0.40136 	-0.12944 	-0.15497 	0.05071 	-0.16327 	0.08005 	0.02803 	-0.04735 	-0.05045 	-0.04860 	-0.13804 	0.00000 	0.39466 	-0.04269 	-0.05111 	0.03319 	-0.05385 	0.02640 	0.00477 	0.02395	0.02694
Replication163	 -1.40837	0.99772	0.97300 	0.97798 	0.98652 	0.97782 	0.98352 	1.00014 	0.96508 	0.97280 	0.98827 	0.96865 	0.98459 	0.98543 	-0.13025 	-0.15610 	-0.16015 	0.29779 	0.00695 	0.33933 	-0.17375 	-0.15854 	0.04000 	-0.12751 	0.21337 	0.02271 	-0.04292 	-0.05143 	-0.05277 	-0.11139 	0.00229 	0.33377 	-0.05725 	-0.05224 	0.02547 	-0.04201 	0.07031 	0.00342 	0.01386	0.02526
Replication164	 -1.43158	0.99796	0.97780 	0.98192 	0.98900 	0.98174 	0.98658 	1.00121 	0.96907 	0.97620 	0.99050 	0.97243 	0.98757 	0.98787 	-0.10849 	-0.13283 	-0.14827 	0.26516 	0.00292 	0.30230 	-0.16405 	-0.15046 	0.03589 	-0.11897 	0.20836 	0.02040 	-0.03573 	-0.04375 	-0.04883 	-0.10145 	0.00096 	0.29732 	-0.05403 	-0.04955 	0.02288 	-0.03918 	0.06862 	0.00313 	0.01197	0.02039
Replication165	 -1.37750	0.99765	0.97102 	0.97841 	0.98595 	0.97720 	0.98305 	0.99988 	0.96217 	0.97014 	0.98687 	0.96497 	0.98146 	0.98391 	-0.15964 	-0.11083 	-0.16393 	0.30612 	0.01044 	0.34824 	-0.16861 	-0.15585 	0.04234 	-0.15336 	0.19826 	0.02382 	-0.05261 	-0.03652 	-0.05402 	-0.11615 	0.00344 	0.34250 	-0.05556 	-0.05136 	0.02735 	-0.05054 	0.06533 	0.00392 	0.01700	0.02577
Replication166	 -1.39155	0.99750	0.96861 	0.97425 	0.98434 	0.97419 	0.98094 	0.99918 	0.96399 	0.96989 	0.98626 	0.96565 	0.98161 	0.98327 	-0.14946 	-0.18297 	-0.16868 	0.32824 	0.01575 	0.37222 	-0.13849 	-0.18275 	0.04374 	-0.14251 	0.19540 	0.02479 	-0.04927 	-0.06032 	-0.05560 	-0.12080 	0.00519 	0.36612 	-0.04565 	-0.06024 	0.02780 	-0.04698 	0.06441 	0.00363 	0.01529	0.02830
Replication167	 -1.44582	0.99785	0.97168 	0.97839 	0.98771 	0.97789 	0.98336 	1.00063 	0.97083 	0.97684 	0.99057 	0.97297 	0.98970 	0.98788 	-0.16113 	-0.15046 	-0.14775 	0.28636 	0.00000 	0.32241 	-0.14953 	-0.15317 	0.03614 	-0.13700 	0.24323 	0.02087 	-0.05308 	-0.04956 	-0.04867 	-0.10037 	0.00000 	0.31715 	-0.04926 	-0.05046 	0.02242 	-0.04513 	0.08012 	0.00265 	0.00998	0.02581
Replication168	 -1.44651	0.99778	0.97331 	0.97804 	0.98651 	0.97804 	0.98336 	1.00029 	0.96938 	0.97563 	0.98943 	0.97169 	0.98707 	0.98674 	-0.13048 	-0.16100 	-0.17368 	0.29228 	0.00000 	0.33418 	-0.14668 	-0.14487 	0.03809 	-0.13027 	0.21059 	0.02178 	-0.04299 	-0.05304 	-0.05722 	-0.10714 	0.00000 	0.32876 	-0.04833 	-0.04773 	0.02391 	-0.04292 	0.06938 	0.00295 	0.00993	0.02563
Replication169	 -1.38781	0.99769	0.97184 	0.97851 	0.98680 	0.97776 	0.98484 	1.00016 	0.96410 	0.97157 	0.98721 	0.96612 	0.97991 	0.98454 	-0.15707 	-0.13621 	-0.15081 	0.30113 	0.03962 	0.33849 	-0.14352 	-0.12526 	0.04171 	-0.15121 	0.13608 	0.02333 	-0.05176 	-0.04488 	-0.04970 	-0.11437 	0.01305 	0.33284 	-0.04729 	-0.04128 	0.02696 	-0.04983 	0.04484 	0.00374 	0.01627	0.02234
Replication170	 -1.35396	0.99737	0.96708 	0.97384 	0.98361 	0.97310 	0.97942 	0.99872 	0.95866 	0.96690 	0.98414 	0.96163 	0.97540 	0.98120 	-0.15456 	-0.15578 	-0.15901 	0.34323 	0.00039 	0.38824 	-0.15914 	-0.14747 	0.04735 	-0.14050 	0.13002 	0.02645 	-0.05096 	-0.05136 	-0.05243 	-0.12949 	0.00013 	0.38182 	-0.05247 	-0.04863 	0.03057 	-0.04633 	0.04287 	0.00417 	0.01924	0.02789
Replication171	 -1.45171	0.99790	0.97395 	0.97949 	0.98798 	0.97925 	0.98441 	1.00084 	0.97281 	0.97730 	0.99095 	0.97254 	0.99057 	0.98825 	-0.14159 	-0.14933 	-0.15708 	0.27732 	0.00000 	0.31519 	-0.11689 	-0.14864 	0.03539 	-0.17600 	0.25064 	0.02044 	-0.04664 	-0.04919 	-0.05174 	-0.09919 	0.00000 	0.31008 	-0.03850 	-0.04896 	0.02202 	-0.05797 	0.08255 	0.00269 	0.00945	0.02517
Replication172	 -1.42163	0.99779	0.97382 	0.97948 	0.98703 	0.97891 	0.98429 	1.00043 	0.96724 	0.97394 	0.98887 	0.97021 	0.98532 	0.98611 	-0.13670 	-0.13037 	-0.16574 	0.28886 	0.00557 	0.32912 	-0.15608 	-0.16300 	0.03889 	-0.12077 	0.20081 	0.02207 	-0.04504 	-0.04295 	-0.05460 	-0.10879 	0.00184 	0.32372 	-0.05142 	-0.05370 	0.02478 	-0.03979 	0.06616 	0.00333 	0.01268	0.02352
Replication173	 -1.33881	0.99747	0.96851 	0.97586 	0.98482 	0.97474 	0.98074 	0.99917 	0.95857 	0.96664 	0.98484 	0.96032 	0.97729 	0.98174 	-0.15668 	-0.13069 	-0.14688 	0.32943 	0.00000 	0.37268 	-0.15885 	-0.15432 	0.04598 	-0.18241 	0.17690 	0.02574 	-0.05165 	-0.04309 	-0.04842 	-0.12520 	0.00000 	0.36650 	-0.05237 	-0.05087 	0.02985 	-0.06013 	0.05832 	0.00431 	0.02090	0.02724
Replication174	 -1.46851	0.99794	0.97492 	0.97977 	0.98774 	0.97976 	0.98472 	1.00090 	0.97289 	0.97846 	0.99146 	0.97496 	0.99208 	0.98878 	-0.13383 	-0.15247 	-0.17473 	0.27248 	0.00000 	0.31312 	-0.14785 	-0.15442 	0.03450 	-0.13297 	0.26380 	0.02000 	-0.04408 	-0.05022 	-0.05755 	-0.09733 	0.00000 	0.30810 	-0.04870 	-0.05086 	0.02137 	-0.04379 	0.08688 	0.00257 	0.00762	0.02640
Replication175	 -1.35242	0.99742	0.96815 	0.97458 	0.98421 	0.97391 	0.98010 	0.99894 	0.95854 	0.96727 	0.98454 	0.96161 	0.97598 	0.98161 	-0.14776 	-0.15490 	-0.15210 	0.33652 	0.00000 	0.38064 	-0.16641 	-0.13871 	0.04659 	-0.14956 	0.13914 	0.02603 	-0.04872 	-0.05107 	-0.05015 	-0.12746 	0.00000 	0.37434 	-0.05487 	-0.04573 	0.03012 	-0.04931 	0.04588 	0.00416 	0.01947	0.02719
Replication176	 -1.34805	0.99747	0.96770 	0.97576 	0.98451 	0.97442 	0.98041 	0.99912 	0.95851 	0.96716 	0.98495 	0.96147 	0.97774 	0.98188 	-0.16880 	-0.12195 	-0.15636 	0.33062 	0.00000 	0.37449 	-0.17359 	-0.15453 	0.04582 	-0.15993 	0.17839 	0.02567 	-0.05565 	-0.04020 	-0.05155 	-0.12455 	0.00000 	0.36831 	-0.05723 	-0.05094 	0.02966 	-0.05272 	0.05881 	0.00422 	0.01983	0.02815
Replication177	 -1.35231	0.99732	0.96628 	0.97319 	0.98303 	0.97243 	0.97882 	0.99850 	0.95797 	0.96648 	0.98370 	0.96104 	0.97455 	0.98076 	-0.15807 	-0.15718 	-0.16534 	0.34907 	0.00000 	0.39560 	-0.16074 	-0.14018 	0.04816 	-0.14147 	0.12256 	0.02687 	-0.05212 	-0.05183 	-0.05452 	-0.13145 	0.00000 	0.38907 	-0.05300 	-0.04622 	0.03110 	-0.04665 	0.04042 	0.00422 	0.01930	0.02901
Replication178	 -1.39343	0.99775	0.97277 	0.97910 	0.98741 	0.97832 	0.98371 	1.00037 	0.96489 	0.97241 	0.98836 	0.96722 	0.98406 	0.98552 	-0.14278 	-0.12920 	-0.14024 	0.29346 	0.00000 	0.33140 	-0.16209 	-0.14865 	0.03976 	-0.15894 	0.21031 	0.02252 	-0.04704 	-0.04257 	-0.04621 	-0.10996 	0.00000 	0.32592 	-0.05341 	-0.04898 	0.02544 	-0.05237 	0.06929 	0.00351 	0.01556	0.02363
Replication179	 -1.37423	0.99758	0.96941 	0.97644 	0.98638 	0.97570 	0.98255 	0.99977 	0.96321 	0.97026 	0.98655 	0.96536 	0.97911 	0.98379 	-0.16080 	-0.15376 	-0.12923 	0.31653 	0.02039 	0.35213 	-0.14173 	-0.15079 	0.04305 	-0.14019 	0.13785 	0.02417 	-0.05300 	-0.05068 	-0.04259 	-0.11788 	0.00672 	0.34623 	-0.04671 	-0.04970 	0.02763 	-0.04621 	0.04543 	0.00370 	0.01762	0.02294
Replication180	 -1.50849	0.99842	0.98149 	0.98534 	0.99226 	0.98563 	0.98959 	1.00284 	0.98121 	0.98598 	0.99672 	0.98394 	1.00246 	0.99426 	-0.11636 	-0.13954 	-0.14851 	0.21256 	0.00000 	0.24632 	-0.15784 	-0.16480 	0.02505 	-0.10949 	0.34130 	0.01506 	-0.03829 	-0.04591 	-0.04886 	-0.07141 	0.00000 	0.24246 	-0.05194 	-0.05422 	0.01497 	-0.03603 	0.11230 	0.00168 	0.00376	0.02474
Replication181	 -1.34055	0.99750	0.96902 	0.97584 	0.98553 	0.97522 	0.98319 	0.99943 	0.95948 	0.96722 	0.98508 	0.96195 	0.97661 	0.98212 	-0.16185 	-0.15972 	-0.13919 	0.32489 	0.04740 	0.36370 	-0.15406 	-0.16583 	0.04550 	-0.14829 	0.14304 	0.02539 	-0.05335 	-0.05265 	-0.04588 	-0.12341 	0.01562 	0.35761 	-0.05078 	-0.05466 	0.02959 	-0.04888 	0.04715 	0.00426 	0.02098	0.02461
Replication182	 -1.45941	0.99794	0.97437 	0.98035 	0.98808 	0.97987 	0.98482 	1.00098 	0.97239 	0.97794 	0.99134 	0.97459 	0.99155 	0.98864 	-0.14695 	-0.13270 	-0.16701 	0.27185 	0.00000 	0.31039 	-0.14833 	-0.16376 	0.03467 	-0.12856 	0.25901 	0.02006 	-0.04840 	-0.04370 	-0.05500 	-0.09730 	0.00000 	0.30537 	-0.04885 	-0.05394 	0.02156 	-0.04234 	0.08530 	0.00266 	0.00865	0.02536
Replication183	 0.00570	0.99691	0.96216 	0.96967 	0.97932 	0.96840 	0.97544 	0.99672 	0.94430 	0.95546 	0.97729 	0.94881 	0.96098 	0.97390 	-0.15568 	-0.14423 	-0.17181 	0.39818 	0.00095 	0.45688 	-0.18696 	-0.15905 	0.05914 	-0.14444 	0.04726 	0.03228 	-0.05138 	-0.04760 	-0.05670 	-0.15724 	0.00031 	0.44934 	-0.06170 	-0.05249 	0.03942 	-0.04767 	0.01560 	0.00610 	0.03252	0.03598
Replication184	 -1.42227	0.99792	0.97564 	0.98118 	0.98839 	0.98060 	0.98546 	1.00098 	0.96865 	0.97527 	0.99033 	0.97083 	0.98902 	0.98748 	-0.13166 	-0.12196 	-0.15411 	0.27161 	0.00000 	0.31041 	-0.16101 	-0.16359 	0.03626 	-0.15370 	0.25957 	0.02076 	-0.04336 	-0.04017 	-0.05076 	-0.10133 	0.00000 	0.30534 	-0.05303 	-0.05388 	0.02302 	-0.05062 	0.08549 	0.00318 	0.01257	0.02388
Replication185	 -1.37203	0.99756	0.97020 	0.97585 	0.98526 	0.97551 	0.98139 	0.99946 	0.96219 	0.96919 	0.98644 	0.96418 	0.98187 	0.98335 	-0.13854 	-0.16131 	-0.15350 	0.31920 	0.00000 	0.36259 	-0.15802 	-0.17920 	0.04328 	-0.16176 	0.22016 	0.02450 	-0.04566 	-0.05317 	-0.05059 	-0.11940 	0.00000 	0.35663 	-0.05209 	-0.05907 	0.02771 	-0.05332 	0.07256 	0.00383 	0.01740	0.02744
Replication186	 -1.45328	0.99796	0.97275 	0.97902 	0.98896 	0.97883 	0.98423 	1.00109 	0.97327 	0.97871 	0.99213 	0.97509 	0.99357 	0.98942 	-0.15742 	-0.16461 	-0.13157 	0.27322 	0.00000 	0.30666 	-0.15040 	-0.16595 	0.03342 	-0.14353 	0.28977 	0.01956 	-0.05184 	-0.05421 	-0.04333 	-0.09267 	0.00000 	0.30169 	-0.04953 	-0.05465 	0.02043 	-0.04727 	0.09543 	0.00232 	0.00917	0.02636
Replication187	 -1.31293	0.99744	0.96946 	0.97589 	0.98537 	0.97500 	0.98113 	0.99919 	0.95713 	0.96498 	0.98413 	0.95911 	0.97486 	0.98102 	-0.13785 	-0.14237 	-0.12280 	0.33130 	0.00000 	0.37207 	-0.15400 	-0.17618 	0.04714 	-0.16705 	0.14743 	0.02624 	-0.04545 	-0.04694 	-0.04048 	-0.12859 	0.00000 	0.36582 	-0.05077 	-0.05808 	0.03081 	-0.05507 	0.04860 	0.00457 	0.02393	0.02442
Replication188	 -1.37122	0.99764	0.97134 	0.97780 	0.98692 	0.97702 	0.98286 	1.00000 	0.96234 	0.97049 	0.98698 	0.96492 	0.98010 	0.98418 	-0.14391 	-0.13927 	-0.12708 	0.30704 	0.00251 	0.34399 	-0.16113 	-0.13743 	0.04220 	-0.15573 	0.16307 	0.02370 	-0.04743 	-0.04590 	-0.04188 	-0.11600 	0.00083 	0.33825 	-0.05310 	-0.04529 	0.02718 	-0.05132 	0.05374 	0.00376 	0.01794	0.02283
Replication189	 -1.41340	0.99774	0.97167 	0.97830 	0.98722 	0.97764 	0.98387 	1.00033 	0.96780 	0.97358 	0.98855 	0.96918 	0.98394 	0.98586 	-0.15583 	-0.14333 	-0.14480 	0.29695 	0.01675 	0.33268 	-0.12923 	-0.15462 	0.03953 	-0.14204 	0.17512 	0.02241 	-0.05135 	-0.04722 	-0.04771 	-0.10951 	0.00552 	0.32716 	-0.04258 	-0.05094 	0.02510 	-0.04680 	0.05770 	0.00325 	0.01361	0.02262
Replication190	 -1.39841	0.99779	0.97281 	0.97986 	0.98705 	0.97896 	0.98589 	1.00046 	0.96575 	0.97254 	0.98838 	0.96684 	0.98436 	0.98551 	-0.16484 	-0.11942 	-0.17010 	0.28826 	0.04569 	0.32808 	-0.14583 	-0.14319 	0.03961 	-0.17992 	0.21422 	0.02237 	-0.05431 	-0.03934 	-0.05604 	-0.10845 	0.01505 	0.32269 	-0.04805 	-0.04717 	0.02553 	-0.05928 	0.07057 	0.00367 	0.01492	0.02488
Replication191	 -1.33121	0.99737	0.96759 	0.97435 	0.98424 	0.97361 	0.98073 	0.99885 	0.95729 	0.96572 	0.98368 	0.96050 	0.97333 	0.98075 	-0.15429 	-0.15756 	-0.14321 	0.34142 	0.01982 	0.38363 	-0.15866 	-0.15495 	0.04804 	-0.13343 	0.10438 	0.02668 	-0.05088 	-0.05195 	-0.04722 	-0.13063 	0.00653 	0.37721 	-0.05232 	-0.05109 	0.03128 	-0.04400 	0.03442 	0.00443 	0.02185	0.02579
Replication192	 0.00025	0.99720	0.96682 	0.97459 	0.98187 	0.97298 	0.97991 	0.99801 	0.94975 	0.95908 	0.98023 	0.95303 	0.96732 	0.97685 	-0.15729 	-0.10330 	-0.17994 	0.35891 	0.02155 	0.41249 	-0.17113 	-0.18472 	0.05379 	-0.15323 	0.10229 	0.02949 	-0.05188 	-0.03407 	-0.05935 	-0.14446 	0.00711 	0.40565 	-0.05645 	-0.06093 	0.03592 	-0.05054 	0.03374 	0.00576 	0.02891	0.03049
Replication193	 -1.47371	0.99801	0.97451 	0.98055 	0.98888 	0.98017 	0.98516 	1.00126 	0.97481 	0.97982 	0.99230 	0.97621 	0.99291 	0.98974 	-0.15040 	-0.14092 	-0.15435 	0.26553 	0.00000 	0.30079 	-0.13418 	-0.14665 	0.03303 	-0.13783 	0.25306 	0.01921 	-0.04953 	-0.04641 	-0.05083 	-0.09275 	0.00000 	0.29592 	-0.04419 	-0.04829 	0.02032 	-0.04539 	0.08333 	0.00233 	0.00729	0.02451
Replication194	 -1.42852	0.99782	0.97358 	0.97951 	0.98709 	0.97892 	0.98402 	1.00051 	0.96859 	0.97472 	0.98955 	0.97025 	0.98786 	0.98670 	-0.14221 	-0.12928 	-0.16938 	0.28544 	0.00000 	0.32667 	-0.14860 	-0.15958 	0.03775 	-0.15509 	0.24445 	0.02159 	-0.04685 	-0.04259 	-0.05580 	-0.10539 	0.00000 	0.32135 	-0.04895 	-0.05257 	0.02388 	-0.05109 	0.08053 	0.00317 	0.01176	0.02569
Replication195	 -1.45707	0.99804	0.97543 	0.98083 	0.98963 	0.98071 	0.98591 	1.00143 	0.97298 	0.97942 	0.99240 	0.97458 	0.99267 	0.98982 	-0.14011 	-0.15330 	-0.13529 	0.26107 	0.00469 	0.29476 	-0.15307 	-0.12315 	0.03278 	-0.16477 	0.26636 	0.01903 	-0.04614 	-0.05048 	-0.04455 	-0.09143 	0.00154 	0.28997 	-0.05040 	-0.04055 	0.02027 	-0.05426 	0.08771 	0.00242 	0.00901	0.02411
Replication196	 -1.39735	0.99759	0.96888 	0.97617 	0.98655 	0.97536 	0.98148 	0.99982 	0.96538 	0.97225 	0.98718 	0.96752 	0.97968 	0.98464 	-0.16285 	-0.15381 	-0.12358 	0.31633 	0.00000 	0.35031 	-0.13322 	-0.12767 	0.04205 	-0.12993 	0.11397 	0.02366 	-0.05367 	-0.05069 	-0.04073 	-0.11568 	0.00000 	0.34444 	-0.04391 	-0.04208 	0.02671 	-0.04282 	0.03756 	0.00330 	0.01528	0.02244
Replication197	 -1.34886	0.99746	0.96962 	0.97623 	0.98490 	0.97535 	0.98221 	0.99925 	0.95905 	0.96743 	0.98442 	0.96232 	0.97376 	0.98166 	-0.14959 	-0.13855 	-0.15249 	0.32810 	0.02333 	0.36987 	-0.15273 	-0.13751 	0.04662 	-0.12434 	0.08168 	0.02580 	-0.04932 	-0.04567 	-0.05027 	-0.12741 	0.00769 	0.36368 	-0.05035 	-0.04533 	0.03045 	-0.04099 	0.02693 	0.00433 	0.02019	0.02374
Replication198	 -1.35853	0.99737	0.96573 	0.97336 	0.98402 	0.97246 	0.97900 	0.99877 	0.96005 	0.96762 	0.98444 	0.96260 	0.97547 	0.98160 	-0.16915 	-0.15928 	-0.14302 	0.34534 	0.00000 	0.38635 	-0.14547 	-0.14789 	0.04692 	-0.13495 	0.11377 	0.02625 	-0.05577 	-0.05252 	-0.04716 	-0.12790 	0.00000 	0.37992 	-0.04797 	-0.04876 	0.03012 	-0.04450 	0.03751 	0.00395 	0.01886	0.02692
Replication199	 -1.41308	0.99778	0.97373 	0.97836 	0.98743 	0.97836 	0.98379 	1.00042 	0.96723 	0.97389 	0.98913 	0.96896 	0.98626 	0.98631 	-0.12379 	-0.16465 	-0.14291 	0.29083 	0.00000 	0.32960 	-0.15161 	-0.15141 	0.03852 	-0.16083 	0.22773 	0.02198 	-0.04078 	-0.05425 	-0.04708 	-0.10756 	0.00000 	0.32419 	-0.04995 	-0.04988 	0.02438 	-0.05299 	0.07503 	0.00320 	0.01347	0.02431
Replication200	 -1.44329	0.99793	0.97530 	0.98039 	0.98852 	0.98015 	0.98519 	1.00100 	0.97135 	0.97701 	0.99078 	0.97180 	0.98903 	0.98816 	-0.13001 	-0.14368 	-0.14827 	0.27272 	0.00000 	0.30949 	-0.12970 	-0.12890 	0.03557 	-0.17513 	0.22803 	0.02039 	-0.04282 	-0.04732 	-0.04884 	-0.09983 	0.00000 	0.30443 	-0.04272 	-0.04245 	0.02234 	-0.05768 	0.07511 	0.00283 	0.01052	0.02305
Replication201	 -1.47280	0.99814	0.97609 	0.98164 	0.99086 	0.98156 	0.98653 	1.00189 	0.97589 	0.98175 	0.99389 	0.97800 	0.99560 	0.99142 	-0.14297 	-0.15590 	-0.11985 	0.24910 	0.00070 	0.27890 	-0.15311 	-0.13676 	0.03019 	-0.13995 	0.27942 	0.01774 	-0.04707 	-0.05132 	-0.03946 	-0.08438 	0.00023 	0.27437 	-0.05041 	-0.04502 	0.01835 	-0.04608 	0.09199 	0.00202 	0.00751	0.02322
Replication202	 -1.42997	0.99789	0.97377 	0.98013 	0.98790 	0.97943 	0.98450 	1.00079 	0.96878 	0.97557 	0.99032 	0.97225 	0.98950 	0.98747 	-0.14840 	-0.12545 	-0.15747 	0.27842 	0.00000 	0.31698 	-0.17290 	-0.17822 	0.03640 	-0.12012 	0.26148 	0.02093 	-0.04888 	-0.04132 	-0.05187 	-0.10136 	0.00000 	0.31182 	-0.05695 	-0.05870 	0.02292 	-0.03956 	0.08613 	0.00303 	0.01165	0.02523
Replication203	 -1.42941	0.99780	0.97119 	0.97788 	0.98665 	0.97736 	0.98277 	1.00030 	0.96962 	0.97490 	0.98993 	0.97064 	0.99061 	0.98692 	-0.16161 	-0.14598 	-0.16793 	0.29204 	0.00000 	0.33368 	-0.14633 	-0.18304 	0.03725 	-0.16715 	0.29876 	0.02158 	-0.05324 	-0.04809 	-0.05532 	-0.10298 	0.00000 	0.32831 	-0.04821 	-0.06030 	0.02323 	-0.05507 	0.09842 	0.00296 	0.01126	0.02970
Replication204	 -1.41152	0.99770	0.97348 	0.97767 	0.98672 	0.97776 	0.98330 	1.00013 	0.96669 	0.97294 	0.98815 	0.96878 	0.98350 	0.98541 	-0.11642 	-0.16890 	-0.14933 	0.29975 	0.00000 	0.33950 	-0.14063 	-0.15990 	0.04025 	-0.13235 	0.17900 	0.02280 	-0.03836 	-0.05565 	-0.04921 	-0.11298 	0.00000 	0.33389 	-0.04634 	-0.05269 	0.02560 	-0.04361 	0.05898 	0.00335 	0.01377	0.02298
Replication205	 -1.43649	0.99787	0.97298 	0.97771 	0.98730 	0.97810 	0.98413 	1.00054 	0.96935 	0.97634 	0.99068 	0.97134 	0.99158 	0.98778 	-0.14064 	-0.18611 	-0.16010 	0.28402 	0.01574 	0.32528 	-0.17112 	-0.14470 	0.03591 	-0.17477 	0.30617 	0.02084 	-0.04633 	-0.06131 	-0.05274 	-0.09925 	0.00518 	0.32007 	-0.05637 	-0.04766 	0.02231 	-0.05757 	0.10085 	0.00278 	0.01051	0.02997
Replication206	 -1.41602	0.99780	0.97248 	0.97880 	0.98771 	0.97821 	0.98366 	1.00052 	0.96717 	0.97449 	0.98935 	0.96952 	0.98618 	0.98662 	-0.14805 	-0.14222 	-0.13869 	0.28974 	0.00000 	0.32618 	-0.16041 	-0.13712 	0.03813 	-0.15431 	0.21821 	0.02175 	-0.04878 	-0.04685 	-0.04569 	-0.10560 	0.00000 	0.32080 	-0.05285 	-0.04517 	0.02410 	-0.05084 	0.07189 	0.00311 	0.01319	0.02412
Replication207	 -1.40278	0.99780	0.97444 	0.97975 	0.98750 	0.97946 	0.98643 	1.00057 	0.96539 	0.97305 	0.98842 	0.96856 	0.98313 	0.98570 	-0.13868 	-0.14512 	-0.15808 	0.28631 	0.04565 	0.32444 	-0.16223 	-0.14471 	0.03954 	-0.12980 	0.17520 	0.02224 	-0.04569 	-0.04781 	-0.05208 	-0.10939 	0.01504 	0.31906 	-0.05345 	-0.04767 	0.02550 	-0.04276 	0.05772 	0.00359 	0.01476	0.02206
Replication208	 -1.46459	0.99801	0.97491 	0.98009 	0.98846 	0.98014 	0.98553 	1.00116 	0.97337 	0.97914 	0.99230 	0.97541 	0.99445 	0.98954 	-0.14321 	-0.15847 	-0.16527 	0.26516 	0.01108 	0.30416 	-0.15802 	-0.15870 	0.03302 	-0.14656 	0.30539 	0.01930 	-0.04716 	-0.05218 	-0.05442 	-0.09221 	0.00365 	0.29931 	-0.05204 	-0.05226 	0.02033 	-0.04826 	0.10057 	0.00245 	0.00788	0.02777
Replication209	 -1.41518	0.99786	0.97408 	0.98034 	0.98833 	0.97976 	0.98667 	1.00086 	0.96805 	0.97467 	0.98930 	0.96955 	0.98434 	0.98671 	-0.15281 	-0.13610 	-0.14622 	0.28009 	0.04367 	0.31436 	-0.13694 	-0.12752 	0.03803 	-0.15410 	0.16970 	0.02146 	-0.05034 	-0.04483 	-0.04817 	-0.10495 	0.01438 	0.30912 	-0.04511 	-0.04201 	0.02436 	-0.05076 	0.05590 	0.00331 	0.01360	0.02092
Replication210	 -1.46903	0.99805	0.97555 	0.98099 	0.98949 	0.98082 	0.98576 	1.00145 	0.97427 	0.98010 	0.99266 	0.97605 	0.99343 	0.99011 	-0.14052 	-0.14826 	-0.14386 	0.25978 	0.00000 	0.29416 	-0.14757 	-0.13541 	0.03235 	-0.14640 	0.26471 	0.01883 	-0.04627 	-0.04882 	-0.04737 	-0.09077 	0.00000 	0.28939 	-0.04859 	-0.04459 	0.01990 	-0.04821 	0.08716 	0.00231 	0.00780	0.02416
Replication211	 -1.41014	0.99771	0.97045 	0.97737 	0.98603 	0.97665 	0.98219 	0.99997 	0.96476 	0.97312 	0.98845 	0.96776 	0.98600 	0.98554 	-0.16126 	-0.13940 	-0.16580 	0.30238 	0.00000 	0.34503 	-0.18223 	-0.13387 	0.03977 	-0.16407 	0.25004 	0.02271 	-0.05314 	-0.04593 	-0.05463 	-0.10922 	0.00000 	0.33944 	-0.06005 	-0.04411 	0.02516 	-0.05406 	0.08239 	0.00331 	0.01329	0.02916
Replication212	 -1.41717	0.99767	0.97226 	0.97712 	0.98635 	0.97704 	0.98269 	0.99999 	0.96689 	0.97331 	0.98795 	0.96815 	0.98255 	0.98531 	-0.12845 	-0.16629 	-0.15251 	0.30448 	0.00000 	0.34430 	-0.13054 	-0.12566 	0.04065 	-0.15447 	0.15863 	0.02298 	-0.04233 	-0.05480 	-0.05026 	-0.11356 	0.00000 	0.33862 	-0.04302 	-0.04141 	0.02581 	-0.05090 	0.05227 	0.00328 	0.01311	0.02370
Replication213	 -1.39670	0.99766	0.97060 	0.97732 	0.98616 	0.97658 	0.98230 	0.99992 	0.96549 	0.97166 	0.98781 	0.96689 	0.98435 	0.98485 	-0.15470 	-0.14040 	-0.15491 	0.30647 	0.00158 	0.34692 	-0.14472 	-0.17276 	0.04088 	-0.16104 	0.22438 	0.02326 	-0.05098 	-0.04627 	-0.05105 	-0.11291 	0.00052 	0.34122 	-0.04769 	-0.05693 	0.02599 	-0.05307 	0.07394 	0.00349 	0.01496	0.02628
Replication214	 -1.46648	0.99804	0.97523 	0.98018 	0.98952 	0.98035 	0.98554 	1.00140 	0.97374 	0.98016 	0.99279 	0.97640 	0.99410 	0.99021 	-0.13713 	-0.16955 	-0.13624 	0.26175 	0.00230 	0.29582 	-0.16363 	-0.14003 	0.03217 	-0.13644 	0.28014 	0.01881 	-0.04516 	-0.05583 	-0.04486 	-0.09000 	0.00076 	0.29104 	-0.05388 	-0.04611 	0.01968 	-0.04493 	0.09225 	0.00223 	0.00795	0.02519
Replication215	 -1.40057	0.99756	0.96952 	0.97535 	0.98495 	0.97516 	0.98181 	0.99946 	0.96430 	0.97120 	0.98681 	0.96600 	0.98167 	0.98397 	-0.15116 	-0.17206 	-0.16776 	0.31960 	0.01810 	0.36251 	-0.14474 	-0.14142 	0.04270 	-0.15777 	0.18231 	0.02415 	-0.04982 	-0.05671 	-0.05530 	-0.11776 	0.00597 	0.35657 	-0.04771 	-0.04661 	0.02718 	-0.05200 	0.06009 	0.00353 	0.01445	0.02742
Replication216	 -1.43993	0.99783	0.97171 	0.97837 	0.98748 	0.97784 	0.98329 	1.00055 	0.97080 	0.97614 	0.99031 	0.97192 	0.98963 	0.98754 	-0.15969 	-0.14773 	-0.15192 	0.28783 	0.00000 	0.32507 	-0.13749 	-0.16090 	0.03658 	-0.15523 	0.25291 	0.02112 	-0.05261 	-0.04867 	-0.05005 	-0.10157 	0.00000 	0.31977 	-0.04529 	-0.05301 	0.02275 	-0.05114 	0.08332 	0.00276 	0.01053	0.02628
Replication217	 -1.44050	0.99790	0.97250 	0.97987 	0.98840 	0.97897 	0.98421 	1.00090 	0.96988 	0.97713 	0.99081 	0.97234 	0.98929 	0.98818 	-0.16587 	-0.12631 	-0.14315 	0.27804 	0.00000 	0.31294 	-0.16303 	-0.12433 	0.03560 	-0.15216 	0.23843 	0.02047 	-0.05463 	-0.04160 	-0.04715 	-0.09830 	0.00000 	0.30782 	-0.05370 	-0.04095 	0.02224 	-0.05012 	0.07853 	0.00273 	0.01062	0.02487
Replication218	 -1.40897	0.99763	0.97145 	0.97637 	0.98483 	0.97630 	0.98183 	0.99958 	0.96429 	0.97184 	0.98751 	0.96641 	0.98464 	0.98451 	-0.13316 	-0.16191 	-0.18661 	0.31025 	0.00000 	0.35833 	-0.16626 	-0.14265 	0.04144 	-0.17118 	0.24150 	0.02357 	-0.04388 	-0.05336 	-0.06150 	-0.11504 	0.00000 	0.35255 	-0.05479 	-0.04701 	0.02634 	-0.05641 	0.07959 	0.00353 	0.01332	0.03002
Replication219	 -1.42798	0.99764	0.96948 	0.97596 	0.98588 	0.97556 	0.98146 	0.99982 	0.96773 	0.97397 	0.98823 	0.96938 	0.98417 	0.98557 	-0.15859 	-0.16462 	-0.15595 	0.31125 	0.00000 	0.35035 	-0.13579 	-0.13501 	0.04030 	-0.14360 	0.18045 	0.02296 	-0.05226 	-0.05425 	-0.05139 	-0.11173 	0.00000 	0.34460 	-0.04475 	-0.04449 	0.02529 	-0.04732 	0.05947 	0.00302 	0.01176	0.02618
Replication220	 -1.45250	0.99800	0.97416 	0.98016 	0.98908 	0.97987 	0.98499 	1.00122 	0.97197 	0.97877 	0.99212 	0.97453 	0.99303 	0.98944 	-0.14963 	-0.14994 	-0.14017 	0.26704 	0.00000 	0.30217 	-0.16872 	-0.14122 	0.03333 	-0.14925 	0.28626 	0.01941 	-0.04928 	-0.04938 	-0.04616 	-0.09253 	0.00000 	0.29729 	-0.05556 	-0.04651 	0.02056 	-0.04915 	0.09427 	0.00246 	0.00928	0.02602
Replication221	 -1.35267	0.99742	0.96995 	0.97552 	0.98372 	0.97489 	0.98073 	0.99891 	0.95984 	0.96637 	0.98420 	0.96134 	0.97604 	0.98114 	-0.13108 	-0.14137 	-0.17561 	0.33361 	0.00000 	0.38162 	-0.13452 	-0.17808 	0.04711 	-0.15109 	0.14264 	0.02627 	-0.04322 	-0.04661 	-0.05790 	-0.13022 	0.00000 	0.37532 	-0.04435 	-0.05871 	0.03064 	-0.04981 	0.04703 	0.00441 	0.01951	0.02658
Replication222	 -1.44248	0.99789	0.97355 	0.97937 	0.98804 	0.97904 	0.98426 	1.00080 	0.96997 	0.97691 	0.99069 	0.97203 	0.98955 	0.98801 	-0.14493 	-0.14801 	-0.15014 	0.27907 	0.00000 	0.31653 	-0.15872 	-0.12835 	0.03582 	-0.15921 	0.24768 	0.02062 	-0.04774 	-0.04875 	-0.04946 	-0.09971 	0.00000 	0.31138 	-0.05228 	-0.04228 	0.02238 	-0.05244 	0.08158 	0.00277 	0.01036	0.02545
Replication223	 -1.45002	0.99799	0.97454 	0.97980 	0.98930 	0.97983 	0.98505 	1.00123 	0.97231 	0.97876 	0.99211 	0.97379 	0.99271 	0.98946 	-0.13930 	-0.16656 	-0.13036 	0.26749 	0.00000 	0.30175 	-0.15551 	-0.12921 	0.03334 	-0.17213 	0.28067 	0.01941 	-0.04587 	-0.05485 	-0.04293 	-0.09274 	0.00000 	0.29685 	-0.05121 	-0.04255 	0.02056 	-0.05669 	0.09243 	0.00243 	0.00959	0.02543
Replication224	 -1.47227	0.99790	0.97112 	0.97775 	0.98748 	0.97761 	0.98379 	1.00069 	0.97347 	0.97913 	0.99158 	0.97511 	0.99252 	0.98897 	-0.17335 	-0.17041 	-0.16444 	0.28280 	0.01777 	0.32016 	-0.14486 	-0.13444 	0.03446 	-0.14673 	0.26594 	0.02009 	-0.05710 	-0.05613 	-0.05416 	-0.09520 	0.00585 	0.31503 	-0.04771 	-0.04428 	0.02104 	-0.04833 	0.08760 	0.00227 	0.00700	0.02887
Replication225	 -1.36055	0.99737	0.96632 	0.97408 	0.98361 	0.97297 	0.97927 	0.99874 	0.96052 	0.96738 	0.98421 	0.96156 	0.97511 	0.98134 	-0.16855 	-0.14079 	-0.16118 	0.34351 	0.00000 	0.38741 	-0.12625 	-0.13799 	0.04725 	-0.16244 	0.11127 	0.02637 	-0.05558 	-0.04642 	-0.05315 	-0.12901 	0.00000 	0.38099 	-0.04163 	-0.04550 	0.03048 	-0.05356 	0.03669 	0.00410 	0.01860	0.02740
Replication226	 -1.46294	0.99812	0.97843 	0.98198 	0.99029 	0.98237 	0.98708 	1.00176 	0.97632 	0.97989 	0.99322 	0.97685 	0.99532 	0.99053 	-0.10911 	-0.16325 	-0.13685 	0.24913 	0.00000 	0.28346 	-0.12223 	-0.19121 	0.03129 	-0.14262 	0.29164 	0.01832 	-0.03592 	-0.05375 	-0.04506 	-0.08908 	0.00000 	0.27886 	-0.04024 	-0.06295 	0.01928 	-0.04695 	0.09602 	0.00238 	0.00857	0.02258
Replication227	 -1.41826	0.99783	0.97430 	0.98023 	0.98738 	0.97950 	0.98450 	1.00059 	0.96690 	0.97423 	0.98925 	0.96911 	0.98629 	0.98645 	-0.13789 	-0.11862 	-0.16432 	0.28299 	0.00000 	0.32384 	-0.16122 	-0.13780 	0.03818 	-0.16063 	0.22669 	0.02169 	-0.04542 	-0.03908 	-0.05413 	-0.10632 	0.00000 	0.31855 	-0.05311 	-0.04540 	0.02436 	-0.05292 	0.07468 	0.00335 	0.01292	0.02456
Replication228	 -1.45372	0.99799	0.97589 	0.98139 	0.98899 	0.98096 	0.98580 	1.00127 	0.97202 	0.97814 	0.99157 	0.97443 	0.99090 	0.98895 	-0.13559 	-0.13030 	-0.15224 	0.26430 	0.00000 	0.30042 	-0.15263 	-0.15056 	0.03417 	-0.13118 	0.24338 	0.01968 	-0.04465 	-0.04291 	-0.05014 	-0.09611 	0.00000 	0.29552 	-0.05026 	-0.04958 	0.02137 	-0.04320 	0.08015 	0.00270 	0.00947	0.02290
Replication229	 -1.34658	0.99744	0.96978 	0.97508 	0.98441 	0.97471 	0.98075 	0.99904 	0.95902 	0.96657 	0.98464 	0.96192 	0.97707 	0.98155 	-0.12875 	-0.16115 	-0.15314 	0.33234 	0.00000 	0.37728 	-0.15993 	-0.18537 	0.04639 	-0.13672 	0.16326 	0.02597 	-0.04245 	-0.05313 	-0.05049 	-0.12791 	0.00000 	0.37103 	-0.05273 	-0.06111 	0.03005 	-0.04507 	0.05382 	0.00428 	0.02018	0.02629
Replication230	 -1.42113	0.99776	0.97280 	0.97803 	0.98754 	0.97797 	0.98441 	1.00044 	0.96819 	0.97445 	0.98898 	0.97042 	0.98457 	0.98636 	-0.13881 	-0.17035 	-0.13962 	0.29356 	0.02131 	0.32883 	-0.13975 	-0.15006 	0.03880 	-0.12664 	0.17356 	0.02203 	-0.04573 	-0.05612 	-0.04600 	-0.10805 	0.00702 	0.32337 	-0.04604 	-0.04944 	0.02454 	-0.04172 	0.05718 	0.00310 	0.01287	0.02211
Replication231	 -1.40149	0.99754	0.96960 	0.97549 	0.98501 	0.97513 	0.98128 	0.99944 	0.96426 	0.97116 	0.98657 	0.96682 	0.98037 	0.98381 	-0.14643 	-0.16396 	-0.16219 	0.32148 	0.00476 	0.36340 	-0.14476 	-0.14870 	0.04313 	-0.12633 	0.14981 	0.02431 	-0.04827 	-0.05404 	-0.05346 	-0.11953 	0.00157 	0.35741 	-0.04771 	-0.04901 	0.02747 	-0.04164 	0.04938 	0.00353 	0.01452	0.02570
Replication232	 -1.43483	0.99781	0.97147 	0.97745 	0.98737 	0.97730 	0.98292 	1.00044 	0.96917 	0.97588 	0.99019 	0.97210 	0.98957 	0.98739 	-0.15229 	-0.16952 	-0.14480 	0.29158 	0.00000 	0.32905 	-0.16711 	-0.16228 	0.03684 	-0.13321 	0.26141 	0.02130 	-0.05017 	-0.05585 	-0.04770 	-0.10215 	0.00000 	0.32370 	-0.05505 	-0.05346 	0.02287 	-0.04388 	0.08612 	0.00274 	0.01097	0.02716
Replication233	 -1.41992	0.99761	0.97077 	0.97584 	0.98525 	0.97581 	0.98159 	0.99963 	0.96591 	0.97277 	0.98758 	0.96823 	0.98323 	0.98482 	-0.13652 	-0.17306 	-0.16948 	0.31340 	0.00000 	0.35668 	-0.14881 	-0.14085 	0.04139 	-0.13881 	0.18510 	0.02349 	-0.04499 	-0.05703 	-0.05586 	-0.11536 	0.00000 	0.35086 	-0.04904 	-0.04642 	0.02617 	-0.04575 	0.06100 	0.00328 	0.01252	0.02685
Replication234	 -1.39942	0.99765	0.97266 	0.97772 	0.98587 	0.97737 	0.98283 	0.99987 	0.96444 	0.97154 	0.98724 	0.96630 	0.98177 	0.98442 	-0.12677 	-0.14606 	-0.16539 	0.30546 	0.00000 	0.34867 	-0.14713 	-0.14006 	0.04179 	-0.15643 	0.17722 	0.02354 	-0.04178 	-0.04813 	-0.05450 	-0.11644 	0.00000 	0.34293 	-0.04849 	-0.04615 	0.02681 	-0.05155 	0.05840 	0.00365 	0.01483	0.02474
Replication235	 -1.45776	0.99792	0.97352 	0.97961 	0.98802 	0.97920 	0.98434 	1.00088 	0.97212 	0.97788 	0.99120 	0.97423 	0.99103 	0.98853 	-0.15057 	-0.14262 	-0.15915 	0.27625 	0.00000 	0.31367 	-0.14801 	-0.15377 	0.03497 	-0.13368 	0.25148 	0.02023 	-0.04959 	-0.04698 	-0.05242 	-0.09785 	0.00000 	0.30859 	-0.04875 	-0.05065 	0.02169 	-0.04403 	0.08283 	0.00260 	0.00881	0.02545
Replication236	 -1.44142	0.99778	0.97109 	0.97763 	0.98669 	0.97719 	0.98285 	1.00030 	0.96989 	0.97574 	0.98978 	0.97101 	0.98865 	0.98702 	-0.16086 	-0.15278 	-0.16502 	0.29406 	0.00398 	0.33388 	-0.14060 	-0.14317 	0.03753 	-0.16378 	0.24541 	0.02160 	-0.05300 	-0.05034 	-0.05437 	-0.10403 	0.00131 	0.32847 	-0.04632 	-0.04717 	0.02339 	-0.05396 	0.08085 	0.00284 	0.01024	0.02769
Replication237	 -1.47748	0.99824	0.97836 	0.98398 	0.99096 	0.98356 	0.98788 	1.00218 	0.97682 	0.98226 	0.99442 	0.97748 	0.99729 	0.99186 	-0.13871 	-0.11911 	-0.14716 	0.23463 	0.00000 	0.26887 	-0.14354 	-0.12635 	0.02908 	-0.17910 	0.31119 	0.01709 	-0.04566 	-0.03921 	-0.04844 	-0.08147 	0.00000 	0.26458 	-0.04725 	-0.04159 	0.01786 	-0.05895 	0.10243 	0.00219 	0.00691	0.02450
Replication238	 -1.38693	0.99761	0.96819 	0.97635 	0.98644 	0.97530 	0.98171 	0.99982 	0.96423 	0.97150 	0.98731 	0.96618 	0.98152 	0.98454 	-0.17815 	-0.14355 	-0.12999 	0.31496 	0.00887 	0.35025 	-0.14861 	-0.13889 	0.04180 	-0.15674 	0.17252 	0.02364 	-0.05871 	-0.04731 	-0.04284 	-0.11395 	0.00292 	0.34442 	-0.04898 	-0.04577 	0.02658 	-0.05166 	0.05686 	0.00343 	0.01610	0.02498
Replication239	 -1.42060	0.99784	0.97304 	0.97998 	0.98845 	0.97903 	0.98436 	1.00079 	0.96852 	0.97512 	0.98959 	0.97107 	0.98532 	0.98700 	-0.15242 	-0.12344 	-0.13016 	0.28408 	0.00000 	0.31693 	-0.14652 	-0.14721 	0.03766 	-0.12509 	0.17785 	0.02139 	-0.05021 	-0.04066 	-0.04288 	-0.10469 	0.00000 	0.31164 	-0.04827 	-0.04849 	0.02386 	-0.04121 	0.05859 	0.00307 	0.01306	0.02074
Replication240	 -1.43742	0.99800	0.97485 	0.98192 	0.98966 	0.98091 	0.98583 	1.00140 	0.97110 	0.97757 	0.99150 	0.97329 	0.99019 	0.98888 	-0.15480 	-0.11042 	-0.13238 	0.26364 	0.00000 	0.29590 	-0.15424 	-0.14593 	0.03424 	-0.14487 	0.24041 	0.01969 	-0.05098 	-0.03636 	-0.04359 	-0.09515 	0.00000 	0.29102 	-0.05079 	-0.04806 	0.02150 	-0.04771 	0.07917 	0.00277 	0.01123	0.02183
Replication241	 -1.36294	0.99750	0.96837 	0.97551 	0.98527 	0.97462 	0.98075 	0.99933 	0.96130 	0.96866 	0.98564 	0.96321 	0.97829 	0.98274 	-0.15783 	-0.14662 	-0.13907 	0.32726 	0.00000 	0.36713 	-0.14714 	-0.15217 	0.04468 	-0.15750 	0.15472 	0.02509 	-0.05203 	-0.04833 	-0.04585 	-0.12236 	0.00000 	0.36102 	-0.04851 	-0.05016 	0.02872 	-0.05192 	0.05100 	0.00390 	0.01854	0.02549
Replication242	 -1.47262	0.99815	0.97706 	0.98186 	0.99033 	0.98195 	0.98670 	1.00181 	0.97594 	0.98131 	0.99379 	0.97724 	0.99640 	0.99118 	-0.13169 	-0.15481 	-0.13858 	0.24766 	0.00000 	0.28173 	-0.14736 	-0.14457 	0.03034 	-0.15897 	0.30575 	0.01785 	-0.04335 	-0.05097 	-0.04562 	-0.08520 	0.00000 	0.27721 	-0.04851 	-0.04759 	0.01852 	-0.05234 	0.10066 	0.00216 	0.00735	0.02496
Replication243	 -1.44057	0.99793	0.97545 	0.98069 	0.98860 	0.98034 	0.98534 	1.00105 	0.97194 	0.97656 	0.99083 	0.97290 	0.98979 	0.98810 	-0.13056 	-0.13776 	-0.14898 	0.27176 	0.00000 	0.30810 	-0.12670 	-0.17779 	0.03548 	-0.14242 	0.23933 	0.02040 	-0.04300 	-0.04537 	-0.04907 	-0.09999 	0.00000 	0.30305 	-0.04173 	-0.05856 	0.02228 	-0.04691 	0.07882 	0.00288 	0.01086	0.02241
Replication244	 -1.43073	0.99781	0.97363 	0.97941 	0.98749 	0.97894 	0.98476 	1.00058 	0.96909 	0.97495 	0.98931 	0.97123 	0.98560 	0.98666 	-0.14250 	-0.13935 	-0.15776 	0.28666 	0.01472 	0.32399 	-0.13715 	-0.15780 	0.03816 	-0.12269 	0.18391 	0.02168 	-0.04695 	-0.04591 	-0.05197 	-0.10673 	0.00485 	0.31864 	-0.04518 	-0.05199 	0.02420 	-0.04042 	0.06059 	0.00314 	0.01187	0.02227
Replication245	 -1.38692	0.99757	0.96948 	0.97707 	0.98555 	0.97586 	0.98162 	0.99962 	0.96345 	0.97051 	0.98634 	0.96553 	0.97897 	0.98360 	-0.16243 	-0.12128 	-0.15539 	0.31725 	0.00000 	0.35728 	-0.13966 	-0.13980 	0.04340 	-0.14047 	0.13295 	0.02433 	-0.05354 	-0.03997 	-0.05121 	-0.11947 	0.00000 	0.35135 	-0.04603 	-0.04608 	0.02790 	-0.04630 	0.04382 	0.00374 	0.01618	0.02420
Replication246	 -1.42636	0.99779	0.97224 	0.97824 	0.98683 	0.97784 	0.98320 	1.00034 	0.96783 	0.97471 	0.98954 	0.96999 	0.98839 	0.98667 	-0.14828 	-0.14761 	-0.16328 	0.29127 	0.00000 	0.33247 	-0.16350 	-0.15184 	0.03786 	-0.15961 	0.26255 	0.02174 	-0.04885 	-0.04863 	-0.05379 	-0.10500 	0.00000 	0.32709 	-0.05387 	-0.05002 	0.02379 	-0.05258 	0.08650 	0.00307 	0.01178	0.02770
Replication247	 -1.48552	0.99825	0.97560 	0.98235 	0.99132 	0.98213 	0.98817 	1.00224 	0.97832 	0.98373 	0.99518 	0.97985 	0.99901 	0.99270 	-0.17291 	-0.15125 	-0.13227 	0.23779 	0.03200 	0.26706 	-0.15075 	-0.13274 	0.02790 	-0.15402 	0.31851 	0.01660 	-0.05691 	-0.04978 	-0.04354 	-0.07638 	0.01053 	0.26279 	-0.04962 	-0.04369 	0.01675 	-0.05069 	0.10484 	0.00179 	0.00594	0.02609
Replication248	 -1.43586	0.99771	0.97084 	0.97702 	0.98594 	0.97663 	0.98220 	1.00000 	0.96742 	0.97466 	0.98884 	0.97065 	0.98628 	0.98610 	-0.15371 	-0.15377 	-0.17211 	0.30220 	0.00000 	0.34408 	-0.16532 	-0.14312 	0.03917 	-0.12611 	0.21711 	0.02239 	-0.05065 	-0.05067 	-0.05671 	-0.10888 	0.00000 	0.33849 	-0.05447 	-0.04716 	0.02458 	-0.04155 	0.07154 	0.00302 	0.01082	0.02754
Replication249	 -1.37385	0.99752	0.96798 	0.97528 	0.98521 	0.97446 	0.98058 	0.99936 	0.96259 	0.96943 	0.98624 	0.96415 	0.98068 	0.98327 	-0.16383 	-0.15108 	-0.14498 	0.32555 	0.00000 	0.36597 	-0.14650 	-0.16300 	0.04370 	-0.16388 	0.19060 	0.02470 	-0.05400 	-0.04980 	-0.04779 	-0.11966 	0.00000 	0.35992 	-0.04829 	-0.05373 	0.02789 	-0.05402 	0.06283 	0.00372 	0.01725	0.02706