
Replication	FitnessValue	Frequency	Bus1	Bus2	Bus3	Bus4	Bus5	Bus6	Bus7	Bus8	Bus9	Bus10	Bus11	Bus12	Bus1_P	Bus2_P	Bus3_P	Bus4_P	Bus5_P	Bus6_P	Bus7_P	Bus8_P	Bus9_P	Bus10_P	Bus11_P	Bus12_P	Bus1_Q	Bus2_Q	Bus3_Q	Bus4_Q	Bus5_Q	Bus6_Q	Bus7_Q	Bus8_Q	Bus9_Q	Bus10_Q	Bus11_Q	Bus12_Q	PLoss	QLoss
Replication0	 -1.56874	1.00005	1.01047 	1.01010 	1.01002 	1.01041 	1.01168 	1.01030 	1.01018 	1.00869 	1.01052 	1.00856 	1.00979 	1.01157 	-0.00392 	-0.01458 	-0.01372 	-0.00031 	0.04074 	-0.00025 	-0.00175 	-0.01385 	0.00123 	-0.02029 	0.00000 	0.02695 	-0.00128 	-0.00478 	-0.00450 	-0.00024 	0.01336 	-0.00015 	-0.00057 	-0.00454 	-0.00200 	-0.00665 	0.00000 	0.01166 	0.00009	0.00024
Replication1	 -1.56339	1.00016	1.00138 	1.00207 	1.00263 	1.00244 	1.00370 	1.00300 	1.01026 	1.00922 	1.01186 	1.00930 	1.01079 	1.01469 	-0.02584 	-0.01980 	-0.00667 	0.00497 	0.00000 	0.00443 	-0.01583 	-0.01642 	0.00437 	-0.01316 	0.00000 	0.08500 	-0.00847 	-0.00649 	-0.00219 	0.00522 	0.00000 	0.00478 	-0.00519 	-0.00538 	-0.00710 	-0.00431 	0.00000 	0.03064 	0.00051	0.00133
Replication2	 -1.56284	1.00017	1.00177 	1.00204 	1.00157 	1.00253 	1.00349 	1.00234 	1.01033 	1.00887 	1.01188 	1.00886 	1.01066 	1.01482 	-0.01754 	-0.01100 	-0.02585 	0.00490 	0.00000 	0.00485 	-0.00726 	-0.01899 	0.00451 	-0.01987 	0.00000 	0.08732 	-0.00575 	-0.00361 	-0.00848 	0.00516 	0.00000 	0.00521 	-0.00238 	-0.00623 	-0.00728 	-0.00651 	0.00000 	0.03146 	0.00055	0.00144
Replication3	 -1.56743	0.99998	1.01405 	1.01449 	1.01480 	1.01426 	1.01570 	1.01467 	1.00975 	1.00852 	1.01000 	1.00865 	1.01031 	1.00995 	-0.01340 	-0.00394 	0.00000 	-0.00285 	0.05947 	-0.00305 	-0.02046 	-0.02002 	-0.00065 	-0.01397 	0.02236 	-0.00374 	-0.00439 	-0.00129 	0.00000 	-0.00288 	0.01951 	-0.00309 	-0.00671 	-0.00657 	0.00065 	-0.00458 	0.00734 	0.00244 	0.00019	0.00055
Replication4	 -1.56294	1.00017	1.00172 	1.00217 	1.00185 	1.00259 	1.00359 	1.00255 	1.01028 	1.00896 	1.01195 	1.00935 	1.01081 	1.01495 	-0.02028 	-0.01048 	-0.02259 	0.00486 	0.00000 	0.00471 	-0.01679 	-0.02570 	0.00458 	-0.00679 	0.00000 	0.08959 	-0.00665 	-0.00344 	-0.00741 	0.00512 	0.00000 	0.00508 	-0.00550 	-0.00843 	-0.00746 	-0.00223 	0.00000 	0.03251 	0.00055	0.00142
Replication5	 -1.56444	1.00013	1.00124 	1.00164 	1.00221 	1.00215 	1.00341 	1.00261 	1.01018 	1.00957 	1.01145 	1.00938 	1.01078 	1.01357 	-0.02192 	-0.02449 	-0.00780 	0.00519 	0.00000 	0.00472 	-0.00485 	-0.00634 	0.00352 	-0.01667 	0.00369 	0.06568 	-0.00719 	-0.00803 	-0.00256 	0.00539 	0.00000 	0.00500 	-0.00159 	-0.00208 	-0.00565 	-0.00547 	0.00121 	0.02219 	0.00042	0.00114
Replication6	 -1.56362	1.00017	1.00246 	1.00278 	1.00330 	1.00325 	1.00448 	1.00366 	1.01026 	1.00915 	1.01195 	1.00920 	1.01081 	1.01495 	-0.01970 	-0.02300 	-0.00751 	0.00442 	0.00370 	0.00399 	-0.02265 	-0.01681 	0.00450 	-0.01501 	0.00000 	0.08921 	-0.00646 	-0.00754 	-0.00246 	0.00468 	0.00121 	0.00435 	-0.00743 	-0.00551 	-0.00738 	-0.00492 	0.00000 	0.03291 	0.00050	0.00125
Replication7	 -1.56698	1.00013	1.00648 	1.00666 	1.00657 	1.00685 	1.00730 	1.00686 	1.01021 	1.00892 	1.01150 	1.00911 	1.01049 	1.01389 	-0.00869 	-0.00548 	-0.00901 	0.00203 	0.00000 	0.00193 	-0.02061 	-0.02023 	0.00337 	-0.01158 	0.00000 	0.06916 	-0.00285 	-0.00180 	-0.00296 	0.00222 	0.00000 	0.00220 	-0.00676 	-0.00663 	-0.00558 	-0.00380 	0.00000 	0.02672 	0.00023	0.00056
Replication8	 -1.56736	1.00007	1.00609 	1.00672 	1.00734 	1.00705 	1.00987 	1.00772 	1.01014 	1.00936 	1.01078 	1.00935 	1.01021 	1.01205 	-0.03264 	-0.02822 	-0.01375 	0.00194 	0.06656 	0.00143 	-0.01377 	-0.00935 	0.00187 	-0.01048 	0.00000 	0.03678 	-0.01071 	-0.00925 	-0.00451 	0.00204 	0.02183 	0.00158 	-0.00452 	-0.00307 	-0.00302 	-0.00344 	0.00000 	0.01364 	0.00019	0.00053
Replication9	 -1.56547	1.00014	1.00405 	1.00375 	1.00360 	1.00433 	1.00508 	1.00414 	1.01025 	1.00919 	1.01154 	1.00901 	1.01055 	1.01395 	-0.00641 	-0.01744 	-0.01753 	0.00371 	0.00000 	0.00370 	-0.00927 	-0.01094 	0.00367 	-0.02001 	0.00000 	0.07140 	-0.00210 	-0.00572 	-0.00575 	0.00392 	0.00000 	0.00400 	-0.00304 	-0.00359 	-0.00594 	-0.00656 	0.00000 	0.02584 	0.00035	0.00089
Replication10	 -1.56448	1.00015	1.00402 	1.00422 	1.00412 	1.00473 	1.00653 	1.00478 	1.01034 	1.00839 	1.01169 	1.00841 	1.01037 	1.01444 	-0.02096 	-0.02013 	-0.02366 	0.00344 	0.03168 	0.00327 	-0.00870 	-0.02417 	0.00402 	-0.02345 	0.00000 	0.07963 	-0.00687 	-0.00660 	-0.00776 	0.00367 	0.01039 	0.00360 	-0.00285 	-0.00793 	-0.00650 	-0.00769 	0.00000 	0.02981 	0.00042	0.00109
Replication11	 -1.56220	1.00019	1.00215 	1.00215 	1.00213 	1.00275 	1.00378 	1.00274 	1.01035 	1.00863 	1.01213 	1.00869 	1.01072 	1.01548 	-0.01410 	-0.02010 	-0.01818 	0.00474 	0.00000 	0.00457 	-0.01425 	-0.02355 	0.00498 	-0.02136 	0.00000 	0.09850 	-0.00462 	-0.00659 	-0.00596 	0.00503 	0.00000 	0.00497 	-0.00467 	-0.00772 	-0.00811 	-0.00700 	0.00000 	0.03645 	0.00061	0.00155
Replication12	 -1.56830	1.00007	1.00763 	1.00741 	1.00722 	1.00778 	1.00874 	1.00762 	1.00996 	1.00892 	1.01093 	1.00908 	1.01074 	1.01222 	-0.00607 	-0.01272 	-0.01575 	0.00144 	0.02225 	0.00148 	-0.01628 	-0.01908 	0.00193 	-0.01193 	0.01539 	0.03981 	-0.00199 	-0.00417 	-0.00516 	0.00156 	0.00730 	0.00164 	-0.00534 	-0.00626 	-0.00330 	-0.00391 	0.00505 	0.01501 	0.00012	0.00030
Replication13	 -1.56301	1.00011	1.00029 	1.00057 	1.00021 	1.00116 	1.00221 	1.00102 	1.00959 	1.00870 	1.01141 	1.00899 	1.01232 	1.01276 	-0.01959 	-0.01483 	-0.02619 	0.00588 	0.00000 	0.00578 	-0.01224 	-0.02880 	0.00279 	-0.01600 	0.05148 	0.05215 	-0.00642 	-0.00486 	-0.00859 	0.00604 	0.00000 	0.00602 	-0.00402 	-0.00944 	-0.00486 	-0.00525 	0.01688 	0.01591 	0.00054	0.00145
Replication14	 -1.56317	1.00012	0.99908 	0.99982 	0.99968 	1.00031 	1.00163 	1.00046 	1.00998 	1.01004 	1.01130 	1.00975 	1.01131 	1.01288 	-0.02877 	-0.01495 	-0.02350 	0.00644 	0.00000 	0.00615 	-0.00363 	0.00000 	0.00309 	-0.01508 	0.01603 	0.05470 	-0.00943 	-0.00490 	-0.00771 	0.00662 	0.00000 	0.00639 	-0.00119 	0.00000 	-0.00500 	-0.00494 	0.00526 	0.01634 	0.00052	0.00145
Replication15	 -1.56574	1.00013	1.00414 	1.00432 	1.00410 	1.00479 	1.00631 	1.00476 	1.01024 	1.00907 	1.01151 	1.00917 	1.01054 	1.01387 	-0.01852 	-0.01651 	-0.02338 	0.00341 	0.02475 	0.00330 	-0.01539 	-0.01715 	0.00356 	-0.01301 	0.00000 	0.06979 	-0.00607 	-0.00541 	-0.00767 	0.00361 	0.00812 	0.00359 	-0.00505 	-0.00562 	-0.00578 	-0.00427 	0.00000 	0.02556 	0.00033	0.00084
Replication16	 -1.56744	1.00010	1.00461 	1.00490 	1.00516 	1.00519 	1.00595 	1.00543 	1.01012 	1.00996 	1.01111 	1.00975 	1.01058 	1.01275 	-0.01398 	-0.01326 	-0.00630 	0.00317 	0.00000 	0.00290 	-0.01381 	0.00000 	0.00263 	-0.01100 	0.00000 	0.05026 	-0.00458 	-0.00435 	-0.00207 	0.00332 	0.00000 	0.00311 	-0.00453 	0.00000 	-0.00426 	-0.00361 	0.00000 	0.01760 	0.00019	0.00049
Replication17	 -1.56460	1.00015	1.00235 	1.00243 	1.00280 	1.00300 	1.00413 	1.00324 	1.01019 	1.00974 	1.01166 	1.00967 	1.01084 	1.01413 	-0.01579 	-0.02410 	-0.01075 	0.00461 	0.00193 	0.00429 	-0.02009 	-0.00715 	0.00389 	-0.01108 	0.00000 	0.07515 	-0.00518 	-0.00790 	-0.00352 	0.00483 	0.00063 	0.00460 	-0.00659 	-0.00234 	-0.00634 	-0.00363 	0.00000 	0.02667 	0.00042	0.00107
Replication18	 -1.56699	1.00011	1.00890 	1.00876 	1.00903 	1.00913 	1.01096 	1.00932 	1.01022 	1.00864 	1.01132 	1.00842 	1.01020 	1.01358 	-0.01244 	-0.02269 	-0.01221 	0.00050 	0.04902 	0.00033 	-0.02601 	-0.01483 	0.00289 	-0.02625 	0.00000 	0.06241 	-0.00408 	-0.00744 	-0.00400 	0.00067 	0.01608 	0.00056 	-0.00853 	-0.00486 	-0.00484 	-0.00861 	0.00000 	0.02579 	0.00023	0.00057
Replication19	 -1.56221	1.00017	1.00049 	1.00072 	1.00098 	1.00136 	1.00264 	1.00158 	1.01027 	1.00931 	1.01190 	1.00934 	1.01086 	1.01476 	-0.02055 	-0.02445 	-0.01590 	0.00570 	0.00000 	0.00536 	-0.01214 	-0.01482 	0.00453 	-0.01402 	0.00059 	0.08674 	-0.00674 	-0.00802 	-0.00522 	0.00596 	0.00000 	0.00572 	-0.00398 	-0.00486 	-0.00732 	-0.00460 	0.00019 	0.03057 	0.00060	0.00158
Replication20	 -1.56531	1.00012	1.00292 	1.00250 	1.00316 	1.00327 	1.00447 	1.00352 	1.01012 	1.00867 	1.01134 	1.00899 	1.01084 	1.01326 	-0.00903 	-0.03427 	-0.00707 	0.00445 	0.00446 	0.00413 	0.00000 	-0.02671 	0.00318 	-0.01154 	0.01313 	0.05994 	-0.00296 	-0.01124 	-0.00232 	0.00463 	0.00146 	0.00439 	0.00000 	-0.00876 	-0.00515 	-0.00378 	0.00431 	0.02048 	0.00036	0.00095
Replication21	 -1.55728	1.00022	0.99762 	0.99866 	0.99917 	0.99916 	1.00088 	0.99980 	1.01040 	1.00867 	1.01249 	1.00891 	1.01098 	1.01631 	-0.03715 	-0.02380 	-0.01451 	0.00714 	0.00000 	0.00647 	-0.01200 	-0.02794 	0.00587 	-0.01690 	0.00000 	0.11420 	-0.01218 	-0.00780 	-0.00476 	0.00747 	0.00000 	0.00694 	-0.00393 	-0.00916 	-0.00953 	-0.00554 	0.00000 	0.04122 	0.00099	0.00261
Replication22	 -1.56581	1.00015	1.00509 	1.00539 	1.00565 	1.00566 	1.00656 	1.00593 	1.01020 	1.00929 	1.01175 	1.00920 	1.01071 	1.01446 	-0.01481 	-0.01361 	-0.00681 	0.00281 	0.00560 	0.00252 	-0.02983 	-0.01177 	0.00390 	-0.01656 	0.00000 	0.07959 	-0.00486 	-0.00446 	-0.00223 	0.00304 	0.00184 	0.00284 	-0.00978 	-0.00386 	-0.00648 	-0.00543 	0.00000 	0.03040 	0.00032	0.00078
Replication23	 -1.56527	1.00008	1.00257 	1.00176 	1.00101 	1.00265 	1.00331 	1.00192 	1.00959 	1.00957 	1.01099 	1.00982 	1.01204 	1.01174 	0.00000 	-0.01929 	-0.03261 	0.00490 	0.00000 	0.00523 	-0.01459 	-0.01626 	0.00191 	-0.00507 	0.04204 	0.03401 	0.00000 	-0.00633 	-0.01069 	0.00501 	0.00000 	0.00539 	-0.00479 	-0.00533 	-0.00338 	-0.00166 	0.01379 	0.00894 	0.00036	0.00097
Replication24	 -1.56814	1.00009	1.00659 	1.00703 	1.00676 	1.00711 	1.00765 	1.00710 	1.01012 	1.00930 	1.01107 	1.00933 	1.01045 	1.01274 	-0.01279 	-0.00019 	-0.01209 	0.00188 	0.00483 	0.00181 	-0.01393 	-0.01188 	0.00245 	-0.01091 	0.00237 	0.04906 	-0.00419 	-0.00006 	-0.00396 	0.00202 	0.00158 	0.00200 	-0.00457 	-0.00390 	-0.00402 	-0.00358 	0.00078 	0.01839 	0.00014	0.00034
Replication25	 -1.56432	1.00014	1.00270 	1.00294 	1.00302 	1.00339 	1.00430 	1.00351 	1.00992 	1.00868 	1.01167 	1.00825 	1.01150 	1.01386 	-0.01611 	-0.01596 	-0.01365 	0.00435 	0.00000 	0.00412 	-0.01444 	-0.01409 	0.00355 	-0.03691 	0.02970 	0.07023 	-0.00528 	-0.00523 	-0.00448 	0.00456 	0.00000 	0.00441 	-0.00473 	-0.00462 	-0.00600 	-0.01210 	0.00974 	0.02499 	0.00044	0.00113
Replication26	 -1.56542	1.00012	1.00292 	1.00345 	1.00301 	1.00376 	1.00467 	1.00367 	1.01010 	1.00898 	1.01141 	1.00883 	1.01090 	1.01344 	-0.01981 	-0.00552 	-0.02253 	0.00411 	0.00392 	0.00403 	-0.00589 	-0.01419 	0.00328 	-0.02268 	0.01318 	0.06283 	-0.00650 	-0.00181 	-0.00739 	0.00430 	0.00128 	0.00429 	-0.00193 	-0.00465 	-0.00536 	-0.00744 	0.00432 	0.02191 	0.00035	0.00092
Replication27	 -1.56831	1.00008	1.00635 	1.00622 	1.00561 	1.00653 	1.00686 	1.00613 	1.01011 	1.00988 	1.01086 	1.00966 	1.01040 	1.01215 	-0.00367 	-0.00276 	-0.01972 	0.00228 	0.00000 	0.00246 	-0.00818 	0.00000 	0.00207 	-0.01126 	0.00000 	0.03925 	-0.00120 	-0.00090 	-0.00647 	0.00240 	0.00000 	0.00263 	-0.00268 	0.00000 	-0.00333 	-0.00369 	0.00000 	0.01368 	0.00012	0.00032
Replication28	 -1.56612	1.00011	1.00333 	1.00318 	1.00320 	1.00375 	1.00456 	1.00370 	1.00987 	1.00976 	1.01128 	1.00957 	1.01140 	1.01285 	-0.00955 	-0.01893 	-0.01490 	0.00413 	0.00000 	0.00403 	-0.02064 	-0.00501 	0.00275 	-0.01493 	0.02101 	0.05263 	-0.00313 	-0.00621 	-0.00489 	0.00430 	0.00000 	0.00425 	-0.00677 	-0.00164 	-0.00464 	-0.00490 	0.00689 	0.01760 	0.00029	0.00077
Replication29	 -1.56500	1.00015	1.00414 	1.00417 	1.00410 	1.00460 	1.00536 	1.00457 	1.01027 	1.00875 	1.01172 	1.00905 	1.01058 	1.01444 	-0.01089 	-0.01373 	-0.01456 	0.00352 	0.00000 	0.00341 	-0.01410 	-0.02544 	0.00402 	-0.01102 	0.00000 	0.07981 	-0.00357 	-0.00450 	-0.00478 	0.00375 	0.00000 	0.00373 	-0.00462 	-0.00834 	-0.00656 	-0.00361 	0.00000 	0.02967 	0.00038	0.00097
Replication30	 -1.56042	1.00016	0.99855 	0.99895 	0.99901 	0.99964 	1.00105 	0.99979 	1.00990 	1.00926 	1.01195 	1.00927 	1.01192 	1.01441 	-0.02534 	-0.02374 	-0.02243 	0.00686 	0.00000 	0.00654 	-0.02000 	-0.01713 	0.00427 	-0.01795 	0.02841 	0.08136 	-0.00831 	-0.00778 	-0.00736 	0.00711 	0.00000 	0.00688 	-0.00656 	-0.00562 	-0.00713 	-0.00589 	0.00931 	0.02734 	0.00074	0.00197
Replication31	 -1.56201	1.00016	0.99949 	1.00025 	1.00000 	1.00070 	1.00196 	1.00080 	1.01007 	1.01010 	1.01186 	1.01005 	1.01137 	1.01442 	-0.02827 	-0.01235 	-0.02457 	0.00614 	0.00000 	0.00588 	-0.02619 	-0.00462 	0.00427 	-0.00790 	0.00731 	0.08121 	-0.00927 	-0.00405 	-0.00806 	0.00639 	0.00000 	0.00622 	-0.00859 	-0.00152 	-0.00701 	-0.00259 	0.00240 	0.02779 	0.00062	0.00164
Replication32	 -1.56802	1.00006	1.01219 	1.01240 	1.01213 	1.01234 	1.01355 	1.01233 	1.01014 	1.00857 	1.01074 	1.00848 	1.00986 	1.01215 	-0.00997 	-0.00122 	-0.01258 	-0.00162 	0.04714 	-0.00159 	-0.02033 	-0.01600 	0.00144 	-0.02087 	0.00000 	0.03590 	-0.00327 	-0.00040 	-0.00413 	-0.00154 	0.01546 	-0.00147 	-0.00667 	-0.00525 	-0.00253 	-0.00684 	0.00000 	0.01707 	0.00014	0.00039
Replication33	 -1.56725	1.00010	1.00492 	1.00500 	1.00480 	1.00541 	1.00657 	1.00535 	1.01017 	1.00952 	1.01110 	1.00952 	1.01045 	1.01279 	-0.01385 	-0.01393 	-0.01937 	0.00301 	0.01682 	0.00295 	-0.00997 	-0.00894 	0.00266 	-0.00960 	0.00000 	0.05082 	-0.00454 	-0.00457 	-0.00635 	0.00317 	0.00551 	0.00316 	-0.00327 	-0.00293 	-0.00428 	-0.00315 	0.00000 	0.01790 	0.00020	0.00053
Replication34	 -1.56378	1.00014	1.00087 	1.00163 	1.00197 	1.00213 	1.00436 	1.00262 	1.01024 	1.00935 	1.01153 	1.00957 	1.01068 	1.01383 	-0.03438 	-0.02530 	-0.01979 	0.00520 	0.02994 	0.00470 	-0.01047 	-0.01683 	0.00374 	-0.00630 	0.00000 	0.07029 	-0.01127 	-0.00830 	-0.00649 	0.00541 	0.00982 	0.00500 	-0.00343 	-0.00552 	-0.00599 	-0.00207 	0.00000 	0.02420 	0.00048	0.00127
Replication35	 -1.56289	1.00017	1.00251 	1.00219 	1.00186 	1.00290 	1.00379 	1.00259 	1.01030 	1.00895 	1.01199 	1.00905 	1.01077 	1.01507 	-0.00841 	-0.01941 	-0.02424 	0.00465 	0.00000 	0.00468 	-0.01607 	-0.02017 	0.00466 	-0.01609 	0.00000 	0.09153 	-0.00276 	-0.00636 	-0.00795 	0.00492 	0.00000 	0.00506 	-0.00527 	-0.00661 	-0.00759 	-0.00528 	0.00000 	0.03344 	0.00055	0.00140
Replication36	 -1.56401	1.00017	1.00324 	1.00350 	1.00344 	1.00390 	1.00477 	1.00395 	1.01026 	1.00912 	1.01196 	1.00906 	1.01078 	1.01500 	-0.01552 	-0.01304 	-0.01533 	0.00398 	0.00000 	0.00380 	-0.02323 	-0.01517 	0.00449 	-0.01851 	0.00000 	0.08969 	-0.00509 	-0.00427 	-0.00503 	0.00424 	0.00000 	0.00416 	-0.00762 	-0.00497 	-0.00738 	-0.00607 	0.00000 	0.03343 	0.00047	0.00117
Replication37	 -1.56580	1.00007	1.00407 	1.00426 	1.00445 	1.00462 	1.00531 	1.00478 	1.00941 	1.00851 	1.01112 	1.00829 	1.01244 	1.01196 	-0.01266 	-0.01382 	-0.00821 	0.00357 	0.00000 	0.00335 	-0.01973 	-0.02060 	0.00178 	-0.03347 	0.06363 	0.03647 	-0.00415 	-0.00453 	-0.00269 	0.00368 	0.00000 	0.00351 	-0.00647 	-0.00675 	-0.00343 	-0.01098 	0.02087 	0.01177 	0.00032	0.00083
Replication38	 -1.56743	1.00009	1.00532 	1.00542 	1.00558 	1.00587 	1.00753 	1.00604 	1.01018 	1.00918 	1.01097 	1.00880 	1.01030 	1.01250 	-0.01747 	-0.02139 	-0.01606 	0.00271 	0.03086 	0.00251 	-0.00150 	-0.00567 	0.00238 	-0.02461 	0.00328 	0.04547 	-0.00573 	-0.00701 	-0.00527 	0.00285 	0.01012 	0.00270 	-0.00049 	-0.00186 	-0.00381 	-0.00807 	0.00108 	0.01612 	0.00019	0.00051
Replication39	 -1.56601	1.00014	1.00580 	1.00587 	1.00622 	1.00618 	1.00683 	1.00641 	1.01026 	1.00876 	1.01168 	1.00876 	1.01050 	1.01439 	-0.00935 	-0.01470 	-0.00325 	0.00246 	0.00000 	0.00221 	-0.01936 	-0.01908 	0.00382 	-0.01986 	0.00000 	0.07811 	-0.00307 	-0.00482 	-0.00106 	0.00269 	0.00000 	0.00252 	-0.00635 	-0.00626 	-0.00630 	-0.00651 	0.00000 	0.03015 	0.00031	0.00075
Replication40	 -1.56933	1.00004	1.00883 	1.00866 	1.00844 	1.00894 	1.00991 	1.00879 	1.01003 	1.00991 	1.01049 	1.00997 	1.01026 	1.01123 	-0.00577 	-0.01019 	-0.01484 	0.00069 	0.02723 	0.00075 	-0.01624 	-0.00377 	0.00108 	-0.00061 	0.00000 	0.02193 	-0.00189 	-0.00334 	-0.00487 	0.00075 	0.00893 	0.00084 	-0.00533 	-0.00124 	-0.00180 	-0.00020 	0.00000 	0.00831 	0.00004	0.00010
Replication41	 -1.56651	1.00011	1.00441 	1.00496 	1.00474 	1.00523 	1.00664 	1.00532 	1.01008 	1.00882 	1.01124 	1.00871 	1.01077 	1.01304 	-0.02263 	-0.00972 	-0.02065 	0.00313 	0.02322 	0.00296 	-0.00866 	-0.01609 	0.00282 	-0.02264 	0.01367 	0.05521 	-0.00742 	-0.00319 	-0.00677 	0.00329 	0.00762 	0.00319 	-0.00284 	-0.00528 	-0.00465 	-0.00743 	0.00448 	0.01979 	0.00026	0.00068
Replication42	 -1.56510	1.00008	1.00244 	1.00291 	1.00299 	1.00326 	1.00412 	1.00345 	1.00937 	1.00897 	1.01122 	1.00900 	1.01266 	1.01212 	-0.01898 	-0.01261 	-0.01244 	0.00448 	0.00000 	0.00421 	-0.02703 	-0.02046 	0.00202 	-0.02102 	0.06220 	0.03996 	-0.00622 	-0.00414 	-0.00408 	0.00461 	0.00000 	0.00439 	-0.00886 	-0.00671 	-0.00382 	-0.00689 	0.02040 	0.01231 	0.00037	0.00099
Replication43	 -1.56796	1.00007	1.00797 	1.00788 	1.00822 	1.00830 	1.01025 	1.00855 	1.01021 	1.00875 	1.01082 	1.00869 	1.00999 	1.01225 	-0.01491 	-0.02493 	-0.01272 	0.00109 	0.04860 	0.00088 	-0.00514 	-0.01560 	0.00196 	-0.01868 	0.00000 	0.03988 	-0.00489 	-0.00818 	-0.00417 	0.00120 	0.01594 	0.00103 	-0.00169 	-0.00512 	-0.00316 	-0.00613 	0.00000 	0.01563 	0.00015	0.00039
Replication44	 -1.56494	1.00014	1.00302 	1.00310 	1.00289 	1.00359 	1.00445 	1.00349 	1.01026 	1.00887 	1.01151 	1.00871 	1.01056 	1.01386 	-0.01320 	-0.01405 	-0.01912 	0.00422 	0.00000 	0.00413 	0.00000 	-0.01487 	0.00367 	-0.02382 	0.00369 	0.07018 	-0.00433 	-0.00461 	-0.00627 	0.00443 	0.00000 	0.00443 	0.00000 	-0.00488 	-0.00589 	-0.00781 	0.00121 	0.02489 	0.00039	0.00102
Replication45	 -1.56656	1.00013	1.00514 	1.00558 	1.00551 	1.00576 	1.00638 	1.00586 	1.01021 	1.00902 	1.01150 	1.00926 	1.01054 	1.01386 	-0.01471 	-0.00532 	-0.01052 	0.00276 	0.00000 	0.00258 	-0.01723 	-0.02039 	0.00345 	-0.00887 	0.00000 	0.06912 	-0.00482 	-0.00174 	-0.00345 	0.00296 	0.00000 	0.00286 	-0.00565 	-0.00669 	-0.00566 	-0.00291 	0.00000 	0.02596 	0.00026	0.00066
Replication46	 -1.56611	1.00011	1.00372 	1.00367 	1.00334 	1.00422 	1.00543 	1.00403 	1.01021 	1.00950 	1.01126 	1.00927 	1.01049 	1.01318 	-0.01343 	-0.01628 	-0.02433 	0.00381 	0.01441 	0.00380 	-0.00571 	-0.00552 	0.00309 	-0.01745 	0.00000 	0.05829 	-0.00440 	-0.00534 	-0.00798 	0.00398 	0.00473 	0.00405 	-0.00187 	-0.00181 	-0.00494 	-0.00572 	0.00000 	0.02020 	0.00029	0.00077
Replication47	 -1.56777	1.00010	1.00901 	1.00887 	1.00867 	1.00920 	1.01071 	1.00910 	1.01014 	1.00910 	1.01116 	1.00902 	1.01031 	1.01307 	-0.01020 	-0.01420 	-0.01881 	0.00047 	0.04381 	0.00049 	-0.02910 	-0.01200 	0.00250 	-0.01609 	0.00000 	0.05377 	-0.00335 	-0.00466 	-0.00617 	0.00062 	0.01437 	0.00069 	-0.00954 	-0.00394 	-0.00421 	-0.00528 	0.00000 	0.02201 	0.00017	0.00040
Replication48	 -1.56682	1.00009	1.00331 	1.00354 	1.00349 	1.00394 	1.00474 	1.00398 	1.00988 	1.00946 	1.01104 	1.00980 	1.01124 	1.01224 	-0.01462 	-0.01280 	-0.01447 	0.00402 	0.00000 	0.00386 	-0.01112 	-0.01754 	0.00227 	-0.00178 	0.02063 	0.04199 	-0.00480 	-0.00420 	-0.00475 	0.00415 	0.00000 	0.00405 	-0.00365 	-0.00575 	-0.00379 	-0.00058 	0.00676 	0.01326 	0.00024	0.00065
Replication49	 -1.56786	1.00010	1.00704 	1.00712 	1.00691 	1.00739 	1.00832 	1.00732 	1.01018 	1.00916 	1.01115 	1.00904 	1.01033 	1.01300 	-0.01048 	-0.00872 	-0.01531 	0.00169 	0.01804 	0.00166 	-0.01487 	-0.01080 	0.00264 	-0.01698 	0.00032 	0.05347 	-0.00344 	-0.00286 	-0.00502 	0.00184 	0.00592 	0.00187 	-0.00488 	-0.00354 	-0.00433 	-0.00557 	0.00011 	0.02045 	0.00016	0.00039
Replication50	 -1.56315	1.00016	1.00253 	1.00184 	1.00123 	1.00269 	1.00345 	1.00210 	1.00991 	1.00932 	1.01191 	1.00897 	1.01173 	1.01441 	-0.00240 	-0.02019 	-0.03009 	0.00481 	0.00000 	0.00503 	-0.02941 	-0.00895 	0.00405 	-0.02751 	0.02540 	0.08021 	-0.00079 	-0.00662 	-0.00987 	0.00505 	0.00000 	0.00536 	-0.00964 	-0.00294 	-0.00686 	-0.00902 	0.00833 	0.02850 	0.00054	0.00137
Replication51	 -1.56556	1.00013	1.00357 	1.00332 	1.00325 	1.00396 	1.00505 	1.00384 	1.01022 	1.00938 	1.01147 	1.00933 	1.01060 	1.01372 	-0.01004 	-0.02145 	-0.01923 	0.00397 	0.00853 	0.00391 	-0.01113 	-0.01096 	0.00352 	-0.01397 	0.00000 	0.06766 	-0.00329 	-0.00703 	-0.00631 	0.00417 	0.00280 	0.00419 	-0.00365 	-0.00359 	-0.00569 	-0.00458 	0.00000 	0.02402 	0.00034	0.00088
Replication52	 -1.56469	1.00015	1.00343 	1.00305 	1.00297 	1.00372 	1.00455 	1.00354 	1.01024 	1.00927 	1.01174 	1.00937 	1.01074 	1.01439 	-0.00649 	-0.02128 	-0.01779 	0.00412 	0.00000 	0.00408 	-0.01786 	-0.01575 	0.00406 	-0.01148 	0.00000 	0.07940 	-0.00213 	-0.00698 	-0.00583 	0.00435 	0.00000 	0.00441 	-0.00586 	-0.00516 	-0.00661 	-0.00376 	0.00000 	0.02883 	0.00041	0.00105
Replication53	 -1.56739	1.00009	1.00488 	1.00471 	1.00475 	1.00518 	1.00581 	1.00514 	1.00990 	1.00941 	1.01106 	1.00933 	1.01114 	1.01238 	-0.00656 	-0.01569 	-0.01123 	0.00318 	0.00000 	0.00310 	-0.01375 	-0.00998 	0.00227 	-0.01498 	0.02028 	0.04384 	-0.00215 	-0.00514 	-0.00368 	0.00332 	0.00000 	0.00329 	-0.00451 	-0.00327 	-0.00384 	-0.00491 	0.00665 	0.01486 	0.00020	0.00051
Replication54	 -1.56446	1.00015	1.00255 	1.00267 	1.00262 	1.00319 	1.00412 	1.00319 	1.01013 	1.00917 	1.01170 	1.00938 	1.01102 	1.01417 	-0.01472 	-0.01648 	-0.01716 	0.00448 	0.00000 	0.00432 	-0.01798 	-0.01956 	0.00389 	-0.00980 	0.00820 	0.07572 	-0.00483 	-0.00540 	-0.00563 	0.00470 	0.00000 	0.00463 	-0.00590 	-0.00641 	-0.00639 	-0.00321 	0.00269 	0.02700 	0.00042	0.00109
Replication55	 -1.56649	1.00014	1.00641 	1.00682 	1.00705 	1.00693 	1.00747 	1.00720 	1.01021 	1.00895 	1.01167 	1.00893 	1.01056 	1.01433 	-0.01269 	-0.00659 	-0.00252 	0.00196 	0.00000 	0.00169 	-0.02687 	-0.01632 	0.00369 	-0.01805 	0.00000 	0.07670 	-0.00416 	-0.00216 	-0.00083 	0.00218 	0.00000 	0.00199 	-0.00881 	-0.00535 	-0.00614 	-0.00592 	0.00000 	0.03009 	0.00027	0.00065
Replication56	 -1.56590	1.00013	1.00401 	1.00401 	1.00438 	1.00452 	1.00572 	1.00475 	1.01019 	1.00948 	1.01152 	1.00939 	1.01066 	1.01385 	-0.01390 	-0.02316 	-0.00990 	0.00359 	0.01019 	0.00331 	-0.01940 	-0.00909 	0.00355 	-0.01391 	0.00000 	0.06959 	-0.00456 	-0.00759 	-0.00325 	0.00379 	0.00334 	0.00359 	-0.00636 	-0.00298 	-0.00579 	-0.00456 	0.00000 	0.02534 	0.00031	0.00080
Replication57	 -1.56591	1.00014	1.00509 	1.00502 	1.00508 	1.00548 	1.00651 	1.00551 	1.01023 	1.00908 	1.01163 	1.00902 	1.01058 	1.01420 	-0.01071 	-0.01779 	-0.01358 	0.00294 	0.01127 	0.00280 	-0.02072 	-0.01449 	0.00375 	-0.01779 	0.00000 	0.07526 	-0.00351 	-0.00583 	-0.00445 	0.00316 	0.00370 	0.00311 	-0.00679 	-0.00475 	-0.00615 	-0.00583 	0.00000 	0.02835 	0.00032	0.00078
Replication58	 -1.56838	1.00006	1.00627 	1.00633 	1.00646 	1.00659 	1.00704 	1.00668 	1.00974 	1.00910 	1.01079 	1.00931 	1.01130 	1.01157 	-0.00733 	-0.00985 	-0.00539 	0.00226 	0.00000 	0.00212 	-0.01403 	-0.01875 	0.00145 	-0.00948 	0.03038 	0.02892 	-0.00240 	-0.00323 	-0.00177 	0.00235 	0.00000 	0.00225 	-0.00460 	-0.00615 	-0.00261 	-0.00311 	0.00996 	0.00968 	0.00012	0.00031
Replication59	 -1.55929	1.00019	0.99934 	0.99864 	0.99840 	0.99975 	1.00106 	0.99938 	1.01030 	1.00947 	1.01218 	1.00944 	1.01105 	1.01542 	-0.00883 	-0.03405 	-0.03100 	0.00676 	0.00000 	0.00678 	-0.01488 	-0.01261 	0.00519 	-0.01522 	0.00000 	0.09901 	-0.00289 	-0.01116 	-0.01017 	0.00705 	0.00000 	0.00719 	-0.00488 	-0.00413 	-0.00839 	-0.00499 	0.00000 	0.03465 	0.00084	0.00219
Replication60	 -1.56431	1.00012	1.00147 	1.00118 	1.00079 	1.00194 	1.00289 	1.00161 	1.00996 	1.00925 	1.01136 	1.00928 	1.01133 	1.01307 	-0.01003 	-0.02030 	-0.02692 	0.00534 	0.00000 	0.00539 	-0.00483 	-0.01553 	0.00312 	-0.01483 	0.02178 	0.05740 	-0.00329 	-0.00666 	-0.00883 	0.00552 	0.00000 	0.00564 	-0.00158 	-0.00509 	-0.00512 	-0.00486 	0.00714 	0.01836 	0.00044	0.00118
Replication61	 -1.56861	1.00008	1.00702 	1.00743 	1.00767 	1.00749 	1.00794 	1.00776 	1.01014 	1.00945 	1.01090 	1.00926 	1.01027 	1.01233 	-0.01146 	-0.00516 	-0.00089 	0.00163 	0.00000 	0.00139 	-0.00841 	-0.00529 	0.00209 	-0.01518 	0.00000 	0.04177 	-0.00376 	-0.00169 	-0.00029 	0.00175 	0.00000 	0.00156 	-0.00276 	-0.00173 	-0.00341 	-0.00498 	0.00000 	0.01569 	0.00010	0.00024
Replication62	 -1.56365	1.00017	1.00332 	1.00355 	1.00337 	1.00396 	1.00480 	1.00392 	1.01033 	1.00856 	1.01197 	1.00865 	1.01061 	1.01509 	-0.01484 	-0.01160 	-0.01763 	0.00394 	0.00000 	0.00381 	-0.01355 	-0.02438 	0.00458 	-0.02046 	0.00000 	0.09131 	-0.00487 	-0.00380 	-0.00578 	0.00421 	0.00000 	0.00418 	-0.00444 	-0.00800 	-0.00748 	-0.00671 	0.00000 	0.03417 	0.00050	0.00125
Replication63	 -1.56656	1.00010	1.00297 	1.00349 	1.00314 	1.00380 	1.00481 	1.00377 	1.01013 	1.00997 	1.01107 	1.01000 	1.01062 	1.01262 	-0.02025 	-0.00734 	-0.02149 	0.00410 	0.00582 	0.00399 	-0.00740 	-0.00465 	0.00266 	-0.00354 	0.00000 	0.04863 	-0.00664 	-0.00241 	-0.00705 	0.00425 	0.00191 	0.00420 	-0.00243 	-0.00153 	-0.00425 	-0.00116 	0.00000 	0.01588 	0.00026	0.00069
Replication64	 -1.56821	1.00009	1.00975 	1.00963 	1.00954 	1.00980 	1.01056 	1.00974 	1.01021 	1.00839 	1.01102 	1.00861 	1.01002 	1.01283 	-0.00420 	-0.00773 	-0.00910 	0.00007 	0.02208 	0.00008 	-0.01210 	-0.02526 	0.00227 	-0.01471 	0.00000 	0.04917 	-0.00138 	-0.00253 	-0.00299 	0.00020 	0.00724 	0.00026 	-0.00397 	-0.00828 	-0.00377 	-0.00482 	0.00000 	0.02052 	0.00013	0.00033
Replication65	 -1.56842	1.00003	1.00645 	1.00652 	1.00641 	1.00675 	1.00710 	1.00670 	1.00961 	1.00905 	1.01054 	1.00895 	1.01148 	1.01080 	-0.00643 	-0.00587 	-0.00907 	0.00217 	0.00000 	0.00214 	-0.00696 	-0.01368 	0.00080 	-0.01953 	0.04099 	0.01558 	-0.00211 	-0.00193 	-0.00297 	0.00222 	0.00000 	0.00221 	-0.00228 	-0.00449 	-0.00160 	-0.00641 	0.01344 	0.00421 	0.00011	0.00030
Replication66	 -1.56397	1.00016	1.00394 	1.00476 	1.00522 	1.00496 	1.00655 	1.00554 	1.01038 	1.00783 	1.01187 	1.00823 	1.01034 	1.01496 	-0.02789 	-0.01619 	-0.00801 	0.00327 	0.02016 	0.00276 	-0.00892 	-0.03802 	0.00437 	-0.01882 	0.00000 	0.08840 	-0.00915 	-0.00531 	-0.00263 	0.00352 	0.00661 	0.00311 	-0.00292 	-0.01247 	-0.00712 	-0.00617 	0.00000 	0.03393 	0.00047	0.00120
Replication67	 -1.56591	1.00014	1.00431 	1.00460 	1.00496 	1.00492 	1.00576 	1.00523 	1.01022 	1.00903 	1.01157 	1.00932 	1.01060 	1.01403 	-0.01499 	-0.01530 	-0.00537 	0.00332 	0.00000 	0.00299 	-0.01673 	-0.02162 	0.00365 	-0.00755 	0.00000 	0.07250 	-0.00491 	-0.00502 	-0.00176 	0.00353 	0.00000 	0.00329 	-0.00549 	-0.00709 	-0.00597 	-0.00248 	0.00000 	0.02688 	0.00031	0.00079
Replication68	 -1.56285	1.00017	1.00198 	1.00151 	1.00153 	1.00233 	1.00337 	1.00218 	1.01027 	1.00927 	1.01194 	1.00913 	1.01086 	1.01489 	-0.00800 	-0.02748 	-0.01975 	0.00504 	0.00000 	0.00496 	-0.01623 	-0.01191 	0.00456 	-0.01984 	0.00117 	0.08858 	-0.00262 	-0.00901 	-0.00647 	0.00530 	0.00000 	0.00532 	-0.00532 	-0.00391 	-0.00741 	-0.00651 	0.00038 	0.03186 	0.00056	0.00143
Replication69	 -1.56067	1.00018	0.99909 	0.99965 	1.00002 	1.00025 	1.00174 	1.00064 	1.01031 	1.00917 	1.01201 	1.00923 	1.01087 	1.01505 	-0.02766 	-0.02485 	-0.01576 	0.00643 	0.00000 	0.00596 	-0.00785 	-0.01734 	0.00484 	-0.01520 	0.00024 	0.09225 	-0.00907 	-0.00815 	-0.00517 	0.00671 	0.00000 	0.00635 	-0.00257 	-0.00568 	-0.00780 	-0.00499 	0.00008 	0.03232 	0.00072	0.00192
Replication70	 -1.56717	1.00012	1.00683 	1.00701 	1.00736 	1.00719 	1.00771 	1.00746 	1.01022 	1.00899 	1.01142 	1.00872 	1.01038 	1.01373 	-0.00896 	-0.01047 	-0.00046 	0.00180 	0.00000 	0.00154 	-0.01705 	-0.01055 	0.00321 	-0.02430 	0.00000 	0.06609 	-0.00294 	-0.00343 	-0.00015 	0.00199 	0.00000 	0.00180 	-0.00559 	-0.00346 	-0.00530 	-0.00797 	0.00000 	0.02578 	0.00021	0.00052
Replication71	 -1.56612	1.00013	1.00479 	1.00422 	1.00381 	1.00486 	1.00544 	1.00443 	1.01021 	1.00925 	1.01143 	1.00937 	1.01057 	1.01365 	-0.00083 	-0.01603 	-0.02142 	0.00337 	0.00000 	0.00353 	-0.01188 	-0.01556 	0.00340 	-0.00993 	0.00000 	0.06616 	-0.00027 	-0.00526 	-0.00702 	0.00356 	0.00000 	0.00380 	-0.00390 	-0.00510 	-0.00552 	-0.00326 	0.00000 	0.02388 	0.00030	0.00076
Replication72	 -1.56163	1.00018	1.00003 	1.00075 	1.00122 	1.00120 	1.00260 	1.00171 	1.01025 	1.00950 	1.01209 	1.00958 	1.01103 	1.01520 	-0.02844 	-0.02158 	-0.01105 	0.00579 	0.00000 	0.00525 	-0.02323 	-0.01391 	0.00485 	-0.01095 	0.00000 	0.09442 	-0.00933 	-0.00707 	-0.00362 	0.00607 	0.00000 	0.00564 	-0.00762 	-0.00456 	-0.00793 	-0.00359 	0.00000 	0.03386 	0.00065	0.00168
Replication73	 -1.56928	1.00000	1.00794 	1.00747 	1.00717 	1.00789 	1.00855 	1.00757 	1.00971 	1.01007 	1.01008 	1.01006 	1.01094 	1.00976 	-0.00024 	-0.01184 	-0.01608 	0.00143 	0.01634 	0.00160 	-0.00784 	-0.00126 	-0.00007 	-0.00206 	0.02307 	-0.00307 	-0.00008 	-0.00388 	-0.00528 	0.00142 	0.00536 	0.00160 	-0.00257 	-0.00041 	-0.00004 	-0.00068 	0.00757 	-0.00291 	0.00004	0.00012
Replication74	 -1.56772	1.00011	1.00826 	1.00815 	1.00812 	1.00837 	1.00891 	1.00833 	1.01020 	1.00863 	1.01128 	1.00872 	1.01028 	1.01340 	-0.00380 	-0.00859 	-0.00769 	0.00101 	0.00900 	0.00098 	-0.01600 	-0.02079 	0.00285 	-0.01725 	0.00114 	0.05987 	-0.00125 	-0.00282 	-0.00252 	0.00118 	0.00295 	0.00121 	-0.00525 	-0.00682 	-0.00473 	-0.00566 	0.00037 	0.02393 	0.00017	0.00041
Replication75	 -1.56476	1.00016	1.00427 	1.00430 	1.00480 	1.00475 	1.00563 	1.00505 	1.01030 	1.00868 	1.01182 	1.00870 	1.01055 	1.01472 	-0.01174 	-0.02119 	-0.00427 	0.00342 	0.00000 	0.00309 	-0.01523 	-0.02098 	0.00421 	-0.02075 	0.00000 	0.08453 	-0.00385 	-0.00695 	-0.00140 	0.00366 	0.00000 	0.00343 	-0.00499 	-0.00688 	-0.00689 	-0.00681 	0.00000 	0.03191 	0.00040	0.00101
Replication76	 -1.56390	1.00017	1.00506 	1.00507 	1.00492 	1.00553 	1.00681 	1.00548 	1.01038 	1.00807 	1.01199 	1.00807 	1.01042 	1.01527 	-0.01369 	-0.01642 	-0.01962 	0.00288 	0.01969 	0.00279 	-0.01592 	-0.02788 	0.00458 	-0.02876 	0.00000 	0.09357 	-0.00449 	-0.00538 	-0.00643 	0.00315 	0.00646 	0.00316 	-0.00522 	-0.00914 	-0.00751 	-0.00943 	0.00000 	0.03628 	0.00048	0.00119
Replication77	 -1.56869	1.00005	1.01083 	1.01088 	1.01113 	1.01101 	1.01253 	1.01125 	1.01007 	1.00922 	1.01062 	1.00928 	1.01007 	1.01172 	-0.01120 	-0.01417 	-0.00699 	-0.00072 	0.04781 	-0.00087 	-0.02400 	-0.01137 	0.00122 	-0.00856 	0.00000 	0.02912 	-0.00367 	-0.00465 	-0.00229 	-0.00064 	0.01568 	-0.00077 	-0.00787 	-0.00373 	-0.00214 	-0.00281 	0.00000 	0.01319 	0.00009	0.00024
Replication78	 -1.56239	1.00017	1.00011 	1.00094 	1.00141 	1.00136 	1.00290 	1.00191 	1.01026 	1.00942 	1.01187 	1.00949 	1.01087 	1.01469 	-0.03093 	-0.02102 	-0.01174 	0.00569 	0.00465 	0.00514 	-0.01514 	-0.01401 	0.00445 	-0.01151 	0.00000 	0.08543 	-0.01014 	-0.00689 	-0.00385 	0.00595 	0.00152 	0.00549 	-0.00496 	-0.00459 	-0.00721 	-0.00377 	0.00000 	0.03014 	0.00059	0.00155
Replication79	 -1.56667	1.00012	1.00592 	1.00623 	1.00556 	1.00644 	1.00722 	1.00617 	1.01027 	1.00868 	1.01138 	1.00862 	1.01029 	1.01366 	-0.01340 	-0.00063 	-0.02342 	0.00231 	0.01217 	0.00239 	-0.00757 	-0.01801 	0.00327 	-0.02170 	0.00000 	0.06540 	-0.00439 	-0.00021 	-0.00768 	0.00250 	0.00399 	0.00265 	-0.00248 	-0.00590 	-0.00530 	-0.00712 	0.00000 	0.02478 	0.00025	0.00064
Replication80	 -1.56502	1.00013	1.00278 	1.00303 	1.00335 	1.00348 	1.00446 	1.00374 	1.01000 	1.00919 	1.01157 	1.00873 	1.01124 	1.01371 	-0.01658 	-0.01916 	-0.00919 	0.00430 	0.00000 	0.00397 	-0.01541 	-0.00690 	0.00345 	-0.03059 	0.01938 	0.06750 	-0.00544 	-0.00628 	-0.00301 	0.00450 	0.00000 	0.00425 	-0.00505 	-0.00226 	-0.00576 	-0.01003 	0.00636 	0.02385 	0.00038	0.00099
Replication81	 -1.56621	1.00007	1.00272 	1.00271 	1.00270 	1.00325 	1.00409 	1.00324 	1.00957 	1.00973 	1.01096 	1.00953 	1.01204 	1.01166 	-0.01197 	-0.01787 	-0.01560 	0.00449 	0.00000 	0.00437 	-0.01776 	-0.00565 	0.00176 	-0.01684 	0.04314 	0.03219 	-0.00393 	-0.00586 	-0.00512 	0.00460 	0.00000 	0.00452 	-0.00582 	-0.00185 	-0.00318 	-0.00552 	0.01415 	0.00879 	0.00029	0.00078
Replication82	 -1.56587	1.00012	1.00358 	1.00398 	1.00372 	1.00429 	1.00506 	1.00426 	1.01025 	1.00936 	1.01136 	1.00888 	1.01045 	1.01350 	-0.01642 	-0.00743 	-0.01745 	0.00376 	0.00000 	0.00364 	-0.00284 	-0.00261 	0.00333 	-0.02693 	0.00000 	0.06372 	-0.00538 	-0.00244 	-0.00572 	0.00395 	0.00000 	0.00390 	-0.00093 	-0.00086 	-0.00534 	-0.00883 	0.00000 	0.02261 	0.00031	0.00082
Replication83	 -1.56759	1.00007	1.00715 	1.00720 	1.00704 	1.00755 	1.00910 	1.00753 	1.00990 	1.00820 	1.01092 	1.00836 	1.01090 	1.01214 	-0.01443 	-0.01493 	-0.01963 	0.00160 	0.03846 	0.00155 	-0.00996 	-0.02821 	0.00185 	-0.02097 	0.02671 	0.03837 	-0.00473 	-0.00490 	-0.00644 	0.00171 	0.01261 	0.00170 	-0.00327 	-0.00925 	-0.00321 	-0.00688 	0.00876 	0.01442 	0.00018	0.00047
Replication84	 -1.56733	1.00007	1.00638 	1.00654 	1.00653 	1.00696 	1.00906 	1.00708 	1.00985 	1.00883 	1.01094 	1.00869 	1.01105 	1.01211 	-0.02074 	-0.02077 	-0.02171 	0.00199 	0.05146 	0.00184 	-0.01912 	-0.01533 	0.00185 	-0.02301 	0.02591 	0.03802 	-0.00680 	-0.00681 	-0.00712 	0.00210 	0.01688 	0.00199 	-0.00627 	-0.00503 	-0.00323 	-0.00755 	0.00850 	0.01392 	0.00020	0.00052
Replication85	 -1.56767	1.00011	1.00644 	1.00690 	1.00671 	1.00696 	1.00739 	1.00701 	1.01016 	1.00931 	1.01128 	1.00938 	1.01049 	1.01329 	-0.01249 	0.00000 	-0.00961 	0.00196 	0.00000 	0.00185 	-0.01965 	-0.01323 	0.00289 	-0.00979 	0.00000 	0.05879 	-0.00409 	0.00000 	-0.00315 	0.00213 	0.00000 	0.00208 	-0.00644 	-0.00434 	-0.00478 	-0.00321 	0.00000 	0.02241 	0.00017	0.00042
Replication86	 -1.55995	1.00022	1.00162 	1.00234 	1.00207 	1.00266 	1.00370 	1.00273 	1.01042 	1.00821 	1.01254 	1.00821 	1.01079 	1.01658 	-0.02458 	-0.00755 	-0.02117 	0.00478 	0.00000 	0.00454 	-0.02029 	-0.02841 	0.00582 	-0.02909 	0.00000 	0.11752 	-0.00806 	-0.00248 	-0.00694 	0.00512 	0.00000 	0.00501 	-0.00665 	-0.00931 	-0.00956 	-0.00954 	0.00000 	0.04466 	0.00079	0.00199
Replication87	 -1.56818	1.00001	1.01339 	1.01292 	1.01258 	1.01310 	1.01434 	1.01283 	1.01012 	1.00834 	1.01018 	1.00883 	1.00958 	1.01075 	0.00000 	-0.00883 	-0.01562 	-0.00210 	0.05380 	-0.00187 	-0.00488 	-0.02813 	0.00028 	-0.00395 	0.00000 	0.01127 	0.00000 	-0.00290 	-0.00512 	-0.00208 	0.01765 	-0.00185 	-0.00160 	-0.00923 	-0.00055 	-0.00129 	0.00000 	0.00730 	0.00013	0.00038
Replication88	 -1.56754	1.00012	1.00724 	1.00691 	1.00663 	1.00726 	1.00756 	1.00699 	1.01014 	1.00954 	1.01139 	1.00931 	1.01057 	1.01355 	0.00000 	-0.00798 	-0.01284 	0.00175 	0.00000 	0.00186 	-0.02638 	-0.00477 	0.00307 	-0.01699 	0.00000 	0.06308 	0.00000 	-0.00262 	-0.00421 	0.00193 	0.00000 	0.00211 	-0.00865 	-0.00156 	-0.00511 	-0.00557 	0.00000 	0.02433 	0.00019	0.00045
Replication89	 -1.56772	1.00007	1.00446 	1.00461 	1.00462 	1.00496 	1.00564 	1.00501 	1.00989 	1.00929 	1.01080 	1.00948 	1.01103 	1.01170 	-0.01159 	-0.01187 	-0.01126 	0.00334 	0.00000 	0.00321 	-0.00317 	-0.01604 	0.00176 	-0.00728 	0.02110 	0.03214 	-0.00380 	-0.00389 	-0.00369 	0.00345 	0.00000 	0.00335 	-0.00104 	-0.00526 	-0.00295 	-0.00239 	0.00692 	0.00981 	0.00017	0.00045
Replication90	 -1.56608	1.00013	1.00378 	1.00408 	1.00475 	1.00453 	1.00618 	1.00505 	1.01018 	1.00948 	1.01146 	1.00954 	1.01065 	1.01368 	-0.02144 	-0.02668 	-0.00680 	0.00359 	0.02096 	0.00312 	-0.02079 	-0.01181 	0.00339 	-0.00924 	0.00000 	0.06650 	-0.00703 	-0.00875 	-0.00223 	0.00378 	0.00687 	0.00339 	-0.00682 	-0.00387 	-0.00554 	-0.00303 	0.00000 	0.02416 	0.00030	0.00077
Replication91	 -1.56387	1.00016	1.00238 	1.00291 	1.00332 	1.00327 	1.00437 	1.00368 	1.01028 	1.00907 	1.01185 	1.00894 	1.01069 	1.01472 	-0.02160 	-0.01767 	-0.00783 	0.00441 	0.00000 	0.00398 	-0.01470 	-0.01394 	0.00433 	-0.02113 	0.00000 	0.08521 	-0.00708 	-0.00579 	-0.00257 	0.00466 	0.00000 	0.00433 	-0.00482 	-0.00457 	-0.00706 	-0.00693 	0.00000 	0.03124 	0.00047	0.00121
Replication92	 -1.56542	1.00005	1.00242 	1.00211 	1.00133 	1.00279 	1.00350 	1.00222 	1.00942 	1.00920 	1.01075 	1.00933 	1.01232 	1.01095 	-0.00727 	-0.01246 	-0.03147 	0.00482 	0.00169 	0.00506 	-0.00694 	-0.01863 	0.00122 	-0.01353 	0.05742 	0.02016 	-0.00239 	-0.00409 	-0.01032 	0.00490 	0.00056 	0.00517 	-0.00227 	-0.00611 	-0.00233 	-0.00444 	0.01883 	0.00335 	0.00035	0.00096
Replication93	 -1.56292	1.00018	1.00248 	1.00235 	1.00233 	1.00298 	1.00392 	1.00292 	1.01009 	1.00925 	1.01210 	1.00917 	1.01136 	1.01511 	-0.01145 	-0.02059 	-0.01775 	0.00460 	0.00000 	0.00447 	-0.03315 	-0.01457 	0.00460 	-0.01932 	0.01216 	0.09217 	-0.00375 	-0.00675 	-0.00582 	0.00487 	0.00000 	0.00484 	-0.01087 	-0.00478 	-0.00770 	-0.00633 	0.00399 	0.03388 	0.00055	0.00138
Replication94	 -1.56680	1.00010	1.00419 	1.00481 	1.00479 	1.00497 	1.00567 	1.00516 	1.00985 	1.00900 	1.01120 	1.00891 	1.01133 	1.01268 	-0.01843 	-0.00519 	-0.01060 	0.00331 	0.00000 	0.00308 	-0.01408 	-0.01561 	0.00248 	-0.02070 	0.02733 	0.04897 	-0.00605 	-0.00170 	-0.00348 	0.00346 	0.00000 	0.00329 	-0.00462 	-0.00512 	-0.00426 	-0.00679 	0.00896 	0.01702 	0.00024	0.00062
Replication95	 -1.56562	1.00012	1.00252 	1.00317 	1.00321 	1.00345 	1.00442 	1.00368 	1.01019 	1.00952 	1.01138 	1.00974 	1.01066 	1.01345 	-0.02225 	-0.01038 	-0.01343 	0.00432 	0.00000 	0.00402 	-0.00985 	-0.01437 	0.00334 	-0.00386 	0.00000 	0.06320 	-0.00730 	-0.00340 	-0.00440 	0.00451 	0.00000 	0.00429 	-0.00323 	-0.00471 	-0.00537 	-0.00127 	0.00000 	0.02190 	0.00033	0.00088
Replication96	 -1.56270	1.00016	1.00075 	1.00103 	1.00139 	1.00162 	1.00286 	1.00191 	1.01002 	1.00898 	1.01187 	1.00933 	1.01147 	1.01442 	-0.02057 	-0.02429 	-0.01293 	0.00553 	0.00000 	0.00515 	-0.02042 	-0.02564 	0.00416 	-0.00950 	0.01872 	0.08074 	-0.00674 	-0.00797 	-0.00424 	0.00577 	0.00000 	0.00549 	-0.00670 	-0.00841 	-0.00691 	-0.00311 	0.00614 	0.02828 	0.00057	0.00148
Replication97	 -1.56258	1.00017	1.00124 	1.00167 	1.00189 	1.00216 	1.00335 	1.00243 	1.01031 	1.00901 	1.01194 	1.00894 	1.01073 	1.01495 	-0.02198 	-0.01932 	-0.01413 	0.00515 	0.00000 	0.00479 	-0.01102 	-0.01615 	0.00461 	-0.02049 	0.00000 	0.08962 	-0.00721 	-0.00634 	-0.00463 	0.00542 	0.00000 	0.00516 	-0.00361 	-0.00529 	-0.00747 	-0.00672 	0.00000 	0.03234 	0.00057	0.00149
Replication98	 -1.56465	1.00016	1.00468 	1.00463 	1.00414 	1.00505 	1.00563 	1.00474 	1.01026 	1.00919 	1.01191 	1.00873 	1.01070 	1.01491 	-0.00793 	-0.00798 	-0.02113 	0.00321 	0.00000 	0.00328 	-0.02423 	-0.00642 	0.00434 	-0.02973 	0.00000 	0.08774 	-0.00260 	-0.00262 	-0.00693 	0.00347 	0.00000 	0.00364 	-0.00795 	-0.00211 	-0.00715 	-0.00975 	0.00000 	0.03327 	0.00042	0.00103
Replication99	 -1.56679	1.00009	1.00372 	1.00416 	1.00347 	1.00442 	1.00503 	1.00415 	1.01001 	1.00926 	1.01106 	1.00927 	1.01090 	1.01247 	-0.01574 	0.00000 	-0.02443 	0.00369 	0.00000 	0.00375 	-0.00300 	-0.01334 	0.00246 	-0.01355 	0.01495 	0.04573 	-0.00516 	0.00000 	-0.00801 	0.00383 	0.00000 	0.00394 	-0.00098 	-0.00438 	-0.00402 	-0.00444 	0.00490 	0.01505 	0.00024	0.00065