
Replication	FitnessValue	Frequency	Bus1	Bus2	Bus3	Bus4	Bus5	Bus6	Bus7	Bus8	Bus9	Bus10	Bus11	Bus12	Bus1_P	Bus2_P	Bus3_P	Bus4_P	Bus5_P	Bus6_P	Bus7_P	Bus8_P	Bus9_P	Bus10_P	Bus11_P	Bus12_P	Bus1_Q	Bus2_Q	Bus3_Q	Bus4_Q	Bus5_Q	Bus6_Q	Bus7_Q	Bus8_Q	Bus9_Q	Bus10_Q	Bus11_Q	Bus12_Q	PLoss	QLoss
Replication0	 -1.51794	0.99590	0.97229 	0.97852 	0.98901 	0.97644 	0.98395 	1.00173 	0.97551 	0.98136 	0.99235 	0.97767 	0.99370 	0.99234 	-0.14785 	-0.15517 	-0.14709 	0.23701 	0.00216 	0.30925 	-0.14578 	-0.13989 	0.02166 	-0.13051 	0.24411 	0.05433 	-0.04889 	-0.05132 	-0.04864 	-0.11105 	0.00071 	0.30679 	-0.04821 	-0.04626 	-0.00213 	-0.04316 	0.08073 	0.04216 	0.00222	0.03072
Replication1	 -1.42137	0.99511	0.96959 	0.97727 	0.98660 	0.97398 	0.98288 	1.00058 	0.96414 	0.97100 	0.98607 	0.96595 	0.97869 	0.98662 	-0.15332 	-0.11182 	-0.14819 	0.27527 	0.02272 	0.35242 	-0.13166 	-0.16152 	0.02743 	-0.14009 	0.10984 	0.07112 	-0.05078 	-0.03704 	-0.04908 	-0.14006 	0.00753 	0.34947 	-0.04361 	-0.05350 	-0.00096 	-0.04640 	0.03638 	0.05660 	0.01220	0.02854
Replication2	 -1.49579	0.99553	0.97030 	0.97656 	0.98778 	0.97432 	0.98231 	1.00112 	0.97315 	0.97815 	0.99018 	0.97343 	0.98888 	0.99039 	-0.14557 	-0.16325 	-0.14293 	0.25658 	0.00000 	0.33198 	-0.11451 	-0.13968 	0.02392 	-0.15905 	0.19678 	0.06020 	-0.04818 	-0.05403 	-0.04730 	-0.12267 	0.00000 	0.32929 	-0.03790 	-0.04623 	-0.00199 	-0.05264 	0.06512 	0.04693 	0.00447	0.03042
Replication3	 -1.46631	0.99557	0.97150 	0.97816 	0.98805 	0.97555 	0.98317 	1.00123 	0.96848 	0.97617 	0.98960 	0.97098 	0.98779 	0.98972 	-0.14321 	-0.13317 	-0.14335 	0.25294 	0.00000 	0.32809 	-0.16540 	-0.13911 	0.02416 	-0.15792 	0.22239 	0.06200 	-0.04739 	-0.04407 	-0.04744 	-0.12364 	0.00000 	0.32542 	-0.05474 	-0.04603 	-0.00158 	-0.05226 	0.07359 	0.04882 	0.00742	0.03070
Replication4	 -1.49984	0.99544	0.96986 	0.97565 	0.98669 	0.97359 	0.98162 	1.00083 	0.97130 	0.97774 	0.98981 	0.97348 	0.98932 	0.98998 	-0.14236 	-0.17105 	-0.16515 	0.26172 	0.00000 	0.34300 	-0.14868 	-0.14206 	0.02438 	-0.13922 	0.22169 	0.06146 	-0.04712 	-0.05662 	-0.05466 	-0.12505 	0.00000 	0.34026 	-0.04921 	-0.04702 	-0.00205 	-0.04608 	0.07338 	0.04794 	0.00373	0.03375
Replication5	 -1.46138	0.99551	0.97233 	0.97848 	0.98817 	0.97594 	0.98352 	1.00124 	0.96929 	0.97537 	0.98912 	0.97067 	0.98616 	0.98932 	-0.13198 	-0.13193 	-0.13912 	0.25435 	0.00000 	0.32774 	-0.13482 	-0.16196 	0.02457 	-0.15081 	0.18899 	0.06316 	-0.04368 	-0.04366 	-0.04604 	-0.12649 	0.00000 	0.32504 	-0.04462 	-0.05360 	-0.00146 	-0.04991 	0.06255 	0.04984 	0.00819	0.02796
Replication6	 -1.43695	0.99506	0.96795 	0.97557 	0.98592 	0.97241 	0.98073 	1.00032 	0.96411 	0.97198 	0.98658 	0.96642 	0.98137 	0.98701 	-0.15495 	-0.12906 	-0.15184 	0.28015 	0.00000 	0.36201 	-0.15493 	-0.14386 	0.02728 	-0.15613 	0.16139 	0.07014 	-0.05133 	-0.04275 	-0.05030 	-0.13905 	0.00000 	0.35905 	-0.05132 	-0.04765 	-0.00137 	-0.05172 	0.05346 	0.05548 	0.01021	0.03250
Replication7	 1.57094	0.99485	0.96801 	0.97514 	0.98542 	0.97196 	0.98043 	1.00003 	0.96171 	0.96985 	0.98486 	0.96397 	0.97606 	0.98560 	-0.14235 	-0.12855 	-0.14656 	0.28993 	0.00000 	0.37282 	-0.14241 	-0.13161 	0.02884 	-0.14818 	0.08645 	0.07432 	-0.04717 	-0.04260 	-0.04857 	-0.14712 	0.00000 	0.36973 	-0.04719 	-0.04361 	-0.00103 	-0.04911 	0.02865 	0.05903 	0.01270	0.03100
Replication8	 -1.45733	0.99521	0.96934 	0.97606 	0.98602 	0.97330 	0.98134 	1.00051 	0.96678 	0.97344 	0.98765 	0.96856 	0.98477 	0.98789 	-0.14532 	-0.13685 	-0.16637 	0.27242 	0.00000 	0.35509 	-0.14673 	-0.16488 	0.02627 	-0.15424 	0.20116 	0.06753 	-0.04812 	-0.04532 	-0.05510 	-0.13466 	0.00000 	0.35221 	-0.04859 	-0.05460 	-0.00155 	-0.05108 	0.06662 	0.05329 	0.00809	0.03310
Replication9	 -1.45091	0.99516	0.96725 	0.97496 	0.98630 	0.97201 	0.98049 	1.00043 	0.96477 	0.97384 	0.98758 	0.96824 	0.98351 	0.98796 	-0.16228 	-0.14674 	-0.14305 	0.27676 	0.00000 	0.35775 	-0.17856 	-0.12040 	0.02645 	-0.15065 	0.18200 	0.06741 	-0.05375 	-0.04860 	-0.04738 	-0.13416 	0.00000 	0.35484 	-0.05914 	-0.03987 	-0.00164 	-0.04989 	0.06027 	0.05303 	0.00867	0.03373
Replication10	 -1.46978	0.99507	0.96672 	0.97409 	0.98522 	0.97127 	0.97980 	1.00017 	0.96750 	0.97407 	0.98741 	0.96870 	0.98423 	0.98778 	-0.16136 	-0.15275 	-0.16840 	0.28199 	0.00000 	0.36746 	-0.13609 	-0.13797 	0.02680 	-0.16391 	0.18283 	0.06801 	-0.05345 	-0.05060 	-0.05578 	-0.13659 	0.00000 	0.36449 	-0.04508 	-0.04570 	-0.00181 	-0.05429 	0.06056 	0.05337 	0.00662	0.03512
Replication11	 -1.50420	0.99578	0.96942 	0.97744 	0.98884 	0.97478 	0.98265 	1.00153 	0.97482 	0.98031 	0.99188 	0.97650 	0.99308 	0.99186 	-0.17418 	-0.14759 	-0.13217 	0.24530 	0.00000 	0.31690 	-0.14014 	-0.15178 	0.02227 	-0.13880 	0.24788 	0.05582 	-0.05762 	-0.04882 	-0.04372 	-0.11310 	0.00000 	0.31436 	-0.04636 	-0.05021 	-0.00222 	-0.04591 	0.08199 	0.04328 	0.00350	0.03168
Replication12	 -1.51426	0.99661	0.97904 	0.98367 	0.99231 	0.98219 	0.98827 	1.00307 	0.97794 	0.98466 	0.99561 	0.98088 	1.00034 	0.99514 	-0.11724 	-0.13723 	-0.12963 	0.19599 	0.00000 	0.25922 	-0.17798 	-0.14203 	0.01779 	-0.14360 	0.33187 	0.04561 	-0.03872 	-0.04532 	-0.04281 	-0.09158 	0.00000 	0.25718 	-0.05878 	-0.04690 	-0.00187 	-0.04742 	0.10959 	0.03556 	0.00277	0.02894
Replication13	 -1.49780	0.99559	0.97013 	0.97582 	0.98832 	0.97400 	0.98220 	1.00122 	0.97306 	0.97910 	0.99080 	0.97500 	0.99010 	0.99099 	-0.14103 	-0.19034 	-0.12446 	0.25489 	0.00000 	0.32845 	-0.13983 	-0.13903 	0.02342 	-0.13460 	0.20829 	0.05850 	-0.04667 	-0.06298 	-0.04118 	-0.11974 	0.00000 	0.32580 	-0.04627 	-0.04600 	-0.00218 	-0.04454 	0.06892 	0.04539 	0.00426	0.03053
Replication14	 1.57151	0.99428	0.96423 	0.97140 	0.98320 	0.96809 	0.97754 	0.99895 	0.95413 	0.96390 	0.98134 	0.95754 	0.96957 	0.98226 	-0.14166 	-0.15116 	-0.13974 	0.32134 	0.00000 	0.41346 	-0.16561 	-0.15158 	0.03244 	-0.14719 	0.06406 	0.08427 	-0.04700 	-0.05015 	-0.04636 	-0.16401 	0.00000 	0.41002 	-0.05494 	-0.05029 	-0.00073 	-0.04883 	0.02125 	0.06730 	0.01863	0.03625
Replication15	 -1.45983	0.99562	0.97236 	0.97824 	0.98829 	0.97601 	0.98400 	1.00132 	0.96856 	0.97590 	0.98985 	0.97075 	0.98902 	0.98983 	-0.13516 	-0.14790 	-0.14190 	0.24968 	0.01090 	0.32452 	-0.16621 	-0.15662 	0.02385 	-0.16628 	0.25156 	0.06159 	-0.04472 	-0.04894 	-0.04695 	-0.12211 	0.00361 	0.32188 	-0.05500 	-0.05182 	-0.00156 	-0.05502 	0.08324 	0.04859 	0.00802	0.03120
Replication16	 -1.53323	0.99626	0.97469 	0.98064 	0.98967 	0.97890 	0.98700 	1.00227 	0.97910 	0.98366 	0.99411 	0.97943 	0.99840 	0.99382 	-0.15485 	-0.14932 	-0.17476 	0.21704 	0.03579 	0.28886 	-0.12951 	-0.13828 	0.01963 	-0.16766 	0.30378 	0.04975 	-0.05117 	-0.04934 	-0.05775 	-0.10031 	0.01183 	0.28661 	-0.04280 	-0.04570 	-0.00206 	-0.05540 	0.10039 	0.03865 	0.00046	0.03294
Replication17	 -1.45146	0.99554	0.97179 	0.97827 	0.98829 	0.97568 	0.98334 	1.00124 	0.96736 	0.97514 	0.98928 	0.96997 	0.98710 	0.98937 	-0.13801 	-0.13421 	-0.13315 	0.25372 	0.00000 	0.32769 	-0.16873 	-0.15207 	0.02440 	-0.15819 	0.22458 	0.06297 	-0.04567 	-0.04441 	-0.04407 	-0.12490 	0.00000 	0.32500 	-0.05584 	-0.05033 	-0.00147 	-0.05235 	0.07432 	0.04973 	0.00899	0.03000
Replication18	 -1.46756	0.99516	0.96668 	0.97475 	0.98589 	0.97171 	0.98018 	1.00039 	0.96784 	0.97451 	0.98792 	0.96943 	0.98515 	0.98823 	-0.17037 	-0.14291 	-0.15764 	0.27724 	0.00000 	0.35956 	-0.14223 	-0.14531 	0.02625 	-0.15694 	0.19262 	0.06667 	-0.05642 	-0.04733 	-0.05221 	-0.13350 	0.00000 	0.35665 	-0.04710 	-0.04813 	-0.00182 	-0.05198 	0.06379 	0.05230 	0.00694	0.03425
Replication19	 -1.46138	0.99553	0.97235 	0.97931 	0.98808 	0.97646 	0.98475 	1.00129 	0.96813 	0.97544 	0.98870 	0.97024 	0.98386 	0.98909 	-0.14673 	-0.11369 	-0.15151 	0.25283 	0.02257 	0.32562 	-0.14296 	-0.12684 	0.02476 	-0.14548 	0.14592 	0.06377 	-0.04856 	-0.03763 	-0.05014 	-0.12694 	0.00747 	0.32293 	-0.04731 	-0.04198 	-0.00119 	-0.04815 	0.04829 	0.05048 	0.00826	0.02728
Replication20	 -1.49084	0.99584	0.96980 	0.97783 	0.98905 	0.97518 	0.98294 	1.00160 	0.97348 	0.97975 	0.99207 	0.97563 	0.99440 	0.99188 	-0.17355 	-0.14439 	-0.13051 	0.24201 	0.00000 	0.31414 	-0.16152 	-0.16047 	0.02199 	-0.15121 	0.29251 	0.05568 	-0.05740 	-0.04776 	-0.04316 	-0.11131 	0.00000 	0.31164 	-0.05342 	-0.05308 	-0.00215 	-0.05001 	0.09674 	0.04332 	0.00467	0.03341
Replication21	 1.57150	0.99430	0.96377 	0.97179 	0.98267 	0.96811 	0.97740 	0.99890 	0.95618 	0.96433 	0.98150 	0.95747 	0.97065 	0.98236 	-0.15477 	-0.13041 	-0.16170 	0.32078 	0.00000 	0.41500 	-0.13547 	-0.15197 	0.03232 	-0.17625 	0.07555 	0.08397 	-0.05135 	-0.04326 	-0.05365 	-0.16355 	0.00000 	0.41157 	-0.04494 	-0.05042 	-0.00078 	-0.05847 	0.02506 	0.06703 	0.01705	0.03724
Replication22	 -1.46204	0.99542	0.96938 	0.97669 	0.98740 	0.97400 	0.98263 	1.00095 	0.96825 	0.97528 	0.98901 	0.97056 	0.98710 	0.98915 	-0.15968 	-0.14507 	-0.14487 	0.26193 	0.01519 	0.33845 	-0.15725 	-0.15860 	0.02490 	-0.14950 	0.21848 	0.06376 	-0.05286 	-0.04802 	-0.04796 	-0.12679 	0.00503 	0.33569 	-0.05205 	-0.05250 	-0.00167 	-0.04949 	0.07232 	0.05016 	0.00773	0.03187
Replication23	 -1.45314	0.99523	0.96800 	0.97595 	0.98718 	0.97288 	0.98142 	1.00071 	0.96751 	0.97424 	0.98786 	0.96952 	0.98304 	0.98830 	-0.16292 	-0.13856 	-0.12963 	0.27217 	0.00421 	0.34747 	-0.13710 	-0.14827 	0.02609 	-0.13694 	0.14597 	0.06637 	-0.05395 	-0.04588 	-0.04293 	-0.13284 	0.00139 	0.34460 	-0.04540 	-0.04910 	-0.00159 	-0.04535 	0.04834 	0.05220 	0.00887	0.02951
Replication24	 -1.47545	0.99550	0.96940 	0.97653 	0.98808 	0.97398 	0.98211 	1.00112 	0.97039 	0.97693 	0.98985 	0.97285 	0.98835 	0.99002 	-0.15564 	-0.15532 	-0.12735 	0.25867 	0.00000 	0.33228 	-0.15098 	-0.15835 	0.02420 	-0.13236 	0.21010 	0.06128 	-0.05151 	-0.05141 	-0.04215 	-0.12345 	0.00000 	0.32958 	-0.04997 	-0.05241 	-0.00191 	-0.04381 	0.06954 	0.04791 	0.00652	0.03040
Replication25	 -1.48719	0.99540	0.97124 	0.97645 	0.98632 	0.97438 	0.98213 	1.00076 	0.96990 	0.97607 	0.98908 	0.97176 	0.98818 	0.98921 	-0.12865 	-0.15738 	-0.17852 	0.26224 	0.00000 	0.34539 	-0.14558 	-0.16113 	0.02493 	-0.14494 	0.22503 	0.06363 	-0.04259 	-0.05210 	-0.05910 	-0.12854 	0.00000 	0.34262 	-0.04819 	-0.05334 	-0.00178 	-0.04798 	0.07449 	0.04997 	0.00503	0.03347
Replication26	 -1.50043	0.99586	0.97331 	0.97944 	0.98920 	0.97726 	0.98509 	1.00178 	0.97421 	0.97964 	0.99156 	0.97568 	0.99141 	0.99160 	-0.14290 	-0.14272 	-0.14570 	0.23710 	0.01450 	0.30727 	-0.13307 	-0.15174 	0.02221 	-0.13869 	0.22155 	0.05641 	-0.04726 	-0.04720 	-0.04819 	-0.11420 	0.00480 	0.30479 	-0.04401 	-0.05019 	-0.00180 	-0.04587 	0.07327 	0.04413 	0.00422	0.02826
Replication27	 -1.53239	0.99631	0.97727 	0.98218 	0.99040 	0.98048 	0.98716 	1.00250 	0.97889 	0.98353 	0.99408 	0.98024 	0.99715 	0.99387 	-0.12511 	-0.13407 	-0.16319 	0.21207 	0.00853 	0.28064 	-0.13236 	-0.15220 	0.01951 	-0.13369 	0.27130 	0.04956 	-0.04134 	-0.04430 	-0.05392 	-0.10126 	0.00282 	0.27842 	-0.04374 	-0.05029 	-0.00190 	-0.04418 	0.08965 	0.03860 	0.00099	0.02855
Replication28	 1.57081	0.99498	0.96711 	0.97445 	0.98539 	0.97147 	0.98002 	1.00012 	0.96305 	0.97207 	0.98636 	0.96694 	0.98102 	0.98684 	-0.15456 	-0.14431 	-0.15504 	0.28527 	0.00000 	0.36961 	-0.17715 	-0.13667 	0.02763 	-0.13336 	0.15750 	0.07073 	-0.05121 	-0.04781 	-0.05137 	-0.14064 	0.00000 	0.36659 	-0.05869 	-0.04528 	-0.00147 	-0.04418 	0.05218 	0.05583 	0.00966	0.03395
Replication29	 -1.49089	0.99562	0.96946 	0.97772 	0.98823 	0.97473 	0.98255 	1.00131 	0.97235 	0.97835 	0.99052 	0.97390 	0.98954 	0.99067 	-0.17176 	-0.12766 	-0.14095 	0.25200 	0.00000 	0.32505 	-0.13731 	-0.14146 	0.02348 	-0.14628 	0.21054 	0.05932 	-0.05683 	-0.04224 	-0.04664 	-0.11959 	0.00000 	0.32242 	-0.04544 	-0.04681 	-0.00192 	-0.04840 	0.06967 	0.04632 	0.00495	0.03053
Replication30	 -1.52926	0.99636	0.97291 	0.97872 	0.99040 	0.97734 	0.98457 	1.00232 	0.98231 	0.98601 	0.99577 	0.98280 	1.00314 	0.99527 	-0.15426 	-0.18655 	-0.13815 	0.21586 	0.00000 	0.28719 	-0.13211 	-0.16015 	0.01843 	-0.15528 	0.35886 	0.04564 	-0.05097 	-0.06164 	-0.04565 	-0.09326 	0.00000 	0.28500 	-0.04365 	-0.05291 	-0.00269 	-0.05130 	0.11857 	0.03483 	0.00052	0.03632
Replication31	 -1.52438	0.99559	0.96707 	0.97584 	0.98638 	0.97290 	0.98086 	1.00090 	0.97459 	0.98024 	0.99119 	0.97602 	0.99368 	0.99117 	-0.19272 	-0.13780 	-0.18674 	0.25668 	0.00000 	0.34015 	-0.14335 	-0.13590 	0.02319 	-0.15287 	0.27217 	0.05798 	-0.06377 	-0.04560 	-0.06179 	-0.11742 	0.00000 	0.33750 	-0.04744 	-0.04497 	-0.00238 	-0.05058 	0.09006 	0.04490 	0.00079	0.03851
Replication32	 -1.53372	0.99622	0.97257 	0.97936 	0.99006 	0.97735 	0.98453 	1.00219 	0.97950 	0.98442 	0.99454 	0.98100 	0.99930 	0.99425 	-0.16139 	-0.15540 	-0.14260 	0.22187 	0.00000 	0.29204 	-0.14266 	-0.14557 	0.01953 	-0.14182 	0.30774 	0.04864 	-0.05334 	-0.05136 	-0.04713 	-0.09932 	0.00000 	0.28977 	-0.04715 	-0.04811 	-0.00242 	-0.04687 	0.10170 	0.03741 	0.00039	0.03319
Replication33	 -1.47683	0.99561	0.96977 	0.97707 	0.98830 	0.97462 	0.98354 	1.00129 	0.97083 	0.97733 	0.99035 	0.97358 	0.98991 	0.99039 	-0.16538 	-0.15679 	-0.13625 	0.25281 	0.02423 	0.32566 	-0.15819 	-0.17045 	0.02361 	-0.12826 	0.23523 	0.06009 	-0.05472 	-0.05188 	-0.04509 	-0.12000 	0.00802 	0.32302 	-0.05235 	-0.05640 	-0.00187 	-0.04244 	0.07784 	0.04705 	0.00631	0.03117
Replication34	 -1.43081	0.99501	0.96736 	0.97485 	0.98599 	0.97181 	0.98037 	1.00025 	0.96413 	0.97156 	0.98645 	0.96610 	0.98126 	0.98687 	-0.15408 	-0.14218 	-0.14053 	0.28334 	0.00000 	0.36453 	-0.14892 	-0.15507 	0.02749 	-0.15770 	0.16337 	0.07060 	-0.05104 	-0.04710 	-0.04655 	-0.13998 	0.00000 	0.36153 	-0.04934 	-0.05137 	-0.00144 	-0.05224 	0.05412 	0.05579 	0.01085	0.03237
Replication35	 -1.50523	0.99653	0.97916 	0.98347 	0.99224 	0.98231 	0.99081 	1.00306 	0.97734 	0.98315 	0.99466 	0.98016 	0.99744 	0.99434 	-0.12489 	-0.15706 	-0.13476 	0.19932 	0.05873 	0.25937 	-0.15962 	-0.16779 	0.01855 	-0.11967 	0.28387 	0.04794 	-0.04125 	-0.05188 	-0.04451 	-0.09538 	0.01940 	0.25728 	-0.05272 	-0.05542 	-0.00159 	-0.03952 	0.09376 	0.03763 	0.00399	0.02580
Replication36	 -1.44551	0.99537	0.96906 	0.97696 	0.98746 	0.97413 	0.98415 	1.00096 	0.96716 	0.97389 	0.98820 	0.96916 	0.98455 	0.98845 	-0.17319 	-0.14143 	-0.14492 	0.26390 	0.04984 	0.33810 	-0.14591 	-0.16602 	0.02549 	-0.14636 	0.18430 	0.06574 	-0.05733 	-0.04682 	-0.04798 	-0.12926 	0.01650 	0.33531 	-0.04830 	-0.05496 	-0.00138 	-0.04845 	0.06101 	0.05199 	0.00956	0.03034
Replication37	 -1.46408	0.99525	0.97045 	0.97681 	0.98648 	0.97411 	0.98200 	1.00067 	0.96741 	0.97427 	0.98766 	0.96919 	0.98289 	0.98811 	-0.13736 	-0.13335 	-0.16116 	0.26913 	0.00000 	0.34911 	-0.13624 	-0.13583 	0.02615 	-0.14580 	0.14616 	0.06687 	-0.04548 	-0.04416 	-0.05336 	-0.13440 	0.00000 	0.34625 	-0.04511 	-0.04498 	-0.00143 	-0.04828 	0.04840 	0.05276 	0.00769	0.03021
Replication38	 -1.50647	0.99626	0.97334 	0.98071 	0.99055 	0.97847 	0.98656 	1.00237 	0.97622 	0.98257 	0.99400 	0.97851 	0.99788 	0.99366 	-0.17026 	-0.13846 	-0.14087 	0.21794 	0.02914 	0.28531 	-0.16686 	-0.14749 	0.01970 	-0.15248 	0.31733 	0.05021 	-0.05627 	-0.04576 	-0.04655 	-0.09960 	0.00963 	0.28307 	-0.05514 	-0.04874 	-0.00200 	-0.05039 	0.10486 	0.03910 	0.00322	0.03221
Replication39	 -1.50047	0.99556	0.97005 	0.97697 	0.98737 	0.97446 	0.98226 	1.00109 	0.97200 	0.97837 	0.99027 	0.97387 	0.98964 	0.99043 	-0.15568 	-0.14554 	-0.16046 	0.25522 	0.00000 	0.33311 	-0.14438 	-0.13387 	0.02380 	-0.14524 	0.21678 	0.06006 	-0.05152 	-0.04816 	-0.05310 	-0.12180 	0.00000 	0.33044 	-0.04778 	-0.04430 	-0.00197 	-0.04806 	0.07174 	0.04688 	0.00381	0.03236
Replication40	 -1.53550	0.99620	0.97205 	0.97899 	0.99011 	0.97698 	0.98429 	1.00217 	0.98002 	0.98466 	0.99460 	0.98113 	0.99926 	0.99434 	-0.16483 	-0.16041 	-0.13763 	0.22311 	0.00000 	0.29279 	-0.13531 	-0.14134 	0.01953 	-0.14578 	0.30165 	0.04843 	-0.05448 	-0.05302 	-0.04549 	-0.09916 	0.00000 	0.29051 	-0.04472 	-0.04671 	-0.00249 	-0.04818 	0.09969 	0.03716 	0.00022	0.03312
Replication41	 -1.48835	0.99547	0.97010 	0.97654 	0.98700 	0.97414 	0.98203 	1.00093 	0.97077 	0.97687 	0.98967 	0.97306 	0.98915 	0.98977 	-0.14730 	-0.15155 	-0.16179 	0.25981 	0.00000 	0.33924 	-0.14869 	-0.16751 	0.02440 	-0.13151 	0.22788 	0.06200 	-0.04876 	-0.05016 	-0.05355 	-0.12520 	0.00000 	0.33651 	-0.04921 	-0.05544 	-0.00191 	-0.04353 	0.07543 	0.04854 	0.00499	0.03271
Replication42	 -1.53556	0.99655	0.97712 	0.98221 	0.99127 	0.98076 	0.98746 	1.00283 	0.98267 	0.98614 	0.99593 	0.98262 	1.00193 	0.99548 	-0.13513 	-0.14983 	-0.15357 	0.20117 	0.00961 	0.26825 	-0.11910 	-0.15128 	0.01778 	-0.15965 	0.32657 	0.04478 	-0.04463 	-0.04948 	-0.05072 	-0.09143 	0.00317 	0.26618 	-0.03934 	-0.04996 	-0.00222 	-0.05273 	0.10786 	0.03454 	0.00040	0.03125
Replication43	 -1.52919	0.99602	0.97124 	0.97863 	0.98908 	0.97628 	0.98364 	1.00184 	0.97764 	0.98288 	0.99338 	0.97941 	0.99696 	0.99320 	-0.16891 	-0.14497 	-0.15418 	0.23212 	0.00000 	0.30524 	-0.14441 	-0.14604 	0.02073 	-0.13708 	0.28651 	0.05179 	-0.05584 	-0.04793 	-0.05098 	-0.10553 	0.00000 	0.30285 	-0.04774 	-0.04828 	-0.00234 	-0.04532 	0.09473 	0.03998 	0.00080	0.03358
Replication44	 1.57096	0.99483	0.96772 	0.97504 	0.98511 	0.97183 	0.98078 	0.99998 	0.96195 	0.96976 	0.98475 	0.96493 	0.97608 	0.98548 	-0.14890 	-0.12814 	-0.15718 	0.29109 	0.01222 	0.37463 	-0.14399 	-0.15319 	0.02897 	-0.12002 	0.08211 	0.07467 	-0.04935 	-0.04247 	-0.05209 	-0.14779 	0.00405 	0.37152 	-0.04772 	-0.05077 	-0.00103 	-0.03978 	0.02721 	0.05931 	0.01226	0.03111
Replication45	 -1.49022	0.99548	0.97025 	0.97701 	0.98728 	0.97444 	0.98228 	1.00101 	0.97110 	0.97719 	0.98958 	0.97286 	0.98777 	0.98982 	-0.14992 	-0.14240 	-0.15687 	0.25875 	0.00000 	0.33612 	-0.13673 	-0.14496 	0.02442 	-0.13894 	0.19366 	0.06185 	-0.04962 	-0.04713 	-0.05192 	-0.12527 	0.00000 	0.33340 	-0.04525 	-0.04798 	-0.00183 	-0.04599 	0.06410 	0.04842 	0.00498	0.03092
Replication46	 -1.51760	0.99616	0.97200 	0.97896 	0.99021 	0.97695 	0.98472 	1.00213 	0.97688 	0.98335 	0.99400 	0.97924 	0.99765 	0.99377 	-0.16483 	-0.16235 	-0.12953 	0.22526 	0.00995 	0.29414 	-0.16417 	-0.12869 	0.02001 	-0.14844 	0.30065 	0.05005 	-0.05448 	-0.05366 	-0.04281 	-0.10118 	0.00329 	0.29182 	-0.05426 	-0.04254 	-0.00230 	-0.04907 	0.09937 	0.03864 	0.00204	0.03282
Replication47	 -1.47989	0.99548	0.97047 	0.97717 	0.98719 	0.97481 	0.98429 	1.00105 	0.97067 	0.97631 	0.98917 	0.97114 	0.98675 	0.98941 	-0.15900 	-0.15176 	-0.16705 	0.25788 	0.04335 	0.33471 	-0.12168 	-0.14037 	0.02464 	-0.16601 	0.18836 	0.06296 	-0.05263 	-0.05023 	-0.05529 	-0.12576 	0.01435 	0.33200 	-0.04027 	-0.04646 	-0.00158 	-0.05495 	0.06234 	0.04954 	0.00601	0.03105
Replication48	 -1.42520	0.99514	0.96949 	0.97710 	0.98612 	0.97378 	0.98168 	1.00047 	0.96211 	0.97126 	0.98652 	0.96573 	0.98146 	0.98685 	-0.14969 	-0.10618 	-0.16046 	0.27415 	0.00000 	0.35628 	-0.18256 	-0.14904 	0.02708 	-0.14993 	0.18129 	0.07044 	-0.04958 	-0.03517 	-0.05314 	-0.13819 	0.00000 	0.35336 	-0.06047 	-0.04936 	-0.00110 	-0.04966 	0.06004 	0.05602 	0.01139	0.03276
Replication49	 -1.45310	0.99536	0.97062 	0.97691 	0.98744 	0.97438 	0.98235 	1.00090 	0.96645 	0.97442 	0.98841 	0.97004 	0.98508 	0.98866 	-0.13694 	-0.14589 	-0.13796 	0.26388 	0.00000 	0.34043 	-0.17142 	-0.15829 	0.02541 	-0.12716 	0.19158 	0.06518 	-0.04533 	-0.04830 	-0.04567 	-0.13017 	0.00000 	0.33764 	-0.05675 	-0.05240 	-0.00152 	-0.04210 	0.06342 	0.05140 	0.00880	0.03021
Replication50	 -1.48936	0.99549	0.96895 	0.97576 	0.98713 	0.97341 	0.98152 	1.00093 	0.97124 	0.97742 	0.99018 	0.97406 	0.99099 	0.99018 	-0.15707 	-0.16380 	-0.15333 	0.26005 	0.00000 	0.33935 	-0.15955 	-0.17939 	0.02404 	-0.12385 	0.25742 	0.06085 	-0.05199 	-0.05421 	-0.05075 	-0.12269 	0.00000 	0.33663 	-0.05281 	-0.05937 	-0.00212 	-0.04099 	0.08520 	0.04747 	0.00472	0.03438
Replication51	 -1.46651	0.99549	0.96919 	0.97637 	0.98757 	0.97388 	0.98258 	1.00102 	0.96916 	0.97598 	0.98972 	0.97199 	0.98966 	0.98970 	-0.16177 	-0.15690 	-0.14326 	0.25906 	0.01579 	0.33580 	-0.16728 	-0.18021 	0.02429 	-0.13845 	0.25792 	0.06215 	-0.05354 	-0.05193 	-0.04741 	-0.12347 	0.00522 	0.33309 	-0.05537 	-0.05964 	-0.00185 	-0.04582 	0.08536 	0.04877 	0.00713	0.03340
Replication52	 1.57113	0.99467	0.96312 	0.97176 	0.98373 	0.96839 	0.97773 	0.99944 	0.96159 	0.97016 	0.98489 	0.96447 	0.97892 	0.98548 	-0.17853 	-0.15073 	-0.16318 	0.30450 	0.00274 	0.39483 	-0.16371 	-0.13721 	0.02936 	-0.15178 	0.14916 	0.07491 	-0.05919 	-0.04997 	-0.05410 	-0.14829 	0.00091 	0.39162 	-0.05427 	-0.04549 	-0.00158 	-0.05032 	0.04945 	0.05908 	0.01036	0.03785
Replication53	 -1.51434	0.99645	0.97465 	0.98156 	0.99094 	0.97954 	0.98706 	1.00262 	0.97818 	0.98397 	0.99517 	0.98081 	1.00139 	0.99461 	-0.16423 	-0.13755 	-0.14818 	0.20795 	0.02304 	0.27600 	-0.17298 	-0.17150 	0.01851 	-0.13993 	0.36378 	0.04733 	-0.05425 	-0.04544 	-0.04895 	-0.09360 	0.00761 	0.27386 	-0.05714 	-0.05665 	-0.00210 	-0.04622 	0.12017 	0.03678 	0.00224	0.03407
Replication54	 -1.53991	0.99682	0.98130 	0.98507 	0.99209 	0.98399 	0.99046 	1.00333 	0.98163 	0.98668 	0.99655 	0.98235 	1.00262 	0.99601 	-0.11350 	-0.13470 	-0.16959 	0.18389 	0.02583 	0.24958 	-0.14419 	-0.12605 	0.01667 	-0.17342 	0.34260 	0.04293 	-0.03746 	-0.04446 	-0.05598 	-0.08626 	0.00853 	0.24766 	-0.04760 	-0.04161 	-0.00179 	-0.05725 	0.11309 	0.03348 	0.00005	0.03035
Replication55	 -1.51597	0.99651	0.97692 	0.98305 	0.99129 	0.98101 	0.98721 	1.00279 	0.97867 	0.98395 	0.99525 	0.98070 	1.00113 	0.99469 	-0.14135 	-0.11842 	-0.14955 	0.20257 	0.00000 	0.26976 	-0.16160 	-0.17410 	0.01829 	-0.14520 	0.35490 	0.04702 	-0.04669 	-0.03911 	-0.04940 	-0.09373 	0.00000 	0.26766 	-0.05338 	-0.05751 	-0.00196 	-0.04796 	0.11722 	0.03666 	0.00231	0.03181
Replication56	 -1.49184	0.99594	0.97163 	0.97923 	0.99004 	0.97669 	0.98460 	1.00195 	0.97444 	0.98020 	0.99230 	0.97626 	0.99326 	0.99222 	-0.16498 	-0.14021 	-0.11954 	0.23469 	0.01023 	0.30123 	-0.14565 	-0.15768 	0.02156 	-0.14200 	0.25274 	0.05461 	-0.05455 	-0.04636 	-0.03953 	-0.10965 	0.00338 	0.29879 	-0.04816 	-0.05214 	-0.00197 	-0.04695 	0.08357 	0.04256 	0.00501	0.02898
Replication57	 -1.46013	0.99538	0.97080 	0.97764 	0.98693 	0.97480 	0.98249 	1.00087 	0.96784 	0.97438 	0.98839 	0.96930 	0.98576 	0.98858 	-0.14393 	-0.12246 	-0.16128 	0.26234 	0.00000 	0.34139 	-0.14338 	-0.15871 	0.02537 	-0.16126 	0.20452 	0.06538 	-0.04765 	-0.04054 	-0.05339 	-0.13021 	0.00000 	0.33861 	-0.04746 	-0.05254 	-0.00146 	-0.05339 	0.06771 	0.05165 	0.00798	0.03133
Replication58	 -1.51586	0.99594	0.97281 	0.97946 	0.98936 	0.97713 	0.98437 	1.00187 	0.97522 	0.98137 	0.99236 	0.97773 	0.99306 	0.99239 	-0.15004 	-0.13757 	-0.14501 	0.23389 	0.00000 	0.30420 	-0.14877 	-0.13617 	0.02153 	-0.12366 	0.23002 	0.05414 	-0.04961 	-0.04549 	-0.04795 	-0.11050 	0.00000 	0.30176 	-0.04919 	-0.04503 	-0.00201 	-0.04089 	0.07606 	0.04210 	0.00257	0.02925
Replication59	 -1.48277	0.99522	0.96606 	0.97385 	0.98591 	0.97114 	0.97977 	1.00040 	0.96933 	0.97602 	0.98879 	0.97151 	0.98776 	0.98900 	-0.17308 	-0.16509 	-0.15687 	0.27575 	0.00000 	0.35890 	-0.15218 	-0.14845 	0.02559 	-0.14548 	0.22166 	0.06447 	-0.05732 	-0.05467 	-0.05195 	-0.12986 	0.00000 	0.35603 	-0.05039 	-0.04916 	-0.00213 	-0.04818 	0.07340 	0.05028 	0.00522	0.03606
Replication60	 -1.47792	0.99544	0.97057 	0.97620 	0.98684 	0.97410 	0.98201 	1.00084 	0.96865 	0.97623 	0.98934 	0.97115 	0.98851 	0.98945 	-0.13581 	-0.16352 	-0.16035 	0.26116 	0.00000 	0.34246 	-0.16730 	-0.13937 	0.02467 	-0.15836 	0.23940 	0.06293 	-0.04495 	-0.05412 	-0.05308 	-0.12638 	0.00000 	0.33971 	-0.05538 	-0.04613 	-0.00181 	-0.05242 	0.07924 	0.04938 	0.00591	0.03405
Replication61	 -1.50266	0.99628	0.97791 	0.98268 	0.99048 	0.98086 	0.98711 	1.00245 	0.97500 	0.98145 	0.99345 	0.97699 	0.99638 	0.99313 	-0.11579 	-0.12317 	-0.15603 	0.21266 	0.00000 	0.28224 	-0.16408 	-0.14749 	0.01995 	-0.16164 	0.30558 	0.05163 	-0.03826 	-0.04070 	-0.05156 	-0.10328 	0.00000 	0.28000 	-0.05422 	-0.04874 	-0.00164 	-0.05342 	0.10098 	0.04058 	0.00385	0.02973
Replication62	 1.57150	0.99429	0.96395 	0.97179 	0.98354 	0.96821 	0.97767 	0.99902 	0.95503 	0.96353 	0.98132 	0.95700 	0.96938 	0.98222 	-0.14903 	-0.14021 	-0.13142 	0.32068 	0.00000 	0.41053 	-0.14196 	-0.16393 	0.03242 	-0.16192 	0.05993 	0.08437 	-0.04944 	-0.04652 	-0.04360 	-0.16380 	0.00000 	0.40710 	-0.04710 	-0.05439 	-0.00069 	-0.05372 	0.01988 	0.06743 	0.01947	0.03515
Replication63	 -1.46119	0.99551	0.97013 	0.97741 	0.98822 	0.97469 	0.98286 	1.00118 	0.96879 	0.97582 	0.98946 	0.97157 	0.98743 	0.98960 	-0.15475 	-0.14068 	-0.12882 	0.25700 	0.00587 	0.32987 	-0.15965 	-0.16475 	0.02440 	-0.13458 	0.21173 	0.06239 	-0.05122 	-0.04656 	-0.04263 	-0.12446 	0.00194 	0.32717 	-0.05284 	-0.05453 	-0.00167 	-0.04454 	0.07007 	0.04905 	0.00803	0.02978
Replication64	 1.57146	0.99433	0.96174 	0.97092 	0.98378 	0.96709 	0.97687 	0.99905 	0.95589 	0.96474 	0.98210 	0.95786 	0.97159 	0.98291 	-0.17395 	-0.14512 	-0.12060 	0.32106 	0.00000 	0.40955 	-0.15082 	-0.15141 	0.03188 	-0.17470 	0.08993 	0.08243 	-0.05771 	-0.04814 	-0.04001 	-0.16000 	0.00000 	0.40615 	-0.05003 	-0.05023 	-0.00100 	-0.05795 	0.02983 	0.06560 	0.01825	0.03651
Replication65	 -1.46009	0.99527	0.96797 	0.97486 	0.98681 	0.97236 	0.98083 	1.00062 	0.96855 	0.97466 	0.98862 	0.97002 	0.98714 	0.98875 	-0.15366 	-0.16699 	-0.13728 	0.27149 	0.00000 	0.35069 	-0.14374 	-0.17344 	0.02555 	-0.15668 	0.22675 	0.06507 	-0.05088 	-0.05529 	-0.04546 	-0.13020 	0.00000 	0.34785 	-0.04759 	-0.05743 	-0.00190 	-0.05188 	0.07508 	0.05102 	0.00778	0.03332
Replication66	 -1.50227	0.99584	0.97175 	0.97888 	0.98914 	0.97648 	0.98494 	1.00174 	0.97444 	0.97997 	0.99155 	0.97565 	0.99109 	0.99165 	-0.16232 	-0.14349 	-0.14269 	0.23956 	0.02526 	0.30908 	-0.12948 	-0.13614 	0.02228 	-0.14567 	0.21129 	0.05630 	-0.05369 	-0.04746 	-0.04719 	-0.11373 	0.00835 	0.30658 	-0.04282 	-0.04503 	-0.00187 	-0.04818 	0.06988 	0.04394 	0.00398	0.02880
Replication67	 -1.52264	0.99592	0.96950 	0.97772 	0.98825 	0.97509 	0.98265 	1.00156 	0.97751 	0.98184 	0.99294 	0.97826 	0.99748 	0.99266 	-0.18310 	-0.14012 	-0.16460 	0.23889 	0.00000 	0.31572 	-0.13374 	-0.16715 	0.02129 	-0.15407 	0.31461 	0.05344 	-0.06055 	-0.04634 	-0.05443 	-0.10785 	0.00000 	0.31327 	-0.04423 	-0.05527 	-0.00241 	-0.05095 	0.10404 	0.04131 	0.00116	0.03658
Replication68	 1.57141	0.99438	0.96168 	0.96985 	0.98273 	0.96658 	0.97631 	0.99894 	0.95974 	0.96763 	0.98329 	0.96211 	0.97576 	0.98399 	-0.17069 	-0.16844 	-0.15831 	0.31995 	0.00000 	0.41372 	-0.14901 	-0.15898 	0.03108 	-0.14822 	0.12199 	0.07939 	-0.05662 	-0.05587 	-0.05251 	-0.15696 	0.00000 	0.41034 	-0.04943 	-0.05273 	-0.00152 	-0.04917 	0.04047 	0.06271 	0.01248	0.03870
Replication69	 -1.48199	0.99557	0.97133 	0.97790 	0.98800 	0.97550 	0.98424 	1.00128 	0.97146 	0.97697 	0.98974 	0.97284 	0.98756 	0.98995 	-0.15103 	-0.14635 	-0.15116 	0.25282 	0.02680 	0.32618 	-0.12750 	-0.15893 	0.02406 	-0.13709 	0.18686 	0.06136 	-0.04998 	-0.04843 	-0.05002 	-0.12334 	0.00887 	0.32352 	-0.04219 	-0.05259 	-0.00165 	-0.04537 	0.06184 	0.04820 	0.00602	0.02886
Replication70	 -1.45148	0.99529	0.96997 	0.97623 	0.98707 	0.97374 	0.98186 	1.00075 	0.96691 	0.97393 	0.98813 	0.96914 	0.98495 	0.98837 	-0.13788 	-0.15204 	-0.13972 	0.26812 	0.00000 	0.34607 	-0.15253 	-0.16280 	0.02577 	-0.14753 	0.19536 	0.06608 	-0.04565 	-0.05034 	-0.04626 	-0.13199 	0.00000 	0.34324 	-0.05050 	-0.05391 	-0.00157 	-0.04885 	0.06468 	0.05209 	0.00890	0.03092
Replication71	 -1.46969	0.99549	0.97206 	0.97804 	0.98775 	0.97559 	0.98320 	1.00113 	0.96886 	0.97582 	0.98910 	0.97107 	0.98614 	0.98934 	-0.13192 	-0.13710 	-0.14827 	0.25602 	0.00000 	0.33164 	-0.14872 	-0.14490 	0.02465 	-0.14377 	0.18646 	0.06313 	-0.04366 	-0.04538 	-0.04907 	-0.12685 	0.00000 	0.32893 	-0.04922 	-0.04796 	-0.00152 	-0.04758 	0.06171 	0.04974 	0.00723	0.02914
Replication72	 1.57106	0.99473	0.96587 	0.97288 	0.98457 	0.97005 	0.97974 	0.99970 	0.96141 	0.96900 	0.98468 	0.96305 	0.97784 	0.98524 	-0.15293 	-0.16290 	-0.15160 	0.29867 	0.01801 	0.38527 	-0.14405 	-0.15555 	0.02929 	-0.16663 	0.13956 	0.07547 	-0.05069 	-0.05400 	-0.05025 	-0.14869 	0.00597 	0.38210 	-0.04775 	-0.05156 	-0.00128 	-0.05523 	0.04626 	0.05982 	0.01262	0.03469
Replication73	 1.57093	0.99487	0.96553 	0.97267 	0.98468 	0.96991 	0.97885 	0.99980 	0.96186 	0.97171 	0.98598 	0.96559 	0.98087 	0.98648 	-0.15689 	-0.16704 	-0.15505 	0.29322 	0.00000 	0.38136 	-0.18638 	-0.11370 	0.02818 	-0.15751 	0.17156 	0.07188 	-0.05199 	-0.05535 	-0.05138 	-0.14273 	0.00000 	0.37827 	-0.06176 	-0.03768 	-0.00161 	-0.05220 	0.05685 	0.05663 	0.00963	0.03704
Replication74	 -1.47823	0.99532	0.96720 	0.97499 	0.98655 	0.97221 	0.98061 	1.00064 	0.96972 	0.97614 	0.98910 	0.97100 	0.98803 	0.98927 	-0.16981 	-0.15457 	-0.15108 	0.26948 	0.00000 	0.35007 	-0.14350 	-0.14245 	0.02513 	-0.16668 	0.22563 	0.06359 	-0.05622 	-0.05118 	-0.05002 	-0.12764 	0.00000 	0.34726 	-0.04751 	-0.04716 	-0.00201 	-0.05519 	0.07470 	0.04970 	0.00581	0.03473
Replication75	 -1.50384	0.99545	0.96895 	0.97550 	0.98667 	0.97322 	0.98132 	1.00082 	0.97239 	0.97808 	0.99002 	0.97399 	0.99001 	0.99015 	-0.15462 	-0.16572 	-0.16510 	0.26217 	0.00000 	0.34314 	-0.13748 	-0.14960 	0.02425 	-0.14126 	0.22653 	0.06098 	-0.05118 	-0.05485 	-0.05465 	-0.12409 	0.00000 	0.34040 	-0.04551 	-0.04952 	-0.00214 	-0.04676 	0.07498 	0.04746 	0.00329	0.03415
Replication76	 -1.49300	0.99572	0.97208 	0.97893 	0.98854 	0.97639 	0.98435 	1.00153 	0.97222 	0.97843 	0.99067 	0.97478 	0.98955 	0.99080 	-0.15179 	-0.13208 	-0.15123 	0.24473 	0.01376 	0.31686 	-0.14668 	-0.15533 	0.02311 	-0.12058 	0.20535 	0.05880 	-0.05022 	-0.04369 	-0.05003 	-0.11858 	0.00455 	0.31429 	-0.04853 	-0.05139 	-0.00172 	-0.03989 	0.06793 	0.04609 	0.00491	0.02881
Replication77	 -1.44156	0.99532	0.97081 	0.97793 	0.98701 	0.97500 	0.98375 	1.00086 	0.96469 	0.97324 	0.98740 	0.96736 	0.98183 	0.98783 	-0.15045 	-0.11956 	-0.15752 	0.26449 	0.02660 	0.34196 	-0.16181 	-0.12185 	0.02609 	-0.15733 	0.15187 	0.06752 	-0.04981 	-0.03959 	-0.05215 	-0.13310 	0.00881 	0.33915 	-0.05357 	-0.04034 	-0.00109 	-0.05209 	0.05028 	0.05362 	0.00999	0.03010
Replication78	 -1.51790	0.99584	0.97182 	0.97786 	0.98869 	0.97587 	0.98344 	1.00160 	0.97677 	0.98097 	0.99219 	0.97719 	0.99401 	0.99214 	-0.14618 	-0.16313 	-0.14839 	0.24063 	0.00000 	0.31415 	-0.11745 	-0.15691 	0.02192 	-0.14830 	0.25087 	0.05496 	-0.04835 	-0.05395 	-0.04908 	-0.11253 	0.00000 	0.31165 	-0.03885 	-0.05190 	-0.00222 	-0.04905 	0.08297 	0.04261 	0.00216	0.03131
Replication79	 -1.45282	0.99545	0.97079 	0.97757 	0.98763 	0.97497 	0.98356 	1.00105 	0.96713 	0.97464 	0.98871 	0.96942 	0.98588 	0.98889 	-0.14902 	-0.13922 	-0.14575 	0.25906 	0.02017 	0.33475 	-0.15980 	-0.14958 	0.02499 	-0.15796 	0.20671 	0.06443 	-0.04932 	-0.04608 	-0.04824 	-0.12757 	0.00668 	0.33201 	-0.05289 	-0.04951 	-0.00143 	-0.05228 	0.06842 	0.05091 	0.00878	0.03067
Replication80	 -1.47066	0.99517	0.96721 	0.97386 	0.98608 	0.97148 	0.98012 	1.00039 	0.96833 	0.97500 	0.98822 	0.96993 	0.98584 	0.98851 	-0.15330 	-0.17690 	-0.14705 	0.27739 	0.00000 	0.35956 	-0.14333 	-0.14320 	0.02607 	-0.15761 	0.19911 	0.06589 	-0.05077 	-0.05859 	-0.04870 	-0.13278 	0.00000 	0.35665 	-0.04747 	-0.04743 	-0.00196 	-0.05220 	0.06594 	0.05154 	0.00662	0.03424
Replication81	 -1.43326	0.99519	0.97051 	0.97614 	0.98659 	0.97375 	0.98193 	1.00057 	0.96441 	0.97211 	0.98721 	0.96677 	0.98330 	0.98746 	-0.12633 	-0.15262 	-0.14557 	0.27223 	0.00230 	0.35279 	-0.16197 	-0.16373 	0.02656 	-0.15958 	0.19788 	0.06872 	-0.04184 	-0.05054 	-0.04821 	-0.13615 	0.00076 	0.34990 	-0.05364 	-0.05422 	-0.00135 	-0.05285 	0.06553 	0.05443 	0.01066	0.03182
Replication82	 -1.48454	0.99540	0.96977 	0.97635 	0.98688 	0.97385 	0.98183 	1.00085 	0.97093 	0.97641 	0.98923 	0.97160 	0.98770 	0.98943 	-0.14822 	-0.14983 	-0.15891 	0.26296 	0.00000 	0.34224 	-0.12526 	-0.15057 	0.02482 	-0.16087 	0.20606 	0.06302 	-0.04907 	-0.04960 	-0.05261 	-0.12728 	0.00000 	0.33947 	-0.04147 	-0.04984 	-0.00185 	-0.05325 	0.06821 	0.04937 	0.00544	0.03210
Replication83	 -1.47421	0.99532	0.96949 	0.97586 	0.98683 	0.97344 	0.98165 	1.00075 	0.96971 	0.97552 	0.98871 	0.97069 	0.98629 	0.98897 	-0.14452 	-0.15768 	-0.15054 	0.26712 	0.00168 	0.34608 	-0.12882 	-0.15244 	0.02534 	-0.15639 	0.19231 	0.06440 	-0.04785 	-0.05220 	-0.04984 	-0.12986 	0.00056 	0.34327 	-0.04265 	-0.05047 	-0.00179 	-0.05178 	0.06367 	0.05052 	0.00653	0.03156
Replication84	 -1.47234	0.99556	0.97039 	0.97724 	0.98803 	0.97486 	0.98376 	1.00122 	0.97027 	0.97661 	0.98987 	0.97201 	0.98872 	0.98995 	-0.15719 	-0.15487 	-0.14296 	0.25425 	0.02605 	0.32832 	-0.14676 	-0.15864 	0.02401 	-0.15229 	0.22551 	0.06136 	-0.05202 	-0.05125 	-0.04731 	-0.12235 	0.00862 	0.32565 	-0.04857 	-0.05250 	-0.00173 	-0.05039 	0.07463 	0.04818 	0.00678	0.03096
Replication85	 -1.51269	0.99625	0.97521 	0.98133 	0.99019 	0.97925 	0.98588 	1.00232 	0.97614 	0.98250 	0.99391 	0.97861 	0.99805 	0.99355 	-0.14253 	-0.12936 	-0.15328 	0.21673 	0.00000 	0.28726 	-0.16940 	-0.15118 	0.01977 	-0.14837 	0.32245 	0.05051 	-0.04710 	-0.04275 	-0.05065 	-0.10130 	0.00000 	0.28500 	-0.05598 	-0.04996 	-0.00197 	-0.04903 	0.10656 	0.03939 	0.00260	0.03221
Replication86	 -1.42197	0.99528	0.96863 	0.97670 	0.98771 	0.97351 	0.98177 	1.00082 	0.96418 	0.97246 	0.98778 	0.96755 	0.98401 	0.98797 	-0.15924 	-0.12893 	-0.11638 	0.26889 	0.00000 	0.34333 	-0.17742 	-0.17250 	0.02599 	-0.14447 	0.20546 	0.06719 	-0.05273 	-0.04269 	-0.03853 	-0.13193 	0.00000 	0.34049 	-0.05875 	-0.05712 	-0.00140 	-0.04784 	0.06803 	0.05317 	0.01192	0.03070
Replication87	 1.57103	0.99477	0.96802 	0.97507 	0.98497 	0.97180 	0.98027 	0.99987 	0.96003 	0.96826 	0.98418 	0.96275 	0.97533 	0.98486 	-0.13893 	-0.12276 	-0.15281 	0.29380 	0.00000 	0.37876 	-0.15056 	-0.15617 	0.02946 	-0.14062 	0.09746 	0.07644 	-0.04605 	-0.04069 	-0.05065 	-0.15042 	0.00000 	0.37561 	-0.04990 	-0.05176 	-0.00089 	-0.04661 	0.03230 	0.06091 	0.01408	0.03185
Replication88	 1.57107	0.99472	0.96349 	0.97297 	0.98435 	0.96917 	0.97823 	0.99963 	0.96103 	0.96937 	0.98488 	0.96370 	0.97879 	0.98539 	-0.18451 	-0.12671 	-0.15350 	0.30068 	0.00000 	0.38799 	-0.16254 	-0.15478 	0.02921 	-0.15573 	0.15685 	0.07508 	-0.06116 	-0.04200 	-0.05088 	-0.14742 	0.00000 	0.38482 	-0.05388 	-0.05131 	-0.00141 	-0.05162 	0.05199 	0.05940 	0.01206	0.03654
Replication89	 1.57107	0.99472	0.96469 	0.97209 	0.98382 	0.96914 	0.97818 	0.99952 	0.96230 	0.97032 	0.98521 	0.96464 	0.98021 	0.98569 	-0.16006 	-0.16095 	-0.16835 	0.30072 	0.00000 	0.39175 	-0.15902 	-0.14834 	0.02902 	-0.16060 	0.17154 	0.07425 	-0.05306 	-0.05335 	-0.05580 	-0.14733 	0.00000 	0.38858 	-0.05271 	-0.04917 	-0.00160 	-0.05324 	0.05686 	0.05857 	0.00997	0.03775
Replication90	 -1.52191	0.99674	0.97836 	0.98486 	0.99338 	0.98275 	0.98912 	1.00342 	0.98003 	0.98609 	0.99623 	0.98213 	0.99986 	0.99589 	-0.14413 	-0.11233 	-0.11428 	0.18967 	0.00872 	0.24604 	-0.15541 	-0.12213 	0.01709 	-0.14475 	0.29047 	0.04340 	-0.04759 	-0.03709 	-0.03773 	-0.08738 	0.00288 	0.24408 	-0.05131 	-0.04032 	-0.00185 	-0.04779 	0.09590 	0.03371 	0.00234	0.02551
Replication91	 -1.52327	0.99597	0.97300 	0.97862 	0.98875 	0.97680 	0.98404 	1.00175 	0.97608 	0.98190 	0.99285 	0.97788 	0.99595 	0.99268 	-0.14141 	-0.15974 	-0.16167 	0.23321 	0.00000 	0.30867 	-0.15120 	-0.13960 	0.02117 	-0.14887 	0.28756 	0.05329 	-0.04676 	-0.05282 	-0.05346 	-0.10860 	0.00000 	0.30625 	-0.04999 	-0.04616 	-0.00219 	-0.04922 	0.09508 	0.04134 	0.00141	0.03347
Replication92	 -1.52947	0.99667	0.97853 	0.98342 	0.99124 	0.98196 	0.98814 	1.00297 	0.98260 	0.98657 	0.99637 	0.98357 	1.00351 	0.99580 	-0.13046 	-0.13345 	-0.17171 	0.19396 	0.00735 	0.26289 	-0.13797 	-0.16088 	0.01720 	-0.14632 	0.35478 	0.04375 	-0.04308 	-0.04406 	-0.05670 	-0.08870 	0.00243 	0.26089 	-0.04556 	-0.05312 	-0.00212 	-0.04831 	0.11715 	0.03386 	0.00087	0.03268
Replication93	 -1.53286	0.99639	0.97635 	0.98174 	0.99050 	0.98001 	0.98645 	1.00254 	0.97899 	0.98560 	0.99494 	0.98224 	0.99873 	0.99474 	-0.13571 	-0.13874 	-0.16122 	0.20938 	0.00000 	0.27878 	-0.16691 	-0.11346 	0.01880 	-0.11958 	0.28091 	0.04704 	-0.04483 	-0.04584 	-0.05326 	-0.09682 	0.00000 	0.27661 	-0.05514 	-0.03748 	-0.00213 	-0.03951 	0.09281 	0.03633 	0.00072	0.03071
Replication94	 -1.44592	0.99532	0.96737 	0.97624 	0.98732 	0.97290 	0.98120 	1.00079 	0.96593 	0.97423 	0.98846 	0.96961 	0.98589 	0.98864 	-0.17655 	-0.12675 	-0.13061 	0.26827 	0.00000 	0.34462 	-0.18058 	-0.15949 	0.02549 	-0.13659 	0.21617 	0.06530 	-0.05845 	-0.04196 	-0.04324 	-0.12901 	0.00000 	0.34181 	-0.05979 	-0.05280 	-0.00166 	-0.04522 	0.07157 	0.05141 	0.00929	0.03264
Replication95	 1.57087	0.99493	0.96869 	0.97619 	0.98585 	0.97279 	0.98105 	1.00020 	0.96125 	0.96917 	0.98505 	0.96366 	0.97719 	0.98562 	-0.14420 	-0.11216 	-0.14460 	0.28529 	0.00000 	0.36652 	-0.14938 	-0.16109 	0.02852 	-0.14748 	0.11828 	0.07414 	-0.04778 	-0.03716 	-0.04791 	-0.14562 	0.00000 	0.36347 	-0.04950 	-0.05338 	-0.00092 	-0.04887 	0.03919 	0.05906 	0.01383	0.03058
Replication96	 -1.53125	0.99670	0.97856 	0.98373 	0.99309 	0.98222 	0.98875 	1.00330 	0.98113 	0.98659 	0.99632 	0.98280 	1.00027 	0.99600 	-0.12894 	-0.14347 	-0.11466 	0.19242 	0.00825 	0.25051 	-0.14492 	-0.12245 	0.01716 	-0.14338 	0.28770 	0.04315 	-0.04257 	-0.04737 	-0.03786 	-0.08813 	0.00273 	0.24852 	-0.04785 	-0.04043 	-0.00202 	-0.04734 	0.09499 	0.03333 	0.00136	0.02601
Replication97	 -1.48038	0.99514	0.96570 	0.97376 	0.98608 	0.97087 	0.97966 	1.00037 	0.96895 	0.97575 	0.98820 	0.97201 	0.98483 	0.98865 	-0.17400 	-0.16226 	-0.14480 	0.27973 	0.00000 	0.36017 	-0.14683 	-0.14668 	0.02616 	-0.10893 	0.15764 	0.06555 	-0.05763 	-0.05374 	-0.04796 	-0.13285 	0.00000 	0.35725 	-0.04863 	-0.04858 	-0.00204 	-0.03608 	0.05221 	0.05112 	0.00576	0.03307
Replication98	 -1.51030	0.99585	0.97120 	0.97885 	0.98819 	0.97613 	0.98342 	1.00155 	0.97490 	0.98011 	0.99193 	0.97626 	0.99447 	0.99177 	-0.16687 	-0.12247 	-0.16962 	0.23976 	0.00000 	0.31599 	-0.14212 	-0.16334 	0.02204 	-0.14944 	0.28280 	0.05597 	-0.05519 	-0.04051 	-0.05610 	-0.11263 	0.00000 	0.31349 	-0.04700 	-0.05402 	-0.00205 	-0.04943 	0.09353 	0.04364 	0.00268	0.03374
Replication99	 -1.48110	0.99546	0.97048 	0.97704 	0.98661 	0.97449 	0.98217 	1.00087 	0.96891 	0.97612 	0.98934 	0.97174 	0.98894 	0.98939 	-0.14734 	-0.13673 	-0.17555 	0.25943 	0.00000 	0.34148 	-0.16784 	-0.15850 	0.02460 	-0.14298 	0.24595 	0.06304 	-0.04877 	-0.04526 	-0.05811 	-0.12614 	0.00000 	0.33875 	-0.05555 	-0.05246 	-0.00175 	-0.04732 	0.08141 	0.04955 	0.00556	0.03435