
Replication	FitnessValue	Frequency	Bus1	Bus2	Bus3	Bus4	Bus5	Bus6	Bus7	Bus8	Bus9	Bus10	Bus11	Bus12	Bus1_P	Bus2_P	Bus3_P	Bus4_P	Bus5_P	Bus6_P	Bus7_P	Bus8_P	Bus9_P	Bus10_P	Bus11_P	Bus12_P	Bus1_Q	Bus2_Q	Bus3_Q	Bus4_Q	Bus5_Q	Bus6_Q	Bus7_Q	Bus8_Q	Bus9_Q	Bus10_Q	Bus11_Q	Bus12_Q	PLoss	QLoss
Replication0	 -1.49564	0.99537	0.96839 	0.97492 	0.98647 	0.97264 	0.98092 	1.00069 	0.97237 	0.97720 	0.98959 	0.97260 	0.98935 	0.98973 	-0.15424 	-0.17116 	-0.16081 	0.26661 	0.00000 	0.34810 	-0.11874 	-0.15522 	0.02472 	-0.16320 	0.22577 	0.06226 	-0.05106 	-0.05666 	-0.05324 	-0.12639 	0.00000 	0.34531 	-0.03931 	-0.05138 	-0.00214 	-0.05403 	0.07474 	0.04851 	0.00409	0.03436
Replication1	 1.57165	0.99415	0.96075 	0.96944 	0.98295 	0.96578 	0.97590 	0.99869 	0.95509 	0.96480 	0.98099 	0.95836 	0.96722 	0.98222 	-0.16859 	-0.16202 	-0.12207 	0.33156 	0.00000 	0.42300 	-0.14866 	-0.11805 	0.03303 	-0.13477 	0.00000 	0.08460 	-0.05595 	-0.05377 	-0.04051 	-0.16556 	0.00000 	0.41948 	-0.04934 	-0.03918 	-0.00094 	-0.04472 	0.00000 	0.06721 	0.01804	0.03673
Replication2	 -1.46008	0.99561	0.97140 	0.97742 	0.98876 	0.97525 	0.98313 	1.00134 	0.96943 	0.97639 	0.99017 	0.97171 	0.98948 	0.99017 	-0.13669 	-0.16205 	-0.11852 	0.25161 	0.00000 	0.32390 	-0.16236 	-0.16529 	0.02371 	-0.15491 	0.24798 	0.06070 	-0.04523 	-0.05362 	-0.03922 	-0.12115 	0.00000 	0.32126 	-0.05372 	-0.05469 	-0.00177 	-0.05126 	0.08206 	0.04767 	0.00808	0.03032
Replication3	 1.57166	0.99413	0.96403 	0.97065 	0.98253 	0.96756 	0.97810 	0.99869 	0.95254 	0.96180 	0.98009 	0.95560 	0.96693 	0.98109 	-0.13815 	-0.16436 	-0.14632 	0.32876 	0.02348 	0.42316 	-0.15452 	-0.17052 	0.03357 	-0.14333 	0.04135 	0.08769 	-0.04585 	-0.05455 	-0.04856 	-0.16947 	0.00779 	0.41963 	-0.05128 	-0.05659 	-0.00048 	-0.04757 	0.01372 	0.07026 	0.02082	0.03707
Replication4	 -1.50584	0.99592	0.97302 	0.97939 	0.98890 	0.97723 	0.98530 	1.00178 	0.97497 	0.98014 	0.99194 	0.97552 	0.99320 	0.99187 	-0.15157 	-0.14283 	-0.15999 	0.23492 	0.02286 	0.30746 	-0.12983 	-0.14441 	0.02184 	-0.16623 	0.25560 	0.05561 	-0.05012 	-0.04723 	-0.05291 	-0.11189 	0.00756 	0.30500 	-0.04293 	-0.04776 	-0.00186 	-0.05497 	0.08453 	0.04347 	0.00342	0.03089
Replication5	 -1.52387	0.99666	0.97482 	0.98221 	0.99190 	0.98008 	0.98658 	1.00299 	0.98401 	0.98822 	0.99694 	0.98538 	1.00348 	0.99651 	-0.16966 	-0.13156 	-0.13803 	0.19803 	0.00000 	0.26198 	-0.13585 	-0.13735 	0.01692 	-0.13173 	0.32393 	0.04182 	-0.05602 	-0.04344 	-0.04558 	-0.08571 	0.00000 	0.25997 	-0.04486 	-0.04535 	-0.00247 	-0.04350 	0.10696 	0.03189 	0.00151	0.03190
Replication6	 -1.48113	0.99557	0.97137 	0.97712 	0.98802 	0.97502 	0.98291 	1.00120 	0.97054 	0.97723 	0.99011 	0.97316 	0.98924 	0.99020 	-0.13581 	-0.16267 	-0.14070 	0.25375 	0.00161 	0.32901 	-0.15668 	-0.15879 	0.02386 	-0.13370 	0.22537 	0.06067 	-0.04494 	-0.05383 	-0.04656 	-0.12244 	0.00053 	0.32634 	-0.05185 	-0.05255 	-0.00185 	-0.04425 	0.07458 	0.04751 	0.00592	0.03070
Replication7	 1.57089	0.99490	0.96643 	0.97419 	0.98574 	0.97103 	0.97982 	1.00009 	0.96355 	0.97095 	0.98586 	0.96657 	0.97949 	0.98640 	-0.15751 	-0.14430 	-0.13538 	0.28953 	0.00000 	0.37051 	-0.15015 	-0.17107 	0.02814 	-0.12062 	0.13017 	0.07205 	-0.05219 	-0.04781 	-0.04486 	-0.14324 	0.00000 	0.36744 	-0.04975 	-0.05669 	-0.00143 	-0.03997 	0.04313 	0.05691 	0.01136	0.03153
Replication8	 -1.48909	0.99551	0.97039 	0.97652 	0.98710 	0.97429 	0.98214 	1.00098 	0.97042 	0.97731 	0.98995 	0.97275 	0.98984 	0.99002 	-0.14441 	-0.15800 	-0.16128 	0.25751 	0.00000 	0.33750 	-0.15947 	-0.14628 	0.02411 	-0.14942 	0.24331 	0.06125 	-0.04779 	-0.05229 	-0.05338 	-0.12346 	0.00000 	0.33480 	-0.05278 	-0.04841 	-0.00193 	-0.04945 	0.08052 	0.04792 	0.00481	0.03375
Replication9	 -1.45659	0.99501	0.96469 	0.97279 	0.98528 	0.96988 	0.97885 	1.00005 	0.96674 	0.97328 	0.98746 	0.96920 	0.98561 	0.98767 	-0.17489 	-0.16632 	-0.15065 	0.28717 	0.00000 	0.37199 	-0.15467 	-0.18413 	0.02695 	-0.13620 	0.22014 	0.06842 	-0.05794 	-0.05510 	-0.04991 	-0.13656 	0.00000 	0.36899 	-0.05124 	-0.06100 	-0.00201 	-0.04512 	0.07293 	0.05360 	0.00781	0.03663
Replication10	 -1.47857	0.99565	0.97206 	0.97770 	0.98800 	0.97562 	0.98321 	1.00128 	0.97044 	0.97722 	0.99047 	0.97280 	0.99109 	0.99039 	-0.13400 	-0.15566 	-0.15033 	0.24922 	0.00000 	0.32619 	-0.16480 	-0.16510 	0.02343 	-0.15224 	0.26927 	0.06003 	-0.04434 	-0.05150 	-0.04974 	-0.12018 	0.00000 	0.32357 	-0.05453 	-0.05463 	-0.00182 	-0.05037 	0.08909 	0.04711 	0.00598	0.03266
Replication11	 -1.48989	0.99579	0.97266 	0.97936 	0.98885 	0.97684 	0.98423 	1.00163 	0.97257 	0.97860 	0.99105 	0.97400 	0.99072 	0.99108 	-0.14620 	-0.12823 	-0.14657 	0.24106 	0.00247 	0.31304 	-0.14134 	-0.14609 	0.02271 	-0.15507 	0.23142 	0.05796 	-0.04836 	-0.04241 	-0.04848 	-0.11658 	0.00082 	0.31050 	-0.04675 	-0.04832 	-0.00174 	-0.05129 	0.07655 	0.04545 	0.00517	0.02938
Replication12	 -1.51165	0.99601	0.97554 	0.98021 	0.98982 	0.97864 	0.98667 	1.00207 	0.97443 	0.98115 	0.99222 	0.97784 	0.99172 	0.99233 	-0.12491 	-0.16033 	-0.14621 	0.22825 	0.02659 	0.29645 	-0.15630 	-0.13502 	0.02141 	-0.10450 	0.20361 	0.05421 	-0.04130 	-0.05301 	-0.04834 	-0.11055 	0.00879 	0.29405 	-0.05168 	-0.04464 	-0.00174 	-0.03455 	0.06732 	0.04236 	0.00325	0.02670
Replication13	 -1.51395	0.99586	0.97196 	0.97712 	0.98792 	0.97556 	0.98306 	1.00142 	0.97447 	0.98083 	0.99242 	0.97701 	0.99661 	0.99214 	-0.13879 	-0.17968 	-0.16750 	0.24041 	0.00000 	0.32065 	-0.17073 	-0.15712 	0.02174 	-0.14719 	0.32525 	0.05494 	-0.04590 	-0.05942 	-0.05540 	-0.11112 	0.00000 	0.31816 	-0.05647 	-0.05196 	-0.00229 	-0.04868 	0.10757 	0.04264 	0.00198	0.03713
Replication14	 -1.43495	0.99531	0.97068 	0.97718 	0.98763 	0.97448 	0.98248 	1.00088 	0.96590 	0.97305 	0.98784 	0.96774 	0.98361 	0.98811 	-0.13574 	-0.13820 	-0.12809 	0.26575 	0.00000 	0.34092 	-0.14913 	-0.16036 	0.02586 	-0.15980 	0.18277 	0.06676 	-0.04494 	-0.04576 	-0.04241 	-0.13243 	0.00000 	0.33810 	-0.04938 	-0.05309 	-0.00135 	-0.05291 	0.06051 	0.05284 	0.01075	0.02919
Replication15	 -1.53767	0.99646	0.97590 	0.98093 	0.99119 	0.97964 	0.98683 	1.00267 	0.98042 	0.98612 	0.99558 	0.98258 	1.00040 	0.99528 	-0.13752 	-0.17001 	-0.13970 	0.20730 	0.01245 	0.27396 	-0.15397 	-0.12350 	0.01825 	-0.13706 	0.30414 	0.04547 	-0.04543 	-0.05616 	-0.04615 	-0.09331 	0.00411 	0.27183 	-0.05086 	-0.04080 	-0.00230 	-0.04527 	0.10047 	0.03495 	0.00021	0.03109
Replication16	 -1.52810	0.99633	0.97413 	0.98057 	0.99109 	0.97873 	0.98645 	1.00253 	0.97988 	0.98449 	0.99478 	0.98126 	0.99864 	0.99452 	-0.15680 	-0.15654 	-0.13010 	0.21455 	0.01888 	0.27917 	-0.13470 	-0.15106 	0.01907 	-0.13494 	0.28604 	0.04773 	-0.05181 	-0.05172 	-0.04299 	-0.09715 	0.00624 	0.27697 	-0.04451 	-0.04991 	-0.00223 	-0.04459 	0.09451 	0.03683 	0.00131	0.02963
Replication17	 -1.47991	0.99556	0.97084 	0.97758 	0.98783 	0.97522 	0.98450 	1.00122 	0.97024 	0.97698 	0.98957 	0.97197 	0.98690 	0.98983 	-0.15791 	-0.15121 	-0.15414 	0.25397 	0.03887 	0.32819 	-0.14109 	-0.12846 	0.02420 	-0.15127 	0.18328 	0.06169 	-0.05226 	-0.05004 	-0.05101 	-0.12341 	0.01286 	0.32551 	-0.04669 	-0.04251 	-0.00159 	-0.05006 	0.06065 	0.04849 	0.00612	0.02995
Replication18	 1.57104	0.99475	0.96462 	0.97215 	0.98495 	0.96922 	0.97848 	0.99973 	0.96179 	0.97021 	0.98534 	0.96534 	0.97922 	0.98588 	-0.15941 	-0.17008 	-0.13339 	0.29934 	0.00000 	0.38423 	-0.16790 	-0.16084 	0.02887 	-0.12972 	0.14688 	0.07369 	-0.05284 	-0.05637 	-0.04421 	-0.14626 	0.00000 	0.38107 	-0.05565 	-0.05331 	-0.00158 	-0.04300 	0.04869 	0.05811 	0.01168	0.03464
Replication19	 -1.52357	0.99591	0.97067 	0.97703 	0.98857 	0.97516 	0.98286 	1.00158 	0.97762 	0.98207 	0.99300 	0.97835 	0.99705 	0.99278 	-0.15760 	-0.17597 	-0.15054 	0.23914 	0.00000 	0.31491 	-0.13190 	-0.15852 	0.02128 	-0.15415 	0.30144 	0.05312 	-0.05212 	-0.05819 	-0.04978 	-0.10837 	0.00000 	0.31245 	-0.04362 	-0.05242 	-0.00247 	-0.05098 	0.09968 	0.04097 	0.00121	0.03515
Replication20	 -1.48691	0.99559	0.97120 	0.97757 	0.98811 	0.97520 	0.98295 	1.00126 	0.97101 	0.97780 	0.99015 	0.97312 	0.98853 	0.99035 	-0.14348 	-0.14891 	-0.14219 	0.25247 	0.00000 	0.32688 	-0.14818 	-0.13322 	0.02377 	-0.14512 	0.20315 	0.06024 	-0.04748 	-0.04927 	-0.04705 	-0.12185 	0.00000 	0.32423 	-0.04903 	-0.04408 	-0.00181 	-0.04802 	0.06722 	0.04714 	0.00541	0.02998
Replication21	 -1.48774	0.99560	0.96931 	0.97626 	0.98819 	0.97394 	0.98206 	1.00120 	0.97102 	0.97854 	0.99071 	0.97381 	0.99046 	0.99080 	-0.15813 	-0.16744 	-0.12978 	0.25438 	0.00000 	0.32910 	-0.16731 	-0.12833 	0.02343 	-0.14711 	0.23728 	0.05898 	-0.05232 	-0.05541 	-0.04295 	-0.11903 	0.00000 	0.32646 	-0.05536 	-0.04246 	-0.00209 	-0.04868 	0.07852 	0.04591 	0.00507	0.03259
Replication22	 -1.42412	0.99522	0.96922 	0.97657 	0.98735 	0.97357 	0.98178 	1.00071 	0.96397 	0.97244 	0.98723 	0.96563 	0.98171 	0.98762 	-0.14818 	-0.13341 	-0.12258 	0.27126 	0.00000 	0.34751 	-0.15691 	-0.11939 	0.02646 	-0.18815 	0.16688 	0.06823 	-0.04907 	-0.04418 	-0.04059 	-0.13450 	0.00000 	0.34463 	-0.05196 	-0.03953 	-0.00127 	-0.06231 	0.05526 	0.05404 	0.01172	0.03052
Replication23	 -1.48235	0.99552	0.97027 	0.97659 	0.98785 	0.97432 	0.98232 	1.00111 	0.97164 	0.97711 	0.99007 	0.97334 	0.98959 	0.99014 	-0.14509 	-0.16233 	-0.13880 	0.25696 	0.00000 	0.33231 	-0.13833 	-0.17612 	0.02401 	-0.13578 	0.22804 	0.06089 	-0.04802 	-0.05372 	-0.04593 	-0.12303 	0.00000 	0.32962 	-0.04578 	-0.05829 	-0.00196 	-0.04494 	0.07547 	0.04760 	0.00577	0.03101
Replication24	 1.57152	0.99427	0.96559 	0.97248 	0.98333 	0.96930 	0.98042 	0.99904 	0.95236 	0.96216 	0.98018 	0.95551 	0.96530 	0.98130 	-0.14304 	-0.14861 	-0.14628 	0.31947 	0.04846 	0.41009 	-0.15200 	-0.14645 	0.03311 	-0.14324 	0.00340 	0.08692 	-0.04746 	-0.04931 	-0.04853 	-0.16669 	0.01608 	0.40664 	-0.05043 	-0.04859 	-0.00011 	-0.04752 	0.00113 	0.06991 	0.02184	0.03513
Replication25	 1.57085	0.99495	0.96518 	0.97284 	0.98611 	0.97002 	0.97919 	1.00013 	0.96556 	0.97243 	0.98672 	0.96738 	0.98158 	0.98720 	-0.16315 	-0.17510 	-0.11782 	0.28962 	0.00000 	0.36923 	-0.13896 	-0.15456 	0.02754 	-0.14710 	0.15068 	0.06978 	-0.05406 	-0.05802 	-0.03904 	-0.13955 	0.00000 	0.36619 	-0.04604 	-0.05121 	-0.00179 	-0.04874 	0.04993 	0.05477 	0.01016	0.03245
Replication26	 -1.48208	0.99567	0.97308 	0.97804 	0.98752 	0.97614 	0.98348 	1.00123 	0.96983 	0.97721 	0.99041 	0.97226 	0.99144 	0.99030 	-0.12412 	-0.15336 	-0.16969 	0.24749 	0.00000 	0.32799 	-0.17376 	-0.15122 	0.02341 	-0.16556 	0.28401 	0.06027 	-0.04107 	-0.05074 	-0.05614 	-0.12039 	0.00000 	0.32538 	-0.05749 	-0.05003 	-0.00173 	-0.05478 	0.09396 	0.04740 	0.00546	0.03438
Replication27	 -1.45423	0.99510	0.96626 	0.97337 	0.98629 	0.97084 	0.97974 	1.00032 	0.96784 	0.97376 	0.98784 	0.96931 	0.98532 	0.98810 	-0.15846 	-0.17958 	-0.13006 	0.28160 	0.00000 	0.36185 	-0.13705 	-0.17723 	0.02648 	-0.14788 	0.20157 	0.06712 	-0.05249 	-0.05948 	-0.04308 	-0.13460 	0.00000 	0.35890 	-0.04539 	-0.05870 	-0.00196 	-0.04898 	0.06677 	0.05256 	0.00836	0.03353
Replication28	 -1.52389	0.99596	0.97161 	0.97835 	0.98888 	0.97619 	0.98360 	1.00174 	0.97734 	0.98208 	0.99296 	0.97814 	0.99617 	0.99280 	-0.15850 	-0.15294 	-0.15413 	0.23488 	0.00000 	0.30878 	-0.13157 	-0.14793 	0.02114 	-0.15440 	0.28305 	0.05300 	-0.05241 	-0.05057 	-0.05096 	-0.10798 	0.00000 	0.30635 	-0.04351 	-0.04892 	-0.00229 	-0.05105 	0.09359 	0.04100 	0.00137	0.03326
Replication29	 -1.52906	0.99634	0.97300 	0.98096 	0.99090 	0.97856 	0.98644 	1.00253 	0.98006 	0.98459 	0.99476 	0.98071 	0.99863 	0.99451 	-0.17976 	-0.13254 	-0.13920 	0.21440 	0.02412 	0.27939 	-0.12818 	-0.13723 	0.01905 	-0.15427 	0.28757 	0.04777 	-0.05939 	-0.04379 	-0.04599 	-0.09639 	0.00797 	0.27719 	-0.04235 	-0.04534 	-0.00219 	-0.05097 	0.09502 	0.03690 	0.00111	0.03065
Replication30	 -1.48747	0.99619	0.97459 	0.98151 	0.99130 	0.97933 	0.98825 	1.00250 	0.97359 	0.98096 	0.99288 	0.97688 	0.99286 	0.99283 	-0.16010 	-0.13890 	-0.12000 	0.21933 	0.05029 	0.28038 	-0.16934 	-0.13561 	0.02053 	-0.12913 	0.23572 	0.05257 	-0.05291 	-0.04591 	-0.03966 	-0.10421 	0.01662 	0.27809 	-0.05597 	-0.04482 	-0.00159 	-0.04268 	0.07791 	0.04125 	0.00574	0.02612
Replication31	 -1.45565	0.99525	0.97027 	0.97633 	0.98662 	0.97387 	0.98231 	1.00067 	0.96738 	0.97363 	0.98775 	0.96915 	0.98404 	0.98805 	-0.13693 	-0.14938 	-0.15465 	0.26968 	0.01032 	0.34895 	-0.13755 	-0.17012 	0.02611 	-0.14100 	0.17607 	0.06702 	-0.04534 	-0.04946 	-0.05121 	-0.13404 	0.00342 	0.34609 	-0.04555 	-0.05633 	-0.00149 	-0.04669 	0.05830 	0.05290 	0.00851	0.03059
Replication32	 -1.50075	0.99602	0.97303 	0.97977 	0.98995 	0.97750 	0.98502 	1.00202 	0.97478 	0.98087 	0.99266 	0.97690 	0.99430 	0.99253 	-0.15224 	-0.14144 	-0.13264 	0.23005 	0.00742 	0.29833 	-0.15341 	-0.15071 	0.02115 	-0.14233 	0.26624 	0.05364 	-0.05033 	-0.04676 	-0.04385 	-0.10805 	0.00245 	0.29594 	-0.05072 	-0.04983 	-0.00196 	-0.04706 	0.08802 	0.04182 	0.00405	0.02966
Replication33	 -1.53234	0.99625	0.97270 	0.97959 	0.98991 	0.97754 	0.98461 	1.00221 	0.97963 	0.98501 	0.99472 	0.98220 	0.99967 	0.99445 	-0.16375 	-0.14970 	-0.15210 	0.22031 	0.00000 	0.29137 	-0.15484 	-0.14513 	0.01934 	-0.11930 	0.30523 	0.04807 	-0.05412 	-0.04947 	-0.05026 	-0.09845 	0.00000 	0.28911 	-0.05117 	-0.04796 	-0.00244 	-0.03943 	0.10087 	0.03692 	0.00049	0.03360
Replication34	 -1.48121	0.99547	0.97102 	0.97639 	0.98713 	0.97439 	0.98227 	1.00093 	0.96864 	0.97674 	0.98949 	0.97177 	0.98814 	0.98966 	-0.13165 	-0.16699 	-0.15544 	0.25924 	0.00000 	0.33919 	-0.17366 	-0.12807 	0.02449 	-0.14737 	0.22365 	0.06229 	-0.04358 	-0.05527 	-0.05145 	-0.12557 	0.00000 	0.33646 	-0.05748 	-0.04239 	-0.00180 	-0.04878 	0.07402 	0.04883 	0.00568	0.03301
Replication35	 -1.50419	0.99536	0.96873 	0.97519 	0.98615 	0.97290 	0.98134 	1.00066 	0.97113 	0.97762 	0.98932 	0.97324 	0.98779 	0.98962 	-0.15466 	-0.16556 	-0.17382 	0.26673 	0.00734 	0.34925 	-0.14213 	-0.12779 	0.02491 	-0.13576 	0.19218 	0.06257 	-0.05120 	-0.05481 	-0.05755 	-0.12745 	0.00243 	0.34646 	-0.04705 	-0.04231 	-0.00203 	-0.04494 	0.06362 	0.04878 	0.00327	0.03396
Replication36	 -1.46623	0.99569	0.97332 	0.97928 	0.98838 	0.97717 	0.98674 	1.00152 	0.96878 	0.97639 	0.98966 	0.97079 	0.98696 	0.98983 	-0.14656 	-0.14492 	-0.16039 	0.24449 	0.05879 	0.31731 	-0.15614 	-0.12520 	0.02375 	-0.16558 	0.20052 	0.06149 	-0.04849 	-0.04795 	-0.05306 	-0.12124 	0.01945 	0.31472 	-0.05166 	-0.04142 	-0.00124 	-0.05478 	0.06634 	0.04870 	0.00756	0.02937
Replication37	 -1.50210	0.99585	0.97394 	0.97963 	0.98915 	0.97748 	0.98466 	1.00176 	0.97357 	0.97976 	0.99146 	0.97543 	0.99084 	0.99156 	-0.13147 	-0.13957 	-0.14578 	0.23706 	0.00000 	0.30811 	-0.14143 	-0.13346 	0.02229 	-0.14088 	0.21268 	0.05653 	-0.04348 	-0.04616 	-0.04821 	-0.11498 	0.00000 	0.30562 	-0.04678 	-0.04414 	-0.00177 	-0.04659 	0.07034 	0.04422 	0.00407	0.02806
Replication38	 -1.45407	0.99524	0.96775 	0.97451 	0.98690 	0.97211 	0.98084 	1.00059 	0.96757 	0.97447 	0.98841 	0.96894 	0.98613 	0.98861 	-0.15274 	-0.17555 	-0.12916 	0.27304 	0.00351 	0.35182 	-0.14836 	-0.14810 	0.02575 	-0.17328 	0.21597 	0.06550 	-0.05058 	-0.05813 	-0.04277 	-0.13080 	0.00116 	0.34896 	-0.04913 	-0.04904 	-0.00185 	-0.05738 	0.07151 	0.05137 	0.00839	0.03333
Replication39	 -1.45185	0.99516	0.96745 	0.97562 	0.98592 	0.97239 	0.98065 	1.00042 	0.96625 	0.97312 	0.98752 	0.96838 	0.98474 	0.98774 	-0.16705 	-0.12593 	-0.16098 	0.27610 	0.00000 	0.35844 	-0.15279 	-0.17029 	0.02648 	-0.15007 	0.20664 	0.06800 	-0.05533 	-0.04171 	-0.05332 	-0.13491 	0.00000 	0.35553 	-0.05060 	-0.05640 	-0.00161 	-0.04970 	0.06844 	0.05362 	0.00855	0.03403
Replication40	 -1.50911	0.99597	0.97539 	0.97941 	0.98919 	0.97801 	0.98505 	1.00185 	0.97526 	0.98072 	0.99233 	0.97568 	0.99401 	0.99223 	-0.11201 	-0.16697 	-0.15278 	0.23110 	0.00000 	0.30468 	-0.13348 	-0.13239 	0.02146 	-0.17776 	0.26671 	0.05454 	-0.03704 	-0.05521 	-0.05052 	-0.11102 	0.00000 	0.30226 	-0.04413 	-0.04377 	-0.00192 	-0.05878 	0.08819 	0.04257 	0.00311	0.03064
Replication41	 -1.50355	0.99579	0.97219 	0.97904 	0.98860 	0.97656 	0.98436 	1.00160 	0.97391 	0.97946 	0.99119 	0.97505 	0.99077 	0.99129 	-0.15357 	-0.13276 	-0.15557 	0.24163 	0.01183 	0.31415 	-0.13006 	-0.13780 	0.02263 	-0.14894 	0.21489 	0.05737 	-0.05080 	-0.04391 	-0.05146 	-0.11609 	0.00391 	0.31161 	-0.04302 	-0.04558 	-0.00182 	-0.04927 	0.07108 	0.04485 	0.00378	0.02951
Replication42	 -1.49806	0.99587	0.97296 	0.97907 	0.98927 	0.97689 	0.98425 	1.00175 	0.97471 	0.97974 	0.99177 	0.97495 	0.99238 	0.99175 	-0.14027 	-0.14654 	-0.13772 	0.23768 	0.00000 	0.30849 	-0.12391 	-0.14468 	0.02208 	-0.17037 	0.24358 	0.05601 	-0.04639 	-0.04846 	-0.04555 	-0.11341 	0.00000 	0.30600 	-0.04098 	-0.04785 	-0.00191 	-0.05634 	0.08056 	0.04373 	0.00435	0.02939
Replication43	 1.57125	0.99455	0.96266 	0.97148 	0.98357 	0.96795 	0.97746 	0.99929 	0.96048 	0.96848 	0.98394 	0.96182 	0.97647 	0.98461 	-0.17781 	-0.14735 	-0.15508 	0.31030 	0.00326 	0.40074 	-0.14260 	-0.13354 	0.03023 	-0.18013 	0.12701 	0.07746 	-0.05896 	-0.04886 	-0.05142 	-0.15245 	0.00108 	0.39746 	-0.04729 	-0.04428 	-0.00139 	-0.05973 	0.04212 	0.06127 	0.01249	0.03754
Replication44	 1.57089	0.99491	0.96723 	0.97441 	0.98571 	0.97141 	0.98010 	1.00010 	0.96342 	0.97040 	0.98577 	0.96540 	0.97973 	0.98624 	-0.14807 	-0.14653 	-0.13812 	0.28852 	0.00000 	0.37026 	-0.14178 	-0.17321 	0.02818 	-0.14570 	0.14590 	0.07247 	-0.04907 	-0.04855 	-0.04577 	-0.14368 	0.00000 	0.36719 	-0.04698 	-0.05739 	-0.00136 	-0.04828 	0.04834 	0.05736 	0.01191	0.03181
Replication45	 -1.49919	0.99579	0.97403 	0.97883 	0.98881 	0.97704 	0.98435 	1.00162 	0.97387 	0.97907 	0.99128 	0.97551 	0.99144 	0.99129 	-0.12024 	-0.15830 	-0.14718 	0.24055 	0.00000 	0.31333 	-0.13435 	-0.16815 	0.02257 	-0.13128 	0.22998 	0.05737 	-0.03977 	-0.05236 	-0.04868 	-0.11682 	0.00000 	0.31080 	-0.04444 	-0.05562 	-0.00185 	-0.04342 	0.07607 	0.04487 	0.00430	0.02876
Replication46	 -1.51658	0.99638	0.97413 	0.98059 	0.99104 	0.97875 	0.98605 	1.00252 	0.97745 	0.98426 	0.99503 	0.98087 	1.00027 	0.99460 	-0.15592 	-0.15469 	-0.13087 	0.21240 	0.00977 	0.27968 	-0.18384 	-0.14734 	0.01879 	-0.13280 	0.33950 	0.04744 	-0.05151 	-0.05111 	-0.04324 	-0.09510 	0.00323 	0.27750 	-0.06074 	-0.04868 	-0.00223 	-0.04388 	0.11217 	0.03669 	0.00212	0.03310
Replication47	 1.57204	0.99398	0.96179 	0.96968 	0.98210 	0.96614 	0.97714 	0.99839 	0.94875 	0.95943 	0.97897 	0.95237 	0.96502 	0.97997 	-0.15559 	-0.15772 	-0.13551 	0.33804 	0.02613 	0.43442 	-0.17606 	-0.16798 	0.03464 	-0.16021 	0.05296 	0.09099 	-0.05165 	-0.05236 	-0.04499 	-0.17341 	0.00867 	0.43080 	-0.05845 	-0.05577 	-0.00031 	-0.05318 	0.01758 	0.07311 	0.02412	0.04004
Replication48	 1.57129	0.99450	0.96366 	0.97173 	0.98402 	0.96835 	0.97776 	0.99932 	0.95947 	0.96793 	0.98327 	0.96118 	0.97299 	0.98419 	-0.16140 	-0.15259 	-0.13705 	0.31159 	0.00000 	0.39948 	-0.13640 	-0.11605 	0.03074 	-0.16552 	0.06271 	0.07867 	-0.05352 	-0.05060 	-0.04545 	-0.15523 	0.00000 	0.39618 	-0.04523 	-0.03849 	-0.00117 	-0.05489 	0.02080 	0.06234 	0.01417	0.03473
Replication49	 1.57116	0.99463	0.96791 	0.97276 	0.98463 	0.97047 	0.97945 	0.99959 	0.95919 	0.96794 	0.98374 	0.96161 	0.97424 	0.98452 	-0.11246 	-0.18038 	-0.13753 	0.30199 	0.00000 	0.38925 	-0.15062 	-0.13330 	0.03010 	-0.15723 	0.08708 	0.07757 	-0.03729 	-0.05980 	-0.04560 	-0.15362 	0.00000 	0.38602 	-0.04994 	-0.04419 	-0.00104 	-0.05213 	0.02887 	0.06163 	0.01448	0.03292
Replication50	 -1.51578	0.99567	0.96996 	0.97708 	0.98718 	0.97461 	0.98226 	1.00116 	0.97378 	0.97973 	0.99119 	0.97581 	0.99290 	0.99117 	-0.16318 	-0.14409 	-0.17670 	0.25026 	0.00000 	0.33046 	-0.14976 	-0.14675 	0.02297 	-0.14051 	0.26142 	0.05788 	-0.05399 	-0.04767 	-0.05846 	-0.11741 	0.00000 	0.32786 	-0.04955 	-0.04855 	-0.00216 	-0.04649 	0.08649 	0.04502 	0.00200	0.03509
Replication51	 -1.47925	0.99583	0.97194 	0.97854 	0.98852 	0.97623 	0.98361 	1.00152 	0.96986 	0.97855 	0.99149 	0.97362 	0.99364 	0.99126 	-0.14974 	-0.14199 	-0.15054 	0.24022 	0.00000 	0.31692 	-0.20257 	-0.14073 	0.02232 	-0.15996 	0.31432 	0.05737 	-0.04952 	-0.04696 	-0.04979 	-0.11346 	0.00000 	0.31442 	-0.06700 	-0.04654 	-0.00185 	-0.05290 	0.10396 	0.04500 	0.00565	0.03534
Replication52	 -1.45856	0.99527	0.96962 	0.97549 	0.98691 	0.97324 	0.98163 	1.00068 	0.96814 	0.97433 	0.98830 	0.96973 	0.98567 	0.98853 	-0.13622 	-0.16858 	-0.14014 	0.26980 	0.00281 	0.34840 	-0.14009 	-0.16947 	0.02573 	-0.14936 	0.19956 	0.06569 	-0.04510 	-0.05582 	-0.04640 	-0.13182 	0.00093 	0.34556 	-0.04639 	-0.05611 	-0.00172 	-0.04945 	0.06608 	0.05164 	0.00813	0.03138
Replication53	 -1.47839	0.99566	0.97242 	0.97868 	0.98820 	0.97624 	0.98365 	1.00137 	0.97044 	0.97716 	0.99021 	0.97207 	0.98937 	0.99026 	-0.13863 	-0.13338 	-0.15122 	0.24764 	0.00000 	0.32274 	-0.15108 	-0.14327 	0.02354 	-0.16474 	0.23424 	0.06037 	-0.04587 	-0.04413 	-0.05003 	-0.12089 	0.00000 	0.32013 	-0.04999 	-0.04740 	-0.00165 	-0.05451 	0.07750 	0.04748 	0.00620	0.03064
Replication54	 -1.45901	0.99565	0.97012 	0.97841 	0.98917 	0.97534 	0.98317 	1.00147 	0.96974 	0.97674 	0.99019 	0.97138 	0.98835 	0.99029 	-0.16620 	-0.12408 	-0.11302 	0.24987 	0.00000 	0.31887 	-0.15150 	-0.14117 	0.02359 	-0.16779 	0.21943 	0.06032 	-0.05499 	-0.04105 	-0.03739 	-0.11978 	0.00000 	0.31625 	-0.05013 	-0.04671 	-0.00167 	-0.05552 	0.07260 	0.04739 	0.00833	0.02900
Replication55	 -1.44803	0.99501	0.96645 	0.97326 	0.98507 	0.97069 	0.97942 	1.00003 	0.96508 	0.97250 	0.98703 	0.96678 	0.98462 	0.98725 	-0.15397 	-0.16947 	-0.15973 	0.28580 	0.00000 	0.37303 	-0.15841 	-0.15351 	0.02720 	-0.17701 	0.22513 	0.06956 	-0.05101 	-0.05614 	-0.05292 	-0.13824 	0.00000 	0.37002 	-0.05248 	-0.05086 	-0.00178 	-0.05864 	0.07458 	0.05473 	0.00861	0.03726
Replication56	 -1.49732	0.99575	0.97340 	0.97752 	0.98769 	0.97617 	0.98409 	1.00133 	0.97189 	0.97875 	0.99119 	0.97414 	0.99323 	0.99104 	-0.12078 	-0.18092 	-0.17142 	0.24385 	0.01335 	0.32409 	-0.16795 	-0.14930 	0.02273 	-0.16048 	0.29259 	0.05810 	-0.03995 	-0.05985 	-0.05671 	-0.11686 	0.00442 	0.32154 	-0.05556 	-0.04939 	-0.00192 	-0.05308 	0.09679 	0.04549 	0.00387	0.03490
Replication57	 1.57083	0.99497	0.96833 	0.97501 	0.98550 	0.97215 	0.98055 	1.00015 	0.96371 	0.97101 	0.98597 	0.96507 	0.98020 	0.98644 	-0.14092 	-0.14172 	-0.15431 	0.28461 	0.00000 	0.36841 	-0.14076 	-0.14670 	0.02789 	-0.17004 	0.15259 	0.07184 	-0.04669 	-0.04696 	-0.05113 	-0.14252 	0.00000 	0.36539 	-0.04664 	-0.04860 	-0.00130 	-0.05634 	0.05055 	0.05690 	0.01088	0.03267
Replication58	 1.57185	0.99394	0.96026 	0.96907 	0.98232 	0.96516 	0.97542 	0.99836 	0.95203 	0.96111 	0.97928 	0.95411 	0.96425 	0.98049 	-0.16422 	-0.15238 	-0.11906 	0.34137 	0.00000 	0.43550 	-0.13629 	-0.14846 	0.03457 	-0.15830 	0.00000 	0.08961 	-0.05452 	-0.05059 	-0.03953 	-0.17306 	0.00000 	0.43186 	-0.04525 	-0.04929 	-0.00058 	-0.05255 	0.00000 	0.07162 	0.02236	0.03811
Replication59	 -1.46637	0.99542	0.97054 	0.97731 	0.98751 	0.97463 	0.98248 	1.00100 	0.96860 	0.97538 	0.98892 	0.97127 	0.98631 	0.98913 	-0.14500 	-0.13658 	-0.14513 	0.26071 	0.00000 	0.33672 	-0.15264 	-0.16488 	0.02494 	-0.12890 	0.19443 	0.06380 	-0.04800 	-0.04521 	-0.04804 	-0.12793 	0.00000 	0.33397 	-0.05053 	-0.05458 	-0.00162 	-0.04267 	0.06436 	0.05021 	0.00748	0.02997
Replication60	 -1.49452	0.99563	0.97082 	0.97645 	0.98773 	0.97456 	0.98244 	1.00117 	0.97253 	0.97840 	0.99088 	0.97431 	0.99226 	0.99082 	-0.14001 	-0.17541 	-0.15028 	0.25215 	0.00000 	0.33013 	-0.15019 	-0.16427 	0.02326 	-0.14913 	0.26912 	0.05890 	-0.04633 	-0.05804 	-0.04972 	-0.11913 	0.00000 	0.32750 	-0.04970 	-0.05435 	-0.00211 	-0.04934 	0.08905 	0.04591 	0.00427	0.03373
Replication61	 -1.44704	0.99546	0.97046 	0.97732 	0.98763 	0.97466 	0.98250 	1.00100 	0.96603 	0.97458 	0.98894 	0.96886 	0.98721 	0.98900 	-0.14638 	-0.13749 	-0.13969 	0.25914 	0.00000 	0.33656 	-0.18211 	-0.14311 	0.02483 	-0.17192 	0.24520 	0.06411 	-0.04845 	-0.04551 	-0.04624 	-0.12646 	0.00000 	0.33383 	-0.06028 	-0.04737 	-0.00153 	-0.05690 	0.08116 	0.05062 	0.00915	0.03289
Replication62	 -1.48787	0.99541	0.96912 	0.97560 	0.98718 	0.97328 	0.98151 	1.00086 	0.97079 	0.97716 	0.98950 	0.97265 	0.98772 	0.98976 	-0.14969 	-0.16741 	-0.14438 	0.26393 	0.00000 	0.34169 	-0.14066 	-0.13888 	0.02467 	-0.14221 	0.19596 	0.06212 	-0.04955 	-0.05542 	-0.04779 	-0.12611 	0.00000 	0.33893 	-0.04656 	-0.04597 	-0.00199 	-0.04708 	0.06487 	0.04848 	0.00513	0.03180
Replication63	 -1.50899	0.99583	0.97233 	0.97818 	0.98910 	0.97625 	0.98421 	1.00168 	0.97437 	0.98061 	0.99178 	0.97644 	0.99162 	0.99190 	-0.14268 	-0.16546 	-0.13713 	0.24032 	0.00980 	0.31120 	-0.14337 	-0.12681 	0.02217 	-0.13542 	0.21500 	0.05564 	-0.04719 	-0.05473 	-0.04536 	-0.11365 	0.00324 	0.30869 	-0.04742 	-0.04194 	-0.00202 	-0.04479 	0.07111 	0.04326 	0.00327	0.02922
Replication64	 -1.43584	0.99509	0.96673 	0.97427 	0.98615 	0.97147 	0.98053 	1.00032 	0.96430 	0.97244 	0.98722 	0.96709 	0.98387 	0.98748 	-0.16261 	-0.15971 	-0.13854 	0.28059 	0.00984 	0.36196 	-0.17114 	-0.15647 	0.02683 	-0.15771 	0.20829 	0.06881 	-0.05386 	-0.05290 	-0.04589 	-0.13593 	0.00326 	0.35901 	-0.05669 	-0.05183 	-0.00163 	-0.05224 	0.06899 	0.05424 	0.01013	0.03452
Replication65	 -1.50916	0.99588	0.97170 	0.97813 	0.98838 	0.97600 	0.98341 	1.00156 	0.97423 	0.98060 	0.99230 	0.97643 	0.99546 	0.99208 	-0.15266 	-0.15244 	-0.16072 	0.23855 	0.00000 	0.31545 	-0.16404 	-0.14897 	0.02174 	-0.15309 	0.30380 	0.05506 	-0.05049 	-0.05042 	-0.05315 	-0.11093 	0.00000 	0.31297 	-0.05425 	-0.04927 	-0.00215 	-0.05063 	0.10047 	0.04283 	0.00267	0.03500
Replication66	 -1.44562	0.99523	0.96955 	0.97647 	0.98640 	0.97361 	0.98162 	1.00059 	0.96584 	0.97305 	0.98754 	0.96696 	0.98406 	0.98780 	-0.14572 	-0.13175 	-0.15642 	0.27083 	0.00000 	0.35210 	-0.14676 	-0.14288 	0.02626 	-0.18434 	0.20024 	0.06774 	-0.04826 	-0.04363 	-0.05180 	-0.13424 	0.00000 	0.34923 	-0.04860 	-0.04731 	-0.00142 	-0.06104 	0.06631 	0.05357 	0.00930	0.03282
Replication67	 -1.52971	0.99615	0.97433 	0.97989 	0.98942 	0.97811 	0.98500 	1.00206 	0.97670 	0.98322 	0.99370 	0.97928 	0.99739 	0.99348 	-0.13966 	-0.15060 	-0.16250 	0.22330 	0.00000 	0.29692 	-0.16562 	-0.12796 	0.02019 	-0.14221 	0.29809 	0.05085 	-0.04616 	-0.04978 	-0.05371 	-0.10358 	0.00000 	0.29460 	-0.05474 	-0.04230 	-0.00215 	-0.04700 	0.09853 	0.03942 	0.00080	0.03312
Replication68	 1.57131	0.99449	0.96430 	0.97239 	0.98351 	0.96889 	0.97834 	0.99926 	0.95844 	0.96657 	0.98293 	0.96029 	0.97372 	0.98368 	-0.16109 	-0.13708 	-0.15811 	0.31110 	0.00766 	0.40156 	-0.14337 	-0.15167 	0.03096 	-0.16386 	0.09866 	0.08009 	-0.05342 	-0.04546 	-0.05244 	-0.15678 	0.00254 	0.39824 	-0.04755 	-0.05030 	-0.00101 	-0.05434 	0.03272 	0.06372 	0.01484	0.03592
Replication69	 -1.53421	0.99621	0.97265 	0.98015 	0.98987 	0.97775 	0.98474 	1.00220 	0.97944 	0.98403 	0.99433 	0.98101 	0.99893 	0.99403 	-0.16884 	-0.13119 	-0.15427 	0.22123 	0.00000 	0.29168 	-0.13939 	-0.15841 	0.01965 	-0.13206 	0.30272 	0.04924 	-0.05580 	-0.04336 	-0.05098 	-0.10016 	0.00000 	0.28941 	-0.04607 	-0.05235 	-0.00231 	-0.04364 	0.10005 	0.03800 	0.00038	0.03277
Replication70	 -1.44885	0.99516	0.96863 	0.97525 	0.98616 	0.97280 	0.98263 	1.00048 	0.96438 	0.97332 	0.98712 	0.96829 	0.98188 	0.98759 	-0.15489 	-0.16257 	-0.15710 	0.27536 	0.03822 	0.35599 	-0.17475 	-0.12863 	0.02671 	-0.12932 	0.15159 	0.06842 	-0.05130 	-0.05384 	-0.05203 	-0.13573 	0.01266 	0.35308 	-0.05788 	-0.04260 	-0.00139 	-0.04283 	0.05021 	0.05404 	0.00902	0.03238
Replication71	 -1.47454	0.99542	0.97033 	0.97696 	0.98670 	0.97437 	0.98221 	1.00085 	0.96858 	0.97553 	0.98908 	0.97146 	0.98822 	0.98915 	-0.14730 	-0.13760 	-0.16930 	0.26120 	0.00204 	0.34217 	-0.16437 	-0.17086 	0.02486 	-0.13516 	0.23687 	0.06376 	-0.04876 	-0.04555 	-0.05604 	-0.12745 	0.00068 	0.33941 	-0.05441 	-0.05656 	-0.00171 	-0.04474 	0.07841 	0.05017 	0.00631	0.03346
Replication72	 1.57084	0.99496	0.96687 	0.97403 	0.98575 	0.97117 	0.97991 	1.00014 	0.96488 	0.97265 	0.98626 	0.96661 	0.97928 	0.98695 	-0.15212 	-0.15625 	-0.13918 	0.28701 	0.00000 	0.36871 	-0.13687 	-0.10911 	0.02776 	-0.15770 	0.10685 	0.07047 	-0.05040 	-0.05177 	-0.04611 	-0.14123 	0.00000 	0.36568 	-0.04535 	-0.03615 	-0.00150 	-0.05225 	0.03540 	0.05549 	0.00956	0.03180
Replication73	 -1.50325	0.99548	0.96889 	0.97484 	0.98697 	0.97293 	0.98120 	1.00086 	0.97215 	0.97869 	0.99037 	0.97392 	0.99063 	0.99050 	-0.14907 	-0.18823 	-0.15253 	0.26137 	0.00000 	0.34189 	-0.14886 	-0.12684 	0.02397 	-0.15542 	0.23703 	0.05997 	-0.04934 	-0.06230 	-0.05048 	-0.12222 	0.00000 	0.33917 	-0.04927 	-0.04198 	-0.00225 	-0.05144 	0.07845 	0.04656 	0.00327	0.03490
Replication74	 -1.45422	0.99537	0.97151 	0.97782 	0.98734 	0.97513 	0.98284 	1.00095 	0.96768 	0.97407 	0.98823 	0.96942 	0.98468 	0.98849 	-0.13384 	-0.12864 	-0.14936 	0.26195 	0.00000 	0.33863 	-0.14001 	-0.16723 	0.02547 	-0.14597 	0.18214 	0.06565 	-0.04431 	-0.04259 	-0.04945 	-0.13107 	0.00000 	0.33584 	-0.04635 	-0.05536 	-0.00139 	-0.04832 	0.06030 	0.05190 	0.00879	0.02921
Replication75	 -1.43482	0.99514	0.96820 	0.97513 	0.98621 	0.97239 	0.98078 	1.00041 	0.96537 	0.97212 	0.98735 	0.96662 	0.98479 	0.98750 	-0.14872 	-0.15051 	-0.14544 	0.27685 	0.00000 	0.35881 	-0.15009 	-0.17558 	0.02662 	-0.17813 	0.22774 	0.06869 	-0.04926 	-0.04985 	-0.04817 	-0.13569 	0.00000 	0.35589 	-0.04971 	-0.05815 	-0.00157 	-0.05900 	0.07543 	0.05426 	0.01026	0.03419
Replication76	 -1.46525	0.99543	0.96925 	0.97620 	0.98780 	0.97377 	0.98275 	1.00102 	0.96980 	0.97573 	0.98931 	0.97174 	0.98753 	0.98945 	-0.15724 	-0.16339 	-0.13173 	0.26183 	0.01941 	0.33589 	-0.14179 	-0.17718 	0.02470 	-0.13560 	0.20973 	0.06291 	-0.05205 	-0.05408 	-0.04360 	-0.12585 	0.00642 	0.33315 	-0.04693 	-0.05865 	-0.00180 	-0.04488 	0.06942 	0.04935 	0.00754	0.03050
Replication77	 1.57109	0.99470	0.96722 	0.97377 	0.98494 	0.97083 	0.97974 	0.99977 	0.96115 	0.96891 	0.98412 	0.96350 	0.97437 	0.98496 	-0.13599 	-0.14975 	-0.14100 	0.29842 	0.00208 	0.38272 	-0.13484 	-0.14373 	0.02969 	-0.13347 	0.06303 	0.07628 	-0.04508 	-0.04964 	-0.04674 	-0.15140 	0.00069 	0.37954 	-0.04470 	-0.04765 	-0.00105 	-0.04424 	0.02089 	0.06055 	0.01345	0.03116
Replication78	 1.57123	0.99457	0.96387 	0.97181 	0.98396 	0.96854 	0.97786 	0.99940 	0.96135 	0.96912 	0.98400 	0.96360 	0.97528 	0.98481 	-0.16266 	-0.15500 	-0.14807 	0.30841 	0.00000 	0.39649 	-0.13770 	-0.13893 	0.03014 	-0.13993 	0.08244 	0.07688 	-0.05393 	-0.05139 	-0.04910 	-0.15276 	0.00000 	0.39323 	-0.04566 	-0.04607 	-0.00137 	-0.04640 	0.02734 	0.06074 	0.01208	0.03462
Replication79	 -1.45947	0.99556	0.97405 	0.97895 	0.98828 	0.97681 	0.98417 	1.00131 	0.96801 	0.97547 	0.98909 	0.96990 	0.98557 	0.98933 	-0.11239 	-0.13996 	-0.14216 	0.25083 	0.00000 	0.32509 	-0.15123 	-0.13121 	0.02445 	-0.16328 	0.18518 	0.06306 	-0.03719 	-0.04632 	-0.04704 	-0.12623 	0.00000 	0.32242 	-0.05005 	-0.04342 	-0.00132 	-0.05403 	0.06128 	0.04987 	0.00838	0.02797
Replication80	 -1.44672	0.99500	0.96661 	0.97365 	0.98528 	0.97097 	0.97995 	1.00009 	0.96525 	0.97236 	0.98683 	0.96695 	0.98339 	0.98715 	-0.15662 	-0.16389 	-0.15669 	0.28546 	0.00719 	0.37056 	-0.14969 	-0.15598 	0.02732 	-0.16505 	0.19647 	0.06986 	-0.05189 	-0.05429 	-0.05191 	-0.13896 	0.00238 	0.36756 	-0.04959 	-0.05168 	-0.00169 	-0.05468 	0.06509 	0.05501 	0.00894	0.03535
Replication81	 -1.45224	0.99547	0.97123 	0.97775 	0.98817 	0.97534 	0.98462 	1.00120 	0.96746 	0.97498 	0.98870 	0.97006 	0.98450 	0.98902 	-0.14822 	-0.14985 	-0.13490 	0.25720 	0.03676 	0.32928 	-0.15396 	-0.14273 	0.02491 	-0.14081 	0.16738 	0.06404 	-0.04906 	-0.04960 	-0.04465 	-0.12708 	0.01217 	0.32655 	-0.05096 	-0.04724 	-0.00135 	-0.04660 	0.05540 	0.05060 	0.00909	0.02817
Replication82	 -1.48065	0.99530	0.96875 	0.97552 	0.98648 	0.97297 	0.98117 	1.00065 	0.96875 	0.97591 	0.98871 	0.97176 	0.98634 	0.98900 	-0.15182 	-0.15488 	-0.15731 	0.26898 	0.00000 	0.34954 	-0.15704 	-0.14706 	0.02541 	-0.12521 	0.19081 	0.06436 	-0.05027 	-0.05128 	-0.05208 	-0.12998 	0.00000 	0.34672 	-0.05200 	-0.04869 	-0.00185 	-0.04146 	0.06318 	0.05040 	0.00577	0.03268
Replication83	 -1.53229	0.99632	0.97502 	0.98051 	0.99060 	0.97905 	0.98722 	1.00247 	0.97953 	0.98431 	0.99463 	0.98164 	0.99883 	0.99435 	-0.14774 	-0.16761 	-0.14890 	0.21421 	0.03370 	0.28146 	-0.14371 	-0.16210 	0.01917 	-0.11850 	0.29259 	0.04823 	-0.04882 	-0.05538 	-0.04920 	-0.09803 	0.01113 	0.27924 	-0.04748 	-0.05356 	-0.00217 	-0.03916 	0.09668 	0.03731 	0.00080	0.03057
Replication84	 1.57110	0.99470	0.96586 	0.97238 	0.98432 	0.96966 	0.97871 	0.99960 	0.96142 	0.96951 	0.98474 	0.96407 	0.97800 	0.98534 	-0.14309 	-0.16869 	-0.15179 	0.30090 	0.00000 	0.38911 	-0.15522 	-0.15280 	0.02936 	-0.14634 	0.13498 	0.07525 	-0.04743 	-0.05592 	-0.05032 	-0.14948 	0.00000 	0.38592 	-0.05146 	-0.05065 	-0.00142 	-0.04851 	0.04474 	0.05949 	0.01166	0.03497
Replication85	 1.57088	0.99491	0.96598 	0.97318 	0.98425 	0.97035 	0.97903 	0.99984 	0.96536 	0.97237 	0.98651 	0.96759 	0.98342 	0.98684 	-0.15917 	-0.15555 	-0.18028 	0.29033 	0.00000 	0.38014 	-0.15236 	-0.16288 	0.02775 	-0.14708 	0.19582 	0.07081 	-0.05274 	-0.05154 	-0.05974 	-0.14150 	0.00000 	0.37708 	-0.05049 	-0.05397 	-0.00176 	-0.04874 	0.06488 	0.05571 	0.00751	0.03719
Replication86	 -1.45315	0.99535	0.96994 	0.97685 	0.98753 	0.97411 	0.98216 	1.00090 	0.96716 	0.97458 	0.98835 	0.96914 	0.98441 	0.98867 	-0.14574 	-0.14046 	-0.13312 	0.26491 	0.00000 	0.34053 	-0.14988 	-0.13615 	0.02548 	-0.15839 	0.17649 	0.06518 	-0.04825 	-0.04650 	-0.04407 	-0.13018 	0.00000 	0.33773 	-0.04962 	-0.04508 	-0.00152 	-0.05244 	0.05843 	0.05136 	0.00883	0.02986
Replication87	 -1.50027	0.99588	0.97404 	0.97972 	0.98917 	0.97762 	0.98500 	1.00179 	0.97397 	0.97966 	0.99155 	0.97500 	0.99136 	0.99159 	-0.13326 	-0.14081 	-0.14798 	0.23585 	0.00626 	0.30695 	-0.13264 	-0.13648 	0.02217 	-0.15737 	0.22512 	0.05641 	-0.04407 	-0.04657 	-0.04894 	-0.11428 	0.00207 	0.30447 	-0.04387 	-0.04514 	-0.00176 	-0.05204 	0.07445 	0.04416 	0.00422	0.02848
Replication88	 -1.47810	0.99526	0.96843 	0.97494 	0.98655 	0.97254 	0.98092 	1.00060 	0.96885 	0.97585 	0.98857 	0.97108 	0.98567 	0.98892 	-0.14903 	-0.16722 	-0.14790 	0.27136 	0.00000 	0.35138 	-0.14687 	-0.13353 	0.02560 	-0.14166 	0.17933 	0.06461 	-0.04935 	-0.05537 	-0.04897 	-0.13075 	0.00000 	0.34854 	-0.04863 	-0.04421 	-0.00189 	-0.04691 	0.05938 	0.05055 	0.00606	0.03238
Replication89	 -1.50535	0.99595	0.97146 	0.97896 	0.98932 	0.97644 	0.98384 	1.00182 	0.97644 	0.98070 	0.99265 	0.97753 	0.99567 	0.99242 	-0.16468 	-0.13689 	-0.14130 	0.23494 	0.00000 	0.30589 	-0.13207 	-0.18721 	0.02135 	-0.13880 	0.28811 	0.05405 	-0.05446 	-0.04527 	-0.04672 	-0.10895 	0.00000 	0.30345 	-0.04367 	-0.06190 	-0.00216 	-0.04590 	0.09527 	0.04202 	0.00338	0.03172
Replication90	 1.57118	0.99462	0.96518 	0.97259 	0.98372 	0.96941 	0.97840 	0.99942 	0.95915 	0.96774 	0.98401 	0.96230 	0.97746 	0.98453 	-0.15307 	-0.14594 	-0.16368 	0.30473 	0.00000 	0.39578 	-0.16989 	-0.17108 	0.02999 	-0.14864 	0.15740 	0.07759 	-0.05075 	-0.04839 	-0.05427 	-0.15237 	0.00000 	0.39254 	-0.05633 	-0.05672 	-0.00124 	-0.04928 	0.05219 	0.06160 	0.01319	0.03697
Replication91	 1.57090	0.99489	0.96684 	0.97404 	0.98542 	0.97107 	0.97981 	1.00004 	0.96378 	0.97160 	0.98581 	0.96660 	0.97885 	0.98646 	-0.15087 	-0.14999 	-0.14499 	0.28980 	0.00000 	0.37262 	-0.14765 	-0.14017 	0.02819 	-0.12988 	0.11132 	0.07190 	-0.04999 	-0.04970 	-0.04805 	-0.14368 	0.00000 	0.36955 	-0.04893 	-0.04645 	-0.00143 	-0.04304 	0.03689 	0.05674 	0.01028	0.03192
Replication92	 1.57120	0.99460	0.96574 	0.97347 	0.98456 	0.97003 	0.97901 	0.99956 	0.95797 	0.96697 	0.98335 	0.96135 	0.97360 	0.98412 	-0.15025 	-0.13352 	-0.13878 	0.30431 	0.00000 	0.39031 	-0.16159 	-0.15549 	0.03041 	-0.13607 	0.08764 	0.07874 	-0.04982 	-0.04427 	-0.04601 	-0.15428 	0.00000 	0.38706 	-0.05358 	-0.05156 	-0.00093 	-0.04512 	0.02906 	0.06270 	0.01568	0.03325
Replication93	 -1.53984	0.99659	0.97463 	0.98170 	0.99211 	0.97969 	0.98641 	1.00293 	0.98214 	0.98716 	0.99648 	0.98403 	1.00221 	0.99608 	-0.16352 	-0.14344 	-0.12095 	0.20173 	0.00000 	0.26421 	-0.14786 	-0.13601 	0.01738 	-0.13347 	0.31883 	0.04309 	-0.05400 	-0.04737 	-0.03994 	-0.08798 	0.00000 	0.26215 	-0.04883 	-0.04492 	-0.00242 	-0.04408 	0.10529 	0.03295 	0.00001	0.03087
Replication94	 -1.52869	0.99599	0.97406 	0.97954 	0.98957 	0.97766 	0.98487 	1.00197 	0.97714 	0.98242 	0.99265 	0.97868 	0.99287 	0.99278 	-0.13427 	-0.15321 	-0.14505 	0.23102 	0.00109 	0.30048 	-0.12575 	-0.12285 	0.02124 	-0.12707 	0.20280 	0.05301 	-0.04440 	-0.05066 	-0.04796 	-0.10963 	0.00036 	0.29807 	-0.04158 	-0.04062 	-0.00204 	-0.04202 	0.06705 	0.04109 	0.00145	0.02768
Replication95	 -1.46751	0.99526	0.96855 	0.97533 	0.98669 	0.97279 	0.98130 	1.00064 	0.96799 	0.97505 	0.98834 	0.97033 	0.98524 	0.98866 	-0.15143 	-0.15943 	-0.14558 	0.27104 	0.00444 	0.35019 	-0.15009 	-0.14485 	0.02574 	-0.14148 	0.18327 	0.06535 	-0.05014 	-0.05279 	-0.04821 	-0.13138 	0.00147 	0.34734 	-0.04970 	-0.04796 	-0.00177 	-0.04685 	0.06068 	0.05127 	0.00717	0.03198
Replication96	 1.57081	0.99499	0.96900 	0.97486 	0.98603 	0.97234 	0.98083 	1.00026 	0.96396 	0.97172 	0.98610 	0.96664 	0.97909 	0.98671 	-0.12896 	-0.15936 	-0.13867 	0.28359 	0.00000 	0.36447 	-0.14673 	-0.14221 	0.02777 	-0.13312 	0.11291 	0.07107 	-0.04272 	-0.05280 	-0.04594 	-0.14220 	0.00000 	0.36146 	-0.04861 	-0.04712 	-0.00133 	-0.04410 	0.03741 	0.05618 	0.01077	0.03021
Replication97	 1.57104	0.99476	0.96599 	0.97423 	0.98502 	0.97070 	0.97947 	0.99981 	0.96023 	0.96807 	0.98447 	0.96161 	0.97715 	0.98499 	-0.15937 	-0.12515 	-0.14248 	0.29627 	0.00000 	0.38106 	-0.14615 	-0.15769 	0.02933 	-0.18058 	0.14311 	0.07610 	-0.05282 	-0.04148 	-0.04723 	-0.14874 	0.00000 	0.37791 	-0.04844 	-0.05227 	-0.00108 	-0.05985 	0.04743 	0.06054 	0.01447	0.03396
Replication98	 -1.49774	0.99569	0.97289 	0.97869 	0.98743 	0.97642 	0.98367 	1.00129 	0.97230 	0.97808 	0.99055 	0.97285 	0.99109 	0.99053 	-0.13592 	-0.13294 	-0.18096 	0.24592 	0.00135 	0.32563 	-0.13628 	-0.14065 	0.02326 	-0.17948 	0.25448 	0.05960 	-0.04497 	-0.04398 	-0.05987 	-0.11988 	0.00045 	0.32304 	-0.04509 	-0.04653 	-0.00174 	-0.05938 	0.08419 	0.04680 	0.00401	0.03305
Replication99	 1.57088	0.99492	0.96786 	0.97488 	0.98542 	0.97199 	0.98152 	1.00010 	0.96106 	0.96962 	0.98531 	0.96463 	0.97868 	0.98580 	-0.15077 	-0.14447 	-0.15398 	0.28722 	0.02656 	0.37036 	-0.16971 	-0.16662 	0.02841 	-0.13272 	0.14479 	0.07366 	-0.04996 	-0.04787 	-0.05102 	-0.14452 	0.00880 	0.36730 	-0.05623 	-0.05521 	-0.00110 	-0.04398 	0.04798 	0.05856 	0.01273	0.03275
Replication100	 -1.47625	0.99510	0.96772 	0.97455 	0.98489 	0.97185 	0.98014 	1.00018 	0.96684 	0.97425 	0.98750 	0.96951 	0.98486 	0.98782 	-0.15359 	-0.14859 	-0.18565 	0.27954 	0.00000 	0.36737 	-0.15823 	-0.14342 	0.02666 	-0.14143 	0.19535 	0.06787 	-0.05087 	-0.04922 	-0.06149 	-0.13635 	0.00000 	0.36443 	-0.05241 	-0.04751 	-0.00176 	-0.04684 	0.06471 	0.05332 	0.00588	0.03599
Replication101	 1.57086	0.99494	0.96726 	0.97386 	0.98460 	0.97116 	0.97968 	0.99995 	0.96466 	0.97218 	0.98636 	0.96758 	0.98226 	0.98677 	-0.14723 	-0.15399 	-0.17577 	0.28775 	0.00000 	0.37591 	-0.15848 	-0.15930 	0.02776 	-0.13381 	0.17433 	0.07097 	-0.04878 	-0.05102 	-0.05824 	-0.14195 	0.00000 	0.37286 	-0.05251 	-0.05278 	-0.00161 	-0.04434 	0.05776 	0.05594 	0.00815	0.03534
Replication102	 -1.52573	0.99630	0.97307 	0.98075 	0.99121 	0.97833 	0.98539 	1.00252 	0.98037 	0.98431 	0.99476 	0.98169 	0.99866 	0.99449 	-0.16809 	-0.13450 	-0.12159 	0.21639 	0.00000 	0.27987 	-0.12752 	-0.17054 	0.01916 	-0.12226 	0.28284 	0.04785 	-0.05554 	-0.04444 	-0.04018 	-0.09752 	0.00000 	0.27765 	-0.04214 	-0.05635 	-0.00230 	-0.04040 	0.09346 	0.03687 	0.00160	0.02910
Replication103	 1.57185	0.99395	0.96300 	0.96926 	0.98073 	0.96613 	0.97584 	0.99815 	0.95133 	0.96125 	0.97935 	0.95467 	0.96686 	0.98037 	-0.13118 	-0.16240 	-0.17683 	0.33929 	0.00000 	0.44311 	-0.16608 	-0.15806 	0.03451 	-0.15189 	0.05886 	0.08995 	-0.04355 	-0.05392 	-0.05871 	-0.17463 	0.00000 	0.43947 	-0.05514 	-0.05248 	-0.00061 	-0.05043 	0.01954 	0.07197 	0.01928	0.04153
Replication104	 -1.45729	0.99527	0.96829 	0.97630 	0.98666 	0.97315 	0.98130 	1.00066 	0.96729 	0.97420 	0.98808 	0.96901 	0.98499 	0.98834 	-0.16391 	-0.12683 	-0.15091 	0.27009 	0.00000 	0.34927 	-0.14669 	-0.14996 	0.02586 	-0.15907 	0.19412 	0.06619 	-0.05427 	-0.04200 	-0.04997 	-0.13178 	0.00000 	0.34643 	-0.04857 	-0.04965 	-0.00161 	-0.05267 	0.06428 	0.05214 	0.00817	0.03231
Replication105	 -1.49515	0.99565	0.97182 	0.97792 	0.98802 	0.97565 	0.98322 	1.00132 	0.97184 	0.97837 	0.99052 	0.97383 	0.98978 	0.99064 	-0.14055 	-0.14712 	-0.15323 	0.24914 	0.00000 	0.32472 	-0.14767 	-0.13670 	0.02340 	-0.14601 	0.21920 	0.05934 	-0.04650 	-0.04868 	-0.05070 	-0.12020 	0.00000 	0.32210 	-0.04886 	-0.04523 	-0.00184 	-0.04831 	0.07253 	0.04642 	0.00451	0.03072
Replication106	 -1.48113	0.99562	0.96852 	0.97625 	0.98833 	0.97369 	0.98188 	1.00123 	0.97201 	0.97812 	0.99092 	0.97393 	0.99194 	0.99086 	-0.16969 	-0.16070 	-0.12558 	0.25417 	0.00000 	0.32813 	-0.15367 	-0.16587 	0.02327 	-0.15046 	0.26726 	0.05881 	-0.05615 	-0.05317 	-0.04155 	-0.11788 	0.00000 	0.32550 	-0.05085 	-0.05489 	-0.00216 	-0.04979 	0.08843 	0.04579 	0.00566	0.03329
Replication107	 1.57138	0.99442	0.96659 	0.97179 	0.98298 	0.96923 	0.97831 	0.99909 	0.95658 	0.96571 	0.98240 	0.95982 	0.97295 	0.98316 	-0.11751 	-0.16959 	-0.16537 	0.31355 	0.00000 	0.40818 	-0.16468 	-0.15744 	0.03147 	-0.14590 	0.10097 	0.08161 	-0.03898 	-0.05625 	-0.05485 	-0.16052 	0.00000 	0.40482 	-0.05462 	-0.05222 	-0.00093 	-0.04839 	0.03349 	0.06503 	0.01528	0.03657
Replication108	 -1.45389	0.99522	0.97081 	0.97675 	0.98668 	0.97417 	0.98212 	1.00066 	0.96613 	0.97374 	0.98730 	0.96836 	0.98141 	0.98783 	-0.12925 	-0.13979 	-0.15085 	0.27029 	0.00000 	0.34933 	-0.14359 	-0.12437 	0.02643 	-0.14478 	0.12773 	0.06766 	-0.04280 	-0.04629 	-0.04995 	-0.13579 	0.00000 	0.34645 	-0.04755 	-0.04119 	-0.00132 	-0.04794 	0.04230 	0.05346 	0.00881	0.02937
Replication109	 1.57140	0.99439	0.96378 	0.97180 	0.98324 	0.96827 	0.97758 	0.99907 	0.95529 	0.96479 	0.98224 	0.95834 	0.97300 	0.98293 	-0.15678 	-0.13934 	-0.15059 	0.31643 	0.00000 	0.40889 	-0.17201 	-0.16093 	0.03163 	-0.16419 	0.12167 	0.08228 	-0.05200 	-0.04622 	-0.04995 	-0.15976 	0.00000 	0.40552 	-0.05705 	-0.05338 	-0.00092 	-0.05446 	0.04036 	0.06562 	0.01707	0.03775
Replication110	 -1.52516	0.99658	0.97825 	0.98356 	0.99178 	0.98209 	0.99051 	1.00304 	0.97927 	0.98468 	0.99511 	0.98047 	0.99841 	0.99481 	-0.14343 	-0.14209 	-0.15455 	0.19779 	0.05951 	0.26024 	-0.14101 	-0.12742 	0.01818 	-0.15633 	0.28433 	0.04657 	-0.04737 	-0.04693 	-0.05104 	-0.09301 	0.01965 	0.25818 	-0.04657 	-0.04208 	-0.00170 	-0.05163 	0.09390 	0.03640 	0.00179	0.02781
Replication111	 -1.50453	0.99578	0.97262 	0.97881 	0.98841 	0.97652 	0.98391 	1.00154 	0.97271 	0.97952 	0.99119 	0.97530 	0.99098 	0.99128 	-0.14225 	-0.13930 	-0.15728 	0.24218 	0.00152 	0.31655 	-0.15573 	-0.13169 	0.02266 	-0.13515 	0.22465 	0.05742 	-0.04705 	-0.04608 	-0.05202 	-0.11650 	0.00050 	0.31401 	-0.05151 	-0.04356 	-0.00185 	-0.04471 	0.07431 	0.04487 	0.00360	0.03041
Replication112	 -1.51928	0.99579	0.97214 	0.97795 	0.98766 	0.97592 	0.98327 	1.00139 	0.97417 	0.98030 	0.99171 	0.97702 	0.99396 	0.99162 	-0.14296 	-0.15217 	-0.17792 	0.24284 	0.00000 	0.32209 	-0.16004 	-0.15758 	0.02234 	-0.12255 	0.27121 	0.05647 	-0.04729 	-0.05033 	-0.05885 	-0.11492 	0.00000 	0.31955 	-0.05294 	-0.05212 	-0.00211 	-0.04054 	0.08971 	0.04396 	0.00174	0.03413
Replication113	 -1.48308	0.99566	0.97116 	0.97745 	0.98832 	0.97533 	0.98400 	1.00136 	0.97192 	0.97784 	0.99050 	0.97253 	0.98988 	0.99057 	-0.15021 	-0.16282 	-0.14254 	0.24951 	0.02286 	0.32320 	-0.13382 	-0.13792 	0.02339 	-0.17617 	0.23066 	0.05953 	-0.04970 	-0.05387 	-0.04716 	-0.11937 	0.00756 	0.32059 	-0.04428 	-0.04563 	-0.00182 	-0.05829 	0.07632 	0.04663 	0.00569	0.03099
Replication114	 -1.50748	0.99583	0.97212 	0.97836 	0.98884 	0.97630 	0.98449 	1.00165 	0.97508 	0.98011 	0.99177 	0.97638 	0.99260 	0.99176 	-0.15027 	-0.15764 	-0.14851 	0.24014 	0.01764 	0.31208 	-0.13064 	-0.15710 	0.02217 	-0.13836 	0.23779 	0.05601 	-0.04970 	-0.05214 	-0.04912 	-0.11364 	0.00584 	0.30958 	-0.04321 	-0.05196 	-0.00200 	-0.04576 	0.07865 	0.04363 	0.00332	0.03016
Replication115	 1.57104	0.99476	0.96475 	0.97267 	0.98436 	0.96950 	0.97851 	0.99965 	0.96102 	0.96997 	0.98519 	0.96463 	0.97962 	0.98568 	-0.16450 	-0.15097 	-0.15559 	0.29862 	0.00000 	0.38692 	-0.17735 	-0.15238 	0.02894 	-0.14300 	0.16631 	0.07423 	-0.05452 	-0.05004 	-0.05157 	-0.14660 	0.00000 	0.38377 	-0.05878 	-0.05051 	-0.00149 	-0.04740 	0.05512 	0.05866 	0.01123	0.03664
Replication116	 -1.47927	0.99510	0.96783 	0.97507 	0.98514 	0.97215 	0.98038 	1.00026 	0.96829 	0.97442 	0.98740 	0.96992 	0.98373 	0.98783 	-0.15688 	-0.13724 	-0.18212 	0.27893 	0.00000 	0.36434 	-0.12988 	-0.14780 	0.02671 	-0.13710 	0.15901 	0.06783 	-0.05196 	-0.04546 	-0.06032 	-0.13686 	0.00000 	0.36140 	-0.04302 	-0.04896 	-0.00171 	-0.04541 	0.05267 	0.05328 	0.00581	0.03366
Replication117	 -1.48602	0.99547	0.96902 	0.97596 	0.98760 	0.97352 	0.98171 	1.00099 	0.97025 	0.97764 	0.98979 	0.97255 	0.98783 	0.99006 	-0.15593 	-0.16213 	-0.13679 	0.26085 	0.00000 	0.33704 	-0.15399 	-0.11603 	0.02433 	-0.15034 	0.19710 	0.06121 	-0.05161 	-0.05366 	-0.04528 	-0.12390 	0.00000 	0.33432 	-0.05097 	-0.03840 	-0.00196 	-0.04976 	0.06524 	0.04776 	0.00532	0.03176
Replication118	 -1.48214	0.99554	0.97237 	0.97780 	0.98788 	0.97569 	0.98376 	1.00121 	0.97055 	0.97694 	0.98950 	0.97203 	0.98657 	0.98980 	-0.12973 	-0.15393 	-0.14976 	0.25383 	0.01105 	0.32876 	-0.13381 	-0.13140 	0.02429 	-0.14942 	0.17432 	0.06182 	-0.04293 	-0.05094 	-0.04956 	-0.12503 	0.00366 	0.32608 	-0.04428 	-0.04348 	-0.00161 	-0.04945 	0.05769 	0.04857 	0.00602	0.02870
Replication119	 -1.44207	0.99551	0.97115 	0.97873 	0.98837 	0.97586 	0.98520 	1.00129 	0.96647 	0.97440 	0.98855 	0.96927 	0.98400 	0.98885 	-0.16137 	-0.12478 	-0.13684 	0.25473 	0.04265 	0.32560 	-0.16052 	-0.14322 	0.02490 	-0.14443 	0.16897 	0.06446 	-0.05341 	-0.04130 	-0.04529 	-0.12658 	0.01412 	0.32290 	-0.05312 	-0.04740 	-0.00116 	-0.04780 	0.05592 	0.05112 	0.01014	0.02799
Replication120	 1.57174	0.99406	0.96230 	0.96971 	0.98237 	0.96631 	0.97622 	0.99850 	0.95084 	0.96136 	0.97996 	0.95444 	0.96724 	0.98091 	-0.14536 	-0.16124 	-0.13275 	0.33429 	0.00000 	0.43016 	-0.17594 	-0.15664 	0.03386 	-0.15891 	0.06573 	0.08829 	-0.04825 	-0.05352 	-0.04406 	-0.17029 	0.00000 	0.42658 	-0.05840 	-0.05199 	-0.00062 	-0.05275 	0.02182 	0.07064 	0.02149	0.03916
Replication121	 1.57184	0.99396	0.96090 	0.96912 	0.98170 	0.96540 	0.97546 	0.99830 	0.95231 	0.96145 	0.97957 	0.95508 	0.96627 	0.98064 	-0.15828 	-0.15288 	-0.14367 	0.34022 	0.00000 	0.43771 	-0.14952 	-0.16464 	0.03437 	-0.14760 	0.03561 	0.08919 	-0.05255 	-0.05075 	-0.04770 	-0.17281 	0.00000 	0.43407 	-0.04964 	-0.05466 	-0.00069 	-0.04900 	0.01182 	0.07124 	0.02049	0.03933
Replication122	 -1.51078	0.99583	0.97056 	0.97785 	0.98841 	0.97542 	0.98300 	1.00152 	0.97584 	0.98050 	0.99214 	0.97636 	0.99481 	0.99199 	-0.16471 	-0.14648 	-0.15402 	0.24183 	0.00000 	0.31695 	-0.12946 	-0.15880 	0.02197 	-0.16192 	0.28188 	0.05539 	-0.05448 	-0.04845 	-0.05094 	-0.11202 	0.00000 	0.31445 	-0.04282 	-0.05252 	-0.00221 	-0.05356 	0.09323 	0.04302 	0.00264	0.03370
Replication123	 -1.47446	0.99522	0.96819 	0.97520 	0.98620 	0.97252 	0.98083 	1.00053 	0.96919 	0.97498 	0.98824 	0.97071 	0.98569 	0.98853 	-0.15434 	-0.15206 	-0.15787 	0.27325 	0.00000 	0.35434 	-0.13200 	-0.16407 	0.02590 	-0.13960 	0.18712 	0.06575 	-0.05111 	-0.05035 	-0.05228 	-0.13255 	0.00000 	0.35146 	-0.04371 	-0.05433 	-0.00183 	-0.04623 	0.06196 	0.05155 	0.00641	0.03259
Replication124	 -1.41057	0.99506	0.96869 	0.97581 	0.98672 	0.97291 	0.98211 	1.00047 	0.96275 	0.97050 	0.98615 	0.96521 	0.97975 	0.98659 	-0.14841 	-0.14310 	-0.12878 	0.27930 	0.02023 	0.35660 	-0.15383 	-0.16668 	0.02752 	-0.14827 	0.14729 	0.07129 	-0.04916 	-0.04740 	-0.04266 	-0.14005 	0.00670 	0.35363 	-0.05096 	-0.05521 	-0.00114 	-0.04912 	0.04879 	0.05662 	0.01316	0.03004
Replication125	 1.57103	0.99477	0.96837 	0.97413 	0.98470 	0.97146 	0.98004 	0.99981 	0.96168 	0.96980 	0.98450 	0.96368 	0.97547 	0.98530 	-0.12559 	-0.15192 	-0.15742 	0.29450 	0.00000 	0.38119 	-0.13783 	-0.12037 	0.02929 	-0.15263 	0.07748 	0.07524 	-0.04163 	-0.05035 	-0.05218 	-0.14982 	0.00000 	0.37804 	-0.04568 	-0.03990 	-0.00108 	-0.05059 	0.02568 	0.05970 	0.01192	0.03219
Replication126	 1.57099	0.99480	0.96514 	0.97302 	0.98454 	0.96986 	0.97879 	0.99978 	0.96480 	0.97181 	0.98564 	0.96699 	0.97922 	0.98630 	-0.16481 	-0.14924 	-0.16002 	0.29594 	0.00000 	0.38216 	-0.13475 	-0.14324 	0.02855 	-0.13111 	0.11294 	0.07246 	-0.05462 	-0.04946 	-0.05304 	-0.14527 	0.00000 	0.37903 	-0.04466 	-0.04747 	-0.00160 	-0.04345 	0.03743 	0.05703 	0.00888	0.03392
Replication127	 1.57144	0.99436	0.96551 	0.97248 	0.98350 	0.96914 	0.97831 	0.99913 	0.95647 	0.96499 	0.98158 	0.95912 	0.96877 	0.98263 	-0.13642 	-0.13969 	-0.14553 	0.31630 	0.00000 	0.40651 	-0.13729 	-0.14771 	0.03210 	-0.13282 	0.01890 	0.08314 	-0.04525 	-0.04634 	-0.04828 	-0.16294 	0.00000 	0.40312 	-0.04554 	-0.04900 	-0.00065 	-0.04406 	0.00627 	0.06638 	0.01750	0.03371
Replication128	 -1.52200	0.99585	0.97236 	0.97832 	0.98815 	0.97633 	0.98416 	1.00155 	0.97539 	0.98091 	0.99196 	0.97681 	0.99363 	0.99193 	-0.14798 	-0.15446 	-0.17185 	0.23944 	0.01287 	0.31581 	-0.13843 	-0.13749 	0.02202 	-0.14683 	0.25301 	0.05552 	-0.04894 	-0.05109 	-0.05684 	-0.11306 	0.00425 	0.31331 	-0.04578 	-0.04547 	-0.00207 	-0.04856 	0.08368 	0.04319 	0.00162	0.03262
Replication129	 -1.51481	0.99625	0.97401 	0.98036 	0.99066 	0.97838 	0.98538 	1.00234 	0.97642 	0.98336 	0.99419 	0.97905 	0.99775 	0.99392 	-0.14907 	-0.14873 	-0.13051 	0.21863 	0.00000 	0.28652 	-0.17189 	-0.12495 	0.01963 	-0.15134 	0.30467 	0.04949 	-0.04926 	-0.04915 	-0.04313 	-0.09994 	0.00000 	0.28426 	-0.05680 	-0.04129 	-0.00214 	-0.05001 	0.10069 	0.03835 	0.00245	0.03156
Replication130	 -1.51277	0.99603	0.97361 	0.98023 	0.98926 	0.97787 	0.98482 	1.00194 	0.97611 	0.98121 	0.99272 	0.97658 	0.99518 	0.99254 	-0.14929 	-0.12630 	-0.15934 	0.22877 	0.00000 	0.30124 	-0.13279 	-0.14255 	0.02108 	-0.17182 	0.28007 	0.05360 	-0.04936 	-0.04176 	-0.05268 	-0.10817 	0.00000 	0.29885 	-0.04390 	-0.04713 	-0.00195 	-0.05681 	0.09260 	0.04182 	0.00266	0.03151
Replication131	 -1.47684	0.99593	0.97508 	0.98046 	0.98932 	0.97859 	0.98735 	1.00191 	0.97047 	0.97819 	0.99117 	0.97316 	0.99082 	0.99112 	-0.13619 	-0.14522 	-0.15581 	0.23166 	0.04674 	0.30252 	-0.17221 	-0.13689 	0.02222 	-0.15807 	0.25011 	0.05762 	-0.04504 	-0.04802 	-0.05152 	-0.11376 	0.01546 	0.30007 	-0.05695 	-0.04527 	-0.00139 	-0.05227 	0.08271 	0.04554 	0.00647	0.02956
Replication132	 -1.50194	0.99566	0.96975 	0.97738 	0.98814 	0.97470 	0.98252 	1.00132 	0.97283 	0.97930 	0.99094 	0.97521 	0.99062 	0.99107 	-0.16611 	-0.14162 	-0.14552 	0.25047 	0.00000 	0.32468 	-0.14952 	-0.13600 	0.02314 	-0.13281 	0.21886 	0.05817 	-0.05496 	-0.04685 	-0.04815 	-0.11797 	0.00000 	0.32207 	-0.04947 	-0.04500 	-0.00204 	-0.04394 	0.07241 	0.04528 	0.00376	0.03138
Replication133	 -1.47047	0.99582	0.97268 	0.97862 	0.98946 	0.97666 	0.98517 	1.00172 	0.97136 	0.97798 	0.99121 	0.97278 	0.99142 	0.99112 	-0.14269 	-0.16330 	-0.12556 	0.23991 	0.02464 	0.30974 	-0.15441 	-0.14960 	0.02252 	-0.17450 	0.26253 	0.05778 	-0.04720 	-0.05401 	-0.04153 	-0.11475 	0.00815 	0.30723 	-0.05107 	-0.04948 	-0.00172 	-0.05772 	0.08683 	0.04538 	0.00706	0.03011
Replication134	 -1.49250	0.99566	0.97516 	0.97935 	0.98806 	0.97749 	0.98459 	1.00142 	0.97189 	0.97750 	0.98998 	0.97368 	0.98784 	0.99018 	-0.10555 	-0.14284 	-0.16524 	0.24533 	0.00000 	0.32077 	-0.13039 	-0.15786 	0.02367 	-0.12589 	0.18249 	0.06059 	-0.03492 	-0.04726 	-0.05467 	-0.12330 	0.00000 	0.31816 	-0.04314 	-0.05223 	-0.00152 	-0.04165 	0.06038 	0.04770 	0.00509	0.02754
Replication135	 -1.46344	0.99538	0.96837 	0.97665 	0.98728 	0.97377 	0.98403 	1.00094 	0.96825 	0.97534 	0.98840 	0.97045 	0.98398 	0.98882 	-0.18279 	-0.14288 	-0.15107 	0.26433 	0.05431 	0.33877 	-0.14204 	-0.13200 	0.02537 	-0.13876 	0.14978 	0.06474 	-0.06051 	-0.04730 	-0.05001 	-0.12832 	0.01798 	0.33599 	-0.04702 	-0.04370 	-0.00147 	-0.04593 	0.04958 	0.05100 	0.00775	0.03029
Replication136	 -1.52871	0.99641	0.97472 	0.98143 	0.99107 	0.97950 	0.98747 	1.00264 	0.97880 	0.98476 	0.99491 	0.98094 	0.99877 	0.99464 	-0.16305 	-0.14440 	-0.14385 	0.20981 	0.03209 	0.27511 	-0.15550 	-0.12723 	0.01878 	-0.14213 	0.29422 	0.04730 	-0.05387 	-0.04770 	-0.04752 	-0.09531 	0.01060 	0.27295 	-0.05137 	-0.04203 	-0.00208 	-0.04695 	0.09720 	0.03663 	0.00116	0.03054
Replication137	 -1.53183	0.99589	0.97132 	0.97778 	0.98817 	0.97571 	0.98316 	1.00155 	0.97783 	0.98194 	0.99270 	0.97884 	0.99623 	0.99254 	-0.15643 	-0.15698 	-0.16915 	0.23889 	0.00000 	0.31581 	-0.12649 	-0.16669 	0.02150 	-0.13485 	0.28107 	0.05380 	-0.05173 	-0.05192 	-0.05594 	-0.11016 	0.00000 	0.31334 	-0.04183 	-0.05512 	-0.00236 	-0.04459 	0.09295 	0.04159 	0.00048	0.03422
Replication138	 -1.44171	0.99525	0.96835 	0.97620 	0.98713 	0.97336 	0.98354 	1.00077 	0.96655 	0.97330 	0.98756 	0.96857 	0.98263 	0.98795 	-0.17190 	-0.14764 	-0.14078 	0.27030 	0.04818 	0.34510 	-0.13999 	-0.16058 	0.02619 	-0.13943 	0.15325 	0.06729 	-0.05692 	-0.04889 	-0.04662 	-0.13276 	0.01595 	0.34225 	-0.04636 	-0.05317 	-0.00136 	-0.04617 	0.05074 	0.05319 	0.00999	0.02990
Replication139	 -1.50900	0.99588	0.97349 	0.97859 	0.98904 	0.97685 	0.98421 	1.00171 	0.97390 	0.98063 	0.99199 	0.97642 	0.99272 	0.99201 	-0.12889 	-0.16490 	-0.14409 	0.23722 	0.00000 	0.30997 	-0.15741 	-0.12969 	0.02192 	-0.13840 	0.24215 	0.05528 	-0.04263 	-0.05453 	-0.04765 	-0.11279 	0.00000 	0.30749 	-0.05206 	-0.04289 	-0.00200 	-0.04577 	0.08008 	0.04303 	0.00316	0.03028
Replication140	 -1.50528	0.99609	0.97169 	0.97895 	0.99014 	0.97678 	0.98479 	1.00207 	0.97662 	0.98202 	0.99348 	0.97771 	0.99685 	0.99322 	-0.16780 	-0.15700 	-0.12665 	0.22831 	0.01449 	0.29660 	-0.14497 	-0.14908 	0.02048 	-0.16417 	0.30149 	0.05164 	-0.05547 	-0.05190 	-0.04187 	-0.10361 	0.00479 	0.29425 	-0.04792 	-0.04928 	-0.00220 	-0.05427 	0.09967 	0.04003 	0.00334	0.03221
Replication141	 -1.49491	0.99608	0.97368 	0.98048 	0.99017 	0.97811 	0.98515 	1.00212 	0.97481 	0.98069 	0.99287 	0.97624 	0.99522 	0.99263 	-0.14945 	-0.13011 	-0.13304 	0.22630 	0.00000 	0.29467 	-0.15136 	-0.15392 	0.02085 	-0.16337 	0.29074 	0.05326 	-0.04941 	-0.04301 	-0.04398 	-0.10658 	0.00000 	0.29231 	-0.05004 	-0.05088 	-0.00190 	-0.05401 	0.09611 	0.04162 	0.00458	0.03024
Replication142	 1.57080	0.99500	0.96623 	0.97382 	0.98501 	0.97087 	0.97951 	1.00005 	0.96584 	0.97299 	0.98685 	0.96735 	0.98310 	0.98725 	-0.16311 	-0.15002 	-0.16555 	0.28588 	0.00000 	0.37207 	-0.14450 	-0.13793 	0.02732 	-0.16725 	0.18134 	0.06960 	-0.05404 	-0.04970 	-0.05484 	-0.13901 	0.00000 	0.36906 	-0.04787 	-0.04570 	-0.00171 	-0.05541 	0.06008 	0.05474 	0.00785	0.03558
Replication143	 1.57095	0.99485	0.96789 	0.97483 	0.98547 	0.97177 	0.98048 	1.00001 	0.96128 	0.96983 	0.98481 	0.96324 	0.97574 	0.98557 	-0.14130 	-0.13761 	-0.14202 	0.29055 	0.00356 	0.37348 	-0.14372 	-0.11399 	0.02889 	-0.16480 	0.08556 	0.07439 	-0.04683 	-0.04560 	-0.04707 	-0.14705 	0.00118 	0.37038 	-0.04763 	-0.03778 	-0.00102 	-0.05462 	0.02836 	0.05909 	0.01299	0.03142
Replication144	 -1.46419	0.99582	0.97436 	0.97999 	0.98934 	0.97777 	0.98491 	1.00173 	0.96923 	0.97712 	0.99082 	0.97272 	0.99058 	0.99072 	-0.12566 	-0.13340 	-0.13475 	0.23784 	0.00000 	0.30915 	-0.18355 	-0.16288 	0.02273 	-0.14211 	0.26151 	0.05887 	-0.04156 	-0.04412 	-0.04457 	-0.11685 	0.00000 	0.30664 	-0.06071 	-0.05387 	-0.00151 	-0.04700 	0.08649 	0.04647 	0.00776	0.02940
Replication145	 -1.47635	0.99538	0.97075 	0.97700 	0.98688 	0.97459 	0.98337 	1.00089 	0.96951 	0.97549 	0.98857 	0.97126 	0.98534 	0.98889 	-0.14524 	-0.14744 	-0.16574 	0.26259 	0.02423 	0.34063 	-0.13170 	-0.15681 	0.02526 	-0.13290 	0.16903 	0.06453 	-0.04808 	-0.04881 	-0.05487 	-0.12968 	0.00802 	0.33785 	-0.04360 	-0.05191 	-0.00155 	-0.04399 	0.05596 	0.05081 	0.00646	0.03014
Replication146	 -1.49131	0.99535	0.97043 	0.97623 	0.98633 	0.97393 	0.98183 	1.00072 	0.97002 	0.97633 	0.98882 	0.97227 	0.98650 	0.98912 	-0.13677 	-0.15310 	-0.17301 	0.26529 	0.00000 	0.34701 	-0.14076 	-0.14835 	0.02522 	-0.12738 	0.18265 	0.06396 	-0.04528 	-0.05069 	-0.05728 	-0.12990 	0.00000 	0.34421 	-0.04660 	-0.04911 	-0.00179 	-0.04217 	0.06047 	0.05013 	0.00477	0.03200
Replication147	 1.57093	0.99487	0.96628 	0.97336 	0.98527 	0.97052 	0.97941 	0.99996 	0.96429 	0.97138 	0.98592 	0.96680 	0.98005 	0.98646 	-0.15156 	-0.16119 	-0.14332 	0.29197 	0.00000 	0.37542 	-0.14384 	-0.16375 	0.02821 	-0.12941 	0.13574 	0.07193 	-0.05022 	-0.05342 	-0.04749 	-0.14377 	0.00000 	0.37233 	-0.04767 	-0.05426 	-0.00157 	-0.04288 	0.04498 	0.05669 	0.01020	0.03272
Replication148	 -1.48611	0.99577	0.97268 	0.97868 	0.98853 	0.97648 	0.98391 	1.00152 	0.97092 	0.97845 	0.99105 	0.97342 	0.99149 	0.99101 	-0.13867 	-0.14451 	-0.14969 	0.24231 	0.00140 	0.31730 	-0.17071 	-0.13393 	0.02274 	-0.16136 	0.26223 	0.05816 	-0.04587 	-0.04780 	-0.04951 	-0.11649 	0.00046 	0.31476 	-0.05647 	-0.04430 	-0.00178 	-0.05337 	0.08674 	0.04561 	0.00529	0.03197
Replication149	 -1.51378	0.99648	0.97688 	0.98223 	0.99052 	0.98053 	0.98677 	1.00267 	0.98319 	0.98701 	0.99560 	0.98461 	1.00026 	0.99538 	-0.13672 	-0.13395 	-0.17387 	0.20494 	0.00000 	0.27411 	-0.12173 	-0.13867 	0.01819 	-0.11152 	0.27134 	0.04518 	-0.04516 	-0.04425 	-0.05743 	-0.09431 	0.00000 	0.27199 	-0.04021 	-0.04581 	-0.00226 	-0.03684 	0.08963 	0.03472 	0.00270	0.03007
Replication150	 1.57118	0.99462	0.96488 	0.97261 	0.98394 	0.96933 	0.97838 	0.99947 	0.96061 	0.96833 	0.98408 	0.96285 	0.97671 	0.98470 	-0.15740 	-0.14441 	-0.15761 	0.30484 	0.00000 	0.39390 	-0.14738 	-0.16286 	0.02996 	-0.14965 	0.12622 	0.07710 	-0.05219 	-0.04788 	-0.05226 	-0.15218 	0.00000 	0.39067 	-0.04886 	-0.05400 	-0.00128 	-0.04961 	0.04185 	0.06111 	0.01271	0.03537
Replication151	 -1.49009	0.99574	0.97272 	0.97839 	0.98863 	0.97637 	0.98431 	1.00152 	0.97151 	0.97860 	0.99088 	0.97397 	0.99027 	0.99096 	-0.13665 	-0.15609 	-0.14520 	0.24385 	0.01180 	0.31709 	-0.15876 	-0.13383 	0.02293 	-0.14621 	0.22782 	0.05834 	-0.04520 	-0.05163 	-0.04803 	-0.11762 	0.00390 	0.31453 	-0.05252 	-0.04427 	-0.00178 	-0.04837 	0.07536 	0.04569 	0.00508	0.03006
Replication152	 1.57088	0.99492	0.96780 	0.97474 	0.98515 	0.97176 	0.98021 	1.00003 	0.96204 	0.97045 	0.98570 	0.96561 	0.98013 	0.98614 	-0.14492 	-0.13842 	-0.15926 	0.28742 	0.00000 	0.37274 	-0.17098 	-0.16554 	0.02818 	-0.13234 	0.16159 	0.07273 	-0.04802 	-0.04587 	-0.05277 	-0.14388 	0.00000 	0.36969 	-0.05665 	-0.05485 	-0.00130 	-0.04385 	0.05354 	0.05764 	0.01118	0.03367
Replication153	 -1.45250	0.99549	0.96992 	0.97722 	0.98746 	0.97445 	0.98229 	1.00100 	0.96716 	0.97497 	0.98934 	0.96958 	0.98907 	0.98927 	-0.15512 	-0.13454 	-0.14717 	0.25807 	0.00000 	0.33670 	-0.17768 	-0.16000 	0.02451 	-0.17463 	0.27498 	0.06331 	-0.05134 	-0.04453 	-0.04871 	-0.12464 	0.00000 	0.33399 	-0.05881 	-0.05296 	-0.00165 	-0.05780 	0.09101 	0.04993 	0.00843	0.03451
Replication154	 1.57148	0.99432	0.96424 	0.97175 	0.98300 	0.96838 	0.97838 	0.99899 	0.95534 	0.96408 	0.98151 	0.95792 	0.97045 	0.98236 	-0.15161 	-0.14539 	-0.15547 	0.31928 	0.01713 	0.41171 	-0.15129 	-0.16463 	0.03225 	-0.15220 	0.07410 	0.08394 	-0.05030 	-0.04823 	-0.05158 	-0.16306 	0.00568 	0.40829 	-0.05019 	-0.05462 	-0.00072 	-0.05049 	0.02458 	0.06707 	0.01782	0.03644
Replication155	 -1.43194	0.99515	0.96840 	0.97528 	0.98626 	0.97254 	0.98089 	1.00042 	0.96366 	0.97212 	0.98729 	0.96674 	0.98435 	0.98747 	-0.14749 	-0.14910 	-0.14492 	0.27613 	0.00000 	0.35832 	-0.18040 	-0.16294 	0.02663 	-0.16034 	0.22587 	0.06877 	-0.04885 	-0.04938 	-0.04800 	-0.13554 	0.00000 	0.35540 	-0.05975 	-0.05396 	-0.00150 	-0.05310 	0.07481 	0.05437 	0.01053	0.03449
Replication156	 -1.47944	0.99537	0.96954 	0.97591 	0.98666 	0.97352 	0.98164 	1.00075 	0.96996 	0.97604 	0.98898 	0.97025 	0.98721 	0.98919 	-0.14636 	-0.15676 	-0.15913 	0.26523 	0.00156 	0.34597 	-0.12915 	-0.12994 	0.02508 	-0.18483 	0.21043 	0.06373 	-0.04845 	-0.05190 	-0.05268 	-0.12829 	0.00052 	0.34319 	-0.04276 	-0.04302 	-0.00182 	-0.06119 	0.06966 	0.04997 	0.00584	0.03323
Replication157	 -1.51193	0.99661	0.97723 	0.98251 	0.99075 	0.98101 	0.98756 	1.00282 	0.98269 	0.98764 	0.99632 	0.98445 	1.00269 	0.99591 	-0.14139 	-0.14045 	-0.17851 	0.19824 	0.01160 	0.26854 	-0.14633 	-0.12408 	0.01740 	-0.13583 	0.32472 	0.04351 	-0.04669 	-0.04638 	-0.05895 	-0.08940 	0.00383 	0.26651 	-0.04832 	-0.04098 	-0.00226 	-0.04486 	0.10723 	0.03345 	0.00257	0.03319
Replication158	 -1.45848	0.99543	0.97039 	0.97801 	0.98728 	0.97511 	0.98437 	1.00103 	0.96775 	0.97472 	0.98839 	0.96922 	0.98455 	0.98869 	-0.16514 	-0.12377 	-0.16243 	0.25935 	0.03999 	0.33530 	-0.14124 	-0.13613 	0.02521 	-0.16336 	0.17545 	0.06501 	-0.05466 	-0.04097 	-0.05377 	-0.12839 	0.01324 	0.33256 	-0.04675 	-0.04506 	-0.00129 	-0.05407 	0.05808 	0.05145 	0.00824	0.03036
Replication159	 -1.50098	0.99602	0.97603 	0.98101 	0.98978 	0.97916 	0.98661 	1.00208 	0.97332 	0.98043 	0.99192 	0.97478 	0.99105 	0.99201 	-0.12339 	-0.13923 	-0.14982 	0.22692 	0.01711 	0.29630 	-0.14723 	-0.09699 	0.02155 	-0.17145 	0.21543 	0.05505 	-0.04080 	-0.04603 	-0.04953 	-0.11116 	0.00566 	0.29391 	-0.04868 	-0.03207 	-0.00155 	-0.05669 	0.07123 	0.04323 	0.00424	0.02751
Replication160	 1.57107	0.99472	0.96716 	0.97379 	0.98511 	0.97084 	0.97968 	0.99980 	0.96085 	0.96907 	0.98424 	0.96331 	0.97452 	0.98507 	-0.13674 	-0.15039 	-0.13627 	0.29760 	0.00000 	0.38141 	-0.14100 	-0.13339 	0.02956 	-0.14033 	0.06717 	0.07593 	-0.04533 	-0.04985 	-0.04517 	-0.15060 	0.00000 	0.37823 	-0.04674 	-0.04422 	-0.00107 	-0.04652 	0.02226 	0.06026 	0.01356	0.03127
Replication161	 -1.46009	0.99541	0.97027 	0.97693 	0.98775 	0.97435 	0.98236 	1.00100 	0.96759 	0.97534 	0.98887 	0.97068 	0.98573 	0.98913 	-0.14385 	-0.14654 	-0.13241 	0.26165 	0.00000 	0.33668 	-0.16430 	-0.14562 	0.02500 	-0.13591 	0.18959 	0.06383 	-0.04762 	-0.04851 	-0.04383 	-0.12783 	0.00000 	0.33392 	-0.05439 	-0.04820 	-0.00162 	-0.04499 	0.06276 	0.05021 	0.00813	0.02991
Replication162	 -1.45939	0.99546	0.96927 	0.97725 	0.98831 	0.97436 	0.98338 	1.00117 	0.96909 	0.97583 	0.98903 	0.97061 	0.98499 	0.98938 	-0.16839 	-0.13993 	-0.12343 	0.25953 	0.02358 	0.33025 	-0.13577 	-0.13265 	0.02477 	-0.15359 	0.16091 	0.06307 	-0.05573 	-0.04631 	-0.04085 	-0.12573 	0.00781 	0.32752 	-0.04494 	-0.04391 	-0.00156 	-0.05084 	0.05326 	0.04959 	0.00836	0.02830
Replication163	 -1.49338	0.99584	0.97147 	0.97906 	0.98879 	0.97633 	0.98370 	1.00164 	0.97344 	0.97910 	0.99169 	0.97595 	0.99359 	0.99152 	-0.16220 	-0.12463 	-0.14950 	0.23988 	0.00000 	0.31278 	-0.15595 	-0.18662 	0.02220 	-0.12599 	0.27791 	0.05668 	-0.05365 	-0.04122 	-0.04945 	-0.11350 	0.00000 	0.31028 	-0.05158 	-0.06172 	-0.00195 	-0.04167 	0.09192 	0.04432 	0.00458	0.03178
Replication164	 -1.46421	0.99523	0.96852 	0.97545 	0.98593 	0.97279 	0.98120 	1.00048 	0.96582 	0.97444 	0.98799 	0.96903 	0.98536 	0.98825 	-0.15434 	-0.14773 	-0.16737 	0.27217 	0.00620 	0.35598 	-0.17751 	-0.12855 	0.02600 	-0.15408 	0.20992 	0.06649 	-0.05111 	-0.04892 	-0.05542 	-0.13248 	0.00205 	0.35311 	-0.05878 	-0.04257 	-0.00165 	-0.05102 	0.06951 	0.05234 	0.00719	0.03507
Replication165	 -1.51835	0.99664	0.98062 	0.98406 	0.99232 	0.98294 	0.98884 	1.00312 	0.97894 	0.98472 	0.99563 	0.98085 	1.00030 	0.99517 	-0.09850 	-0.14455 	-0.13575 	0.19353 	0.00000 	0.25709 	-0.15917 	-0.14644 	0.01770 	-0.15232 	0.32535 	0.04551 	-0.03253 	-0.04773 	-0.04483 	-0.09195 	0.00000 	0.25507 	-0.05256 	-0.04836 	-0.00181 	-0.05030 	0.10744 	0.03553 	0.00245	0.02797
Replication166	 -1.51465	0.99635	0.97486 	0.98213 	0.99064 	0.97985 	0.98796 	1.00256 	0.97652 	0.98307 	0.99416 	0.97920 	0.99766 	0.99385 	-0.16879 	-0.12149 	-0.15823 	0.21137 	0.04059 	0.27826 	-0.16878 	-0.14036 	0.01934 	-0.14193 	0.30298 	0.04954 	-0.05577 	-0.04014 	-0.05228 	-0.09819 	0.01341 	0.27607 	-0.05577 	-0.04637 	-0.00181 	-0.04689 	0.10011 	0.03872 	0.00251	0.03107
Replication167	 -1.45872	0.99536	0.96978 	0.97649 	0.98615 	0.97386 	0.98172 	1.00066 	0.96678 	0.97411 	0.98866 	0.96959 	0.98882 	0.98858 	-0.14881 	-0.13692 	-0.17631 	0.26482 	0.00128 	0.34945 	-0.17758 	-0.18464 	0.02527 	-0.15504 	0.28066 	0.06542 	-0.04927 	-0.04533 	-0.05837 	-0.12914 	0.00042 	0.34666 	-0.05879 	-0.06112 	-0.00165 	-0.05133 	0.09291 	0.05164 	0.00759	0.03663
Replication168	 -1.48196	0.99570	0.97301 	0.97828 	0.98833 	0.97652 	0.98575 	1.00147 	0.97218 	0.97744 	0.99034 	0.97236 	0.98941 	0.99041 	-0.13832 	-0.16734 	-0.15635 	0.24538 	0.04505 	0.31888 	-0.12273 	-0.15046 	0.02335 	-0.17362 	0.22218 	0.05990 	-0.04576 	-0.05536 	-0.05173 	-0.11970 	0.01490 	0.31630 	-0.04060 	-0.04978 	-0.00160 	-0.05744 	0.07351 	0.04713 	0.00592	0.02987
Replication169	 1.57093	0.99487	0.96642 	0.97343 	0.98506 	0.97060 	0.97941 	0.99991 	0.96223 	0.97116 	0.98578 	0.96588 	0.97990 	0.98631 	-0.15068 	-0.15854 	-0.14923 	0.29170 	0.00000 	0.37718 	-0.17328 	-0.13971 	0.02828 	-0.13735 	0.14981 	0.07233 	-0.04993 	-0.05254 	-0.04945 	-0.14379 	0.00000 	0.37409 	-0.05742 	-0.04630 	-0.00148 	-0.04552 	0.04964 	0.05709 	0.01050	0.03440
Replication170	 -1.52432	0.99656	0.97685 	0.98278 	0.99223 	0.98111 	0.98883 	1.00303 	0.98073 	0.98508 	0.99557 	0.98192 	0.99984 	0.99520 	-0.14792 	-0.14565 	-0.12901 	0.20022 	0.03286 	0.26061 	-0.13328 	-0.15945 	0.01796 	-0.13767 	0.29770 	0.04553 	-0.04885 	-0.04810 	-0.04261 	-0.09176 	0.01085 	0.25854 	-0.04402 	-0.05266 	-0.00200 	-0.04547 	0.09832 	0.03532 	0.00189	0.02757
Replication171	 -1.45749	0.99506	0.96813 	0.97470 	0.98584 	0.97205 	0.98052 	1.00030 	0.96589 	0.97338 	0.98699 	0.96926 	0.98188 	0.98750 	-0.14442 	-0.15594 	-0.15190 	0.28093 	0.00000 	0.36281 	-0.15385 	-0.15228 	0.02706 	-0.11251 	0.13950 	0.06881 	-0.04784 	-0.05166 	-0.05032 	-0.13847 	0.00000 	0.35984 	-0.05096 	-0.05044 	-0.00160 	-0.03727 	0.04621 	0.05414 	0.00822	0.03163
Replication172	 -1.51007	0.99568	0.97172 	0.97797 	0.98788 	0.97567 	0.98318 	1.00134 	0.97469 	0.97924 	0.99090 	0.97514 	0.99085 	0.99101 	-0.14472 	-0.14459 	-0.16261 	0.24786 	0.00000 	0.32375 	-0.11478 	-0.15082 	0.02310 	-0.14816 	0.21569 	0.05831 	-0.04788 	-0.04784 	-0.05380 	-0.11899 	0.00000 	0.32115 	-0.03798 	-0.04990 	-0.00197 	-0.04902 	0.07136 	0.04548 	0.00302	0.03062
Replication173	 -1.45342	0.99524	0.97063 	0.97603 	0.98621 	0.97377 	0.98175 	1.00055 	0.96565 	0.97353 	0.98771 	0.96772 	0.98459 	0.98796 	-0.12639 	-0.15508 	-0.16199 	0.27012 	0.00000 	0.35330 	-0.16162 	-0.13772 	0.02615 	-0.17163 	0.20603 	0.06729 	-0.04185 	-0.05135 	-0.05364 	-0.13414 	0.00000 	0.35043 	-0.05352 	-0.04561 	-0.00148 	-0.05683 	0.06823 	0.05315 	0.00845	0.03338
Replication174	 -1.47579	0.99548	0.97038 	0.97708 	0.98662 	0.97450 	0.98226 	1.00087 	0.96848 	0.97601 	0.98935 	0.97017 	0.98905 	0.98938 	-0.15008 	-0.13604 	-0.17544 	0.25862 	0.00226 	0.34138 	-0.16457 	-0.13238 	0.02455 	-0.18474 	0.25936 	0.06306 	-0.04967 	-0.04503 	-0.05807 	-0.12538 	0.00075 	0.33866 	-0.05447 	-0.04381 	-0.00170 	-0.06115 	0.08584 	0.04963 	0.00597	0.03560
Replication175	 -1.46100	0.99537	0.96930 	0.97623 	0.98822 	0.97365 	0.98199 	1.00101 	0.96864 	0.97586 	0.98882 	0.97129 	0.98420 	0.98927 	-0.14855 	-0.15916 	-0.10957 	0.26466 	0.00000 	0.33610 	-0.14535 	-0.13414 	0.02514 	-0.12715 	0.14275 	0.06352 	-0.04918 	-0.05269 	-0.03627 	-0.12821 	0.00000 	0.33331 	-0.04812 	-0.04441 	-0.00171 	-0.04209 	0.04726 	0.04977 	0.00826	0.02767
Replication176	 -1.51927	0.99589	0.97012 	0.97696 	0.98832 	0.97504 	0.98385 	1.00155 	0.97610 	0.98152 	0.99269 	0.97861 	0.99650 	0.99248 	-0.17182 	-0.17654 	-0.16039 	0.24018 	0.02780 	0.31610 	-0.15594 	-0.17038 	0.02151 	-0.12290 	0.30000 	0.05398 	-0.05682 	-0.05838 	-0.05304 	-0.10895 	0.00919 	0.31363 	-0.05157 	-0.05635 	-0.00236 	-0.04064 	0.09921 	0.04177 	0.00159	0.03568
Replication177	 -1.44238	0.99535	0.97029 	0.97754 	0.98725 	0.97456 	0.98239 	1.00087 	0.96651 	0.97337 	0.98811 	0.96798 	0.98511 	0.98827 	-0.14782 	-0.12128 	-0.14558 	0.26403 	0.00000 	0.34139 	-0.14874 	-0.16448 	0.02561 	-0.16980 	0.21018 	0.06628 	-0.04894 	-0.04015 	-0.04820 	-0.13098 	0.00000 	0.33859 	-0.04924 	-0.05445 	-0.00139 	-0.05622 	0.06958 	0.05246 	0.00981	0.03107
Replication178	 -1.47836	0.99580	0.97404 	0.97923 	0.98856 	0.97744 	0.98620 	1.00162 	0.97035 	0.97760 	0.99074 	0.97298 	0.99078 	0.99068 	-0.13483 	-0.15549 	-0.16192 	0.23922 	0.04045 	0.31338 	-0.16875 	-0.15319 	0.02283 	-0.15175 	0.25720 	0.05901 	-0.04460 	-0.05143 	-0.05356 	-0.11700 	0.01338 	0.31086 	-0.05582 	-0.05067 	-0.00152 	-0.05019 	0.08507 	0.04655 	0.00616	0.03108
Replication179	 1.57080	0.99500	0.96910 	0.97506 	0.98529 	0.97246 	0.98073 	1.00013 	0.96295 	0.97059 	0.98612 	0.96476 	0.98184 	0.98641 	-0.13136 	-0.14787 	-0.16357 	0.28282 	0.00000 	0.36902 	-0.15746 	-0.16317 	0.02772 	-0.17439 	0.19743 	0.07186 	-0.04352 	-0.04899 	-0.05419 	-0.14189 	0.00000 	0.36602 	-0.05217 	-0.05406 	-0.00130 	-0.05778 	0.06541 	0.05701 	0.01104	0.03454
Replication180	 -1.41973	0.99500	0.96859 	0.97500 	0.98612 	0.97229 	0.98078 	1.00027 	0.96279 	0.97077 	0.98614 	0.96526 	0.98041 	0.98656 	-0.13620 	-0.15195 	-0.13566 	0.28297 	0.00000 	0.36408 	-0.15837 	-0.15791 	0.02770 	-0.15501 	0.16095 	0.07146 	-0.04512 	-0.05034 	-0.04494 	-0.14141 	0.00000 	0.36108 	-0.05247 	-0.05232 	-0.00130 	-0.05135 	0.05332 	0.05661 	0.01205	0.03175
Replication181	 -1.51394	0.99614	0.97728 	0.98149 	0.99011 	0.98008 	0.98817 	1.00231 	0.97629 	0.98140 	0.99270 	0.97766 	0.99323 	0.99267 	-0.11935 	-0.15329 	-0.15903 	0.21990 	0.03856 	0.28757 	-0.12918 	-0.14698 	0.02076 	-0.13498 	0.22600 	0.05306 	-0.03945 	-0.05067 	-0.05256 	-0.10760 	0.01275 	0.28525 	-0.04270 	-0.04858 	-0.00162 	-0.04462 	0.07470 	0.04161 	0.00304	0.02650
Replication182	 -1.44103	0.99500	0.96725 	0.97450 	0.98574 	0.97164 	0.98078 	1.00022 	0.96483 	0.97205 	0.98647 	0.96743 	0.98112 	0.98695 	-0.15631 	-0.15234 	-0.14915 	0.28415 	0.01363 	0.36573 	-0.14799 	-0.16139 	0.02751 	-0.13159 	0.14717 	0.07040 	-0.05179 	-0.05047 	-0.04941 	-0.14017 	0.00452 	0.36273 	-0.04903 	-0.05347 	-0.00148 	-0.04359 	0.04876 	0.05556 	0.00984	0.03215
Replication183	 -1.54288	0.99658	0.97706 	0.98282 	0.99235 	0.98106 	0.98748 	1.00306 	0.98359 	0.98688 	0.99603 	0.98369 	0.99976 	0.99582 	-0.13826 	-0.13974 	-0.12400 	0.19965 	0.00000 	0.25961 	-0.10414 	-0.13624 	0.01766 	-0.13736 	0.25880 	0.04383 	-0.04566 	-0.04615 	-0.04095 	-0.09101 	0.00000 	0.25755 	-0.03439 	-0.04499 	-0.00221 	-0.04536 	0.08547 	0.03366 	0.00020	0.02596
Replication184	 -1.48195	0.99539	0.96869 	0.97587 	0.98655 	0.97323 	0.98130 	1.00074 	0.96912 	0.97639 	0.98928 	0.97145 	0.98851 	0.98941 	-0.15950 	-0.14824 	-0.16335 	0.26457 	0.00000 	0.34617 	-0.16182 	-0.13949 	0.02483 	-0.15589 	0.23505 	0.06309 	-0.05280 	-0.04907 	-0.05407 	-0.12656 	0.00000 	0.34340 	-0.05357 	-0.04618 	-0.00190 	-0.05161 	0.07781 	0.04941 	0.00542	0.03486
Replication185	 -1.52997	0.99618	0.97405 	0.97962 	0.98892 	0.97790 	0.98473 	1.00200 	0.97877 	0.98384 	0.99416 	0.98052 	0.99978 	0.99378 	-0.14405 	-0.15196 	-0.18026 	0.22227 	0.00000 	0.29921 	-0.15133 	-0.15342 	0.01984 	-0.14272 	0.33196 	0.04997 	-0.04761 	-0.05022 	-0.05958 	-0.10178 	0.00000 	0.29692 	-0.05002 	-0.05071 	-0.00231 	-0.04717 	0.10972 	0.03863 	0.00050	0.03586
Replication186	 -1.49029	0.99542	0.96970 	0.97616 	0.98662 	0.97376 	0.98170 	1.00081 	0.96995 	0.97692 	0.98943 	0.97231 	0.98845 	0.98960 	-0.14887 	-0.15289 	-0.16739 	0.26230 	0.00000 	0.34362 	-0.15581 	-0.13929 	0.02466 	-0.14545 	0.22130 	0.06252 	-0.04928 	-0.05061 	-0.05541 	-0.12625 	0.00000 	0.34087 	-0.05158 	-0.04611 	-0.00190 	-0.04815 	0.07325 	0.04893 	0.00469	0.03377
Replication187	 -1.53544	0.99590	0.97137 	0.97745 	0.98852 	0.97560 	0.98317 	1.00161 	0.97792 	0.98261 	0.99291 	0.97954 	0.99586 	0.99283 	-0.15216 	-0.17114 	-0.15712 	0.23844 	0.00000 	0.31357 	-0.13292 	-0.15103 	0.02134 	-0.12478 	0.26303 	0.05300 	-0.05032 	-0.05660 	-0.05196 	-0.10929 	0.00000 	0.31111 	-0.04396 	-0.04995 	-0.00243 	-0.04127 	0.08698 	0.04083 	0.00022	0.03316
Replication188	 -1.50608	0.99587	0.97136 	0.97727 	0.98890 	0.97547 	0.98319 	1.00159 	0.97493 	0.98077 	0.99244 	0.97682 	0.99526 	0.99226 	-0.14667 	-0.17803 	-0.13685 	0.24035 	0.00000 	0.31431 	-0.15388 	-0.15506 	0.02171 	-0.14858 	0.29122 	0.05460 	-0.04851 	-0.05888 	-0.04526 	-0.11073 	0.00000 	0.31182 	-0.05089 	-0.05128 	-0.00228 	-0.04914 	0.09631 	0.04232 	0.00313	0.03349
Replication189	 -1.45291	0.99526	0.97047 	0.97618 	0.98657 	0.97382 	0.98185 	1.00063 	0.96576 	0.97376 	0.98781 	0.96826 	0.98426 	0.98810 	-0.12997 	-0.15321 	-0.15288 	0.26928 	0.00000 	0.35028 	-0.16344 	-0.13829 	0.02604 	-0.15893 	0.19289 	0.06687 	-0.04304 	-0.05073 	-0.05062 	-0.13348 	0.00000 	0.34743 	-0.05412 	-0.04579 	-0.00149 	-0.05263 	0.06387 	0.05278 	0.00863	0.03218
Replication190	 -1.43690	0.99504	0.96690 	0.97462 	0.98634 	0.97159 	0.98027 	1.00033 	0.96604 	0.97232 	0.98680 	0.96667 	0.98153 	0.98725 	-0.15888 	-0.14820 	-0.13014 	0.28267 	0.00000 	0.36165 	-0.12404 	-0.15064 	0.02723 	-0.16939 	0.15055 	0.06952 	-0.05263 	-0.04909 	-0.04311 	-0.13848 	0.00000 	0.35867 	-0.04109 	-0.04990 	-0.00156 	-0.05612 	0.04987 	0.05479 	0.01034	0.03135
Replication191	 -1.53303	0.99603	0.97214 	0.97920 	0.98957 	0.97701 	0.98538 	1.00201 	0.97759 	0.98309 	0.99303 	0.98030 	0.99395 	0.99312 	-0.16731 	-0.15088 	-0.14877 	0.23055 	0.02677 	0.29894 	-0.13866 	-0.13506 	0.02091 	-0.09919 	0.21155 	0.05202 	-0.05532 	-0.04988 	-0.04919 	-0.10673 	0.00885 	0.29656 	-0.04584 	-0.04465 	-0.00214 	-0.03279 	0.06994 	0.04023 	0.00088	0.02903
Replication192	 -1.46210	0.99622	0.97831 	0.98320 	0.99139 	0.98153 	0.99049 	1.00263 	0.97255 	0.97845 	0.99212 	0.97368 	0.99179 	0.99194 	-0.12552 	-0.13648 	-0.13297 	0.21409 	0.06586 	0.27561 	-0.14353 	-0.16856 	0.02087 	-0.16678 	0.25090 	0.05496 	-0.04148 	-0.04511 	-0.04394 	-0.10720 	0.02177 	0.27334 	-0.04743 	-0.05571 	-0.00109 	-0.05512 	0.08292 	0.04372 	0.00845	0.02465
Replication193	 -1.50632	0.99597	0.97528 	0.98167 	0.98934 	0.97906 	0.98570 	1.00199 	0.97394 	0.98000 	0.99166 	0.97630 	0.99101 	0.99174 	-0.13637 	-0.10081 	-0.16288 	0.22931 	0.00000 	0.29955 	-0.14311 	-0.14422 	0.02185 	-0.12304 	0.20759 	0.05588 	-0.04509 	-0.03333 	-0.05386 	-0.11317 	0.00000 	0.29713 	-0.04732 	-0.04769 	-0.00156 	-0.04068 	0.06864 	0.04390 	0.00376	0.02696
Replication194	 -1.52635	0.99611	0.97221 	0.97959 	0.98935 	0.97718 	0.98429 	1.00199 	0.97759 	0.98286 	0.99365 	0.97986 	0.99784 	0.99338 	-0.16655 	-0.13342 	-0.15809 	0.22693 	0.00000 	0.29946 	-0.15258 	-0.16289 	0.02034 	-0.12694 	0.30363 	0.05120 	-0.05506 	-0.04410 	-0.05226 	-0.10373 	0.00000 	0.29711 	-0.05044 	-0.05384 	-0.00226 	-0.04196 	0.10037 	0.03963 	0.00110	0.03347
Replication195	 -1.46982	0.99534	0.96952 	0.97675 	0.98691 	0.97388 	0.98186 	1.00080 	0.96768 	0.97528 	0.98846 	0.97118 	0.98507 	0.98879 	-0.15285 	-0.13259 	-0.15331 	0.26583 	0.00000 	0.34402 	-0.16264 	-0.14876 	0.02545 	-0.11738 	0.17442 	0.06486 	-0.05061 	-0.04390 	-0.05076 	-0.13025 	0.00000 	0.34121 	-0.05385 	-0.04925 	-0.00162 	-0.03886 	0.05775 	0.05101 	0.00704	0.03088
Replication196	 -1.49023	0.99591	0.97426 	0.97976 	0.98952 	0.97773 	0.98489 	1.00185 	0.97257 	0.97932 	0.99172 	0.97523 	0.99216 	0.99167 	-0.12842 	-0.14479 	-0.13697 	0.23436 	0.00000 	0.30473 	-0.16191 	-0.15213 	0.02199 	-0.13827 	0.25042 	0.05617 	-0.04247 	-0.04788 	-0.04530 	-0.11322 	0.00000 	0.30227 	-0.05354 	-0.05031 	-0.00177 	-0.04573 	0.08281 	0.04401 	0.00519	0.02888
Replication197	 -1.50524	0.99560	0.97064 	0.97739 	0.98684 	0.97489 	0.98243 	1.00107 	0.97346 	0.97818 	0.99057 	0.97451 	0.99226 	0.99049 	-0.15427 	-0.13677 	-0.18475 	0.25251 	0.00000 	0.33398 	-0.13265 	-0.17947 	0.02350 	-0.14584 	0.26703 	0.05982 	-0.05105 	-0.04526 	-0.06113 	-0.12073 	0.00000 	0.33134 	-0.04389 	-0.05939 	-0.00201 	-0.04826 	0.08836 	0.04677 	0.00309	0.03475
Replication198	 1.57131	0.99449	0.96359 	0.97159 	0.98428 	0.96825 	0.97776 	0.99933 	0.95789 	0.96642 	0.98322 	0.96051 	0.97434 	0.98391 	-0.15900 	-0.15770 	-0.12523 	0.31225 	0.00000 	0.39914 	-0.15688 	-0.16567 	0.03080 	-0.15387 	0.11284 	0.07946 	-0.05273 	-0.05230 	-0.04153 	-0.15554 	0.00000 	0.39583 	-0.05203 	-0.05494 	-0.00117 	-0.05103 	0.03742 	0.06310 	0.01614	0.03508
Replication199	 1.57119	0.99461	0.96387 	0.97195 	0.98478 	0.96868 	0.97811 	0.99955 	0.96114 	0.96804 	0.98421 	0.96247 	0.97653 	0.98482 	-0.16258 	-0.15984 	-0.12390 	0.30645 	0.00000 	0.39085 	-0.13220 	-0.17450 	0.02991 	-0.15844 	0.12173 	0.07679 	-0.05390 	-0.05299 	-0.04108 	-0.15136 	0.00000 	0.38761 	-0.04383 	-0.05786 	-0.00137 	-0.05253 	0.04036 	0.06078 	0.01429	0.03381
Replication200	 -1.49810	0.99538	0.96698 	0.97460 	0.98714 	0.97211 	0.98130 	1.00081 	0.97244 	0.97815 	0.98964 	0.97392 	0.98733 	0.99003 	-0.17445 	-0.17565 	-0.13927 	0.26743 	0.01552 	0.34371 	-0.12394 	-0.12893 	0.02468 	-0.13209 	0.16566 	0.06143 	-0.05775 	-0.05815 	-0.04610 	-0.12521 	0.00514 	0.34093 	-0.04103 	-0.04268 	-0.00216 	-0.04373 	0.05484 	0.04770 	0.00410	0.03179
Replication201	 -1.51316	0.99587	0.97142 	0.97782 	0.98894 	0.97576 	0.98338 	1.00165 	0.97632 	0.98099 	0.99241 	0.97750 	0.99472 	0.99230 	-0.15197 	-0.16322 	-0.14100 	0.23962 	0.00000 	0.31221 	-0.13172 	-0.16449 	0.02172 	-0.13975 	0.26669 	0.05450 	-0.05026 	-0.05398 	-0.04663 	-0.11109 	0.00000 	0.30973 	-0.04356 	-0.05440 	-0.00225 	-0.04622 	0.08820 	0.04223 	0.00259	0.03176
Replication202	 -1.51373	0.99588	0.97006 	0.97727 	0.98837 	0.97503 	0.98270 	1.00151 	0.97459 	0.98144 	0.99260 	0.97696 	0.99606 	0.99241 	-0.16821 	-0.15908 	-0.15363 	0.24049 	0.00000 	0.31741 	-0.16982 	-0.12991 	0.02157 	-0.15792 	0.30700 	0.05416 	-0.05563 	-0.05261 	-0.05081 	-0.10923 	0.00000 	0.31493 	-0.05616 	-0.04296 	-0.00233 	-0.05223 	0.10153 	0.04193 	0.00207	0.03644
Replication203	 -1.47812	0.99564	0.97201 	0.97799 	0.98827 	0.97577 	0.98362 	1.00134 	0.97090 	0.97717 	0.99027 	0.97258 	0.98961 	0.99031 	-0.13802 	-0.15064 	-0.14379 	0.24948 	0.00598 	0.32382 	-0.14721 	-0.15746 	0.02358 	-0.15429 	0.23452 	0.06028 	-0.04567 	-0.04984 	-0.04758 	-0.12099 	0.00198 	0.32119 	-0.04871 	-0.05210 	-0.00174 	-0.05105 	0.07760 	0.04732 	0.00625	0.03041
Replication204	 -1.45997	0.99513	0.96911 	0.97503 	0.98570 	0.97263 	0.98088 	1.00035 	0.96666 	0.97350 	0.98740 	0.96807 	0.98400 	0.98773 	-0.13633 	-0.15871 	-0.16440 	0.27675 	0.00000 	0.36097 	-0.14219 	-0.14547 	0.02662 	-0.16526 	0.18771 	0.06808 	-0.04515 	-0.05257 	-0.05445 	-0.13646 	0.00000 	0.35804 	-0.04709 	-0.04818 	-0.00162 	-0.05474 	0.06217 	0.05363 	0.00777	0.03358
Replication205	 1.57093	0.99486	0.96530 	0.97416 	0.98500 	0.97055 	0.97929 	0.99993 	0.96212 	0.97106 	0.98557 	0.96625 	0.97895 	0.98617 	-0.17436 	-0.12407 	-0.15433 	0.29215 	0.00000 	0.37667 	-0.17263 	-0.14318 	0.02842 	-0.11911 	0.12833 	0.07275 	-0.05778 	-0.04111 	-0.05114 	-0.14407 	0.00000 	0.37358 	-0.05721 	-0.04745 	-0.00139 	-0.03947 	0.04253 	0.05749 	0.01063	0.03397
Replication206	 1.57175	0.99404	0.96219 	0.96998 	0.98143 	0.96635 	0.97604 	0.99840 	0.95488 	0.96294 	0.98007 	0.95633 	0.96721 	0.98117 	-0.15297 	-0.14359 	-0.16814 	0.33484 	0.00000 	0.43386 	-0.12583 	-0.14909 	0.03384 	-0.15983 	0.02713 	0.08761 	-0.05078 	-0.04766 	-0.05581 	-0.17098 	0.00000 	0.43028 	-0.04177 	-0.04949 	-0.00073 	-0.05305 	0.00901 	0.06992 	0.01784	0.03895
Replication207	 -1.50457	0.99575	0.97163 	0.97754 	0.98833 	0.97553 	0.98317 	1.00143 	0.97280 	0.97982 	0.99142 	0.97540 	0.99209 	0.99146 	-0.14269 	-0.16321 	-0.14830 	0.24512 	0.00000 	0.32050 	-0.16201 	-0.12879 	0.02261 	-0.14337 	0.24659 	0.05697 	-0.04720 	-0.05399 	-0.04906 	-0.11574 	0.00000 	0.31794 	-0.05359 	-0.04260 	-0.00205 	-0.04743 	0.08157 	0.04435 	0.00341	0.03219
Replication208	 -1.45531	0.99536	0.96946 	0.97651 	0.98713 	0.97379 	0.98183 	1.00082 	0.96734 	0.97459 	0.98863 	0.96905 	0.98652 	0.98878 	-0.15089 	-0.14201 	-0.14421 	0.26487 	0.00000 	0.34333 	-0.15592 	-0.14805 	0.02528 	-0.17257 	0.22364 	0.06487 	-0.04995 	-0.04701 	-0.04774 	-0.12893 	0.00000 	0.34054 	-0.05162 	-0.04901 	-0.00163 	-0.05713 	0.07404 	0.05110 	0.00834	0.03264
Replication209	 -1.48914	0.99573	0.97157 	0.97857 	0.98866 	0.97599 	0.98352 	1.00150 	0.97211 	0.97864 	0.99087 	0.97321 	0.99014 	0.99096 	-0.15207 	-0.13444 	-0.14139 	0.24510 	0.00000 	0.31785 	-0.14187 	-0.12172 	0.02297 	-0.17301 	0.22540 	0.05835 	-0.05031 	-0.04447 	-0.04677 	-0.11744 	0.00000 	0.31528 	-0.04693 	-0.04027 	-0.00180 	-0.05724 	0.07456 	0.04567 	0.00516	0.03027
Replication210	 -1.48199	0.99569	0.97030 	0.97728 	0.98879 	0.97500 	0.98377 	1.00145 	0.97156 	0.97830 	0.99087 	0.97419 	0.99053 	0.99092 	-0.16087 	-0.16366 	-0.12783 	0.24871 	0.02141 	0.31987 	-0.15851 	-0.15297 	0.02309 	-0.13588 	0.23397 	0.05852 	-0.05322 	-0.05415 	-0.04229 	-0.11733 	0.00708 	0.31728 	-0.05244 	-0.05061 	-0.00193 	-0.04495 	0.07741 	0.04572 	0.00585	0.03056
Replication211	 -1.46054	0.99504	0.96805 	0.97502 	0.98534 	0.97214 	0.98046 	1.00022 	0.96682 	0.97311 	0.98680 	0.96800 	0.98201 	0.98728 	-0.14971 	-0.14021 	-0.16882 	0.28151 	0.00000 	0.36572 	-0.12646 	-0.14610 	0.02722 	-0.15194 	0.14716 	0.06944 	-0.04959 	-0.04645 	-0.05592 	-0.13938 	0.00000 	0.36274 	-0.04189 	-0.04840 	-0.00155 	-0.05033 	0.04875 	0.05472 	0.00780	0.03269
Replication212	 1.57148	0.99432	0.96498 	0.97232 	0.98324 	0.96908 	0.98031 	0.99907 	0.95323 	0.96268 	0.98078 	0.95652 	0.96794 	0.98172 	-0.15330 	-0.14825 	-0.15360 	0.31808 	0.05095 	0.40886 	-0.15897 	-0.16695 	0.03266 	-0.14153 	0.04681 	0.08570 	-0.05086 	-0.04918 	-0.05096 	-0.16447 	0.01690 	0.40544 	-0.05274 	-0.05538 	-0.00032 	-0.04695 	0.01553 	0.06882 	0.02046	0.03582
Replication213	 -1.50147	0.99589	0.97189 	0.97965 	0.98897 	0.97684 	0.98414 	1.00175 	0.97454 	0.97992 	0.99187 	0.97535 	0.99306 	0.99179 	-0.16456 	-0.11630 	-0.15268 	0.23666 	0.00205 	0.30864 	-0.13438 	-0.14669 	0.02195 	-0.16377 	0.25709 	0.05584 	-0.05442 	-0.03846 	-0.05049 	-0.11218 	0.00068 	0.30617 	-0.04444 	-0.04851 	-0.00189 	-0.05416 	0.08502 	0.04364 	0.00385	0.03094
Replication214	 -1.45637	0.99512	0.96763 	0.97483 	0.98629 	0.97203 	0.98055 	1.00043 	0.96730 	0.97364 	0.98753 	0.96941 	0.98364 	0.98790 	-0.15442 	-0.15332 	-0.14283 	0.27824 	0.00000 	0.35801 	-0.13895 	-0.16899 	0.02658 	-0.13096 	0.16735 	0.06763 	-0.05115 	-0.05078 	-0.04731 	-0.13573 	0.00000 	0.35508 	-0.04602 	-0.05597 	-0.00171 	-0.04338 	0.05543 	0.05315 	0.00833	0.03161
Replication215	 1.57127	0.99453	0.96307 	0.97134 	0.98305 	0.96796 	0.97726 	0.99921 	0.96245 	0.96945 	0.98400 	0.96333 	0.97635 	0.98477 	-0.17090 	-0.14999 	-0.17194 	0.31111 	0.00000 	0.40360 	-0.12275 	-0.13102 	0.03025 	-0.16640 	0.10139 	0.07705 	-0.05667 	-0.04974 	-0.05702 	-0.15330 	0.00000 	0.40031 	-0.04070 	-0.04345 	-0.00149 	-0.05518 	0.03362 	0.06081 	0.01040	0.03719
Replication216	 -1.47139	0.99510	0.96798 	0.97524 	0.98568 	0.97234 	0.98095 	1.00035 	0.96744 	0.97435 	0.98716 	0.96988 	0.98163 	0.98775 	-0.15666 	-0.14093 	-0.16611 	0.27867 	0.00755 	0.36073 	-0.13505 	-0.13189 	0.02685 	-0.12120 	0.11680 	0.06805 	-0.05189 	-0.04668 	-0.05502 	-0.13729 	0.00250 	0.35779 	-0.04473 	-0.04369 	-0.00158 	-0.04014 	0.03869 	0.05350 	0.00683	0.03145
Replication217	 -1.53199	0.99601	0.97125 	0.97898 	0.98820 	0.97641 	0.98353 	1.00171 	0.97759 	0.98290 	0.99323 	0.97915 	0.99743 	0.99301 	-0.17435 	-0.12636 	-0.18407 	0.23237 	0.00000 	0.31015 	-0.14594 	-0.13906 	0.02085 	-0.14697 	0.30076 	0.05234 	-0.05764 	-0.04178 	-0.06086 	-0.10626 	0.00000 	0.30775 	-0.04825 	-0.04598 	-0.00229 	-0.04859 	0.09944 	0.04049 	0.00028	0.03603
Replication218	 -1.50593	0.99597	0.97499 	0.98017 	0.98927 	0.97827 	0.98537 	1.00190 	0.97373 	0.98044 	0.99208 	0.97580 	0.99282 	0.99204 	-0.12669 	-0.14229 	-0.15542 	0.23057 	0.00444 	0.30281 	-0.15537 	-0.12738 	0.02160 	-0.15278 	0.24896 	0.05505 	-0.04189 	-0.04705 	-0.05139 	-0.11146 	0.00147 	0.30039 	-0.05137 	-0.04212 	-0.00177 	-0.05052 	0.08232 	0.04309 	0.00353	0.02970
Replication219	 1.57094	0.99486	0.96812 	0.97494 	0.98565 	0.97191 	0.98047 	1.00005 	0.96126 	0.96895 	0.98497 	0.96350 	0.97748 	0.98551 	-0.13776 	-0.13785 	-0.13748 	0.28984 	0.00000 	0.37197 	-0.14797 	-0.16797 	0.02877 	-0.14972 	0.12750 	0.07454 	-0.04565 	-0.04568 	-0.04556 	-0.14685 	0.00000 	0.36888 	-0.04904 	-0.05567 	-0.00107 	-0.04962 	0.04225 	0.05926 	0.01386	0.03126
Replication220	 -1.48711	0.99583	0.97306 	0.97933 	0.98866 	0.97729 	0.98701 	1.00170 	0.97236 	0.97831 	0.99086 	0.97336 	0.99023 	0.99090 	-0.15711 	-0.15048 	-0.16525 	0.23853 	0.06356 	0.31042 	-0.13634 	-0.14121 	0.02270 	-0.16498 	0.22716 	0.05839 	-0.05196 	-0.04977 	-0.05466 	-0.11576 	0.02102 	0.30791 	-0.04509 	-0.04671 	-0.00152 	-0.05457 	0.07513 	0.04600 	0.00539	0.03003
Replication221	 -1.46398	0.99534	0.96993 	0.97513 	0.98669 	0.97325 	0.98155 	1.00067 	0.96819 	0.97505 	0.98886 	0.96939 	0.98792 	0.98894 	-0.13083 	-0.18296 	-0.14916 	0.26695 	0.00217 	0.34876 	-0.15241 	-0.14813 	0.02523 	-0.18337 	0.24654 	0.06446 	-0.04331 	-0.06057 	-0.04938 	-0.12898 	0.00072 	0.34595 	-0.05046 	-0.04904 	-0.00183 	-0.06071 	0.08162 	0.05061 	0.00726	0.03461
Replication222	 1.57098	0.99482	0.96646 	0.97424 	0.98510 	0.97116 	0.98178 	0.99995 	0.96136 	0.96895 	0.98458 	0.96287 	0.97631 	0.98524 	-0.16711 	-0.14659 	-0.15402 	0.29298 	0.04783 	0.37599 	-0.13621 	-0.14687 	0.02910 	-0.16310 	0.10615 	0.07535 	-0.05538 	-0.04858 	-0.05104 	-0.14720 	0.01585 	0.37287 	-0.04514 	-0.04867 	-0.00098 	-0.05406 	0.03518 	0.05996 	0.01352	0.03280
Replication223	 -1.46144	0.99552	0.97096 	0.97788 	0.98833 	0.97529 	0.98386 	1.00126 	0.96934 	0.97571 	0.98930 	0.97122 	0.98645 	0.98951 	-0.15101 	-0.14151 	-0.13287 	0.25524 	0.01932 	0.32700 	-0.14150 	-0.16071 	0.02444 	-0.14225 	0.18935 	0.06263 	-0.04998 	-0.04683 	-0.04397 	-0.12495 	0.00639 	0.32431 	-0.04683 	-0.05319 	-0.00154 	-0.04708 	0.06267 	0.04933 	0.00815	0.02834
Replication224	 -1.45457	0.99522	0.96670 	0.97519 	0.98691 	0.97211 	0.98135 	1.00063 	0.96647 	0.97452 	0.98796 	0.96979 	0.98362 	0.98837 	-0.17793 	-0.14711 	-0.13298 	0.27405 	0.01725 	0.35062 	-0.16316 	-0.13664 	0.02606 	-0.12925 	0.16140 	0.06618 	-0.05892 	-0.04871 	-0.04404 	-0.13182 	0.00571 	0.34774 	-0.05403 	-0.04525 	-0.00167 	-0.04280 	0.05345 	0.05198 	0.00851	0.03164
Replication225	 -1.52683	0.99615	0.97656 	0.98130 	0.99002 	0.97956 	0.98619 	1.00225 	0.97720 	0.98264 	0.99318 	0.97837 	0.99433 	0.99315 	-0.11932 	-0.13997 	-0.15524 	0.22052 	0.00000 	0.28986 	-0.13103 	-0.12137 	0.02047 	-0.14785 	0.23381 	0.05174 	-0.03944 	-0.04627 	-0.05131 	-0.10627 	0.00000 	0.28754 	-0.04331 	-0.04012 	-0.00186 	-0.04887 	0.07728 	0.04031 	0.00163	0.02769
Replication226	 -1.45943	0.99511	0.96753 	0.97399 	0.98555 	0.97155 	0.98009 	1.00024 	0.96623 	0.97372 	0.98755 	0.96796 	0.98485 	0.98783 	-0.14844 	-0.16882 	-0.15844 	0.27998 	0.00000 	0.36513 	-0.15500 	-0.13633 	0.02662 	-0.17323 	0.20833 	0.06783 	-0.04917 	-0.05592 	-0.05248 	-0.13564 	0.00000 	0.36219 	-0.05134 	-0.04516 	-0.00178 	-0.05738 	0.06901 	0.05329 	0.00762	0.03561
Replication227	 -1.49718	0.99593	0.97393 	0.97990 	0.98950 	0.97771 	0.98484 	1.00188 	0.97452 	0.97978 	0.99194 	0.97529 	0.99269 	0.99187 	-0.13611 	-0.13743 	-0.14094 	0.23351 	0.00000 	0.30363 	-0.13160 	-0.15158 	0.02181 	-0.16105 	0.24866 	0.05559 	-0.04501 	-0.04545 	-0.04661 	-0.11230 	0.00000 	0.30118 	-0.04352 	-0.05012 	-0.00182 	-0.05326 	0.08223 	0.04349 	0.00449	0.02882
Replication228	 1.57081	0.99498	0.96858 	0.97521 	0.98554 	0.97234 	0.98069 	1.00018 	0.96429 	0.97088 	0.98605 	0.96532 	0.98069 	0.98646 	-0.13963 	-0.13968 	-0.15589 	0.28371 	0.00000 	0.36724 	-0.13304 	-0.16404 	0.02781 	-0.16721 	0.15988 	0.07175 	-0.04626 	-0.04628 	-0.05165 	-0.14235 	0.00000 	0.36422 	-0.04408 	-0.05435 	-0.00131 	-0.05540 	0.05297 	0.05685 	0.01090	0.03238
Replication229	 -1.51260	0.99708	0.97814 	0.98443 	0.99372 	0.98285 	0.98874 	1.00374 	0.98718 	0.99164 	0.99917 	0.98908 	1.00739 	0.99861 	-0.15422 	-0.13678 	-0.12756 	0.17506 	0.00000 	0.23411 	-0.14533 	-0.12116 	0.01447 	-0.12408 	0.34731 	0.03547 	-0.05088 	-0.04513 	-0.04208 	-0.07312 	0.00000 	0.23235 	-0.04795 	-0.03997 	-0.00249 	-0.04094 	0.11459 	0.02679 	0.00271	0.03116
Replication230	 -1.43734	0.99524	0.96962 	0.97699 	0.98712 	0.97397 	0.98234 	1.00074 	0.96439 	0.97307 	0.98730 	0.96756 	0.98152 	0.98775 	-0.15058 	-0.12665 	-0.13802 	0.26966 	0.00824 	0.34629 	-0.16599 	-0.12857 	0.02637 	-0.14472 	0.14659 	0.06784 	-0.04986 	-0.04194 	-0.04570 	-0.13440 	0.00273 	0.34342 	-0.05497 	-0.04257 	-0.00125 	-0.04792 	0.04854 	0.05371 	0.01045	0.02979
Replication231	 1.57088	0.99492	0.96617 	0.97282 	0.98477 	0.97027 	0.97912 	0.99991 	0.96581 	0.97262 	0.98666 	0.96824 	0.98310 	0.98704 	-0.15164 	-0.17334 	-0.16201 	0.29020 	0.00000 	0.37718 	-0.14874 	-0.16794 	0.02765 	-0.13406 	0.18030 	0.07026 	-0.05025 	-0.05744 	-0.05368 	-0.14106 	0.00000 	0.37413 	-0.04929 	-0.05565 	-0.00182 	-0.04442 	0.05974 	0.05518 	0.00786	0.03545
Replication232	 -1.49500	0.99634	0.97710 	0.98322 	0.99190 	0.98116 	0.98913 	1.00281 	0.97689 	0.98166 	0.99357 	0.97723 	0.99436 	0.99341 	-0.14181 	-0.12513 	-0.12457 	0.20942 	0.03857 	0.26873 	-0.12219 	-0.14996 	0.01970 	-0.16215 	0.24381 	0.05075 	-0.04686 	-0.04135 	-0.04116 	-0.10115 	0.01274 	0.26653 	-0.04037 	-0.04955 	-0.00152 	-0.05358 	0.08056 	0.03989 	0.00517	0.02419
Replication233	 -1.45448	0.99512	0.96832 	0.97543 	0.98614 	0.97255 	0.98088 	1.00042 	0.96685 	0.97333 	0.98719 	0.96831 	0.98245 	0.98763 	-0.15036 	-0.14166 	-0.15110 	0.27755 	0.00000 	0.35813 	-0.13183 	-0.14987 	0.02678 	-0.14897 	0.15153 	0.06836 	-0.04980 	-0.04692 	-0.05005 	-0.13697 	0.00000 	0.35519 	-0.04366 	-0.04964 	-0.00155 	-0.04934 	0.05019 	0.05386 	0.00855	0.03130
Replication234	 -1.53452	0.99635	0.97470 	0.98077 	0.99018 	0.97892 	0.98561 	1.00239 	0.98074 	0.98497 	0.99502 	0.98169 	1.00069 	0.99463 	-0.14897 	-0.14409 	-0.16008 	0.21341 	0.00000 	0.28444 	-0.13482 	-0.15469 	0.01888 	-0.14668 	0.32489 	0.04741 	-0.04922 	-0.04761 	-0.05289 	-0.09673 	0.00000 	0.28224 	-0.04455 	-0.05111 	-0.00231 	-0.04847 	0.10734 	0.03657 	0.00030	0.03326
Replication235	 -1.50054	0.99569	0.97067 	0.97775 	0.98823 	0.97538 	0.98429 	1.00142 	0.97364 	0.97903 	0.99079 	0.97450 	0.98992 	0.99095 	-0.16489 	-0.15173 	-0.15359 	0.24795 	0.03092 	0.32099 	-0.12408 	-0.13590 	0.02313 	-0.15163 	0.20440 	0.05846 	-0.05455 	-0.05020 	-0.05082 	-0.11799 	0.01023 	0.31839 	-0.04105 	-0.04496 	-0.00187 	-0.05017 	0.06762 	0.04566 	0.00401	0.03029
Replication236	 -1.47500	0.99573	0.97302 	0.97954 	0.98910 	0.97698 	0.98432 	1.00162 	0.97175 	0.97738 	0.99049 	0.97265 	0.98903 	0.99057 	-0.13875 	-0.12620 	-0.13418 	0.24319 	0.00000 	0.31331 	-0.13058 	-0.15638 	0.02318 	-0.15920 	0.21305 	0.05943 	-0.04590 	-0.04175 	-0.04439 	-0.11923 	0.00000 	0.31074 	-0.04320 	-0.05173 	-0.00159 	-0.05267 	0.07048 	0.04675 	0.00686	0.02752
Replication237	 1.57148	0.99431	0.96486 	0.97191 	0.98360 	0.96870 	0.97886 	0.99906 	0.95269 	0.96290 	0.98108 	0.95639 	0.96875 	0.98197 	-0.14189 	-0.15348 	-0.13354 	0.31895 	0.01983 	0.40917 	-0.17316 	-0.15857 	0.03250 	-0.14946 	0.06526 	0.08502 	-0.04707 	-0.05092 	-0.04430 	-0.16391 	0.00658 	0.40575 	-0.05745 	-0.05260 	-0.00050 	-0.04958 	0.02165 	0.06813 	0.02064	0.03577
Replication238	 1.57103	0.99477	0.96474 	0.97290 	0.98524 	0.96967 	0.97901 	0.99980 	0.96032 	0.96899 	0.98505 	0.96360 	0.97879 	0.98552 	-0.16546 	-0.15405 	-0.12825 	0.29780 	0.00472 	0.38142 	-0.17228 	-0.16816 	0.02898 	-0.14712 	0.16143 	0.07464 	-0.05484 	-0.05106 	-0.04251 	-0.14643 	0.00157 	0.37827 	-0.05710 	-0.05574 	-0.00138 	-0.04876 	0.05351 	0.05911 	0.01368	0.03462
Replication239	 -1.50187	0.99614	0.97443 	0.98096 	0.99061 	0.97883 	0.98690 	1.00232 	0.97630 	0.98129 	0.99306 	0.97738 	0.99461 	0.99291 	-0.15220 	-0.13900 	-0.13401 	0.22218 	0.02852 	0.28708 	-0.13278 	-0.15854 	0.02056 	-0.14811 	0.25804 	0.05242 	-0.05031 	-0.04594 	-0.04430 	-0.10516 	0.00943 	0.28476 	-0.04389 	-0.05240 	-0.00182 	-0.04896 	0.08529 	0.04097 	0.00414	0.02766
Replication240	 -1.43305	0.99522	0.96930 	0.97657 	0.98732 	0.97360 	0.98181 	1.00073 	0.96487 	0.97275 	0.98743 	0.96793 	0.98241 	0.98779 	-0.14763 	-0.13425 	-0.12618 	0.27107 	0.00000 	0.34666 	-0.16171 	-0.15898 	0.02634 	-0.13576 	0.16360 	0.06776 	-0.04889 	-0.04446 	-0.04179 	-0.13444 	0.00000 	0.34379 	-0.05355 	-0.05265 	-0.00137 	-0.04496 	0.05418 	0.05358 	0.01092	0.02945
Replication241	 -1.50242	0.99590	0.97384 	0.97825 	0.98882 	0.97696 	0.98545 	1.00170 	0.97402 	0.98006 	0.99196 	0.97523 	0.99358 	0.99185 	-0.12840 	-0.18519 	-0.15440 	0.23627 	0.02900 	0.31048 	-0.14668 	-0.13786 	0.02189 	-0.16864 	0.27149 	0.05567 	-0.04246 	-0.06124 	-0.05106 	-0.11226 	0.00959 	0.30801 	-0.04851 	-0.04559 	-0.00193 	-0.05577 	0.08978 	0.04348 	0.00364	0.03205
Replication242	 -1.47893	0.99543	0.96877 	0.97612 	0.98765 	0.97346 	0.98168 	1.00097 	0.97042 	0.97688 	0.98947 	0.97210 	0.98714 	0.98974 	-0.15942 	-0.15365 	-0.13290 	0.26264 	0.00000 	0.33768 	-0.13903 	-0.13644 	0.02462 	-0.14798 	0.18850 	0.06213 	-0.05277 	-0.05086 	-0.04399 	-0.12548 	0.00000 	0.33493 	-0.04602 	-0.04516 	-0.00191 	-0.04898 	0.06239 	0.04855 	0.00614	0.03071
Replication243	 -1.47746	0.99589	0.97573 	0.98008 	0.98927 	0.97852 	0.98685 	1.00185 	0.97141 	0.97793 	0.99108 	0.97309 	0.99085 	0.99101 	-0.11805 	-0.15797 	-0.15122 	0.23355 	0.03437 	0.30487 	-0.15264 	-0.15291 	0.02239 	-0.16244 	0.24855 	0.05797 	-0.03904 	-0.05224 	-0.05001 	-0.11539 	0.01137 	0.30240 	-0.05048 	-0.05057 	-0.00146 	-0.05372 	0.08220 	0.04576 	0.00648	0.02882
Replication244	 -1.51132	0.99617	0.97371 	0.97993 	0.99021 	0.97797 	0.98512 	1.00219 	0.97671 	0.98237 	0.99377 	0.97887 	0.99768 	0.99345 	-0.14753 	-0.15096 	-0.13660 	0.22293 	0.00184 	0.29222 	-0.15778 	-0.16252 	0.02010 	-0.14071 	0.31087 	0.05090 	-0.04876 	-0.04990 	-0.04515 	-0.10269 	0.00061 	0.28991 	-0.05215 	-0.05372 	-0.00215 	-0.04651 	0.10275 	0.03951 	0.00278	0.03176
Replication245	 -1.50498	0.99590	0.97196 	0.97895 	0.98891 	0.97653 	0.98386 	1.00171 	0.97452 	0.98044 	0.99216 	0.97563 	0.99402 	0.99204 	-0.15645 	-0.13700 	-0.15049 	0.23676 	0.00000 	0.31010 	-0.14506 	-0.13611 	0.02176 	-0.16919 	0.27390 	0.05515 	-0.05174 	-0.04531 	-0.04977 	-0.11111 	0.00000 	0.30763 	-0.04797 	-0.04501 	-0.00202 	-0.05595 	0.09058 	0.04298 	0.00336	0.03232
Replication246	 1.57117	0.99463	0.96532 	0.97182 	0.98315 	0.96908 	0.97808 	0.99932 	0.96114 	0.96930 	0.98446 	0.96332 	0.97869 	0.98500 	-0.14592 	-0.16549 	-0.18045 	0.30492 	0.00000 	0.39928 	-0.15702 	-0.14455 	0.02972 	-0.16600 	0.15967 	0.07627 	-0.04838 	-0.05487 	-0.05983 	-0.15131 	0.00000 	0.39604 	-0.05206 	-0.04792 	-0.00146 	-0.05504 	0.05294 	0.06031 	0.01044	0.03843
Replication247	 -1.50580	0.99591	0.97352 	0.97919 	0.98911 	0.97736 	0.98593 	1.00182 	0.97413 	0.98031 	0.99182 	0.97572 	0.99196 	0.99186 	-0.14433 	-0.15887 	-0.15387 	0.23485 	0.03391 	0.30601 	-0.14228 	-0.12751 	0.02192 	-0.15144 	0.22953 	0.05564 	-0.04773 	-0.05254 	-0.05089 	-0.11232 	0.01121 	0.30355 	-0.04705 	-0.04217 	-0.00180 	-0.05008 	0.07590 	0.04350 	0.00355	0.02958
Replication248	 1.57106	0.99474	0.96826 	0.97447 	0.98512 	0.97157 	0.98019 	0.99984 	0.95937 	0.96796 	0.98407 	0.96249 	0.97500 	0.98476 	-0.12743 	-0.14331 	-0.14129 	0.29546 	0.00000 	0.37997 	-0.15714 	-0.15783 	0.02961 	-0.13663 	0.09660 	0.07676 	-0.04224 	-0.04750 	-0.04683 	-0.15119 	0.00000 	0.37681 	-0.05209 	-0.05232 	-0.00092 	-0.04529 	0.03202 	0.06113 	0.01477	0.03159
Replication249	 -1.47844	0.99585	0.97562 	0.98009 	0.98971 	0.97829 	0.98540 	1.00186 	0.97193 	0.97805 	0.99111 	0.97453 	0.99030 	0.99111 	-0.10854 	-0.14961 	-0.12982 	0.23563 	0.00000 	0.30445 	-0.15125 	-0.17605 	0.02249 	-0.12272 	0.22429 	0.05777 	-0.03590 	-0.04948 	-0.04293 	-0.11661 	0.00000 	0.30196 	-0.05002 	-0.05823 	-0.00158 	-0.04059 	0.07418 	0.04545 	0.00664	0.02625