
 Replication 	 FitnessValue 	 Frequency	Bus1	Bus2	Bus3	Bus4	Bus5	Bus6
Replication0	 0.00922	0.99919	0.99705 	1.00013 	1.00024 	0.99967 	1.00000 	1.00346 
Replication1	 0.02411	0.99950	1.00113 	1.00402 	1.00419 	1.00336 	1.00369 	1.00605 
Replication2	 0.01162	0.99922	0.99637 	1.00042 	1.00094 	0.99959 	1.00013 	1.00380 
Replication3	 0.00943	0.99917	0.99692 	0.99988 	0.99992 	0.99948 	0.99977 	1.00327 
Replication4	 0.01180	0.99927	0.99842 	1.00113 	1.00127 	1.00074 	1.00104 	1.00414 
Replication5	 0.02158	0.99945	1.00091 	1.00400 	1.00296 	1.00322 	1.00322 	1.00550 
Replication6	 0.01314	0.99929	0.99766 	1.00107 	1.00185 	1.00045 	1.00100 	1.00436 
Replication7	 0.01153	0.99914	0.99621 	0.99949 	0.99971 	0.99900 	0.99938 	1.00308 
Replication8	 0.00879	0.99918	0.99740 	1.00037 	0.99970 	0.99990 	0.99999 	1.00328 
Replication9	 0.00901	0.99917	0.99713 	0.99995 	0.99986 	0.99958 	0.99983 	1.00326 
Replication10	 0.01765	0.99940	1.00037 	1.00267 	1.00284 	1.00232 	1.00259 	1.00518 
Replication11	 0.02616	0.99951	1.00231 	1.00444 	1.00384 	1.00401 	1.00404 	1.00602 
Replication12	 0.01817	0.99940	1.00074 	1.00277 	1.00271 	1.00250 	1.00268 	1.00515 
Replication13	 0.01868	0.99940	0.99921 	1.00348 	1.00245 	1.00230 	1.00242 	1.00513 
Replication14	 0.01105	0.99927	1.00013 	1.00156 	1.00061 	1.00156 	1.00143 	1.00399 
Replication15	 0.01918	0.99942	1.00014 	1.00340 	1.00301 	1.00262 	1.00282 	1.00539 
Replication16	 0.01189	0.99916	0.99577 	0.99968 	1.00012 	0.99896 	0.99946 	1.00328 
Replication17	 0.01047	0.99922	0.99711 	1.00039 	1.00085 	0.99985 	1.00030 	1.00378 
Replication18	 0.02080	0.99945	1.00098 	1.00321 	1.00345 	1.00285 	1.00314 	1.00557 
Replication19	 0.01297	0.99930	0.99869 	1.00152 	1.00153 	1.00105 	1.00133 	1.00434 
Replication20	 0.01489	0.99906	0.99573 	0.99870 	0.99843 	0.99836 	0.99857 	1.00236 
Replication21	 0.01240	0.99929	0.99921 	1.00151 	1.00137 	1.00123 	1.00141 	1.00428 
Replication22	 0.01686	0.99937	0.99971 	1.00308 	1.00210 	1.00227 	1.00231 	1.00492 
Replication23	 0.03284	0.99961	1.00298 	1.00610 	1.00499 	1.00517 	1.00514 	1.00685 
Replication24	 0.02075	0.99942	1.00174 	1.00327 	1.00268 	1.00313 	1.00311 	1.00527 
Replication25	 0.01324	0.99931	0.99949 	1.00175 	1.00164 	1.00147 	1.00165 	1.00445 
Replication26	 0.02338	0.99946	1.00157 	1.00437 	1.00296 	1.00366 	1.00352 	1.00559 
Replication27	 0.01786	0.99941	0.99992 	1.00270 	1.00321 	1.00219 	1.00260 	1.00533 
Replication28	 0.01987	0.99942	1.00111 	1.00312 	1.00292 	1.00283 	1.00297 	1.00532 
Replication29	 0.01798	0.99938	1.00132 	1.00274 	1.00211 	1.00268 	1.00264 	1.00491 
Replication30	 0.01478	0.99935	0.99986 	1.00214 	1.00214 	1.00183 	1.00205 	1.00476 
Replication31	 0.00823	0.99919	0.99819 	1.00043 	0.99993 	1.00023 	1.00030 	1.00342 
Replication32	 0.00905	0.99921	0.99835 	1.00082 	1.00005 	1.00049 	1.00051 	1.00355 
Replication33	 0.00888	0.99922	0.99932 	1.00095 	1.00003 	1.00092 	1.00082 	1.00359 
Replication34	 0.01013	0.99924	0.99842 	1.00085 	1.00065 	1.00057 	1.00074 	1.00382 
Replication35	 0.01086	0.99914	0.99644 	0.99975 	0.99955 	0.99922 	0.99948 	1.00307 
Replication36	 0.02168	0.99944	1.00176 	1.00337 	1.00308 	1.00321 	1.00328 	1.00546 
Replication37	 0.00884	0.99920	0.99751 	1.00029 	1.00026 	0.99992 	1.00018 	1.00351 
Replication38	 0.02891	0.99955	1.00297 	1.00480 	1.00440 	1.00446 	1.00452 	1.00635 
Replication39	 0.01414	0.99933	0.99900 	1.00172 	1.00204 	1.00129 	1.00164 	1.00461 
Replication40	 0.00846	0.99920	0.99828 	1.00052 	1.00006 	1.00032 	1.00040 	1.00349 
Replication41	 0.01231	0.99927	0.99769 	1.00095 	1.00155 	1.00038 	1.00087 	1.00421 
Replication42	 0.01361	0.99911	0.99559 	0.99908 	0.99939 	0.99854 	0.99897 	1.00284 
Replication43	 0.01104	0.99914	0.99656 	0.99954 	0.99949 	0.99914 	0.99942 	1.00300 
Replication44	 0.01339	0.99930	0.99833 	1.00136 	1.00185 	1.00085 	1.00128 	1.00444 
Replication45	 0.01107	0.99925	0.99818 	1.00092 	1.00104 	1.00053 	1.00082 	1.00399 
Replication46	 0.01534	0.99936	0.99976 	1.00220 	1.00236 	1.00183 	1.00211 	1.00486 
Replication47	 0.01082	0.99923	0.99713 	1.00047 	1.00102 	0.99991 	1.00039 	1.00387 
Replication48	 0.01388	0.99932	0.99881 	1.00166 	1.00191 	1.00118 	1.00153 	1.00453 
Replication49	 0.01920	0.99940	1.00107 	1.00350 	1.00208 	1.00298 	1.00281 	1.00503 
Replication50	 0.02786	0.99954	1.00213 	1.00503 	1.00423 	1.00426 	1.00431 	1.00629 
Replication51	 0.00911	0.99921	0.99789 	1.00050 	1.00036 	1.00017 	1.00038 	1.00361 
Replication52	 0.01655	0.99903	0.99533 	0.99835 	0.99803 	0.99802 	0.99822 	1.00210 
Replication53	 0.00999	0.99916	0.99682 	0.99976 	0.99973 	0.99936 	0.99964 	1.00316 
Replication54	 0.02713	0.99952	1.00257 	1.00479 	1.00374 	1.00428 	1.00419 	1.00604 
Replication55	 0.02859	0.99954	1.00238 	1.00534 	1.00403 	1.00451 	1.00441 	1.00627 
Replication56	 0.00854	0.99917	0.99736 	1.00004 	0.99986 	0.99972 	0.99992 	1.00329 
Replication57	 0.02995	0.99956	1.00287 	1.00529 	1.00447 	1.00468 	1.00467 	1.00647 
Replication58	 0.01536	0.99935	0.99976 	1.00273 	1.00170 	1.00208 	1.00207 	1.00468 
Replication59	 0.01056	0.99924	0.99823 	1.00086 	1.00084 	1.00050 	1.00075 	1.00390 
Replication60	 0.01336	0.99931	1.00045 	1.00195 	1.00118 	1.00191 	1.00183 	1.00432 
Replication61	 0.01622	0.99936	0.99850 	1.00209 	1.00259 	1.00132 	1.00181 	1.00491 
Replication62	 0.01097	0.99923	0.99754 	1.00126 	1.00035 	1.00044 	1.00054 	1.00374 
Replication63	 0.01025	0.99924	0.99872 	1.00098 	1.00065 	1.00074 	1.00086 	1.00385 
Replication64	 0.00863	0.99918	0.99729 	1.00012 	1.00008 	0.99974 	1.00000 	1.00340 
Replication65	 0.02334	0.99947	1.00128 	1.00425 	1.00335 	1.00350 	1.00353 	1.00573 
Replication66	 0.01496	0.99935	0.99941 	1.00201 	1.00227 	1.00160 	1.00193 	1.00478 
Replication67	 0.01038	0.99924	0.99774 	1.00065 	1.00085 	1.00022 	1.00055 	1.00385 
Replication68	 0.01414	0.99932	0.99907 	1.00188 	1.00186 	1.00139 	1.00166 	1.00456 
Replication69	 0.01119	0.99927	0.99918 	1.00130 	1.00093 	1.00109 	1.00118 	1.00405 
Replication70	 0.01110	0.99926	0.99832 	1.00098 	1.00103 	1.00061 	1.00088 	1.00400 
Replication71	 0.01535	0.99936	0.99968 	1.00217 	1.00238 	1.00178 	1.00208 	1.00486 
Replication72	 0.02545	0.99949	1.00282 	1.00401 	1.00352 	1.00395 	1.00393 	1.00581 
Replication73	 0.01100	0.99924	0.99796 	1.00111 	1.00070 	1.00053 	1.00072 	1.00387 
Replication74	 0.01018	0.99913	0.99719 	0.99963 	0.99910 	0.99941 	0.99949 	1.00287 
Replication75	 0.01606	0.99936	1.00038 	1.00279 	1.00176 	1.00235 	1.00228 	1.00473 
Replication76	 0.01004	0.99923	0.99751 	1.00051 	1.00075 	1.00006 	1.00041 	1.00377 
Replication77	 0.01493	0.99907	0.99549 	0.99875 	0.99874 	0.99831 	0.99862 	1.00250 
Replication78	 0.02440	0.99948	1.00228 	1.00383 	1.00362 	1.00366 	1.00375 	1.00580 
Replication79	 0.01991	0.99943	1.00098 	1.00306 	1.00313 	1.00276 	1.00298 	1.00540 
Replication80	 0.01210	0.99914	0.99592 	0.99940 	0.99979 	0.99885 	0.99930 	1.00309 
Replication81	 0.00829	0.99919	0.99850 	1.00050 	0.99981 	1.00038 	1.00037 	1.00339 
Replication82	 0.01292	0.99930	0.99859 	1.00137 	1.00165 	1.00094 	1.00129 	1.00436 
Replication83	 0.01352	0.99913	0.99535 	0.99916 	0.99980 	0.99852 	0.99907 	1.00303 
Replication84	 0.01101	0.99925	0.99829 	1.00099 	1.00096 	1.00060 	1.00085 	1.00397 
Replication85	 0.01541	0.99905	0.99572 	0.99857 	0.99815 	0.99828 	0.99843 	1.00221 
Replication86	 0.02349	0.99950	1.00045 	1.00421 	1.00415 	1.00321 	1.00355 	1.00605 
Replication87	 0.00881	0.99918	0.99720 	1.00009 	1.00011 	0.99969 	0.99998 	1.00340 
Replication88	 0.01513	0.99935	0.99977 	1.00225 	1.00218 	1.00185 	1.00207 	1.00479 
Replication89	 0.01464	0.99934	0.99948 	1.00198 	1.00215 	1.00160 	1.00189 	1.00472 
Replication90	 0.00915	0.99921	0.99762 	1.00040 	1.00041 	1.00003 	1.00030 	1.00361 
Replication91	 0.01968	0.99942	1.00068 	1.00365 	1.00250 	1.00294 	1.00289 	1.00523 
Replication92	 0.02283	0.99947	1.00145 	1.00355 	1.00378 	1.00322 	1.00348 	1.00579 
Replication93	 0.01726	0.99939	1.00044 	1.00261 	1.00264 	1.00231 	1.00252 	1.00508 
Replication94	 0.01087	0.99916	0.99629 	0.99968 	1.00005 	0.99914 	0.99958 	1.00327 
Replication95	 0.01191	0.99913	0.99627 	0.99937 	0.99940 	0.99895 	0.99926 	1.00293 
Replication96	 0.02805	0.99954	1.00175 	1.00550 	1.00403 	1.00436 	1.00430 	1.00628 
Replication97	 0.01163	0.99915	0.99599 	0.99951 	0.99997 	0.99895 	0.99941 	1.00319 
Replication98	 0.01330	0.99931	0.99982 	1.00217 	1.00123 	1.00179 	1.00175 	1.00437 
Replication99	 0.03868	0.99969	1.00435 	1.00709 	1.00592 	1.00623 	1.00615 	1.00749 
Replication100	 0.01088	0.99925	0.99792 	1.00080 	1.00100 	1.00037 	1.00070 	1.00395 
Replication101	 0.01144	0.99927	0.99874 	1.00118 	1.00109 	1.00087 	1.00108 	1.00408 
Replication102	 0.01140	0.99915	0.99614 	0.99954 	0.99989 	0.99901 	0.99944 	1.00317 
Replication103	 0.01413	0.99931	0.99875 	1.00199 	1.00163 	1.00132 	1.00153 	1.00447 
Replication104	 0.01886	0.99940	1.00041 	1.00366 	1.00223 	1.00283 	1.00273 	1.00511 
Replication105	 0.01543	0.99910	0.99476 	0.99880 	0.99954 	0.99810 	0.99870 	1.00283 
Replication106	 0.00903	0.99921	0.99774 	1.00043 	1.00035 	1.00008 	1.00032 	1.00359 
Replication107	 0.00967	0.99917	0.99679 	0.99985 	0.99996 	0.99941 	0.99974 	1.00328 
Replication108	 0.02190	0.99946	1.00102 	1.00374 	1.00339 	1.00314 	1.00330 	1.00565 
Replication109	 0.01385	0.99910	0.99560 	0.99901 	0.99922 	0.99851 	0.99890 	1.00276 
Replication110	 0.01238	0.99927	0.99739 	1.00085 	1.00161 	1.00022 	1.00077 	1.00421 
Replication111	 0.01753	0.99905	0.99453 	0.99828 	0.99861 	0.99771 	0.99817 	1.00232 
Replication112	 0.01781	0.99940	1.00032 	1.00292 	1.00267 	1.00243 	1.00261 	1.00515 
Replication113	 0.01683	0.99939	1.00020 	1.00253 	1.00269 	1.00218 	1.00245 	1.00508 
Replication114	 0.02225	0.99945	1.00203 	1.00347 	1.00305 	1.00336 	1.00338 	1.00548 
Replication115	 0.01671	0.99936	1.00101 	1.00267 	1.00174 	1.00251 	1.00240 	1.00472 
Replication116	 0.01104	0.99926	0.99868 	1.00110 	1.00095 	1.00080 	1.00099 	1.00400 
Replication117	 0.01321	0.99932	0.99992 	1.00190 	1.00156 	1.00170 	1.00179 	1.00446 
Replication118	 0.01222	0.99927	0.99873 	1.00183 	1.00070 	1.00119 	1.00117 	1.00404 
Replication119	 0.01107	0.99925	0.99785 	1.00081 	1.00108 	1.00035 	1.00071 	1.00398 
Replication120	 0.04073	0.99971	1.00504 	1.00766 	1.00576 	1.00677 	1.00647 	1.00755 
Replication121	 0.01110	0.99918	0.99624 	0.99982 	1.00041 	0.99922 	0.99973 	1.00345 
Replication122	 0.01366	0.99930	0.99839 	1.00173 	1.00158 	1.00105 	1.00133 	1.00439 
Replication123	 0.01085	0.99926	0.99883 	1.00112 	1.00086 	1.00086 	1.00101 	1.00397 
Replication124	 0.01548	0.99907	0.99526 	0.99865 	0.99875 	0.99818 	0.99853 	1.00248 
Replication125	 0.01307	0.99931	0.99974 	1.00181 	1.00153 	1.00159 	1.00171 	1.00443 
Replication126	 0.00956	0.99919	0.99694 	1.00010 	1.00038 	0.99962 	1.00000 	1.00351 
Replication127	 0.02413	0.99951	1.00071 	1.00422 	1.00429 	1.00332 	1.00367 	1.00612 
Replication128	 0.01621	0.99938	0.99966 	1.00230 	1.00269 	1.00186 	1.00223 	1.00502 
Replication129	 0.03709	0.99965	1.00452 	1.00697 	1.00498 	1.00619 	1.00585 	1.00706 
Replication130	 0.03471	0.99964	1.00368 	1.00616 	1.00540 	1.00547 	1.00549 	1.00707 
Replication131	 0.00867	0.99920	0.99757 	1.00029 	1.00020 	0.99994 	1.00017 	1.00349 
Replication132	 0.01145	0.99927	0.99859 	1.00113 	1.00111 	1.00079 	1.00103 	1.00408 
Replication133	 0.02270	0.99945	1.00207 	1.00354 	1.00318 	1.00342 	1.00346 	1.00555 
Replication134	 0.00937	0.99919	0.99702 	1.00011 	1.00032 	0.99965 	1.00001 	1.00349 
Replication135	 0.04004	0.99973	1.00365 	1.00736 	1.00690 	1.00615 	1.00637 	1.00795 
Replication136	 0.00916	0.99916	0.99713 	0.99991 	0.99978 	0.99956 	0.99979 	1.00322 
Replication137	 0.01265	0.99929	0.99857 	1.00132 	1.00156 	1.00090 	1.00123 	1.00431 
Replication138	 0.01505	0.99934	0.99957 	1.00246 	1.00181 	1.00188 	1.00197 	1.00467 
Replication139	 0.01337	0.99932	0.99966 	1.00183 	1.00166 	1.00157 	1.00173 	1.00448 
Replication140	 0.01320	0.99929	0.99786 	1.00116 	1.00185 	1.00057 	1.00108 	1.00438 
Replication141	 0.01723	0.99939	1.00049 	1.00260 	1.00259 	1.00232 	1.00252 	1.00506 
Replication142	 0.03815	0.99967	1.00449 	1.00718 	1.00536 	1.00630 	1.00604 	1.00727 
Replication143	 0.01639	0.99936	1.00052 	1.00294 	1.00164 	1.00247 	1.00233 	1.00471 
Replication144	 0.01869	0.99942	1.00017 	1.00308 	1.00309 	1.00248 	1.00276 	1.00536 
Replication145	 0.01304	0.99930	0.99874 	1.00145 	1.00167 	1.00104 	1.00136 	1.00439 
Replication146	 0.01333	0.99911	0.99578 	0.99911 	0.99927 	0.99862 	0.99899 	1.00281 
Replication147	 0.01560	0.99937	0.99988 	1.00228 	1.00244 	1.00192 	1.00220 	1.00492 
Replication148	 0.01809	0.99940	0.99969 	1.00303 	1.00286 	1.00226 	1.00253 	1.00524 
Replication149	 0.01616	0.99937	0.99953 	1.00225 	1.00269 	1.00178 	1.00217 	1.00501 
Replication150	 0.00988	0.99923	0.99802 	1.00067 	1.00062 	1.00032 	1.00056 	1.00376 
Replication151	 0.01382	0.99932	0.99889 	1.00163 	1.00193 	1.00120 	1.00155 	1.00454 
Replication152	 0.02610	0.99948	1.00336 	1.00413 	1.00325 	1.00420 	1.00402 	1.00573 
Replication153	 0.01726	0.99940	1.00003 	1.00260 	1.00300 	1.00216 	1.00253 	1.00523 
Replication154	 0.01017	0.99923	0.99785 	1.00065 	1.00075 	1.00025 	1.00055 	1.00381 
Replication155	 0.00957	0.99922	0.99751 	1.00043 	1.00058 	1.00001 	1.00033 	1.00368 
Replication156	 0.01160	0.99926	0.99793 	1.00092 	1.00126 	1.00044 	1.00083 	1.00408 
Replication157	 0.01868	0.99941	1.00041 	1.00317 	1.00278 	1.00260 	1.00275 	1.00525 
Replication158	 0.01027	0.99924	0.99823 	1.00081 	1.00073 	1.00048 	1.00070 	1.00384 
Replication159	 0.02980	0.99954	1.00334 	1.00557 	1.00358 	1.00496 	1.00460 	1.00615 
Replication160	 0.02499	0.99950	1.00168 	1.00425 	1.00396 	1.00368 	1.00384 	1.00601 
Replication161	 0.01202	0.99929	1.00016 	1.00172 	1.00095 	1.00167 	1.00160 	1.00417 
Replication162	 0.00830	0.99916	0.99772 	1.00001 	0.99946 	0.99982 	0.99988 	1.00312 
Replication163	 0.01114	0.99921	0.99648 	1.00015 	1.00092 	0.99950 	1.00007 	1.00375 
Replication164	 0.01662	0.99906	0.99482 	0.99845 	0.99872 	0.99791 	0.99834 	1.00241 
Replication165	 0.01317	0.99932	0.99989 	1.00188 	1.00154 	1.00168 	1.00177 	1.00445 
Replication166	 0.01307	0.99931	0.99975 	1.00181 	1.00153 	1.00159 	1.00171 	1.00443 
Replication167	 0.02648	0.99953	1.00182 	1.00436 	1.00453 	1.00381 	1.00410 	1.00629 
Replication168	 0.02071	0.99943	1.00132 	1.00320 	1.00312 	1.00296 	1.00312 	1.00543 
Replication169	 0.01501	0.99935	1.00015 	1.00223 	1.00207 	1.00198 	1.00213 	1.00475 
Replication170	 0.01324	0.99930	0.99834 	1.00134 	1.00180 	1.00084 	1.00126 	1.00441 
Replication171	 0.02447	0.99950	1.00176 	1.00383 	1.00410 	1.00349 	1.00377 	1.00599 
Replication172	 0.01619	0.99937	0.99936 	1.00231 	1.00259 	1.00175 	1.00211 	1.00497 
Replication173	 0.01125	0.99926	0.99806 	1.00091 	1.00112 	1.00048 	1.00081 	1.00402 
Replication174	 0.01081	0.99926	0.99923 	1.00125 	1.00078 	1.00107 	1.00113 	1.00397 
Replication175	 0.02382	0.99947	1.00189 	1.00406 	1.00334 	1.00363 	1.00363 	1.00571 
Replication176	 0.01511	0.99905	0.99574 	0.99864 	0.99829 	0.99833 	0.99851 	1.00229 
Replication177	 0.02113	0.99944	1.00113 	1.00366 	1.00296 	1.00312 	1.00316 	1.00544 
Replication178	 0.02236	0.99899	0.99333 	0.99747 	0.99795 	0.99682 	0.99735 	1.00184 
Replication179	 0.04077	0.99971	1.00519 	1.00742 	1.00597 	1.00671 	1.00651 	1.00760 
Replication180	 0.01372	0.99912	0.99538 	0.99910 	0.99963 	0.99849 	0.99900 	1.00295 
Replication181	 0.02027	0.99942	1.00155 	1.00313 	1.00275 	1.00299 	1.00304 	1.00527 
Replication182	 0.00851	0.99919	0.99802 	1.00050 	0.99981 	1.00020 	1.00024 	1.00337 
Replication183	 0.01472	0.99934	0.99944 	1.00198 	1.00218 	1.00159 	1.00189 	1.00473 
Replication184	 0.00974	0.99920	0.99700 	1.00017 	1.00048 	0.99968 	1.00007 	1.00357 
Replication185	 0.01560	0.99908	0.99497 	0.99869 	0.99912 	0.99810 	0.99858 	1.00263 
Replication186	 0.01405	0.99909	0.99565 	0.99894 	0.99903 	0.99848 	0.99883 	1.00267 
Replication187	 0.01089	0.99923	0.99713 	1.00074 	1.00084 	1.00004 	1.00041 	1.00384 
Replication188	 0.01206	0.99925	0.99775 	1.00174 	1.00041 	1.00077 	1.00077 	1.00386 
Replication189	 0.01698	0.99908	0.99427 	0.99850 	0.99935 	0.99776 	0.99841 	1.00268 
Replication190	 0.02433	0.99947	1.00221 	1.00432 	1.00302 	1.00387 	1.00370 	1.00563 
Replication191	 0.01211	0.99925	0.99681 	1.00086 	1.00126 	1.00000 	1.00051 	1.00404 
Replication192	 0.01454	0.99934	0.99970 	1.00231 	1.00175 	1.00184 	1.00193 	1.00461 
Replication193	 0.01662	0.99938	0.99985 	1.00276 	1.00241 	1.00216 	1.00234 	1.00499 
Replication194	 0.00874	0.99920	0.99772 	1.00037 	1.00025 	1.00004 	1.00026 	1.00353 
Replication195	 0.01837	0.99940	1.00081 	1.00280 	1.00272 	1.00255 	1.00271 	1.00516 
Replication196	 0.01184	0.99927	0.99799 	1.00098 	1.00134 	1.00050 	1.00089 	1.00413 
Replication197	 0.03914	0.99970	1.00491 	1.00632 	1.00664 	1.00606 	1.00628 	1.00768 
Replication198	 0.01562	0.99934	0.99830 	1.00221 	1.00204 	1.00129 	1.00162 	1.00468 
Replication199	 0.02745	0.99951	1.00292 	1.00481 	1.00358 	1.00441 	1.00424 	1.00599 
Replication200	 0.01441	0.99933	0.99881 	1.00170 	1.00216 	1.00121 	1.00162 	1.00465 
Replication201	 0.02061	0.99943	1.00135 	1.00318 	1.00306 	1.00296 	1.00310 	1.00540 
Replication202	 0.03828	0.99967	1.00429 	1.00747 	1.00521 	1.00638 	1.00603 	1.00725 
Replication203	 0.01910	0.99941	1.00095 	1.00292 	1.00286 	1.00267 	1.00284 	1.00526 
Replication204	 0.04351	0.99976	1.00501 	1.00826 	1.00660 	1.00711 	1.00694 	1.00803 
Replication205	 0.01099	0.99924	0.99783 	1.00129 	1.00041 	1.00057 	1.00065 	1.00378 
Replication206	 0.02690	0.99953	1.00146 	1.00533 	1.00383 	1.00415 	1.00409 	1.00615 
Replication207	 0.01968	0.99942	1.00004 	1.00399 	1.00259 	1.00289 	1.00286 	1.00531 
Replication208	 0.01162	0.99926	0.99744 	1.00074 	1.00134 	1.00017 	1.00066 	1.00407 
Replication209	 0.01417	0.99933	0.99912 	1.00177 	1.00203 	1.00136 	1.00169 	1.00462 
Replication210	 0.01192	0.99927	0.99781 	1.00093 	1.00139 	1.00041 	1.00084 	1.00414 
Replication211	 0.03245	0.99960	1.00329 	1.00588 	1.00480 	1.00515 	1.00509 	1.00674 
Replication212	 0.02361	0.99946	1.00244 	1.00370 	1.00318 	1.00364 	1.00361 	1.00559 
Replication213	 0.00890	0.99921	0.99782 	1.00043 	1.00029 	1.00011 	1.00032 	1.00356 
Replication214	 0.00818	0.99919	0.99768 	1.00024 	1.00001 	0.99995 	1.00013 	1.00340 
Replication215	 0.00976	0.99923	0.99834 	1.00076 	1.00053 	1.00048 	1.00065 	1.00375 
Replication216	 0.02240	0.99948	0.99970 	1.00433 	1.00364 	1.00298 	1.00322 	1.00583 
Replication217	 0.02991	0.99959	1.00147 	1.00576 	1.00499 	1.00443 	1.00462 	1.00674 
Replication218	 0.01942	0.99943	1.00061 	1.00297 	1.00327 	1.00258 	1.00290 	1.00543 
Replication219	 0.01404	0.99933	0.99936 	1.00184 	1.00195 	1.00148 	1.00175 	1.00460 
Replication220	 0.00955	0.99920	0.99714 	1.00022 	1.00045 	0.99976 	1.00012 	1.00357 
Replication221	 0.00969	0.99922	0.99765 	1.00051 	1.00061 	1.00010 	1.00040 	1.00371 
Replication222	 0.02105	0.99945	1.00040 	1.00379 	1.00335 	1.00294 	1.00314 	1.00562 
Replication223	 0.01154	0.99927	0.99884 	1.00124 	1.00111 	1.00094 	1.00113 	1.00411 
Replication224	 0.02182	0.99897	0.99389 	0.99745 	0.99739 	0.99699 	0.99732 	1.00161 
Replication225	 0.03228	0.99960	1.00304 	1.00575 	1.00507 	1.00501 	1.00507 	1.00683 
Replication226	 0.01768	0.99940	1.00013 	1.00302 	1.00264 	1.00241 	1.00257 	1.00515 
Replication227	 0.00846	0.99919	0.99749 	1.00019 	1.00007 	0.99986 	1.00008 	1.00341 
Replication228	 0.01328	0.99909	0.99616 	0.99903 	0.99876 	0.99870 	0.99890 	1.00258 
Replication229	 0.03369	0.99961	1.00388 	1.00601 	1.00483 	1.00544 	1.00531 	1.00679 
Replication230	 0.01589	0.99909	0.99469 	0.99869 	0.99936 	0.99801 	0.99859 	1.00273 
Replication231	 0.02048	0.99942	1.00098 	1.00402 	1.00222 	1.00323 	1.00300 	1.00519 
Replication232	 0.01113	0.99922	0.99651 	1.00017 	1.00093 	0.99951 	1.00008 	1.00375 
Replication233	 0.02215	0.99946	1.00144 	1.00344 	1.00354 	1.00315 	1.00337 	1.00567 
Replication234	 0.01257	0.99926	0.99762 	1.00180 	1.00058 	1.00076 	1.00081 	1.00395 
Replication235	 0.01298	0.99930	0.99892 	1.00150 	1.00162 	1.00113 	1.00141 	1.00438 
Replication236	 0.01815	0.99938	1.00138 	1.00291 	1.00193 	1.00278 	1.00265 	1.00486 
Replication237	 0.01120	0.99927	0.99882 	1.00117 	1.00099 	1.00089 	1.00107 	1.00404 
Replication238	 0.02378	0.99948	1.00204 	1.00372 	1.00361 	1.00352 	1.00365 	1.00577 
Replication239	 0.01510	0.99935	0.99917 	1.00194 	1.00236 	1.00148 	1.00186 	1.00479 
Replication240	 0.02308	0.99945	1.00198 	1.00398 	1.00292 	1.00361 	1.00349 	1.00552 
Replication241	 0.01940	0.99942	0.99967 	1.00382 	1.00258 	1.00266 	1.00270 	1.00527 
Replication242	 0.00993	0.99923	0.99816 	1.00072 	1.00062 	1.00040 	1.00062 	1.00377 
Replication243	 0.01073	0.99922	0.99693 	1.00082 	1.00057 	0.99999 	1.00030 	1.00373 
Replication244	 0.01031	0.99925	0.99895 	1.00107 	1.00063 	1.00087 	1.00095 	1.00387 
Replication245	 0.01415	0.99933	0.99965 	1.00229 	1.00153 	1.00180 	1.00184 	1.00451 
Replication246	 0.00932	0.99918	0.99693 	1.00001 	1.00018 	0.99956 	0.99990 	1.00341 
Replication247	 0.01543	0.99908	0.99506 	0.99872 	0.99908 	0.99815 	0.99861 	1.00262 
Replication248	 0.03601	0.99963	1.00408 	1.00703 	1.00464 	1.00604 	1.00564 	1.00691 
Replication249	 0.01237	0.99928	0.99804 	1.00109 	1.00153 	1.00059 	1.00100 	1.00423 
Replication250	 0.01384	0.99909	0.99573 	0.99903 	0.99897 	0.99855 	0.99885 	1.00266 
Replication251	 0.02417	0.99948	1.00172 	1.00432 	1.00336 	1.00370 	1.00368 	1.00576 
Replication252	 0.01514	0.99936	0.99986 	1.00224 	1.00222 	1.00189 	1.00211 	1.00481 
Replication253	 0.01593	0.99937	0.99944 	1.00217 	1.00262 	1.00171 	1.00210 	1.00496 
Replication254	 0.01052	0.99915	0.99669 	0.99964 	0.99960 	0.99925 	0.99953 	1.00308 
Replication255	 0.02064	0.99944	1.00042 	1.00371 	1.00320 	1.00290 	1.00307 	1.00554 
Replication256	 0.00998	0.99914	0.99701 	0.99972 	0.99947 	0.99940 	0.99959 	1.00304 
Replication257	 0.01104	0.99914	0.99649 	0.99955 	0.99959 	0.99913 	0.99944 	1.00305 
Replication258	 0.00884	0.99919	0.99729 	1.00016 	1.00018 	0.99977 	1.00005 	1.00345 
Replication259	 0.02615	0.99952	1.00160 	1.00456 	1.00428 	1.00383 	1.00403 	1.00621 
Replication260	 0.01424	0.99934	0.99972 	1.00200 	1.00197 	1.00170 	1.00191 	1.00465 
Replication261	 0.01471	0.99907	0.99569 	0.99876 	0.99859 	0.99838 	0.99863 	1.00244 
Replication262	 0.00979	0.99922	0.99754 	1.00048 	1.00066 	1.00005 	1.00038 	1.00373 
Replication263	 0.01064	0.99924	0.99742 	1.00058 	1.00098 	1.00007 	1.00049 	1.00388 
Replication264	 0.00925	0.99916	0.99717 	0.99987 	0.99966 	0.99955 	0.99975 	1.00316 
Replication265	 0.01197	0.99912	0.99639 	0.99933 	0.99918 	0.99896 	0.99920 	1.00283 
Replication266	 0.01511	0.99934	0.99824 	1.00160 	1.00248 	1.00097 	1.00154 	1.00475 
Replication267	 0.01381	0.99932	0.99882 	1.00161 	1.00194 	1.00116 	1.00152 	1.00454 
Replication268	 0.01157	0.99926	0.99809 	1.00097 	1.00123 	1.00053 	1.00088 	1.00409 
Replication269	 0.01481	0.99934	0.99963 	1.00231 	1.00187 	1.00182 	1.00195 	1.00467 
Replication270	 0.01851	0.99940	1.00076 	1.00311 	1.00246 	1.00268 	1.00272 	1.00511 
Replication271	 0.01048	0.99923	0.99740 	1.00055 	1.00093 	1.00004 	1.00045 	1.00385 
Replication272	 0.01436	0.99932	0.99826 	1.00160 	1.00208 	1.00095 	1.00141 	1.00458 
Replication273	 0.01035	0.99923	0.99751 	1.00056 	1.00087 	1.00009 	1.00047 	1.00383 
Replication274	 0.01532	0.99935	0.99897 	1.00191 	1.00246 	1.00139 	1.00184 	1.00483 
Replication275	 0.02663	0.99952	1.00212 	1.00450 	1.00421 	1.00398 	1.00412 	1.00618 
Replication276	 0.01065	0.99924	0.99783 	1.00073 	1.00093 	1.00029 	1.00063 	1.00390 
Replication277	 0.00821	0.99917	0.99763 	1.00010 	0.99973 	0.99984 	0.99998 	1.00325 
Replication278	 0.03865	0.99966	1.00506 	1.00730 	1.00499 	1.00656 	1.00611 	1.00715 
Replication279	 0.02519	0.99951	1.00201 	1.00396 	1.00415 	1.00365 	1.00389 	1.00605 
Replication280	 0.01082	0.99924	0.99778 	1.00077 	1.00096 	1.00030 	1.00064 	1.00392 
Replication281	 0.00967	0.99917	0.99677 	0.99990 	1.00009 	0.99944 	0.99979 	1.00334 
Replication282	 0.00955	0.99920	0.99721 	1.00026 	1.00047 	0.99980 	1.00016 	1.00359 
Replication283	 0.01022	0.99924	0.99845 	1.00088 	1.00068 	1.00059 	1.00077 	1.00384 
Replication284	 0.01606	0.99935	0.99857 	1.00213 	1.00248 	1.00136 	1.00181 	1.00487 
Replication285	 0.01248	0.99929	0.99890 	1.00146 	1.00138 	1.00109 	1.00131 	1.00427 
Replication286	 0.01392	0.99932	0.99907 	1.00171 	1.00194 	1.00131 	1.00163 	1.00457 
Replication287	 0.01237	0.99917	0.99535 	1.00042 	0.99996 	0.99918 	0.99954 	1.00334 
Replication288	 0.01239	0.99930	0.99943 	1.00159 	1.00133 	1.00135 	1.00148 	1.00429 
Replication289	 0.00937	0.99917	0.99689 	0.99993 	1.00005 	0.99950 	0.99982 	1.00333 
Replication290	 0.01105	0.99920	0.99629 	1.00000 	1.00070 	0.99934 	0.99990 	1.00361 
Replication291	 0.01162	0.99917	0.99600 	0.99963 	1.00021 	0.99902 	0.99953 	1.00332 
Replication292	 0.03099	0.99958	1.00294 	1.00566 	1.00453 	1.00490 	1.00484 	1.00657 
Replication293	 0.00872	0.99921	0.99810 	1.00050 	1.00018 	1.00024 	1.00038 	1.00354 
Replication294	 0.01096	0.99926	0.99851 	1.00102 	1.00095 	1.00070 	1.00092 	1.00398 
Replication295	 0.01292	0.99931	1.00026 	1.00188 	1.00119 	1.00180 	1.00176 	1.00431 
Replication296	 0.01331	0.99931	0.99922 	1.00167 	1.00170 	1.00133 	1.00157 	1.00446 
Replication297	 0.01273	0.99929	0.99802 	1.00114 	1.00166 	1.00061 	1.00106 	1.00430 
Replication298	 0.01334	0.99931	0.99898 	1.00159 	1.00175 	1.00120 	1.00150 	1.00445 
Replication299	 0.00882	0.99918	0.99729 	1.00029 	0.99981 	0.99982 	0.99997 	1.00331 
Replication300	 0.01862	0.99940	1.00093 	1.00284 	1.00270 	1.00262 	1.00276 	1.00517 
Replication301	 0.01292	0.99909	0.99634 	0.99909 	0.99871 	0.99880 	0.99895 	1.00257 
Replication302	 0.01058	0.99915	0.99664 	0.99964 	0.99963 	0.99924 	0.99952 	1.00309 
Replication303	 0.01980	0.99902	0.99372 	0.99787 	0.99846 	0.99719 	0.99776 	1.00215 
Replication304	 0.01389	0.99933	0.99972 	1.00194 	1.00184 	1.00166 	1.00184 	1.00458 
Replication305	 0.02028	0.99944	1.00026 	1.00369 	1.00316 	1.00283 	1.00300 	1.00551 
Replication306	 0.00910	0.99919	0.99719 	1.00015 	1.00026 	0.99973 	1.00004 	1.00348 
Replication307	 0.02282	0.99945	1.00197 	1.00379 	1.00303 	1.00351 	1.00346 	1.00552 
Replication308	 0.01082	0.99925	0.99840 	1.00096 	1.00091 	1.00063 	1.00086 	1.00395 
Replication309	 0.01487	0.99911	0.99499 	0.99889 	0.99952 	0.99823 	0.99879 	1.00285 
Replication310	 0.01468	0.99934	0.99955 	1.00201 	1.00215 	1.00165 	1.00192 	1.00473 
Replication311	 0.01384	0.99932	0.99886 	1.00162 	1.00195 	1.00118 	1.00154 	1.00454 
Replication312	 0.02398	0.99950	1.00104 	1.00419 	1.00398 	1.00341 	1.00365 	1.00599 
Replication313	 0.01051	0.99923	0.99748 	1.00085 	1.00059 	1.00022 	1.00047 	1.00376 
Replication314	 0.01085	0.99926	0.99864 	1.00107 	1.00087 	1.00077 	1.00094 	1.00396 
Replication315	 0.01064	0.99925	0.99827 	1.00088 	1.00087 	1.00053 	1.00078 	1.00391 
Replication316	 0.00840	0.99920	0.99776 	1.00033 	1.00012 	1.00002 	1.00021 	1.00346 
Replication317	 0.01656	0.99938	0.99956 	1.00232 	1.00283 	1.00184 	1.00225 	1.00508 
Replication318	 0.02800	0.99954	1.00240 	1.00493 	1.00422 	1.00430 	1.00434 	1.00627 
Replication319	 0.00986	0.99923	0.99810 	1.00069 	1.00060 	1.00036 	1.00059 	1.00376 
Replication320	 0.00831	0.99917	0.99829 	1.00041 	0.99941 	1.00023 	1.00015 	1.00319 
Replication321	 0.01924	0.99942	1.00087 	1.00298 	1.00295 	1.00267 	1.00286 	1.00530 
Replication322	 0.01710	0.99938	0.99962 	1.00292 	1.00242 	1.00216 	1.00233 	1.00502 
Replication323	 0.00809	0.99918	0.99776 	1.00023 	0.99991 	0.99997 	1.00011 	1.00336 
Replication324	 0.00986	0.99921	0.99706 	1.00024 	1.00056 	0.99974 	1.00014 	1.00362 
Replication325	 0.01073	0.99918	0.99623 	1.00005 	1.00028 	0.99933 	0.99976 	1.00344 
Replication326	 0.02336	0.99948	1.00103 	1.00415 	1.00370 	1.00337 	1.00354 	1.00586 
Replication327	 0.01155	0.99926	0.99807 	1.00096 	1.00123 	1.00052 	1.00087 	1.00408 
Replication328	 0.01200	0.99908	0.99697 	0.99920 	0.99837 	0.99908 	0.99905 	1.00246 
Replication329	 0.00805	0.99918	0.99780 	1.00025 	0.99990 	0.99999 	1.00013 	1.00335 
Replication330	 0.01113	0.99926	0.99857 	1.00107 	1.00100 	1.00075 	1.00097 	1.00402 
Replication331	 0.01905	0.99940	1.00064 	1.00352 	1.00235 	1.00284 	1.00278 	1.00514 
Replication332	 0.01876	0.99940	1.00070 	1.00347 	1.00218 	1.00284 	1.00273 	1.00505 
Replication333	 0.01050	0.99915	0.99657 	0.99968 	0.99979 	0.99923 	0.99957 	1.00316 
Replication334	 0.01419	0.99933	0.99881 	1.00166 	1.00208 	1.00119 	1.00158 	1.00461 
Replication335	 0.01007	0.99924	0.99829 	1.00080 	1.00065 	1.00049 	1.00069 	1.00380 
Replication336	 0.01161	0.99914	0.99611 	0.99976 	0.99939 	0.99909 	0.99934 	1.00299 
Replication337	 0.00840	0.99917	0.99745 	1.00008 	0.99985 	0.99977 	0.99996 	1.00329 
Replication338	 0.03624	0.99964	1.00418 	1.00697 	1.00478 	1.00606 	1.00569 	1.00696 
Replication339	 0.01174	0.99914	0.99593 	0.99976 	0.99961 	0.99903 	0.99936 	1.00308 
Replication340	 0.01202	0.99928	0.99878 	1.00130 	1.00129 	1.00096 	1.00120 	1.00419 
Replication341	 0.01055	0.99923	0.99741 	1.00056 	1.00095 	1.00005 	1.00047 	1.00386 
Replication342	 0.00829	0.99920	0.99805 	1.00041 	1.00003 	1.00018 	1.00029 	1.00345 
Replication343	 0.01767	0.99940	1.00047 	1.00268 	1.00276 	1.00236 	1.00260 	1.00515 
Replication344	 0.01499	0.99936	1.00001 	1.00222 	1.00219 	1.00193 	1.00213 	1.00480 
Replication345	 0.01397	0.99929	0.99770 	1.00184 	1.00138 	1.00085 	1.00111 	1.00430 
Replication346	 0.03332	0.99961	1.00350 	1.00601 	1.00495 	1.00531 	1.00524 	1.00683 
Replication347	 0.00996	0.99913	0.99732 	0.99966 	0.99904 	0.99947 	0.99952 	1.00286 
Replication348	 0.01302	0.99929	0.99833 	1.00155 	1.00141 	1.00093 	1.00120 	1.00428 
Replication349	 0.01235	0.99928	0.99833 	1.00119 	1.00148 	1.00074 	1.00110 	1.00424 
Replication350	 0.00803	0.99918	0.99784 	1.00025 	0.99986 	1.00000 	1.00013 	1.00334 
Replication351	 0.04336	0.99976	1.00506 	1.00819 	1.00657 	1.00709 	1.00692 	1.00801 
Replication352	 0.01522	0.99908	0.99518 	0.99874 	0.99903 	0.99820 	0.99863 	1.00261 
Replication353	 0.01059	0.99917	0.99642 	0.99980 	1.00020 	0.99926 	0.99970 	1.00336 
Replication354	 0.01708	0.99936	0.99879 	1.00289 	1.00217 	1.00183 	1.00201 	1.00488 
Replication355	 0.01759	0.99939	1.00038 	1.00286 	1.00257 	1.00241 	1.00257 	1.00510 
Replication356	 0.01437	0.99911	0.99526 	0.99896 	0.99942 	0.99836 	0.99885 	1.00283 
Replication357	 0.01080	0.99924	0.99780 	1.00074 	1.00099 	1.00030 	1.00065 	1.00393 
Replication358	 0.01176	0.99926	0.99786 	1.00112 	1.00109 	1.00052 	1.00082 	1.00404 
Replication359	 0.01231	0.99929	0.99907 	1.00145 	1.00136 	1.00114 	1.00135 	1.00426 
Replication360	 0.04502	0.99976	1.00584 	1.00859 	1.00633 	1.00758 	1.00719 	1.00800 
Replication361	 0.01113	0.99924	0.99718 	1.00057 	1.00118 	0.99998 	1.00048 	1.00396 
Replication362	 0.03732	0.99966	1.00419 	1.00704 	1.00532 	1.00612 	1.00589 	1.00722 
Replication363	 0.01169	0.99927	0.99855 	1.00127 	1.00107 	1.00085 	1.00105 	1.00409 
Replication364	 0.01361	0.99933	0.99982 	1.00193 	1.00172 	1.00168 	1.00183 	1.00453 
Replication365	 0.02940	0.99955	1.00347 	1.00468 	1.00438 	1.00458 	1.00461 	1.00633 
Replication366	 0.02906	0.99953	1.00285 	1.00566 	1.00345 	1.00482 	1.00446 	1.00610 
Replication367	 0.01140	0.99927	0.99888 	1.00123 	1.00105 	1.00095 	1.00112 	1.00408 
Replication368	 0.01221	0.99928	0.99818 	1.00111 	1.00145 	1.00064 	1.00102 	1.00421 
Replication369	 0.01063	0.99922	0.99682 	1.00025 	1.00082 	0.99967 	1.00016 	1.00373 
Replication370	 0.01352	0.99929	0.99836 	1.00184 	1.00134 	1.00109 	1.00128 	1.00431 
Replication371	 0.03026	0.99957	1.00291 	1.00526 	1.00465 	1.00469 	1.00474 	1.00654 
Replication372	 0.00988	0.99922	0.99734 	1.00040 	1.00067 	0.99993 	1.00031 	1.00371 
Replication373	 0.01439	0.99934	1.00013 	1.00212 	1.00186 	1.00191 	1.00203 	1.00464 
Replication374	 0.01723	0.99940	0.99961 	1.00245 	1.00306 	1.00194 	1.00238 	1.00521 
Replication375	 0.01264	0.99929	0.99852 	1.00131 	1.00156 	1.00088 	1.00122 	1.00430 
Replication376	 0.02612	0.99951	1.00158 	1.00504 	1.00367 	1.00404 	1.00398 	1.00603 
Replication377	 0.00926	0.99922	0.99808 	1.00059 	1.00039 	1.00029 	1.00047 	1.00364 
Replication378	 0.01193	0.99928	0.99874 	1.00127 	1.00127 	1.00092 	1.00117 	1.00418 
Replication379	 0.00999	0.99915	0.99695 	0.99972 	0.99954 	0.99939 	0.99960 	1.00307 
Replication380	 0.01252	0.99912	0.99600 	0.99927 	0.99943 	0.99880 	0.99916 	1.00291 
Replication381	 0.02182	0.99945	1.00164 	1.00339 	1.00325 	1.00318 	1.00331 	1.00553 
Replication382	 0.00856	0.99915	0.99770 	0.99994 	0.99932 	0.99977 	0.99981 	1.00304 
Replication383	 0.01518	0.99935	0.99999 	1.00267 	1.00174 	1.00214 	1.00213 	1.00469 
Replication384	 0.01334	0.99931	0.99927 	1.00169 	1.00171 	1.00136 	1.00159 	1.00446 
Replication385	 0.02438	0.99948	1.00138 	1.00492 	1.00297 	1.00388 	1.00365 	1.00570 
Replication386	 0.00926	0.99922	0.99846 	1.00072 	1.00032 	1.00050 	1.00060 	1.00365 
Replication387	 0.01453	0.99933	0.99931 	1.00222 	1.00174 	1.00165 	1.00179 	1.00458 
Replication388	 0.01070	0.99915	0.99648 	0.99964 	0.99980 	0.99919 	0.99954 	1.00316 
Replication389	 0.01214	0.99912	0.99616 	0.99936 	0.99937 	0.99890 	0.99921 	1.00291 
Replication390	 0.02548	0.99890	0.99288 	0.99667 	0.99661 	0.99618 	0.99653 	1.00109 
Replication391	 0.01018	0.99924	0.99834 	1.00083 	1.00068 	1.00053 	1.00073 	1.00383 
Replication392	 0.02076	0.99945	1.00070 	1.00319 	1.00368 	1.00275 	1.00313 	1.00566 
Replication393	 0.01221	0.99927	0.99861 	1.00166 	1.00089 	1.00107 	1.00114 	1.00409 
Replication394	 0.01566	0.99934	0.99867 	1.00230 	1.00208 	1.00147 	1.00176 	1.00473 
Replication395	 0.01126	0.99924	0.99716 	1.00058 	1.00123 	0.99998 	1.00050 	1.00398 
Replication396	 0.01448	0.99934	1.00014 	1.00222 	1.00178 	1.00196 	1.00203 	1.00462 
Replication397	 0.01048	0.99916	0.99649 	0.99970 	0.99992 	0.99922 	0.99960 	1.00322 
Replication398	 0.01232	0.99914	0.99588 	0.99935 	0.99973 	0.99881 	0.99925 	1.00305 
Replication399	 0.01465	0.99934	0.99933 	1.00193 	1.00217 	1.00152 	1.00184 	1.00472 
Replication400	 0.01045	0.99923	0.99748 	1.00057 	1.00091 	1.00008 	1.00048 	1.00385 
Replication401	 0.01569	0.99936	0.99907 	1.00200 	1.00258 	1.00148 	1.00193 	1.00490 
Replication402	 0.01301	0.99931	0.99914 	1.00159 	1.00160 	1.00125 	1.00149 	1.00440 
Replication403	 0.02553	0.99950	1.00199 	1.00436 	1.00387 	1.00384 	1.00393 	1.00600 
Replication404	 0.01842	0.99940	1.00049 	1.00313 	1.00261 	1.00260 	1.00270 	1.00517 
Replication405	 0.01132	0.99927	0.99899 	1.00125 	1.00100 	1.00100 	1.00114 	1.00407 
Replication406	 0.01294	0.99929	0.99853 	1.00162 	1.00135 	1.00103 	1.00125 	1.00427 
Replication407	 0.01182	0.99928	0.99912 	1.00140 	1.00115 	1.00113 	1.00128 	1.00416 
Replication408	 0.01069	0.99923	0.99767 	1.00118 	1.00032 	1.00045 	1.00054 	1.00372 
Replication409	 0.03276	0.99960	1.00323 	1.00600 	1.00487 	1.00520 	1.00514 	1.00679 
Replication410	 0.00966	0.99916	0.99697 	0.99981 	0.99971 	0.99945 	0.99969 	1.00317 
Replication411	 0.02591	0.99952	1.00183 	1.00446 	1.00408 	1.00385 	1.00399 	1.00611 
Replication412	 0.01852	0.99939	0.99895 	1.00325 	1.00258 	1.00209 	1.00231 	1.00513 
Replication413	 0.02917	0.99954	1.00242 	1.00576 	1.00377 	1.00473 	1.00448 	1.00624 
Replication414	 0.01511	0.99935	0.99961 	1.00210 	1.00230 	1.00172 	1.00202 	1.00481 
Replication415	 0.01330	0.99930	0.99914 	1.00214 	1.00106 	1.00152 	1.00150 	1.00427 
Replication416	 0.02283	0.99948	1.00051 	1.00424 	1.00370 	1.00323 	1.00343 	1.00586 
Replication417	 0.01073	0.99923	0.99717 	1.00048 	1.00100 	0.99992 	1.00039 	1.00386 
Replication418	 0.00936	0.99918	0.99692 	1.00000 	1.00019 	0.99955 	0.99990 	1.00341 
Replication419	 0.02263	0.99897	0.99343 	0.99735 	0.99758 	0.99678 	0.99722 	1.00166 
Replication420	 0.01339	0.99929	0.99709 	1.00090 	1.00200 	1.00016 	1.00084 	1.00438 
Replication421	 0.00898	0.99919	0.99727 	1.00017 	1.00023 	0.99977 	1.00007 	1.00347 
Replication422	 0.01213	0.99929	0.99919 	1.00146 	1.00127 	1.00119 	1.00136 	1.00423 
Replication423	 0.01490	0.99935	0.99977 	1.00236 	1.00191 	1.00190 	1.00202 	1.00470 
Replication424	 0.01468	0.99935	0.99981 	1.00210 	1.00211 	1.00179 	1.00201 	1.00474 
Replication425	 0.01443	0.99934	0.99938 	1.00191 	1.00209 	1.00153 	1.00182 	1.00468 
Replication426	 0.01696	0.99939	1.00031 	1.00256 	1.00264 	1.00223 	1.00247 	1.00507 
Replication427	 0.01306	0.99930	0.99873 	1.00145 	1.00168 	1.00104 	1.00136 	1.00439 
Replication428	 0.01866	0.99941	1.00075 	1.00285 	1.00288 	1.00256 	1.00277 	1.00524 
Replication429	 0.01188	0.99926	0.99764 	1.00086 	1.00140 	1.00031 	1.00078 	1.00412 
Replication430	 0.01368	0.99932	0.99901 	1.00165 	1.00187 	1.00125 	1.00157 	1.00452 
Replication431	 0.01118	0.99913	0.99657 	0.99950 	0.99939 	0.99913 	0.99938 	1.00295 
Replication432	 0.01511	0.99936	0.99993 	1.00222 	1.00225 	1.00190 	1.00213 	1.00482 
Replication433	 0.01420	0.99933	0.99903 	1.00174 	1.00205 	1.00131 	1.00166 	1.00462 
Replication434	 0.03059	0.99957	1.00287 	1.00575 	1.00423 	1.00491 	1.00475 	1.00645 
Replication435	 0.01846	0.99940	1.00036 	1.00342 	1.00238 	1.00269 	1.00268 	1.00512 
Replication436	 0.01580	0.99937	0.99993 	1.00248 	1.00233 	1.00204 	1.00224 	1.00491 
Replication437	 0.01282	0.99912	0.99581 	0.99934 	0.99937 	0.99876 	0.99911 	1.00289 
Replication438	 0.01382	0.99931	0.99853 	1.00150 	1.00198 	1.00100 	1.00142 	1.00453 
Replication439	 0.01589	0.99936	1.00017 	1.00271 	1.00197 	1.00223 	1.00226 	1.00480 
Replication440	 0.01251	0.99911	0.99620 	0.99923 	0.99914 	0.99884 	0.99911 	1.00278 
Replication441	 0.01402	0.99933	0.99911 	1.00174 	1.00197 	1.00134 	1.00166 	1.00459 
Replication442	 0.02209	0.99945	1.00168 	1.00345 	1.00329 	1.00323 	1.00335 	1.00557 
Replication443	 0.01680	0.99939	1.00020 	1.00253 	1.00268 	1.00218 	1.00245 	1.00508 
Replication444	 0.03011	0.99957	1.00272 	1.00552 	1.00439 	1.00474 	1.00468 	1.00647 
Replication445	 0.02049	0.99944	1.00075 	1.00341 	1.00322 	1.00287 	1.00307 	1.00550 
Replication446	 0.01180	0.99927	0.99828 	1.00108 	1.00129 	1.00066 	1.00099 	1.00414 
Replication447	 0.01186	0.99929	1.00008 	1.00170 	1.00097 	1.00163 	1.00158 	1.00417 
Replication448	 0.01080	0.99916	0.99633 	0.99966 	0.99997 	0.99914 	0.99955 	1.00323 
Replication449	 0.02267	0.99945	1.00223 	1.00354 	1.00302 	1.00347 	1.00345 	1.00548 
Replication450	 0.00869	0.99920	0.99787 	1.00041 	1.00021 	1.00011 	1.00030 	1.00352 
Replication451	 0.00935	0.99922	0.99824 	1.00066 	1.00039 	1.00039 	1.00054 	1.00366 
Replication452	 0.03096	0.99960	1.00211 	1.00581 	1.00501 	1.00470 	1.00482 	1.00678 
Replication453	 0.00863	0.99921	0.99866 	1.00068 	1.00006 	1.00054 	1.00056 	1.00353 
Replication454	 0.00829	0.99920	0.99844 	1.00050 	0.99987 	1.00036 	1.00037 	1.00341 
Replication455	 0.01162	0.99926	0.99801 	1.00100 	1.00121 	1.00051 	1.00086 	1.00408 
Replication456	 0.00966	0.99920	0.99701 	1.00016 	1.00045 	0.99968 	1.00006 	1.00356 
Replication457	 0.03616	0.99966	1.00349 	1.00689 	1.00544 	1.00579 	1.00569 	1.00722 
Replication458	 0.01425	0.99932	0.99877 	1.00179 	1.00195 	1.00124 	1.00157 	1.00457 
Replication459	 0.00971	0.99922	0.99750 	1.00045 	1.00063 	1.00002 	1.00035 	1.00371 
Replication460	 0.01379	0.99910	0.99564 	0.99902 	0.99920 	0.99852 	0.99890 	1.00275 
Replication461	 0.01795	0.99941	1.00025 	1.00275 	1.00302 	1.00233 	1.00264 	1.00527 
Replication462	 0.01466	0.99933	0.99955 	1.00239 	1.00166 	1.00183 	1.00189 	1.00459 
Replication463	 0.01177	0.99927	0.99822 	1.00117 	1.00114 	1.00068 	1.00095 	1.00409 
Replication464	 0.01455	0.99934	0.99919 	1.00193 	1.00207 	1.00147 	1.00177 	1.00467 
Replication465	 0.01109	0.99925	0.99800 	1.00086 	1.00107 	1.00043 	1.00077 	1.00399 
Replication466	 0.00978	0.99923	0.99859 	1.00085 	1.00050 	1.00062 	1.00074 	1.00376 
Replication467	 0.01424	0.99932	1.00059 	1.00210 	1.00138 	1.00205 	1.00199 	1.00444 
Replication468	 0.02094	0.99943	1.00121 	1.00383 	1.00255 	1.00323 	1.00311 	1.00530 
Replication469	 0.01409	0.99933	0.99958 	1.00192 	1.00193 	1.00160 	1.00183 	1.00462 
Replication470	 0.01330	0.99909	0.99614 	0.99903 	0.99877 	0.99870 	0.99890 	1.00258 
Replication471	 0.02354	0.99947	1.00159 	1.00434 	1.00307 	1.00366 	1.00355 	1.00564 
Replication472	 0.01538	0.99936	0.99934 	1.00205 	1.00244 	1.00160 	1.00197 	1.00485 
Replication473	 0.01175	0.99927	0.99813 	1.00102 	1.00129 	1.00057 	1.00093 	1.00412 
Replication474	 0.01081	0.99914	0.99668 	0.99957 	0.99944 	0.99921 	0.99945 	1.00300 
Replication475	 0.00993	0.99922	0.99737 	1.00043 	1.00071 	0.99996 	1.00034 	1.00373 
Replication476	 0.01001	0.99922	0.99744 	1.00054 	1.00068 	1.00004 	1.00038 	1.00374 
Replication477	 0.01300	0.99929	0.99860 	1.00180 	1.00116 	1.00115 	1.00127 	1.00423 
Replication478	 0.01199	0.99927	0.99807 	1.00103 	1.00138 	1.00056 	1.00095 	1.00416 
Replication479	 0.01118	0.99917	0.99619 	0.99974 	1.00029 	0.99915 	0.99965 	1.00338 
Replication480	 0.01645	0.99906	0.99486 	0.99849 	0.99877 	0.99794 	0.99838 	1.00244 
Replication481	 0.03167	0.99959	1.00245 	1.00649 	1.00420 	1.00514 	1.00487 	1.00657 
Replication482	 0.01349	0.99932	0.99932 	1.00173 	1.00175 	1.00140 	1.00164 	1.00449 
Replication483	 0.01311	0.99932	0.99979 	1.00183 	1.00154 	1.00162 	1.00173 	1.00443 
Replication484	 0.01677	0.99937	1.00060 	1.00253 	1.00232 	1.00231 	1.00244 	1.00493 
Replication485	 0.00985	0.99919	0.99675 	1.00001 	1.00036 	0.99950 	0.99991 	1.00348 
Replication486	 0.01111	0.99926	0.99833 	1.00098 	1.00103 	1.00062 	1.00088 	1.00401 
Replication487	 0.03204	0.99961	1.00239 	1.00607 	1.00506 	1.00494 	1.00499 	1.00686 
Replication488	 0.01063	0.99913	0.99687 	0.99957 	0.99928 	0.99927 	0.99945 	1.00293 
Replication489	 0.03194	0.99959	1.00287 	1.00602 	1.00467 	1.00507 	1.00498 	1.00670 
Replication490	 0.01131	0.99924	0.99734 	1.00112 	1.00066 	1.00031 	1.00054 	1.00384 
Replication491	 0.01007	0.99924	0.99829 	1.00080 	1.00065 	1.00049 	1.00069 	1.00380 
Replication492	 0.01235	0.99927	0.99804 	1.00141 	1.00112 	1.00073 	1.00098 	1.00412 
Replication493	 0.01300	0.99930	0.99833 	1.00130 	1.00171 	1.00081 	1.00121 	1.00436 
Replication494	 0.02616	0.99951	1.00253 	1.00424 	1.00390 	1.00398 	1.00405 	1.00601 
Replication495	 0.01073	0.99917	0.99637 	0.99979 	1.00022 	0.99924 	0.99969 	1.00337 
Replication496	 0.01212	0.99928	0.99857 	1.00130 	1.00129 	1.00088 	1.00114 	1.00419 
Replication497	 0.03583	0.99963	1.00387 	1.00714 	1.00455 	1.00602 	1.00559 	1.00689 
Replication498	 0.01217	0.99929	0.99930 	1.00150 	1.00127 	1.00125 	1.00140 	1.00424 
Replication499	 0.01528	0.99908	0.99521 	0.99872 	0.99895 	0.99820 	0.99860 	1.00257 
Replication500	 0.01841	0.99941	1.00038 	1.00280 	1.00311 	1.00240 	1.00272 	1.00532 
Replication501	 0.01483	0.99910	0.99514 	0.99886 	0.99933 	0.99826 	0.99876 	1.00276 
Replication502	 0.01154	0.99926	0.99770 	1.00083 	1.00127 	1.00031 	1.00074 	1.00406 
Replication503	 0.00831	0.99918	0.99748 	1.00011 	0.99989 	0.99980 	0.99999 	1.00332 
Replication504	 0.01627	0.99938	1.00011 	1.00244 	1.00257 	1.00209 	1.00235 	1.00501 
Replication505	 0.02007	0.99944	1.00017 	1.00349 	1.00337 	1.00270 	1.00298 	1.00556 
Replication506	 0.01453	0.99934	0.99983 	1.00208 	1.00205 	1.00179 	1.00199 	1.00471 
Replication507	 0.01143	0.99926	0.99791 	1.00088 	1.00120 	1.00042 	1.00079 	1.00405 
Replication508	 0.02362	0.99948	1.00091 	1.00458 	1.00339 	1.00354 	1.00355 	1.00580 
Replication509	 0.01676	0.99938	1.00005 	1.00276 	1.00250 	1.00224 	1.00242 	1.00504 
Replication510	 0.01640	0.99936	0.99903 	1.00257 	1.00227 	1.00176 	1.00201 	1.00487 
Replication511	 0.01566	0.99936	1.00019 	1.00234 	1.00227 	1.00206 	1.00225 	1.00486 
Replication512	 0.01389	0.99932	0.99904 	1.00174 	1.00189 	1.00131 	1.00161 	1.00455 
Replication513	 0.02854	0.99953	1.00260 	1.00564 	1.00338 	1.00472 	1.00436 	1.00605 
Replication514	 0.01504	0.99907	0.99558 	0.99870 	0.99855 	0.99831 	0.99857 	1.00241 
Replication515	 0.01536	0.99903	0.99602 	0.99853 	0.99776 	0.99835 	0.99837 	1.00204 
Replication516	 0.04235	0.99972	1.00597 	1.00767 	1.00587 	1.00713 	1.00677 	1.00763 
Replication517	 0.01047	0.99922	0.99700 	1.00033 	1.00082 	0.99978 	1.00024 	1.00375 
Replication518	 0.01650	0.99906	0.99495 	0.99845 	0.99860 	0.99795 	0.99833 	1.00236 
Replication519	 0.00922	0.99919	0.99716 	1.00028 	1.00022 	0.99979 	1.00007 	1.00349 
Replication520	 0.02508	0.99948	1.00166 	1.00510 	1.00287 	1.00407 	1.00376 	1.00570 
Replication521	 0.01135	0.99928	0.99941 	1.00140 	1.00095 	1.00123 	1.00129 	1.00408 
Replication522	 0.01223	0.99913	0.99608 	0.99933 	0.99948 	0.99886 	0.99922 	1.00295 
Replication523	 0.01560	0.99935	1.00010 	1.00290 	1.00160 	1.00229 	1.00219 	1.00467 
Replication524	 0.01981	0.99943	1.00071 	1.00320 	1.00314 	1.00274 	1.00296 	1.00542 
Replication525	 0.00968	0.99922	0.99799 	1.00063 	1.00055 	1.00029 	1.00052 	1.00372 
Replication526	 0.01156	0.99917	0.99603 	0.99964 	1.00020 	0.99903 	0.99954 	1.00332 
Replication527	 0.00944	0.99923	0.99851 	1.00077 	1.00038 	1.00054 	1.00065 	1.00369 
Replication528	 0.02144	0.99941	1.00209 	1.00380 	1.00207 	1.00352 	1.00318 	1.00511 
Replication529	 0.01571	0.99936	1.00027 	1.00235 	1.00222 	1.00209 	1.00225 	1.00485 
Replication530	 0.01493	0.99908	0.99547 	0.99875 	0.99878 	0.99830 	0.99863 	1.00251 
Replication531	 0.01251	0.99930	0.99938 	1.00159 	1.00138 	1.00133 	1.00149 	1.00431 
Replication532	 0.01637	0.99936	1.00057 	1.00286 	1.00169 	1.00245 	1.00233 	1.00472 
Replication533	 0.01387	0.99932	1.00036 	1.00204 	1.00146 	1.00193 	1.00193 	1.00446 
Replication534	 0.01114	0.99926	0.99843 	1.00103 	1.00103 	1.00068 	1.00093 	1.00402 
Replication535	 0.01355	0.99910	0.99582 	0.99904 	0.99908 	0.99860 	0.99892 	1.00271 
Replication536	 0.01629	0.99937	0.99928 	1.00218 	1.00277 	1.00166 	1.00211 	1.00502 
Replication537	 0.01355	0.99932	0.99923 	1.00171 	1.00179 	1.00136 	1.00162 	1.00450 
Replication538	 0.02446	0.99948	1.00226 	1.00389 	1.00360 	1.00368 	1.00376 	1.00580 
Replication539	 0.01334	0.99930	0.99850 	1.00159 	1.00160 	1.00102 	1.00132 	1.00437 
Replication540	 0.01808	0.99941	1.00012 	1.00273 	1.00322 	1.00228 	1.00267 	1.00535 
Replication541	 0.01007	0.99921	0.99714 	1.00032 	1.00068 	0.99982 	1.00023 	1.00369 
Replication542	 0.00887	0.99920	0.99754 	1.00031 	1.00028 	0.99994 	1.00020 	1.00353 
Replication543	 0.01279	0.99930	0.99905 	1.00152 	1.00154 	1.00118 	1.00142 	1.00435 
Replication544	 0.01520	0.99936	1.00018 	1.00226 	1.00211 	1.00201 	1.00217 	1.00478 
Replication545	 0.01222	0.99929	0.99898 	1.00140 	1.00134 	1.00109 	1.00130 	1.00424 
Replication546	 0.01565	0.99907	0.99513 	0.99872 	0.99872 	0.99816 	0.99851 	1.00247 
Replication547	 0.01037	0.99924	0.99836 	1.00087 	1.00075 	1.00056 	1.00076 	1.00386 
Replication548	 0.01051	0.99922	0.99696 	1.00031 	1.00082 	0.99975 	1.00022 	1.00374 
Replication549	 0.01164	0.99916	0.99598 	0.99956 	1.00008 	0.99897 	0.99946 	1.00325 
Replication550	 0.00953	0.99923	0.99911 	1.00099 	1.00032 	1.00088 	1.00087 	1.00372 
Replication551	 0.01833	0.99939	1.00068 	1.00318 	1.00234 	1.00268 	1.00268 	1.00507 
Replication552	 0.02388	0.99949	1.00098 	1.00433 	1.00381 	1.00345 	1.00362 	1.00594 
Replication553	 0.01202	0.99912	0.99628 	0.99934 	0.99932 	0.99893 	0.99922 	1.00288 
Replication554	 0.01167	0.99927	0.99871 	1.00121 	1.00118 	1.00088 	1.00111 	1.00412 
Replication555	 0.01993	0.99941	1.00145 	1.00307 	1.00272 	1.00293 	1.00298 	1.00524 
Replication556	 0.00957	0.99920	0.99706 	1.00017 	1.00043 	0.99970 	1.00007 	1.00355 
Replication557	 0.01071	0.99924	0.99782 	1.00073 	1.00095 	1.00030 	1.00064 	1.00391 
Replication558	 0.01515	0.99935	0.99898 	1.00188 	1.00240 	1.00138 	1.00181 	1.00480 
Replication559	 0.02005	0.99942	0.99970 	1.00411 	1.00257 	1.00282 	1.00280 	1.00532 
Replication560	 0.00824	0.99919	0.99783 	1.00032 	1.00004 	1.00005 	1.00021 	1.00344 
Replication561	 0.00823	0.99918	0.99757 	1.00015 	0.99990 	0.99986 	1.00003 	1.00333 
Replication562	 0.01232	0.99927	0.99852 	1.00169 	1.00088 	1.00105 	1.00112 	1.00408 
Replication563	 0.01442	0.99934	0.99925 	1.00186 	1.00210 	1.00145 	1.00178 	1.00467 
Replication564	 0.00980	0.99916	0.99682 	0.99980 	0.99983 	0.99940 	0.99969 	1.00321 
Replication565	 0.00936	0.99918	0.99692 	1.00001 	1.00019 	0.99955 	0.99990 	1.00341 
Replication566	 0.01277	0.99927	0.99679 	1.00066 	1.00175 	0.99991 	1.00060 	1.00421 
Replication567	 0.00818	0.99918	0.99764 	1.00018 	0.99990 	0.99989 	1.00006 	1.00334 
Replication568	 0.01300	0.99930	0.99850 	1.00136 	1.00169 	1.00090 	1.00127 	1.00437 
Replication569	 0.00996	0.99923	0.99826 	1.00077 	1.00062 	1.00046 	1.00066 	1.00378 
Replication570	 0.01156	0.99926	0.99811 	1.00098 	1.00122 	1.00054 	1.00089 	1.00408 
Replication571	 0.01568	0.99937	0.99988 	1.00229 	1.00247 	1.00193 	1.00221 	1.00493 
Replication572	 0.00823	0.99919	0.99770 	1.00027 	1.00004 	0.99997 	1.00015 	1.00342 
Replication573	 0.01253	0.99929	0.99867 	1.00134 	1.00150 	1.00094 	1.00125 	1.00429 
Replication574	 0.01182	0.99908	0.99708 	0.99923 	0.99833 	0.99913 	0.99908 	1.00246 
Replication575	 0.02873	0.99953	1.00336 	1.00498 	1.00372 	1.00467 	1.00446 	1.00610 
Replication576	 0.02769	0.99952	1.00278 	1.00502 	1.00358 	1.00447 	1.00427 	1.00602 
Replication577	 0.01256	0.99914	0.99572 	0.99933 	0.99982 	0.99874 	0.99923 	1.00308 
Replication578	 0.03123	0.99959	1.00230 	1.00604 	1.00471 	1.00487 	1.00485 	1.00670 
Replication579	 0.00847	0.99918	0.99792 	1.00043 	0.99960 	1.00012 	1.00012 	1.00327 
Replication580	 0.01439	0.99931	0.99842 	1.00196 	1.00171 	1.00119 	1.00145 	1.00449 
Replication581	 0.01224	0.99912	0.99619 	0.99930 	0.99931 	0.99888 	0.99918 	1.00287 
Replication582	 0.01134	0.99912	0.99667 	0.99943 	0.99915 	0.99912 	0.99930 	1.00284 
Replication583	 0.01221	0.99926	0.99716 	1.00098 	1.00129 	1.00020 	1.00065 	1.00408 
Replication584	 0.01356	0.99912	0.99543 	0.99913 	0.99965 	0.99853 	0.99903 	1.00296 
Replication585	 0.01199	0.99928	0.99875 	1.00128 	1.00129 	1.00094 	1.00118 	1.00419 
Replication586	 0.02324	0.99948	1.00160 	1.00362 	1.00380 	1.00331 	1.00356 	1.00582 
Replication587	 0.02396	0.99948	1.00214 	1.00375 	1.00358 	1.00357 	1.00368 	1.00576 
Replication588	 0.01422	0.99933	0.99955 	1.00193 	1.00199 	1.00160 	1.00184 	1.00464 
Replication589	 0.01126	0.99925	0.99811 	1.00119 	1.00079 	1.00063 	1.00081 	1.00393 
Replication590	 0.01350	0.99931	0.99860 	1.00147 	1.00186 	1.00101 	1.00139 	1.00447 
Replication591	 0.01388	0.99933	0.99953 	1.00187 	1.00186 	1.00155 	1.00178 	1.00457 
Replication592	 0.01717	0.99939	1.00041 	1.00259 	1.00263 	1.00229 	1.00251 	1.00508 
Replication593	 0.01098	0.99919	0.99631 	0.99991 	1.00054 	0.99929 	0.99982 	1.00353 
Replication594	 0.04283	0.99974	1.00521 	1.00825 	1.00605 	1.00715 	1.00681 	1.00780 
Replication595	 0.01186	0.99928	0.99882 	1.00128 	1.00123 	1.00096 	1.00118 	1.00417 
Replication596	 0.03049	0.99956	1.00303 	1.00572 	1.00408 	1.00495 	1.00473 	1.00639 
Replication597	 0.01991	0.99944	0.99983 	1.00330 	1.00359 	1.00248 	1.00290 	1.00561 
Replication598	 0.01212	0.99928	0.99815 	1.00108 	1.00142 	1.00062 	1.00100 	1.00419 
Replication599	 0.01586	0.99936	0.99957 	1.00268 	1.00199 	1.00200 	1.00210 	1.00479 
Replication600	 0.00974	0.99916	0.99683 	0.99989 	0.99975 	0.99944 	0.99970 	1.00319 
Replication601	 0.01674	0.99937	1.00064 	1.00253 	1.00227 	1.00232 	1.00243 	1.00491 
Replication602	 0.00941	0.99922	0.99803 	1.00060 	1.00045 	1.00028 	1.00048 	1.00367 
Replication603	 0.01167	0.99928	0.99887 	1.00127 	1.00115 	1.00097 	1.00117 	1.00413 
Replication604	 0.01401	0.99910	0.99563 	0.99896 	0.99908 	0.99849 	0.99884 	1.00269 
Replication605	 0.01006	0.99923	0.99748 	1.00051 	1.00076 	1.00004 	1.00041 	1.00377 
Replication606	 0.01855	0.99941	1.00074 	1.00283 	1.00284 	1.00254 	1.00275 	1.00522 
Replication607	 0.01153	0.99927	0.99841 	1.00108 	1.00117 	1.00070 	1.00099 	1.00409 
Replication608	 0.00958	0.99918	0.99682 	0.99997 	1.00019 	0.99950 	0.99986 	1.00340 
Replication609	 0.01450	0.99933	0.99943 	1.00223 	1.00174 	1.00170 	1.00183 	1.00459 
Replication610	 0.01757	0.99938	1.00099 	1.00267 	1.00226 	1.00253 	1.00257 	1.00495 
Replication611	 0.01001	0.99918	0.99667 	0.99995 	1.00031 	0.99944 	0.99985 	1.00344 
Replication612	 0.01702	0.99937	1.00061 	1.00310 	1.00171 	1.00259 	1.00243 	1.00478 
Replication613	 0.01142	0.99927	0.99899 	1.00127 	1.00104 	1.00101 	1.00116 	1.00409 
Replication614	 0.01076	0.99925	0.99833 	1.00099 	1.00081 	1.00061 	1.00082 	1.00391 
Replication615	 0.01894	0.99941	1.00077 	1.00289 	1.00296 	1.00259 	1.00281 	1.00529 
Replication616	 0.01839	0.99939	1.00072 	1.00324 	1.00224 	1.00273 	1.00268 	1.00504 
Replication617	 0.01122	0.99916	0.99614 	0.99962 	1.00006 	0.99906 	0.99952 	1.00326 
Replication618	 0.00824	0.99918	0.99757 	1.00019 	0.99998 	0.99988 	1.00007 	1.00338 
Replication619	 0.01619	0.99937	1.00027 	1.00243 	1.00240 	1.00214 	1.00234 	1.00494 
Replication620	 0.01426	0.99934	0.99964 	1.00197 	1.00199 	1.00166 	1.00188 	1.00465 
Replication621	 0.01765	0.99939	1.00012 	1.00317 	1.00243 	1.00247 	1.00255 	1.00509 
Replication622	 0.03392	0.99962	1.00323 	1.00662 	1.00471 	1.00552 	1.00529 	1.00684 
Replication623	 0.01076	0.99924	0.99747 	1.00076 	1.00085 	1.00017 	1.00051 	1.00386 
Replication624	 0.01035	0.99925	0.99882 	1.00103 	1.00067 	1.00081 	1.00092 	1.00387 
Replication625	 0.03213	0.99960	1.00316 	1.00566 	1.00500 	1.00500 	1.00505 	1.00678 
Replication626	 0.01068	0.99920	0.99643 	1.00005 	1.00057 	0.99941 	0.99991 	1.00357 
Replication627	 0.02806	0.99953	1.00255 	1.00514 	1.00384 	1.00446 	1.00433 	1.00615 
Replication628	 0.00980	0.99922	0.99786 	1.00060 	1.00062 	1.00022 	1.00049 	1.00374 
Replication629	 0.01405	0.99911	0.99542 	0.99900 	0.99937 	0.99844 	0.99889 	1.00282 
Replication630	 0.00930	0.99922	0.99817 	1.00062 	1.00039 	1.00034 	1.00051 	1.00365 
Replication631	 0.02558	0.99950	1.00217 	1.00431 	1.00380 	1.00388 	1.00394 	1.00597 
Replication632	 0.01544	0.99936	0.99921 	1.00201 	1.00248 	1.00154 	1.00194 	1.00486 
Replication633	 0.00957	0.99921	0.99741 	1.00038 	1.00056 	0.99994 	1.00028 	1.00366 
Replication634	 0.04868	0.99983	1.00586 	1.00957 	1.00710 	1.00813 	1.00778 	1.00853 
Replication635	 0.02605	0.99950	1.00283 	1.00411 	1.00373 	1.00402 	1.00403 	1.00592 
Replication636	 0.02176	0.99945	1.00134 	1.00337 	1.00349 	1.00307 	1.00330 	1.00563 
Replication637	 0.01400	0.99933	0.99922 	1.00178 	1.00196 	1.00140 	1.00169 	1.00459 
Replication638	 0.01095	0.99914	0.99651 	0.99957 	0.99962 	0.99915 	0.99946 	1.00307 
Replication639	 0.01210	0.99929	0.99930 	1.00149 	1.00124 	1.00125 	1.00139 	1.00423 
Replication640	 0.01382	0.99932	0.99889 	1.00163 	1.00194 	1.00120 	1.00155 	1.00454 
Replication641	 0.00958	0.99915	0.99716 	0.99979 	0.99949 	0.99950 	0.99967 	1.00307 
Replication642	 0.02160	0.99946	1.00061 	1.00371 	1.00360 	1.00299 	1.00325 	1.00572 
Replication643	 0.01048	0.99919	0.99641 	1.00011 	1.00032 	0.99942 	0.99984 	1.00347 
Replication644	 0.02733	0.99954	1.00170 	1.00507 	1.00423 	1.00412 	1.00420 	1.00629 
Replication645	 0.00960	0.99921	0.99730 	1.00032 	1.00053 	0.99987 	1.00022 	1.00363 
Replication646	 0.01153	0.99927	0.99845 	1.00110 	1.00116 	1.00072 	1.00100 	1.00409 
Replication647	 0.01105	0.99926	0.99868 	1.00110 	1.00095 	1.00080 	1.00099 	1.00400 
Replication648	 0.01550	0.99937	1.00002 	1.00231 	1.00237 	1.00198 	1.00222 	1.00490 
Replication649	 0.01387	0.99933	1.00021 	1.00204 	1.00160 	1.00188 	1.00193 	1.00451 
Replication650	 0.01999	0.99943	1.00031 	1.00374 	1.00289 	1.00286 	1.00294 	1.00540 
Replication651	 0.01127	0.99912	0.99663 	0.99946 	0.99925 	0.99912 	0.99933 	1.00289 
Replication652	 0.01300	0.99929	0.99835 	1.00148 	1.00150 	1.00090 	1.00121 	1.00431 
Replication653	 0.01976	0.99941	1.00139 	1.00315 	1.00258 	1.00294 	1.00294 	1.00519 
Replication654	 0.01161	0.99927	0.99835 	1.00108 	1.00121 	1.00068 	1.00098 	1.00410 
Replication655	 0.01153	0.99916	0.99595 	0.99970 	1.00013 	0.99903 	0.99952 	1.00330 
Replication656	 0.00814	0.99919	0.99817 	1.00036 	0.99981 	1.00018 	1.00024 	1.00335 
Replication657	 0.01493	0.99935	0.99966 	1.00209 	1.00223 	1.00174 	1.00201 	1.00478 
Replication658	 0.01009	0.99916	0.99668 	0.99976 	0.99987 	0.99932 	0.99965 	1.00322 
Replication659	 0.01378	0.99933	1.00002 	1.00202 	1.00173 	1.00181 	1.00192 	1.00456 
Replication660	 0.00967	0.99918	0.99679 	0.99995 	1.00019 	0.99947 	0.99985 	1.00340 
Replication661	 0.03275	0.99960	1.00392 	1.00525 	1.00520 	1.00507 	1.00519 	1.00681 
Replication662	 0.01048	0.99921	0.99673 	1.00083 	1.00025 	0.99992 	1.00014 	1.00359 
Replication663	 0.01376	0.99931	0.99862 	1.00152 	1.00195 	1.00104 	1.00144 	1.00452 
Replication664	 0.01646	0.99937	1.00046 	1.00248 	1.00233 	1.00223 	1.00238 	1.00492 
Replication665	 0.00836	0.99920	0.99797 	1.00045 	0.99999 	1.00016 	1.00027 	1.00344 
Replication666	 0.03969	0.99969	1.00560 	1.00683 	1.00573 	1.00654 	1.00635 	1.00740 
Replication667	 0.02078	0.99898	0.99433 	0.99763 	0.99737 	0.99725 	0.99749 	1.00165 
Replication668	 0.00910	0.99919	0.99707 	1.00010 	1.00016 	0.99966 	0.99997 	1.00342 
Replication669	 0.01085	0.99917	0.99630 	0.99971 	1.00012 	0.99917 	0.99961 	1.00330 
Replication670	 0.01116	0.99927	0.99912 	1.00127 	1.00092 	1.00105 	1.00116 	1.00404 
Replication671	 0.01709	0.99939	0.99927 	1.00230 	1.00305 	1.00173 	1.00224 	1.00517 
Replication672	 0.02167	0.99899	0.99355 	0.99788 	0.99759 	0.99710 	0.99743 	1.00177 
Replication673	 0.01245	0.99929	0.99899 	1.00144 	1.00142 	1.00112 	1.00134 	1.00428 
Replication674	 0.00895	0.99916	0.99731 	0.99996 	0.99957 	0.99965 	0.99979 	1.00314 
Replication675	 0.02280	0.99946	1.00160 	1.00392 	1.00318 	1.00344 	1.00345 	1.00560 
Replication676	 0.01233	0.99928	0.99790 	1.00103 	1.00153 	1.00050 	1.00095 	1.00422 
Replication677	 0.01081	0.99914	0.99654 	0.99970 	0.99951 	0.99922 	0.99947 	1.00304 
Replication678	 0.02761	0.99953	1.00182 	1.00565 	1.00350 	1.00444 	1.00419 	1.00608 
Replication679	 0.01519	0.99907	0.99550 	0.99868 	0.99859 	0.99827 	0.99855 	1.00242 
Replication680	 0.03477	0.99964	1.00323 	1.00654 	1.00532 	1.00550 	1.00547 	1.00709 
Replication681	 0.00998	0.99924	0.99905 	1.00105 	1.00049 	1.00089 	1.00093 	1.00381 
Replication682	 0.01496	0.99909	0.99518 	0.99881 	0.99918 	0.99825 	0.99870 	1.00269 
Replication683	 0.01442	0.99934	0.99940 	1.00191 	1.00208 	1.00154 	1.00183 	1.00467 
Replication684	 0.01079	0.99926	0.99874 	1.00107 	1.00085 	1.00081 	1.00097 	1.00396 
Replication685	 0.01368	0.99930	0.99816 	1.00171 	1.00153 	1.00095 	1.00124 	1.00436 
Replication686	 0.02360	0.99947	1.00195 	1.00400 	1.00324 	1.00361 	1.00359 	1.00566 
Replication687	 0.01290	0.99928	0.99824 	1.00155 	1.00132 	1.00089 	1.00114 	1.00424 
Replication688	 0.01260	0.99929	0.99846 	1.00128 	1.00155 	1.00084 	1.00119 	1.00429 
Replication689	 0.01023	0.99914	0.99691 	0.99967 	0.99946 	0.99934 	0.99955 	1.00303 
Replication690	 0.01431	0.99931	0.99811 	1.00170 	1.00188 	1.00095 	1.00134 	1.00451 
Replication691	 0.01252	0.99929	0.99919 	1.00162 	1.00130 	1.00127 	1.00142 	1.00427 
Replication692	 0.01341	0.99911	0.99568 	0.99921 	0.99923 	0.99864 	0.99898 	1.00280 
Replication693	 0.02342	0.99949	1.00076 	1.00422 	1.00386 	1.00332 	1.00354 	1.00593 
Replication694	 0.02365	0.99948	1.00164 	1.00369 	1.00391 	1.00337 	1.00363 	1.00588 
Replication695	 0.00979	0.99917	0.99672 	0.99985 	1.00003 	0.99939 	0.99974 	1.00330 
Replication696	 0.01236	0.99911	0.99626 	0.99925 	0.99914 	0.99887 	0.99913 	1.00279 
Replication697	 0.03785	0.99966	1.00499 	1.00675 	1.00532 	1.00626 	1.00601 	1.00718 
Replication698	 0.04147	0.99974	1.00425 	1.00775 	1.00674 	1.00657 	1.00661 	1.00797 
Replication699	 0.01554	0.99906	0.99532 	0.99863 	0.99863 	0.99818 	0.99850 	1.00242 
Replication700	 0.00980	0.99922	0.99785 	1.00070 	1.00049 	1.00027 	1.00048 	1.00370 
Replication701	 0.01445	0.99933	0.99916 	1.00197 	1.00197 	1.00147 	1.00174 	1.00463 
Replication702	 0.01449	0.99908	0.99568 	0.99882 	0.99873 	0.99842 	0.99869 	1.00251 
Replication703	 0.01015	0.99923	0.99752 	1.00054 	1.00079 	1.00007 	1.00044 	1.00379 
Replication704	 0.01229	0.99930	0.99993 	1.00174 	1.00121 	1.00161 	1.00163 	1.00428 
Replication705	 0.02873	0.99954	1.00272 	1.00518 	1.00404 	1.00455 	1.00445 	1.00625 
Replication706	 0.02706	0.99953	1.00203 	1.00494 	1.00396 	1.00417 	1.00416 	1.00616 
Replication707	 0.01048	0.99925	0.99850 	1.00094 	1.00077 	1.00064 	1.00083 	1.00389 
Replication708	 0.01511	0.99933	1.00059 	1.00264 	1.00119 	1.00232 	1.00210 	1.00446 
Replication709	 0.01142	0.99927	0.99881 	1.00121 	1.00107 	1.00091 	1.00110 	1.00408 
Replication710	 0.02603	0.99950	1.00281 	1.00411 	1.00374 	1.00401 	1.00403 	1.00592 
Replication711	 0.01086	0.99913	0.99678 	0.99953 	0.99928 	0.99922 	0.99941 	1.00292 
Replication712	 0.01772	0.99938	1.00100 	1.00269 	1.00231 	1.00255 	1.00260 	1.00497 
Replication713	 0.01120	0.99922	0.99674 	1.00101 	1.00053 	1.00002 	1.00030 	1.00375 
Replication714	 0.03294	0.99960	1.00334 	1.00625 	1.00454 	1.00536 	1.00514 	1.00670 
Replication715	 0.02032	0.99903	0.99334 	0.99783 	0.99873 	0.99704 	0.99773 	1.00225 
Replication716	 0.01694	0.99937	1.00064 	1.00273 	1.00214 	1.00242 	1.00245 	1.00489 
Replication717	 0.01150	0.99925	0.99729 	1.00094 	1.00098 	1.00021 	1.00057 	1.00395 
Replication718	 0.01707	0.99938	1.00062 	1.00258 	1.00241 	1.00235 	1.00249 	1.00498 
Replication719	 0.01483	0.99934	0.99939 	1.00225 	1.00189 	1.00171 	1.00188 	1.00466 
Replication720	 0.02249	0.99947	1.00110 	1.00380 	1.00358 	1.00321 	1.00341 	1.00574 
Replication721	 0.02553	0.99949	1.00260 	1.00417 	1.00357 	1.00396 	1.00393 	1.00585 
Replication722	 0.01022	0.99922	0.99718 	1.00038 	1.00077 	0.99987 	1.00028 	1.00374 
Replication723	 0.02105	0.99944	1.00141 	1.00326 	1.00316 	1.00303 	1.00318 	1.00547 
Replication724	 0.01039	0.99924	0.99779 	1.00067 	1.00084 	1.00025 	1.00057 	1.00385 
Replication725	 0.00966	0.99922	0.99792 	1.00060 	1.00056 	1.00024 	1.00049 	1.00371 
Replication726	 0.01419	0.99912	0.99509 	0.99905 	0.99978 	0.99836 	0.99895 	1.00300 
Replication727	 0.01241	0.99930	0.99987 	1.00174 	1.00127 	1.00159 	1.00163 	1.00430 
Replication728	 0.00824	0.99920	0.99822 	1.00044 	0.99994 	1.00025 	1.00032 	1.00342 
Replication729	 0.01292	0.99931	0.99973 	1.00189 	1.00135 	1.00162 	1.00167 	1.00436 
Replication730	 0.02343	0.99948	1.00107 	1.00413 	1.00373 	1.00338 	1.00356 	1.00587 
Replication731	 0.02181	0.99947	1.00009 	1.00434 	1.00333 	1.00311 	1.00323 	1.00570 
Replication732	 0.01676	0.99938	1.00029 	1.00252 	1.00259 	1.00221 	1.00244 	1.00504 
Replication733	 0.01406	0.99934	1.00005 	1.00207 	1.00182 	1.00185 	1.00197 	1.00461 
Replication734	 0.00963	0.99917	0.99684 	0.99985 	0.99991 	0.99943 	0.99973 	1.00325 
Replication735	 0.01035	0.99914	0.99689 	0.99965 	0.99943 	0.99932 	0.99952 	1.00301 
Replication736	 0.01271	0.99930	0.99902 	1.00150 	1.00151 	1.00116 	1.00140 	1.00433 
Replication737	 0.03994	0.99970	1.00418 	1.00793 	1.00564 	1.00659 	1.00629 	1.00753 
Replication738	 0.01423	0.99933	0.99954 	1.00206 	1.00183 	1.00166 	1.00183 	1.00460 
Replication739	 0.01318	0.99930	0.99826 	1.00137 	1.00171 	1.00082 	1.00122 	1.00437 
Replication740	 0.01232	0.99930	1.00002 	1.00177 	1.00119 	1.00166 	1.00166 	1.00428 
Replication741	 0.01236	0.99913	0.99590 	0.99934 	0.99966 	0.99881 	0.99923 	1.00302 
Replication742	 0.01365	0.99930	0.99829 	1.00158 	1.00171 	1.00094 	1.00130 	1.00442 
Replication743	 0.02548	0.99949	1.00273 	1.00402 	1.00361 	1.00393 	1.00393 	1.00584 
Replication744	 0.02354	0.99949	1.00151 	1.00367 	1.00398 	1.00331 	1.00361 	1.00590 
Replication745	 0.01995	0.99944	1.00068 	1.00306 	1.00340 	1.00266 	1.00299 	1.00551 
Replication746	 0.01568	0.99936	0.99934 	1.00210 	1.00254 	1.00163 	1.00203 	1.00491 
Replication747	 0.01233	0.99925	0.99675 	1.00055 	1.00155 	0.99983 	1.00048 	1.00410 
Replication748	 0.02027	0.99943	1.00034 	1.00393 	1.00278 	1.00297 	1.00298 	1.00539 
Replication749	 0.02351	0.99946	1.00197 	1.00414 	1.00299 	1.00369 	1.00356 	1.00557 
Replication750	 0.00797	0.99918	0.99798 	1.00023 	0.99968 	1.00004 	1.00010 	1.00326 
Replication751	 0.01230	0.99928	0.99840 	1.00120 	1.00145 	1.00077 	1.00111 	1.00423 
Replication752	 0.02087	0.99942	1.00189 	1.00346 	1.00238 	1.00327 	1.00312 	1.00518 
Replication753	 0.03716	0.99968	1.00338 	1.00693 	1.00606 	1.00579 	1.00588 	1.00749 
Replication754	 0.00997	0.99915	0.99689 	0.99975 	0.99964 	0.99938 	0.99963 	1.00312 
Replication755	 0.02519	0.99950	1.00139 	1.00496 	1.00339 	1.00392 	1.00381 	1.00589 
Replication756	 0.02112	0.99945	1.00090 	1.00361 	1.00322 	1.00302 	1.00317 	1.00554 
Replication757	 0.01079	0.99924	0.99785 	1.00076 	1.00098 	1.00032 	1.00067 	1.00393 
Replication758	 0.00988	0.99923	0.99824 	1.00075 	1.00059 	1.00044 	1.00064 	1.00377 
Replication759	 0.03034	0.99958	1.00270 	1.00530 	1.00482 	1.00464 	1.00475 	1.00662 
Replication760	 0.01110	0.99926	0.99842 	1.00101 	1.00101 	1.00066 	1.00091 	1.00401 
Replication761	 0.01223	0.99929	0.99924 	1.00149 	1.00130 	1.00123 	1.00139 	1.00425 
Replication762	 0.00847	0.99918	0.99737 	1.00013 	1.00004 	0.99978 	1.00002 	1.00338 
Replication763	 0.01045	0.99924	0.99837 	1.00089 	1.00078 	1.00057 	1.00078 	1.00388 
Replication764	 0.01142	0.99926	0.99844 	1.00107 	1.00112 	1.00071 	1.00098 	1.00407 
Replication765	 0.01259	0.99930	0.99925 	1.00156 	1.00143 	1.00127 	1.00146 	1.00432 
Replication766	 0.03312	0.99961	1.00329 	1.00618 	1.00479 	1.00531 	1.00519 	1.00679 
Replication767	 0.01509	0.99935	0.99906 	1.00192 	1.00234 	1.00143 	1.00182 	1.00478 
Replication768	 0.01743	0.99937	1.00124 	1.00265 	1.00198 	1.00259 	1.00254 	1.00483 
Replication769	 0.02647	0.99952	1.00202 	1.00461 	1.00406 	1.00399 	1.00408 	1.00613 
Replication770	 0.01369	0.99931	0.99862 	1.00151 	1.00193 	1.00103 	1.00143 	1.00451 
Replication771	 0.02276	0.99948	1.00125 	1.00353 	1.00393 	1.00314 	1.00347 	1.00585 
Replication772	 0.00986	0.99919	0.99680 	1.00007 	1.00045 	0.99955 	0.99998 	1.00353 
Replication773	 0.01120	0.99915	0.99617 	0.99959 	0.99996 	0.99905 	0.99948 	1.00321 
Replication774	 0.01258	0.99929	0.99832 	1.00122 	1.00156 	1.00076 	1.00113 	1.00428 
Replication775	 0.01022	0.99923	0.99751 	1.00054 	1.00082 	1.00007 	1.00044 	1.00381 
Replication776	 0.01023	0.99922	0.99729 	1.00044 	1.00081 	0.99994 	1.00035 	1.00378 
Replication777	 0.01380	0.99933	0.99974 	1.00193 	1.00180 	1.00166 	1.00183 	1.00457 
Replication778	 0.01057	0.99925	0.99860 	1.00099 	1.00079 	1.00071 	1.00088 	1.00391 
Replication779	 0.03054	0.99959	1.00256 	1.00529 	1.00506 	1.00459 	1.00478 	1.00672 
Replication780	 0.01284	0.99930	0.99868 	1.00140 	1.00161 	1.00098 	1.00131 	1.00435 
Replication781	 0.01026	0.99924	0.99842 	1.00088 	1.00070 	1.00058 	1.00077 	1.00385 
Replication782	 0.00909	0.99921	0.99775 	1.00044 	1.00037 	1.00009 	1.00033 	1.00360 
Replication783	 0.03065	0.99957	1.00318 	1.00535 	1.00453 	1.00483 	1.00480 	1.00652 
Replication784	 0.00875	0.99914	0.99775 	0.99989 	0.99915 	0.99975 	0.99975 	1.00296 
Replication785	 0.01250	0.99929	0.99886 	1.00140 	1.00146 	1.00105 	1.00131 	1.00429 
Replication786	 0.02797	0.99954	1.00249 	1.00484 	1.00422 	1.00430 	1.00434 	1.00626 
Replication787	 0.01329	0.99931	0.99867 	1.00147 	1.00177 	1.00102 	1.00138 	1.00443 
Replication788	 0.01756	0.99902	0.99497 	0.99817 	0.99796 	0.99778 	0.99803 	1.00203 
Replication789	 0.02619	0.99951	1.00184 	1.00497 	1.00359 	1.00409 	1.00400 	1.00599 
Replication790	 0.03316	0.99960	1.00385 	1.00582 	1.00479 	1.00533 	1.00522 	1.00674 
Replication791	 0.01296	0.99930	0.99841 	1.00132 	1.00169 	1.00085 	1.00123 	1.00436 
Replication792	 0.01368	0.99932	0.99898 	1.00164 	1.00187 	1.00123 	1.00155 	1.00452 
Replication793	 0.02255	0.99946	1.00161 	1.00351 	1.00354 	1.00325 	1.00344 	1.00568 
Replication794	 0.01409	0.99933	0.99967 	1.00196 	1.00192 	1.00165 	1.00186 	1.00462 
Replication795	 0.00974	0.99921	0.99720 	1.00062 	1.00033 	0.99999 	1.00023 	1.00360 
Replication796	 0.01332	0.99931	0.99895 	1.00157 	1.00174 	1.00118 	1.00148 	1.00445 
Replication797	 0.01286	0.99930	0.99977 	1.00205 	1.00111 	1.00171 	1.00166 	1.00429 
Replication798	 0.01543	0.99936	1.00019 	1.00230 	1.00219 	1.00204 	1.00221 	1.00482 
Replication799	 0.01864	0.99905	0.99399 	0.99812 	0.99876 	0.99743 	0.99801 	1.00234 
Replication800	 0.01336	0.99932	0.99983 	1.00189 	1.00163 	1.00166 	1.00179 	1.00448 
Replication801	 0.00854	0.99917	0.99742 	1.00001 	0.99973 	0.99972 	0.99989 	1.00323 
Replication802	 0.01586	0.99937	0.99972 	1.00226 	1.00256 	1.00186 	1.00219 	1.00496 
Replication803	 0.01538	0.99909	0.99500 	0.99875 	0.99920 	0.99815 	0.99864 	1.00268 
Replication804	 0.01165	0.99927	0.99828 	1.00116 	1.00111 	1.00069 	1.00095 	1.00407 
Replication805	 0.01805	0.99907	0.99396 	0.99829 	0.99917 	0.99753 	0.99820 	1.00255 
Replication806	 0.01432	0.99932	0.99863 	1.00185 	1.00187 	1.00122 	1.00153 	1.00455 
Replication807	 0.01318	0.99931	0.99927 	1.00188 	1.00137 	1.00145 	1.00155 	1.00436 
Replication808	 0.01344	0.99930	0.99904 	1.00196 	1.00135 	1.00140 	1.00151 	1.00436 
Replication809	 0.01702	0.99939	0.99950 	1.00250 	1.00286 	1.00191 	1.00230 	1.00513 
Replication810	 0.01162	0.99914	0.99622 	0.99946 	0.99964 	0.99899 	0.99935 	1.00304 
Replication811	 0.00820	0.99919	0.99830 	1.00042 	0.99981 	1.00026 	1.00029 	1.00337 
Replication812	 0.00841	0.99917	0.99762 	1.00014 	0.99958 	0.99985 	0.99994 	1.00319 
Replication813	 0.01619	0.99938	0.99979 	1.00235 	1.00267 	1.00193 	1.00227 	1.00502 
Replication814	 0.02200	0.99947	1.00057 	1.00405 	1.00343 	1.00314 	1.00329 	1.00571 
Replication815	 0.02563	0.99952	1.00151 	1.00447 	1.00419 	1.00374 	1.00394 	1.00615 
Replication816	 0.01540	0.99936	0.99939 	1.00207 	1.00243 	1.00163 	1.00199 	1.00486 
Replication817	 0.00892	0.99917	0.99708 	0.99998 	0.99998 	0.99959 	0.99987 	1.00332 
Replication818	 0.01283	0.99931	0.99944 	1.00166 	1.00149 	1.00140 	1.00156 	1.00437 
Replication819	 0.01103	0.99916	0.99622 	0.99964 	1.00004 	0.99910 	0.99954 	1.00326 
Replication820	 0.01610	0.99936	0.99919 	1.00233 	1.00245 	1.00169 	1.00203 	1.00491 
Replication821	 0.03959	0.99970	1.00462 	1.00740 	1.00580 	1.00649 	1.00629 	1.00751 
Replication822	 0.04607	0.99979	1.00569 	1.00876 	1.00685 	1.00763 	1.00737 	1.00826 
Replication823	 0.01394	0.99929	0.99788 	1.00184 	1.00142 	1.00092 	1.00117 	1.00433 
Replication824	 0.00908	0.99921	0.99817 	1.00059 	1.00031 	1.00032 	1.00047 	1.00361 
Replication825	 0.00991	0.99921	0.99715 	1.00030 	1.00062 	0.99981 	1.00020 	1.00366 
Replication826	 0.00894	0.99917	0.99720 	0.99995 	0.99980 	0.99961 	0.99983 	1.00324 
Replication827	 0.01129	0.99925	0.99774 	1.00080 	1.00118 	1.00031 	1.00071 	1.00402 
Replication828	 0.00999	0.99918	0.99666 	0.99989 	1.00018 	0.99939 	0.99979 	1.00338 
Replication829	 0.01280	0.99930	0.99924 	1.00159 	1.00151 	1.00129 	1.00149 	1.00436 
Replication830	 0.02010	0.99944	1.00029 	1.00351 	1.00326 	1.00275 	1.00299 	1.00552 
Replication831	 0.01065	0.99914	0.99664 	0.99962 	0.99961 	0.99922 	0.99951 	1.00307 
Replication832	 0.01353	0.99930	0.99912 	1.00214 	1.00119 	1.00152 	1.00154 	1.00432 
Replication833	 0.01243	0.99928	0.99815 	1.00114 	1.00153 	1.00065 	1.00105 	1.00425 
Replication834	 0.03114	0.99957	1.00305 	1.00608 	1.00395 	1.00514 	1.00482 	1.00640 
Replication835	 0.03226	0.99960	1.00310 	1.00565 	1.00514 	1.00498 	1.00508 	1.00684 
Replication836	 0.01365	0.99913	0.99529 	0.99915 	0.99982 	0.99849 	0.99905 	1.00304 
Replication837	 0.01037	0.99918	0.99653 	0.99991 	1.00034 	0.99936 	0.99981 	1.00345 
Replication838	 0.01057	0.99924	0.99794 	1.00075 	1.00089 	1.00035 	1.00065 	1.00389 
Replication839	 0.01723	0.99938	1.00077 	1.00261 	1.00233 	1.00242 	1.00251 	1.00496 
Replication840	 0.01002	0.99915	0.99697 	0.99971 	0.99949 	0.99939 	0.99959 	1.00305 
Replication841	 0.02205	0.99945	1.00155 	1.00376 	1.00300 	1.00333 	1.00333 	1.00549 
Replication842	 0.01081	0.99914	0.99668 	0.99957 	0.99945 	0.99920 	0.99945 	1.00300 
Replication843	 0.01040	0.99921	0.99676 	1.00017 	1.00069 	0.99960 	1.00008 	1.00366 
Replication844	 0.01367	0.99932	0.99927 	1.00174 	1.00183 	1.00139 	1.00165 	1.00453 
Replication845	 0.01686	0.99906	0.99467 	0.99843 	0.99881 	0.99784 	0.99832 	1.00244 
Replication846	 0.01437	0.99934	0.99941 	1.00191 	1.00206 	1.00154 	1.00182 	1.00467 
Replication847	 0.02549	0.99951	1.00145 	1.00467 	1.00390 	1.00381 	1.00389 	1.00606 
Replication848	 0.01248	0.99928	0.99824 	1.00132 	1.00136 	1.00077 	1.00108 	1.00421 
Replication849	 0.01040	0.99921	0.99675 	1.00016 	1.00069 	0.99959 	1.00007 	1.00365 
Replication850	 0.01031	0.99916	0.99651 	0.99974 	0.99999 	0.99926 	0.99964 	1.00326 
Replication851	 0.01094	0.99926	0.99894 	1.00117 	1.00087 	1.00093 	1.00106 	1.00399 
Replication852	 0.01577	0.99935	0.99934 	1.00254 	1.00205 	1.00185 	1.00201 	1.00478 
Replication853	 0.01244	0.99913	0.99590 	0.99932 	0.99961 	0.99879 	0.99921 	1.00300 
Replication854	 0.02042	0.99943	1.00098 	1.00347 	1.00291 	1.00297 	1.00305 	1.00538 
Replication855	 0.01462	0.99932	0.99790 	1.00170 	1.00199 	1.00087 	1.00132 	1.00455 
Replication856	 0.01142	0.99926	0.99778 	1.00084 	1.00122 	1.00034 	1.00075 	1.00404 
Replication857	 0.00833	0.99917	0.99765 	1.00025 	0.99968 	0.99993 	1.00001 	1.00326 
Replication858	 0.01258	0.99912	0.99600 	0.99925 	0.99939 	0.99879 	0.99914 	1.00289 
Replication859	 0.01594	0.99936	0.99917 	1.00208 	1.00266 	1.00157 	1.00201 	1.00495 
Replication860	 0.01207	0.99915	0.99575 	0.99953 	1.00004 	0.99887 	0.99938 	1.00322 
Replication861	 0.01248	0.99912	0.99611 	0.99926 	0.99930 	0.99882 	0.99914 	1.00285 
Replication862	 0.03503	0.99962	1.00392 	1.00664 	1.00475 	1.00578 	1.00550 	1.00688 
Replication863	 0.00874	0.99920	0.99794 	1.00045 	1.00022 	1.00016 	1.00033 	1.00354 
Replication864	 0.00860	0.99920	0.99782 	1.00038 	1.00018 	1.00008 	1.00027 	1.00351 
Replication865	 0.01516	0.99933	0.99878 	1.00232 	1.00180 	1.00152 	1.00170 	1.00461 
Replication866	 0.00814	0.99919	0.99789 	1.00033 	0.99999 	1.00007 	1.00021 	1.00341 
Replication867	 0.00945	0.99919	0.99751 	1.00079 	0.99974 	1.00016 	1.00018 	1.00338 
Replication868	 0.01131	0.99928	0.99979 	1.00153 	1.00087 	1.00143 	1.00141 	1.00408 
Replication869	 0.00884	0.99920	0.99748 	1.00027 	1.00025 	0.99990 	1.00016 	1.00350 
Replication870	 0.00948	0.99917	0.99684 	0.99989 	1.00001 	0.99946 	0.99978 	1.00331 
Replication871	 0.01047	0.99924	0.99812 	1.00080 	1.00082 	1.00043 	1.00070 	1.00388 
Replication872	 0.01529	0.99936	0.99991 	1.00242 	1.00210 	1.00199 	1.00214 	1.00479 
Replication873	 0.01473	0.99907	0.99565 	0.99876 	0.99863 	0.99837 	0.99864 	1.00246 
Replication874	 0.01222	0.99927	0.99738 	1.00082 	1.00156 	1.00020 	1.00074 	1.00418 
Replication875	 0.01025	0.99914	0.99687 	0.99967 	0.99950 	0.99933 	0.99955 	1.00304 
Replication876	 0.01422	0.99932	1.00036 	1.00248 	1.00109 	1.00215 	1.00195 	1.00438 
Replication877	 0.01049	0.99925	0.99836 	1.00089 	1.00080 	1.00057 	1.00079 	1.00389 
Replication878	 0.00898	0.99920	0.99771 	1.00064 	1.00004 	1.00017 	1.00028 	1.00349 
Replication879	 0.01325	0.99928	0.99737 	1.00121 	1.00165 	1.00041 	1.00090 	1.00429 
Replication880	 0.01120	0.99913	0.99664 	0.99948 	0.99928 	0.99913 	0.99935 	1.00291 
Replication881	 0.01308	0.99911	0.99590 	0.99914 	0.99924 	0.99869 	0.99903 	1.00280 
Replication882	 0.02608	0.99951	1.00206 	1.00475 	1.00362 	1.00407 	1.00400 	1.00597 
Replication883	 0.01300	0.99913	0.99560 	0.99924 	0.99973 	0.99865 	0.99914 	1.00302 
Replication884	 0.01800	0.99940	0.99916 	1.00268 	1.00307 	1.00190 	1.00234 	1.00525 
Replication885	 0.01313	0.99915	0.99539 	0.99933 	1.00013 	0.99864 	0.99925 	1.00321 
Replication886	 0.01057	0.99921	0.99673 	1.00018 	1.00076 	0.99960 	1.00009 	1.00369 
Replication887	 0.01659	0.99937	1.00015 	1.00286 	1.00219 	1.00232 	1.00238 	1.00493 
Replication888	 0.01733	0.99940	1.00018 	1.00261 	1.00289 	1.00222 	1.00254 	1.00519 
Replication889	 0.01240	0.99928	0.99806 	1.00110 	1.00153 	1.00060 	1.00101 	1.00424 
Replication890	 0.01253	0.99928	0.99820 	1.00117 	1.00156 	1.00069 	1.00108 	1.00427 
Replication891	 0.01502	0.99935	0.99972 	1.00213 	1.00225 	1.00177 	1.00204 	1.00480 
Replication892	 0.01522	0.99934	0.99961 	1.00268 	1.00163 	1.00200 	1.00199 	1.00463 
Replication893	 0.01938	0.99941	1.00112 	1.00297 	1.00281 	1.00276 	1.00289 	1.00525 
Replication894	 0.01461	0.99934	0.99945 	1.00213 	1.00193 	1.00167 	1.00187 	1.00465 
Replication895	 0.02587	0.99891	0.99253 	0.99666 	0.99690 	0.99606 	0.99653 	1.00120 
Replication896	 0.01202	0.99917	0.99586 	0.99962 	1.00032 	0.99897 	0.99953 	1.00336 
Replication897	 0.01928	0.99941	1.00092 	1.00330 	1.00252 	1.00284 	1.00285 	1.00518 
Replication898	 0.00899	0.99919	0.99715 	1.00011 	1.00020 	0.99969 	1.00000 	1.00344 
Replication899	 0.01432	0.99911	0.99521 	0.99898 	0.99953 	0.99836 	0.99888 	1.00287 
Replication900	 0.00807	0.99917	0.99775 	1.00014 	0.99972 	0.99991 	1.00002 	1.00326 
Replication901	 0.02629	0.99952	1.00126 	1.00508 	1.00398 	1.00396 	1.00400 	1.00617 
Replication902	 0.01390	0.99932	0.99847 	1.00149 	1.00202 	1.00098 	1.00142 	1.00454 
Replication903	 0.01290	0.99916	0.99551 	0.99945 	1.00028 	0.99875 	0.99936 	1.00330 
Replication904	 0.01054	0.99925	0.99906 	1.00140 	1.00038 	1.00108 	1.00101 	1.00382 
Replication905	 0.01341	0.99932	0.99950 	1.00178 	1.00170 	1.00149 	1.00168 	1.00449 
Replication906	 0.03911	0.99969	1.00429 	1.00746 	1.00572 	1.00639 	1.00619 	1.00747 
Replication907	 0.03304	0.99961	1.00293 	1.00624 	1.00497 	1.00522 	1.00517 	1.00687 
Replication908	 0.01211	0.99929	0.99922 	1.00146 	1.00126 	1.00120 	1.00136 	1.00423 
Replication909	 0.01339	0.99932	0.99961 	1.00182 	1.00167 	1.00155 	1.00172 	1.00448 
Replication910	 0.02728	0.99954	1.00212 	1.00430 	1.00480 	1.00390 	1.00425 	1.00640 
Replication911	 0.01155	0.99913	0.99635 	0.99945 	0.99948 	0.99902 	0.99933 	1.00298 
Replication912	 0.00929	0.99921	0.99748 	1.00036 	1.00045 	0.99996 	1.00026 	1.00361 
Replication913	 0.01160	0.99916	0.99599 	0.99955 	1.00005 	0.99897 	0.99945 	1.00324 
Replication914	 0.00914	0.99919	0.99715 	1.00014 	1.00026 	0.99971 	1.00003 	1.00347 
Replication915	 0.00850	0.99920	0.99809 	1.00046 	1.00010 	1.00021 	1.00034 	1.00349 
Replication916	 0.01594	0.99933	0.99786 	1.00225 	1.00202 	1.00115 	1.00150 	1.00467 
Replication917	 0.00917	0.99921	0.99778 	1.00047 	1.00040 	1.00012 	1.00036 	1.00361 
Replication918	 0.00979	0.99923	0.99827 	1.00074 	1.00055 	1.00045 	1.00063 	1.00375 
Replication919	 0.01709	0.99937	1.00087 	1.00259 	1.00219 	1.00244 	1.00249 	1.00490 
Replication920	 0.01146	0.99918	0.99610 	0.99974 	1.00038 	0.99912 	0.99965 	1.00342 
Replication921	 0.01263	0.99929	0.99892 	1.00153 	1.00140 	1.00113 	1.00135 	1.00429 
Replication922	 0.01287	0.99931	0.99971 	1.00176 	1.00146 	1.00155 	1.00166 	1.00439 
Replication923	 0.01296	0.99915	0.99546 	0.99935 	1.00010 	0.99867 	0.99926 	1.00320 
Replication924	 0.01593	0.99937	0.99978 	1.00230 	1.00257 	1.00190 	1.00222 	1.00497 
Replication925	 0.01119	0.99927	0.99914 	1.00128 	1.00093 	1.00107 	1.00117 	1.00405 
Replication926	 0.01265	0.99912	0.99603 	0.99923 	0.99930 	0.99878 	0.99911 	1.00285 
Replication927	 0.02434	0.99949	1.00193 	1.00381 	1.00390 	1.00354 	1.00374 	1.00591 
Replication928	 0.01842	0.99942	0.99978 	1.00275 	1.00340 	1.00217 	1.00264 	1.00542 
Replication929	 0.00999	0.99923	0.99784 	1.00062 	1.00069 	1.00023 	1.00052 	1.00377 
Replication930	 0.01135	0.99914	0.99633 	0.99951 	0.99963 	0.99905 	0.99939 	1.00305 
Replication931	 0.01270	0.99931	1.00008 	1.00193 	1.00117 	1.00176 	1.00172 	1.00430 
Replication932	 0.00904	0.99923	0.99935 	1.00099 	1.00009 	1.00096 	1.00086 	1.00363 
Replication933	 0.00830	0.99919	0.99776 	1.00031 	1.00008 	1.00002 	1.00020 	1.00345 
Replication934	 0.01187	0.99928	0.99862 	1.00121 	1.00126 	1.00086 	1.00112 	1.00416 
Replication935	 0.00928	0.99921	0.99763 	1.00043 	1.00046 	1.00004 	1.00032 	1.00363 
Replication936	 0.01933	0.99941	1.00069 	1.00354 	1.00243 	1.00288 	1.00283 	1.00518 
Replication937	 0.01468	0.99935	1.00008 	1.00217 	1.00201 	1.00192 	1.00208 	1.00471 
Replication938	 0.02627	0.99949	1.00309 	1.00424 	1.00347 	1.00417 	1.00406 	1.00584 
Replication939	 0.00986	0.99923	0.99780 	1.00059 	1.00065 	1.00020 	1.00048 	1.00375 
Replication940	 0.02053	0.99944	0.99961 	1.00403 	1.00293 	1.00276 	1.00286 	1.00546 
Replication941	 0.01003	0.99924	0.99872 	1.00094 	1.00057 	1.00072 	1.00083 	1.00381 
Replication942	 0.01431	0.99910	0.99533 	0.99895 	0.99935 	0.99838 	0.99885 	1.00279 
Replication943	 0.01739	0.99940	0.99983 	1.00255 	1.00309 	1.00207 	1.00249 	1.00525 
Replication944	 0.01229	0.99915	0.99573 	0.99940 	0.99997 	0.99879 	0.99931 	1.00316 
Replication945	 0.01022	0.99924	0.99846 	1.00088 	1.00068 	1.00060 	1.00077 	1.00384 
Replication946	 0.01611	0.99907	0.99490 	0.99857 	0.99892 	0.99801 	0.99846 	1.00252 
Replication947	 0.01273	0.99931	1.00008 	1.00184 	1.00129 	1.00172 	1.00173 	1.00434 
Replication948	 0.00977	0.99922	0.99748 	1.00046 	1.00066 	1.00001 	1.00036 	1.00372 
Replication949	 0.00988	0.99914	0.99706 	0.99973 	0.99945 	0.99943 	0.99961 	1.00304 
Replication950	 0.01252	0.99930	0.99946 	1.00162 	1.00138 	1.00138 	1.00151 	1.00431 
Replication951	 0.01042	0.99917	0.99648 	0.99982 	1.00019 	0.99930 	0.99972 	1.00336 
Replication952	 0.01092	0.99925	0.99800 	1.00083 	1.00100 	1.00042 	1.00074 	1.00396 
Replication953	 0.01022	0.99923	0.99800 	1.00090 	1.00052 	1.00043 	1.00060 	1.00376 
Replication954	 0.02705	0.99953	1.00202 	1.00489 	1.00404 	1.00414 	1.00417 	1.00618 
Replication955	 0.01411	0.99932	0.99910 	1.00223 	1.00140 	1.00157 	1.00163 	1.00443 
Replication956	 0.02452	0.99949	1.00203 	1.00389 	1.00383 	1.00361 	1.00377 	1.00590 
Replication957	 0.03271	0.99962	1.00260 	1.00598 	1.00539 	1.00498 	1.00513 	1.00699 
Replication958	 0.01768	0.99939	1.00042 	1.00308 	1.00231 	1.00253 	1.00257 	1.00503 
Replication959	 0.02045	0.99944	0.99974 	1.00400 	1.00297 	1.00279 	1.00290 	1.00547 
Replication960	 0.02002	0.99944	1.00071 	1.00307 	1.00341 	1.00268 	1.00300 	1.00551 
Replication961	 0.01026	0.99914	0.99686 	0.99967 	0.99951 	0.99933 	0.99955 	1.00305 
Replication962	 0.02555	0.99950	1.00240 	1.00418 	1.00374 	1.00390 	1.00394 	1.00592 
Replication963	 0.01443	0.99934	0.99957 	1.00198 	1.00206 	1.00163 	1.00189 	1.00468 
Replication964	 0.01550	0.99936	0.99924 	1.00204 	1.00249 	1.00156 	1.00196 	1.00487 
Replication965	 0.01384	0.99933	0.99959 	1.00188 	1.00184 	1.00158 	1.00179 	1.00457 
Replication966	 0.01247	0.99912	0.99612 	0.99926 	0.99928 	0.99883 	0.99914 	1.00285 
Replication967	 0.01259	0.99929	0.99883 	1.00141 	1.00150 	1.00104 	1.00131 	1.00431 
Replication968	 0.01724	0.99939	0.99991 	1.00300 	1.00249 	1.00231 	1.00246 	1.00508 
Replication969	 0.01219	0.99929	0.99924 	1.00149 	1.00129 	1.00122 	1.00138 	1.00424 
Replication970	 0.01539	0.99936	0.99970 	1.00237 	1.00216 	1.00189 	1.00209 	1.00481 
Replication971	 0.00890	0.99917	0.99714 	0.99997 	0.99991 	0.99960 	0.99986 	1.00329 
Replication972	 0.01098	0.99916	0.99628 	0.99962 	0.99993 	0.99910 	0.99951 	1.00320 
Replication973	 0.01425	0.99933	1.00027 	1.00210 	1.00168 	1.00194 	1.00200 	1.00456 
Replication974	 0.01362	0.99912	0.99544 	0.99911 	0.99959 	0.99852 	0.99901 	1.00294 
Replication975	 0.01466	0.99932	0.99844 	1.00182 	1.00204 	1.00113 	1.00152 	1.00461 
Replication976	 0.02641	0.99952	1.00183 	1.00457 	1.00424 	1.00391 	1.00408 	1.00620 
Replication977	 0.02165	0.99945	1.00103 	1.00394 	1.00298 	1.00324 	1.00324 	1.00550 
Replication978	 0.01684	0.99937	1.00070 	1.00266 	1.00210 	1.00241 	1.00244 	1.00487 
Replication979	 0.01484	0.99934	0.99983 	1.00242 	1.00181 	1.00195 	1.00202 	1.00467 
Replication980	 0.01128	0.99925	0.99775 	1.00080 	1.00117 	1.00032 	1.00071 	1.00402 
Replication981	 0.01405	0.99932	0.99917 	1.00191 	1.00181 	1.00144 	1.00168 	1.00455 
Replication982	 0.02176	0.99946	1.00073 	1.00365 	1.00367 	1.00300 	1.00328 	1.00574 
Replication983	 0.01083	0.99926	0.99913 	1.00122 	1.00080 	1.00102 	1.00110 	1.00398 
Replication984	 0.01341	0.99932	0.99958 	1.00181 	1.00168 	1.00154 	1.00171 	1.00449 
Replication985	 0.01432	0.99934	0.99969 	1.00200 	1.00200 	1.00169 	1.00191 	1.00467 
Replication986	 0.04621	0.99979	1.00625 	1.00849 	1.00681 	1.00770 	1.00742 	1.00821 
Replication987	 0.01510	0.99936	1.00005 	1.00224 	1.00219 	1.00195 	1.00215 	1.00481 
Replication988	 0.01897	0.99942	1.00048 	1.00289 	1.00322 	1.00250 	1.00282 	1.00539 
Replication989	 0.01590	0.99936	1.00033 	1.00276 	1.00176 	1.00231 	1.00225 	1.00472 
Replication990	 0.02210	0.99945	1.00153 	1.00384 	1.00294 	1.00336 	1.00333 	1.00548 
Replication991	 0.02462	0.99951	1.00098 	1.00419 	1.00439 	1.00340 	1.00377 	1.00617 
Replication992	 0.02059	0.99944	1.00035 	1.00402 	1.00283 	1.00302 	1.00303 	1.00543 
Replication993	 0.02753	0.99952	1.00213 	1.00530 	1.00367 	1.00438 	1.00422 	1.00610 
Replication994	 0.01017	0.99916	0.99655 	1.00005 	0.99970 	0.99942 	0.99965 	1.00319 
Replication995	 0.01081	0.99924	0.99723 	1.00053 	1.00105 	0.99997 	1.00044 	1.00390 
Replication996	 0.02754	0.99954	1.00135 	1.00555 	1.00400 	1.00424 	1.00419 	1.00627 
Replication997	 0.01470	0.99933	1.00063 	1.00218 	1.00152 	1.00211 	1.00207 	1.00452 
Replication998	 0.01429	0.99932	0.99899 	1.00211 	1.00163 	1.00148 	1.00164 	1.00451 
Replication999	 0.01469	0.99935	1.00000 	1.00217 	1.00209 	1.00190 	1.00208 	1.00475 