
Replication	FitnessValue	Frequency	Bus1	Bus2	Bus3	Bus4	Bus5	Bus6	Bus7	Bus8	Bus9	Bus10	Bus11	Bus12	Bus1_P	Bus2_P	Bus3_P	Bus4_P	Bus5_P	Bus6_P	Bus7_P	Bus8_P	Bus9_P	Bus10_P	Bus11_P	Bus12_P	Bus1_Q	Bus2_Q	Bus3_Q	Bus4_Q	Bus5_Q	Bus6_Q	Bus7_Q	Bus8_Q	Bus9_Q	Bus10_Q	Bus11_Q	Bus12_Q	PLoss	QLoss
Replication0	 0.21802	0.99211	0.74787 	0.75282 	0.75318 	0.76225 	0.75522 	0.76059 	0.74655 	0.73291 	0.76637 	0.73293 	0.74734 	0.76308 	-0.18610 	-0.15882 	-0.14344 	0.16537 	0.05792 	0.18464 	-0.15797 	-0.16648 	0.16335 	-0.16837 	0.00000 	0.18346 	-0.06201 	-0.05292 	-0.04780 	0.07733 	0.01930 	0.05258 	-0.05264 	-0.05547 	0.07530 	-0.05610 	0.00000 	0.05139 	0.01043	0.02789
Replication1	 0.19240	0.99277	0.77455 	0.77851 	0.77808 	0.78677 	0.77995 	0.78473 	0.77057 	0.75815 	0.78833 	0.75848 	0.77181 	0.78534 	-0.15250 	-0.12872 	-0.13481 	0.14967 	0.04880 	0.16763 	-0.15178 	-0.16018 	0.14891 	-0.14675 	0.01244 	0.16734 	-0.05075 	-0.04284 	-0.04486 	0.06900 	0.01624 	0.04663 	-0.05051 	-0.05330 	0.06824 	-0.04884 	0.00414 	0.04634 	0.00829	0.02213
Replication2	 0.20804	0.99228	0.75349 	0.75864 	0.75940 	0.76750 	0.75947 	0.76618 	0.75542 	0.74253 	0.77444 	0.74247 	0.75639 	0.77126 	-0.17703 	-0.14415 	-0.11978 	0.16186 	0.00000 	0.18057 	-0.13352 	-0.15720 	0.15846 	-0.16272 	0.00338 	0.17816 	-0.05897 	-0.04802 	-0.03990 	0.07569 	0.00000 	0.05133 	-0.04448 	-0.05236 	0.07229 	-0.05420 	0.00113 	0.04891 	0.00948	0.02519
Replication3	 0.21117	0.99224	0.75726 	0.76014 	0.75868 	0.76956 	0.76003 	0.76617 	0.75246 	0.73929 	0.77179 	0.74000 	0.75344 	0.76856 	-0.13227 	-0.13251 	-0.15547 	0.16105 	0.00000 	0.18088 	-0.15779 	-0.17461 	0.15996 	-0.14269 	0.00000 	0.17975 	-0.04406 	-0.04414 	-0.05179 	0.07448 	0.00000 	0.05103 	-0.05257 	-0.05817 	0.07339 	-0.04753 	0.00000 	0.04989 	0.00940	0.02484
Replication4	 0.18971	0.99279	0.77493 	0.77864 	0.77741 	0.78695 	0.77983 	0.78436 	0.77276 	0.76090 	0.79031 	0.76075 	0.77403 	0.78735 	-0.14667 	-0.12020 	-0.14868 	0.14951 	0.03592 	0.16770 	-0.14186 	-0.14486 	0.14787 	-0.15469 	0.01159 	0.16628 	-0.04881 	-0.04000 	-0.04947 	0.06899 	0.01195 	0.04691 	-0.04720 	-0.04820 	0.06734 	-0.05147 	0.00386 	0.04549 	0.00799	0.02129
Replication5	 0.19453	0.99256	0.76676 	0.77049 	0.76892 	0.77913 	0.77087 	0.77618 	0.76731 	0.75604 	0.78529 	0.75594 	0.76849 	0.78227 	-0.14519 	-0.11738 	-0.15441 	0.15458 	0.00000 	0.17345 	-0.13921 	-0.13822 	0.15157 	-0.14589 	0.00000 	0.17056 	-0.04833 	-0.03908 	-0.05141 	0.07157 	0.00000 	0.04894 	-0.04634 	-0.04601 	0.06856 	-0.04857 	0.00000 	0.04605 	0.00807	0.02135
Replication6	 0.19776	0.99242	0.76172 	0.76400 	0.76318 	0.77368 	0.76603 	0.77063 	0.76364 	0.75274 	0.78228 	0.75359 	0.76578 	0.77909 	-0.13447 	-0.15880 	-0.15672 	0.15805 	0.01333 	0.17728 	-0.15977 	-0.15596 	0.15383 	-0.11716 	0.00873 	0.17326 	-0.04478 	-0.05288 	-0.05219 	0.07345 	0.00444 	0.05039 	-0.05320 	-0.05193 	0.06924 	-0.03902 	0.00291 	0.04637 	0.00827	0.02160
Replication7	 0.21598	0.99212	0.75000 	0.75411 	0.75350 	0.76348 	0.75432 	0.76092 	0.74801 	0.73459 	0.76769 	0.73445 	0.74881 	0.76442 	-0.15757 	-0.13840 	-0.14504 	0.16474 	0.00000 	0.18446 	-0.14614 	-0.16101 	0.16268 	-0.17055 	0.00000 	0.18279 	-0.05250 	-0.04612 	-0.04833 	0.07674 	0.00000 	0.05245 	-0.04870 	-0.05365 	0.07468 	-0.05683 	0.00000 	0.05079 	0.01000	0.02651
Replication8	 0.21009	0.99228	0.75756 	0.76091 	0.75920 	0.77011 	0.76071 	0.76677 	0.75376 	0.74033 	0.77287 	0.74061 	0.75446 	0.76969 	-0.13929 	-0.12383 	-0.15904 	0.16059 	0.00000 	0.18031 	-0.14299 	-0.16844 	0.15924 	-0.15749 	0.00000 	0.17892 	-0.04640 	-0.04125 	-0.05298 	0.07440 	0.00000 	0.05104 	-0.04763 	-0.05611 	0.07306 	-0.05246 	0.00000 	0.04965 	0.00944	0.02509
Replication9	 0.19484	0.99250	0.76130 	0.76535 	0.76519 	0.77432 	0.76699 	0.77226 	0.76688 	0.75598 	0.78526 	0.75613 	0.76914 	0.78210 	-0.16098 	-0.14488 	-0.13983 	0.15730 	0.00000 	0.17585 	-0.13966 	-0.14348 	0.15194 	-0.13908 	0.01721 	0.17117 	-0.05360 	-0.04824 	-0.04656 	0.07357 	0.00000 	0.05027 	-0.04650 	-0.04777 	0.06822 	-0.04631 	0.00573 	0.04559 	0.00833	0.02190