
Replication	FitnessValue	Frequency	Bus1	Bus2	Bus3	Bus4	Bus5	Bus6	Bus7	Bus8	Bus9	Bus10	Bus11	Bus12	Bus1_P	Bus2_P	Bus3_P	Bus4_P	Bus5_P	Bus6_P	Bus7_P	Bus8_P	Bus9_P	Bus10_P	Bus11_P	Bus12_P	Bus1_Q	Bus2_Q	Bus3_Q	Bus4_Q	Bus5_Q	Bus6_Q	Bus7_Q	Bus8_Q	Bus9_Q	Bus10_Q	Bus11_Q	Bus12_Q	PLoss	QLoss
Replication0	 -1.40275	0.99649	0.97823 	0.98230 	0.98861 	0.98282 	0.98572 	0.99693 	0.98124 	0.98668 	0.99475 	0.98266 	0.99904 	0.99846 	-0.14945 	-0.15446 	-0.13463 	0.02539 	0.00000 	0.27916 	-0.13674 	-0.12976 	0.01593 	-0.14417 	0.26014 	0.25598 	-0.04936 	-0.05102 	-0.04447 	0.01771 	0.00000 	0.11769 	-0.04517 	-0.04286 	0.00826 	-0.04762 	0.08593 	0.09451 	0.01261	0.04359
Replication1	 -1.41326	0.99573	0.97660 	0.98060 	0.98538 	0.98118 	0.98369 	0.99500 	0.97146 	0.97902 	0.99058 	0.97373 	0.99188 	0.99543 	-0.14920 	-0.14140 	-0.16423 	0.02751 	0.00000 	0.32572 	-0.16880 	-0.16663 	0.02006 	-0.16812 	0.25492 	0.31919 	-0.04936 	-0.04678 	-0.05433 	0.01819 	0.00000 	0.12963 	-0.05584 	-0.05512 	0.01074 	-0.05562 	0.08433 	0.12311 	0.01099	0.04896
Replication2	 -1.41227	0.99611	0.97697 	0.98121 	0.98705 	0.98171 	0.98452 	0.99595 	0.97613 	0.98247 	0.99277 	0.97835 	0.99651 	0.99694 	-0.15281 	-0.15000 	-0.14540 	0.02667 	0.00000 	0.30256 	-0.16034 	-0.17316 	0.01790 	-0.14836 	0.28416 	0.28751 	-0.05051 	-0.04958 	-0.04806 	0.01819 	0.00000 	0.12407 	-0.05300 	-0.05724 	0.00942 	-0.04904 	0.09393 	0.10901 	0.01127	0.04718
Replication3	 -1.40388	0.99603	0.97958 	0.98247 	0.98659 	0.98332 	0.98557 	0.99593 	0.97583 	0.98202 	0.99204 	0.97664 	0.99360 	0.99655 	-0.12961 	-0.13999 	-0.17025 	0.02549 	0.00099 	0.30489 	-0.13688 	-0.13879 	0.01858 	-0.17478 	0.23248 	0.29549 	-0.04285 	-0.04628 	-0.05629 	0.01681 	0.00033 	0.12229 	-0.04526 	-0.04589 	0.00990 	-0.05779 	0.07686 	0.11289 	0.01238	0.04473
Replication4	 -1.43478	0.99539	0.97751 	0.98128 	0.98542 	0.98195 	0.98487 	0.99477 	0.96803 	0.97641 	0.98840 	0.97090 	0.98309 	0.99420 	-0.14326 	-0.13490 	-0.15204 	0.02728 	0.01711 	0.33721 	-0.15273 	-0.14556 	0.02216 	-0.13900 	0.10844 	0.34590 	-0.04743 	-0.04466 	-0.05033 	0.01720 	0.00566 	0.12523 	-0.05056 	-0.04819 	0.01209 	-0.04602 	0.03590 	0.13392 	0.00940	0.04282
Replication5	 -1.42532	0.99613	0.98134 	0.98460 	0.98788 	0.98515 	0.98727 	0.99666 	0.97519 	0.98167 	0.99237 	0.97652 	0.99318 	0.99677 	-0.12751 	-0.11621 	-0.16024 	0.02393 	0.00444 	0.29150 	-0.14356 	-0.15081 	0.01821 	-0.16572 	0.22562 	0.28981 	-0.04215 	-0.03841 	-0.05297 	0.01547 	0.00147 	0.11355 	-0.04745 	-0.04985 	0.00975 	-0.05478 	0.07458 	0.11186 	0.01054	0.04108
Replication6	 -1.43259	0.99580	0.98209 	0.98383 	0.98689 	0.98496 	0.98670 	0.99595 	0.97124 	0.97891 	0.99054 	0.97312 	0.98856 	0.99556 	-0.10371 	-0.13164 	-0.16150 	0.02444 	0.00000 	0.30976 	-0.15199 	-0.14506 	0.02001 	-0.16681 	0.18111 	0.31561 	-0.03431 	-0.04354 	-0.05342 	0.01528 	0.00000 	0.11697 	-0.05027 	-0.04798 	0.01085 	-0.05517 	0.05991 	0.12283 	0.00980	0.04113
Replication7	 -1.42537	0.99597	0.97800 	0.98247 	0.98736 	0.98276 	0.98526 	0.99603 	0.97281 	0.98129 	0.99173 	0.97622 	0.99155 	0.99639 	-0.14950 	-0.12836 	-0.13924 	0.02599 	0.00000 	0.30458 	-0.17538 	-0.13084 	0.01888 	-0.14285 	0.20726 	0.29911 	-0.04943 	-0.04244 	-0.04604 	0.01720 	0.00000 	0.11957 	-0.05799 	-0.04326 	0.01009 	-0.04723 	0.06853 	0.11410 	0.01034	0.04309
Replication8	 -1.40822	0.99561	0.97806 	0.98101 	0.98508 	0.98192 	0.98413 	0.99487 	0.97069 	0.97872 	0.98981 	0.97358 	0.98849 	0.99505 	-0.13203 	-0.14270 	-0.17237 	0.02706 	0.00000 	0.33050 	-0.16379 	-0.14784 	0.02080 	-0.14564 	0.18635 	0.32785 	-0.04369 	-0.04722 	-0.05704 	0.01747 	0.00000 	0.12878 	-0.05420 	-0.04892 	0.01121 	-0.04819 	0.06166 	0.12613 	0.01180	0.04601
Replication9	 -1.40094	0.99528	0.97406 	0.97841 	0.98355 	0.97902 	0.98169 	0.99375 	0.96879 	0.97720 	0.98824 	0.97179 	0.98504 	0.99404 	-0.15913 	-0.14932 	-0.16715 	0.02971 	0.00000 	0.35510 	-0.15957 	-0.13652 	0.02240 	-0.14132 	0.14298 	0.35056 	-0.05269 	-0.04944 	-0.05535 	0.01942 	0.00000 	0.13844 	-0.05283 	-0.04520 	0.01210 	-0.04679 	0.04734 	0.13391 	0.01226	0.04892
Replication10	 -1.39719	0.99625	0.97644 	0.98072 	0.98721 	0.98127 	0.98429 	0.99609 	0.97850 	0.98482 	0.99360 	0.98126 	0.99788 	0.99760 	-0.15707 	-0.16053 	-0.14461 	0.02687 	0.00000 	0.29728 	-0.15956 	-0.15115 	0.01709 	-0.12706 	0.27160 	0.27432 	-0.05191 	-0.05305 	-0.04779 	0.01868 	0.00000 	0.12509 	-0.05273 	-0.04995 	0.00891 	-0.04199 	0.08975 	0.10212 	0.01282	0.04715
Replication11	 0.00019	0.99481	0.97511 	0.97861 	0.98253 	0.97945 	0.98167 	0.99295 	0.96300 	0.97238 	0.98525 	0.96531 	0.97653 	0.99209 	-0.14091 	-0.14018 	-0.16774 	0.02989 	0.00000 	0.37802 	-0.14764 	-0.12533 	0.02529 	-0.16485 	0.05288 	0.39109 	-0.04670 	-0.04646 	-0.05559 	0.01855 	0.00000 	0.13958 	-0.04893 	-0.04154 	0.01396 	-0.05463 	0.01752 	0.15265 	0.00948	0.04841
Replication12	 -1.43909	0.99563	0.97795 	0.98139 	0.98649 	0.98226 	0.98568 	0.99537 	0.96992 	0.97788 	0.98985 	0.97260 	0.98725 	0.99509 	-0.14108 	-0.15251 	-0.13892 	0.02676 	0.02388 	0.32250 	-0.15952 	-0.15925 	0.02074 	-0.14802 	0.16973 	0.32673 	-0.04668 	-0.05046 	-0.04597 	0.01723 	0.00790 	0.12183 	-0.05278 	-0.05269 	0.01121 	-0.04898 	0.05616 	0.12607 	0.00896	0.04283
Replication13	 -1.39961	0.99646	0.97809 	0.98300 	0.98775 	0.98310 	0.98566 	0.99673 	0.97899 	0.98550 	0.99443 	0.98140 	1.00011 	0.99810 	-0.16072 	-0.12369 	-0.16451 	0.02519 	0.00000 	0.28276 	-0.16673 	-0.14586 	0.01621 	-0.14967 	0.31257 	0.26194 	-0.05309 	-0.04086 	-0.05434 	0.01746 	0.00000 	0.12014 	-0.05508 	-0.04818 	0.00848 	-0.04944 	0.10325 	0.09932 	0.01252	0.04766
Replication14	 -1.42436	0.99595	0.97793 	0.98180 	0.98776 	0.98245 	0.98553 	0.99609 	0.97538 	0.98202 	0.99180 	0.97798 	0.99045 	0.99654 	-0.14455 	-0.15287 	-0.12336 	0.02626 	0.00857 	0.30411 	-0.13972 	-0.14344 	0.01885 	-0.11681 	0.15496 	0.29722 	-0.04780 	-0.05055 	-0.04079 	0.01743 	0.00283 	0.11827 	-0.04620 	-0.04743 	0.01001 	-0.03862 	0.05124 	0.11138 	0.01077	0.03978
Replication15	 -1.41898	0.99590	0.97889 	0.98253 	0.98676 	0.98310 	0.98537 	0.99583 	0.97321 	0.98058 	0.99138 	0.97588 	0.99153 	0.99610 	-0.13768 	-0.13035 	-0.15586 	0.02580 	0.00000 	0.30918 	-0.16042 	-0.15566 	0.01924 	-0.14311 	0.21278 	0.30512 	-0.04553 	-0.04311 	-0.05154 	0.01686 	0.00000 	0.12100 	-0.05305 	-0.05148 	0.01029 	-0.04733 	0.07037 	0.11694 	0.01096	0.04343
Replication16	 -1.40811	0.99648	0.97870 	0.98277 	0.98864 	0.98324 	0.98601 	0.99699 	0.97987 	0.98608 	0.99465 	0.98197 	0.99912 	0.99835 	-0.14765 	-0.14706 	-0.13800 	0.02505 	0.00000 	0.27828 	-0.15375 	-0.13464 	0.01601 	-0.14454 	0.27661 	0.25769 	-0.04877 	-0.04857 	-0.04558 	0.01738 	0.00000 	0.11675 	-0.05079 	-0.04447 	0.00833 	-0.04775 	0.09137 	0.09616 	0.01201	0.04406
Replication17	 -1.39905	0.99561	0.97371 	0.97831 	0.98472 	0.97889 	0.98193 	0.99439 	0.97171 	0.97991 	0.99014 	0.97461 	0.99001 	0.99529 	-0.16509 	-0.16348 	-0.15118 	0.02946 	0.00000 	0.33779 	-0.16755 	-0.12977 	0.02054 	-0.15063 	0.20339 	0.32416 	-0.05463 	-0.05410 	-0.05002 	0.01988 	0.00000 	0.13611 	-0.05544 	-0.04294 	0.01095 	-0.04984 	0.06730 	0.12249 	0.01237	0.04975
Replication18	 -1.41804	0.99544	0.97393 	0.97774 	0.98491 	0.97883 	0.98318 	0.99429 	0.97084 	0.97781 	0.98924 	0.97306 	0.98743 	0.99466 	-0.16028 	-0.19102 	-0.13675 	0.02969 	0.02982 	0.34328 	-0.14583 	-0.16953 	0.02144 	-0.14077 	0.17167 	0.33762 	-0.05305 	-0.06323 	-0.04526 	0.01974 	0.00987 	0.13385 	-0.04827 	-0.05611 	0.01149 	-0.04660 	0.05682 	0.12819 	0.01065	0.04743
Replication19	 -1.41951	0.99593	0.97759 	0.98150 	0.98673 	0.98208 	0.98466 	0.99571 	0.97416 	0.98068 	0.99169 	0.97610 	0.99338 	0.99623 	-0.14524 	-0.14373 	-0.14686 	0.02658 	0.00000 	0.31046 	-0.15375 	-0.17338 	0.01896 	-0.15412 	0.24785 	0.30252 	-0.04803 	-0.04753 	-0.04856 	0.01770 	0.00000 	0.12344 	-0.05084 	-0.05733 	0.01007 	-0.05097 	0.08196 	0.11550 	0.01070	0.04540
Replication20	 -1.43472	0.99519	0.97553 	0.97970 	0.98476 	0.98027 	0.98281 	0.99411 	0.96666 	0.97570 	0.98745 	0.96979 	0.98033 	0.99364 	-0.14814 	-0.14169 	-0.13670 	0.02882 	0.00000 	0.35175 	-0.15223 	-0.12446 	0.02313 	-0.13606 	0.06734 	0.35893 	-0.04906 	-0.04692 	-0.04527 	0.01832 	0.00000 	0.13075 	-0.05041 	-0.04122 	0.01263 	-0.04506 	0.02230 	0.13793 	0.00929	0.04398
Replication21	 -1.39609	0.99636	0.97803 	0.98164 	0.98787 	0.98237 	0.98524 	0.99653 	0.98128 	0.98587 	0.99416 	0.98241 	0.99827 	0.99803 	-0.14474 	-0.16175 	-0.14345 	0.02588 	0.00000 	0.28818 	-0.12464 	-0.15232 	0.01654 	-0.13344 	0.25115 	0.26534 	-0.04782 	-0.05344 	-0.04740 	0.01793 	0.00000 	0.12084 	-0.04118 	-0.05033 	0.00858 	-0.04409 	0.08298 	0.09800 	0.01324	0.04409
Replication22	 -1.38886	0.99609	0.97553 	0.97927 	0.98642 	0.98016 	0.98347 	0.99554 	0.97828 	0.98435 	0.99283 	0.98047 	0.99587 	0.99714 	-0.15402 	-0.18184 	-0.14412 	0.02793 	0.00318 	0.30947 	-0.14511 	-0.13794 	0.01789 	-0.13116 	0.23692 	0.28515 	-0.05092 	-0.06011 	-0.04764 	0.01939 	0.00105 	0.12967 	-0.04797 	-0.04560 	0.00934 	-0.04336 	0.07832 	0.10535 	0.01365	0.04752
Replication23	 -1.44875	0.99585	0.97594 	0.98182 	0.98777 	0.98167 	0.98455 	0.99589 	0.97193 	0.97954 	0.99119 	0.97408 	0.99038 	0.99597 	-0.16887 	-0.12509 	-0.10920 	0.02699 	0.00019 	0.30956 	-0.15898 	-0.15489 	0.01944 	-0.16305 	0.20760 	0.30830 	-0.05585 	-0.04137 	-0.03612 	0.01794 	0.00006 	0.11901 	-0.05258 	-0.05123 	0.01038 	-0.05393 	0.06866 	0.11774 	0.00799	0.04272
Replication24	 -1.40155	0.99610	0.97645 	0.98053 	0.98682 	0.98116 	0.98409 	0.99580 	0.97601 	0.98346 	0.99275 	0.97979 	0.99563 	0.99704 	-0.15333 	-0.16045 	-0.14456 	0.02712 	0.00000 	0.30515 	-0.17549 	-0.14845 	0.01793 	-0.11808 	0.25139 	0.28636 	-0.05069 	-0.05304 	-0.04779 	0.01861 	0.00000 	0.12607 	-0.05801 	-0.04907 	0.00942 	-0.03903 	0.08310 	0.10727 	0.01240	0.04685
Replication25	 -1.40006	0.99620	0.97556 	0.98125 	0.98726 	0.98128 	0.98468 	0.99612 	0.97815 	0.98450 	0.99322 	0.98017 	0.99598 	0.99741 	-0.17792 	-0.13846 	-0.14583 	0.02692 	0.01061 	0.29791 	-0.14715 	-0.13030 	0.01745 	-0.14226 	0.23799 	0.27837 	-0.05880 	-0.04576 	-0.04820 	0.01862 	0.00351 	0.12342 	-0.04863 	-0.04306 	0.00916 	-0.04702 	0.07866 	0.10388 	0.01266	0.04578
Replication26	 -1.42564	0.99583	0.97765 	0.98075 	0.98694 	0.98171 	0.98448 	0.99557 	0.97367 	0.98044 	0.99118 	0.97489 	0.99069 	0.99600 	-0.13395 	-0.16654 	-0.12684 	0.02698 	0.00000 	0.31485 	-0.13993 	-0.14090 	0.01947 	-0.16938 	0.19765 	0.30830 	-0.04430 	-0.05508 	-0.04195 	0.01788 	0.00000 	0.12328 	-0.04628 	-0.04660 	0.01037 	-0.05602 	0.06537 	0.11672 	0.01028	0.04338
Replication27	 -1.40557	0.99539	0.97404 	0.97816 	0.98430 	0.97891 	0.98183 	0.99405 	0.97127 	0.97803 	0.98900 	0.97270 	0.98696 	0.99453 	-0.15655 	-0.16498 	-0.14984 	0.02968 	0.00000 	0.34799 	-0.13466 	-0.15108 	0.02167 	-0.15577 	0.16101 	0.34064 	-0.05182 	-0.05461 	-0.04960 	0.01962 	0.00000 	0.13641 	-0.04458 	-0.05001 	0.01162 	-0.05157 	0.05330 	0.12907 	0.01189	0.04783
Replication28	 -1.40497	0.99566	0.97490 	0.97887 	0.98521 	0.97964 	0.98260 	0.99468 	0.97355 	0.97973 	0.99051 	0.97548 	0.99130 	0.99546 	-0.15383 	-0.16757 	-0.14792 	0.02881 	0.00000 	0.33228 	-0.14425 	-0.17721 	0.02019 	-0.14109 	0.21825 	0.32039 	-0.05090 	-0.05544 	-0.04894 	0.01933 	0.00000 	0.13291 	-0.04773 	-0.05863 	0.01072 	-0.04668 	0.07221 	0.12102 	0.01195	0.04788
Replication29	 -1.41765	0.99665	0.98057 	0.98486 	0.98963 	0.98531 	0.98965 	0.99783 	0.98154 	0.98639 	0.99519 	0.98202 	0.99934 	0.99872 	-0.15748 	-0.13649 	-0.15232 	0.02323 	0.04805 	0.26168 	-0.12578 	-0.14105 	0.01540 	-0.16191 	0.26719 	0.24816 	-0.05200 	-0.04507 	-0.05030 	0.01591 	0.01587 	0.10771 	-0.04153 	-0.04658 	0.00809 	-0.05346 	0.08823 	0.09420 	0.01133	0.04107
Replication30	 -1.41310	0.99633	0.97811 	0.98225 	0.98828 	0.98285 	0.98657 	0.99673 	0.97890 	0.98458 	0.99384 	0.98051 	0.99725 	0.99778 	-0.15500 	-0.15603 	-0.13943 	0.02553 	0.02263 	0.28572 	-0.14206 	-0.15178 	0.01682 	-0.14529 	0.25763 	0.26971 	-0.05122 	-0.05155 	-0.04607 	0.01752 	0.00748 	0.11730 	-0.04694 	-0.05015 	0.00881 	-0.04800 	0.08513 	0.10130 	0.01154	0.04362
Replication31	 -1.44418	0.99576	0.97895 	0.98259 	0.98732 	0.98333 	0.98690 	0.99590 	0.97038 	0.97881 	0.99038 	0.97360 	0.98728 	0.99551 	-0.14227 	-0.14254 	-0.13616 	0.02578 	0.03101 	0.31153 	-0.16465 	-0.14499 	0.02018 	-0.13838 	0.15449 	0.31733 	-0.04706 	-0.04715 	-0.04504 	0.01652 	0.01026 	0.11674 	-0.05446 	-0.04796 	0.01093 	-0.04578 	0.05110 	0.12255 	0.00867	0.04064
Replication32	 0.00026	0.99474	0.97509 	0.97912 	0.98288 	0.97981 	0.98267 	0.99306 	0.96143 	0.97122 	0.98472 	0.96462 	0.97432 	0.99176 	-0.14958 	-0.13375 	-0.16031 	0.02968 	0.01715 	0.37782 	-0.15339 	-0.13870 	0.02578 	-0.14307 	0.02290 	0.39767 	-0.04958 	-0.04433 	-0.05314 	0.01820 	0.00568 	0.13640 	-0.05084 	-0.04598 	0.01431 	-0.04742 	0.00759 	0.15624 	0.00780	0.04714
Replication33	 -1.38935	0.99526	0.97303 	0.97659 	0.98290 	0.97766 	0.98064 	0.99333 	0.96985 	0.97751 	0.98836 	0.97223 	0.98676 	0.99406 	-0.15432 	-0.18143 	-0.16731 	0.03082 	0.00000 	0.36196 	-0.15328 	-0.14681 	0.02233 	-0.14940 	0.17346 	0.35082 	-0.05110 	-0.06008 	-0.05540 	0.02047 	0.00000 	0.14423 	-0.05075 	-0.04861 	0.01199 	-0.04947 	0.05744 	0.13309 	0.01317	0.05180
Replication34	 -1.41368	0.99529	0.97500 	0.97874 	0.98410 	0.97955 	0.98221 	0.99395 	0.96811 	0.97674 	0.98824 	0.97081 	0.98459 	0.99404 	-0.14786 	-0.15703 	-0.15475 	0.02928 	0.00000 	0.35180 	-0.16003 	-0.13357 	0.02239 	-0.15498 	0.14323 	0.35046 	-0.04896 	-0.05199 	-0.05124 	0.01900 	0.00000 	0.13564 	-0.05299 	-0.04422 	0.01212 	-0.05131 	0.04742 	0.13430 	0.01107	0.04777
Replication35	 -1.42812	0.99560	0.97740 	0.98141 	0.98605 	0.98192 	0.98433 	0.99516 	0.97065 	0.97822 	0.98982 	0.97362 	0.98751 	0.99507 	-0.14368 	-0.13373 	-0.14535 	0.02706 	0.00000 	0.32634 	-0.15678 	-0.16745 	0.02080 	-0.13048 	0.16556 	0.32764 	-0.04754 	-0.04425 	-0.04810 	0.01747 	0.00000 	0.12435 	-0.05188 	-0.05541 	0.01120 	-0.04318 	0.05478 	0.12564 	0.01006	0.04309
Replication36	 -1.40578	0.99631	0.97778 	0.98222 	0.98824 	0.98260 	0.98544 	0.99664 	0.97899 	0.98541 	0.99382 	0.98228 	0.99629 	0.99787 	-0.15358 	-0.14563 	-0.13394 	0.02575 	0.00000 	0.28753 	-0.15419 	-0.14197 	0.01685 	-0.10311 	0.22105 	0.26879 	-0.05075 	-0.04812 	-0.04426 	0.01770 	0.00000 	0.11822 	-0.05095 	-0.04691 	0.00880 	-0.03407 	0.07304 	0.09948 	0.01243	0.04219
Replication37	 -1.40895	0.99528	0.97684 	0.97991 	0.98397 	0.98084 	0.98307 	0.99407 	0.96912 	0.97668 	0.98800 	0.97067 	0.98335 	0.99392 	-0.13488 	-0.14426 	-0.17235 	0.02827 	0.00000 	0.35031 	-0.13381 	-0.13265 	0.02260 	-0.15943 	0.11196 	0.35251 	-0.04466 	-0.04777 	-0.05707 	0.01796 	0.00000 	0.13341 	-0.04431 	-0.04392 	0.01229 	-0.05279 	0.03707 	0.13561 	0.01174	0.04583
Replication38	 -1.41464	0.99642	0.98163 	0.98370 	0.98863 	0.98501 	0.98890 	0.99719 	0.97933 	0.98457 	0.99405 	0.98081 	0.99740 	0.99792 	-0.12520 	-0.16644 	-0.15715 	0.02373 	0.03948 	0.27685 	-0.13660 	-0.16456 	0.01656 	-0.14004 	0.25599 	0.26578 	-0.04136 	-0.05498 	-0.05192 	0.01590 	0.01304 	0.11219 	-0.04513 	-0.05436 	0.00873 	-0.04626 	0.08457 	0.10111 	0.01159	0.04153
Replication39	 -1.41758	0.99524	0.97464 	0.97892 	0.98422 	0.97952 	0.98219 	0.99394 	0.96843 	0.97650 	0.98797 	0.97088 	0.98319 	0.99390 	-0.15432 	-0.14830 	-0.14940 	0.02936 	0.00000 	0.35297 	-0.14619 	-0.13875 	0.02266 	-0.14422 	0.11172 	0.35365 	-0.05110 	-0.04911 	-0.04947 	0.01898 	0.00000 	0.13453 	-0.04841 	-0.04595 	0.01228 	-0.04776 	0.03700 	0.13521 	0.01082	0.04620
Replication40	 -1.41947	0.99635	0.98191 	0.98453 	0.98867 	0.98534 	0.98747 	0.99712 	0.97861 	0.98393 	0.99374 	0.97970 	0.99650 	0.99770 	-0.11902 	-0.13419 	-0.15091 	0.02353 	0.00000 	0.27932 	-0.13357 	-0.16095 	0.01687 	-0.15197 	0.24923 	0.27045 	-0.03932 	-0.04434 	-0.04986 	0.01557 	0.00000 	0.11178 	-0.04413 	-0.05318 	0.00891 	-0.05021 	0.08235 	0.10291 	0.01120	0.04047
Replication41	 -1.39400	0.99636	0.97980 	0.98244 	0.98740 	0.98343 	0.98587 	0.99652 	0.97959 	0.98511 	0.99401 	0.98131 	0.99898 	0.99784 	-0.12904 	-0.15525 	-0.16747 	0.02504 	0.00000 	0.28811 	-0.14674 	-0.15625 	0.01665 	-0.14405 	0.28766 	0.26808 	-0.04263 	-0.05129 	-0.05533 	0.01710 	0.00000 	0.12110 	-0.04848 	-0.05162 	0.00871 	-0.04759 	0.09504 	0.10108 	0.01326	0.04607
Replication42	 -1.43944	0.99549	0.97653 	0.98021 	0.98609 	0.98114 	0.98515 	0.99495 	0.96855 	0.97758 	0.98900 	0.97118 	0.98385 	0.99466 	-0.14940 	-0.16583 	-0.12922 	0.02781 	0.03266 	0.33209 	-0.15679 	-0.11161 	0.02157 	-0.15888 	0.11215 	0.33657 	-0.04945 	-0.05489 	-0.04277 	0.01796 	0.01081 	0.12483 	-0.05189 	-0.03694 	0.01172 	-0.05259 	0.03712 	0.12932 	0.00889	0.04323
Replication43	 -1.43099	0.99632	0.97840 	0.98288 	0.98917 	0.98320 	0.98607 	0.99697 	0.97887 	0.98401 	0.99385 	0.98038 	0.99653 	0.99778 	-0.14953 	-0.14397 	-0.11250 	0.02526 	0.00000 	0.28244 	-0.13412 	-0.17319 	0.01682 	-0.13518 	0.24392 	0.27001 	-0.04941 	-0.04757 	-0.03717 	0.01723 	0.00000 	0.11334 	-0.04432 	-0.05723 	0.00879 	-0.04467 	0.08060 	0.10090 	0.01002	0.04049
Replication44	 -1.42193	0.99675	0.98252 	0.98555 	0.99032 	0.98632 	0.98969 	0.99818 	0.98222 	0.98710 	0.99574 	0.98280 	1.00019 	0.99911 	-0.13119 	-0.14194 	-0.14227 	0.02233 	0.02686 	0.25409 	-0.12765 	-0.13839 	0.01486 	-0.16013 	0.27234 	0.24003 	-0.04331 	-0.04686 	-0.04697 	0.01523 	0.00887 	0.10473 	-0.04214 	-0.04569 	0.00776 	-0.05286 	0.08991 	0.09067 	0.01106	0.03934
Replication45	 -1.39522	0.99635	0.97881 	0.98175 	0.98755 	0.98270 	0.98541 	0.99645 	0.97903 	0.98547 	0.99401 	0.98177 	0.99844 	0.99790 	-0.13515 	-0.16423 	-0.15411 	0.02562 	0.00000 	0.28950 	-0.16044 	-0.14175 	0.01666 	-0.13028 	0.27351 	0.26752 	-0.04465 	-0.05426 	-0.05092 	0.01766 	0.00000 	0.12194 	-0.05301 	-0.04683 	0.00870 	-0.04305 	0.09037 	0.09997 	0.01315	0.04590
Replication46	 -1.41204	0.99581	0.97809 	0.98073 	0.98633 	0.98184 	0.98445 	0.99541 	0.97451 	0.98065 	0.99110 	0.97611 	0.99103 	0.99594 	-0.12863 	-0.16605 	-0.14567 	0.02690 	0.00016 	0.31781 	-0.13601 	-0.15975 	0.01956 	-0.14428 	0.19461 	0.30972 	-0.04254 	-0.05492 	-0.04818 	0.01775 	0.00005 	0.12520 	-0.04499 	-0.05284 	0.01041 	-0.04772 	0.06437 	0.11711 	0.01164	0.04369
Replication47	 -1.44125	0.99655	0.98101 	0.98592 	0.99037 	0.98602 	0.98994 	0.99802 	0.97967 	0.98473 	0.99457 	0.98026 	0.99672 	0.99832 	-0.15773 	-0.11597 	-0.13185 	0.02278 	0.04033 	0.26112 	-0.12417 	-0.15385 	0.01600 	-0.15850 	0.23590 	0.25662 	-0.05209 	-0.03830 	-0.04355 	0.01525 	0.01332 	0.10252 	-0.04101 	-0.05081 	0.00846 	-0.05235 	0.07791 	0.09802 	0.00929	0.03737
Replication48	 -1.39960	0.99582	0.97487 	0.97998 	0.98601 	0.98025 	0.98319 	0.99521 	0.97615 	0.98186 	0.99131 	0.97803 	0.99141 	0.99615 	-0.16799 	-0.14610 	-0.14484 	0.02815 	0.00000 	0.32061 	-0.12896 	-0.15476 	0.01938 	-0.12232 	0.17771 	0.30631 	-0.05556 	-0.04832 	-0.04791 	0.01903 	0.00000 	0.12855 	-0.04265 	-0.05119 	0.01025 	-0.04046 	0.05878 	0.11425 	0.01281	0.04477
Replication49	 -1.41284	0.99588	0.97627 	0.98108 	0.98645 	0.98136 	0.98407 	0.99552 	0.97507 	0.98098 	0.99151 	0.97617 	0.99262 	0.99617 	-0.15974 	-0.13668 	-0.14723 	0.02720 	0.00000 	0.31435 	-0.13565 	-0.16151 	0.01915 	-0.16033 	0.22447 	0.30457 	-0.05283 	-0.04520 	-0.04869 	0.01822 	0.00000 	0.12525 	-0.04486 	-0.05341 	0.01017 	-0.05302 	0.07423 	0.11548 	0.01139	0.04534
Replication50	 -1.40832	0.99540	0.97297 	0.97839 	0.98401 	0.97865 	0.98174 	0.99398 	0.96905 	0.97736 	0.98893 	0.97216 	0.98785 	0.99440 	-0.17625 	-0.14450 	-0.15957 	0.02988 	0.00511 	0.34888 	-0.17173 	-0.15898 	0.02172 	-0.14843 	0.19998 	0.34257 	-0.05834 	-0.04783 	-0.05282 	0.01984 	0.00169 	0.13757 	-0.05685 	-0.05263 	0.01168 	-0.04914 	0.06620 	0.13126 	0.01133	0.05062
Replication51	 -1.40574	0.99526	0.96994 	0.97620 	0.98347 	0.97645 	0.98079 	0.99344 	0.96996 	0.97704 	0.98837 	0.97167 	0.98655 	0.99406 	-0.19873 	-0.16833 	-0.14606 	0.03177 	0.02247 	0.36033 	-0.14298 	-0.15840 	0.02232 	-0.15759 	0.17291 	0.35084 	-0.06581 	-0.05574 	-0.04836 	0.02143 	0.00744 	0.14263 	-0.04734 	-0.05245 	0.01197 	-0.05218 	0.05725 	0.13314 	0.01146	0.05198
Replication52	 -1.39832	0.99598	0.97641 	0.98075 	0.98624 	0.98128 	0.98437 	0.99556 	0.97615 	0.98244 	0.99200 	0.97777 	0.99381 	0.99654 	-0.15854 	-0.14916 	-0.15893 	0.02716 	0.00896 	0.31157 	-0.14265 	-0.14263 	0.01866 	-0.15200 	0.22809 	0.29668 	-0.05242 	-0.04932 	-0.05255 	0.01838 	0.00296 	0.12677 	-0.04717 	-0.04716 	0.00988 	-0.05026 	0.07542 	0.11188 	0.01278	0.04641
Replication53	 -1.41754	0.99547	0.97714 	0.98008 	0.98477 	0.98108 	0.98346 	0.99450 	0.96892 	0.97721 	0.98909 	0.97162 	0.98721 	0.99452 	-0.13292 	-0.15330 	-0.16175 	0.02788 	0.00000 	0.33947 	-0.16632 	-0.15463 	0.02153 	-0.15790 	0.18802 	0.33920 	-0.04400 	-0.05074 	-0.05354 	0.01798 	0.00000 	0.13116 	-0.05505 	-0.05118 	0.01163 	-0.05226 	0.06223 	0.13089 	0.01073	0.04712
Replication54	 -1.39468	0.99597	0.97718 	0.98043 	0.98618 	0.98135 	0.98408 	0.99550 	0.97686 	0.98263 	0.99205 	0.97860 	0.99401 	0.99658 	-0.14131 	-0.16391 	-0.15703 	0.02712 	0.00000 	0.31280 	-0.13764 	-0.15526 	0.01863 	-0.13686 	0.22383 	0.29642 	-0.04673 	-0.05420 	-0.05192 	0.01831 	0.00000 	0.12751 	-0.04551 	-0.05134 	0.00983 	-0.04525 	0.07401 	0.11113 	0.01321	0.04584
Replication55	 0.00006	0.99494	0.97359 	0.97752 	0.98319 	0.97835 	0.98110 	0.99313 	0.96415 	0.97363 	0.98626 	0.96721 	0.97959 	0.99272 	-0.15090 	-0.16111 	-0.14460 	0.03061 	0.00000 	0.37228 	-0.16281 	-0.13635 	0.02434 	-0.15395 	0.09459 	0.37849 	-0.05000 	-0.05338 	-0.04791 	0.01957 	0.00000 	0.13991 	-0.05394 	-0.04518 	0.01330 	-0.05101 	0.03134 	0.14611 	0.00939	0.04881
Replication56	 -1.44665	0.99585	0.97888 	0.98274 	0.98798 	0.98325 	0.98575 	0.99611 	0.97331 	0.97967 	0.99110 	0.97432 	0.98909 	0.99597 	-0.13649 	-0.13614 	-0.11669 	0.02574 	0.00000 	0.30618 	-0.12965 	-0.15631 	0.01952 	-0.16207 	0.16897 	0.30837 	-0.04514 	-0.04503 	-0.03859 	0.01668 	0.00000 	0.11547 	-0.04288 	-0.05170 	0.01046 	-0.05360 	0.05589 	0.11765 	0.00856	0.03920
Replication57	 -1.40076	0.99610	0.97768 	0.98220 	0.98638 	0.98254 	0.98546 	0.99593 	0.97678 	0.98223 	0.99252 	0.97787 	0.99636 	0.99676 	-0.15914 	-0.12751 	-0.17918 	0.02603 	0.01371 	0.30315 	-0.14212 	-0.17635 	0.01811 	-0.16222 	0.28257 	0.29055 	-0.05261 	-0.04215 	-0.05923 	0.01752 	0.00453 	0.12408 	-0.04698 	-0.05830 	0.00960 	-0.05362 	0.09341 	0.11149 	0.01239	0.04775
Replication58	 -1.42218	0.99556	0.97660 	0.98047 	0.98575 	0.98117 	0.98417 	0.99494 	0.97092 	0.97852 	0.98961 	0.97387 	0.98662 	0.99499 	-0.14744 	-0.15027 	-0.14374 	0.02771 	0.01020 	0.33076 	-0.15130 	-0.15342 	0.02102 	-0.12621 	0.14212 	0.32993 	-0.04879 	-0.04973 	-0.04757 	0.01800 	0.00338 	0.12659 	-0.05007 	-0.05077 	0.01132 	-0.04177 	0.04703 	0.12576 	0.01063	0.04338
Replication59	 -1.44001	0.99667	0.97994 	0.98449 	0.99036 	0.98467 	0.98741 	0.99785 	0.97991 	0.98561 	0.99554 	0.98162 	1.00131 	0.99882 	-0.14760 	-0.13238 	-0.11458 	0.02371 	0.00000 	0.26093 	-0.15767 	-0.17190 	0.01510 	-0.15734 	0.32668 	0.24615 	-0.04874 	-0.04371 	-0.03783 	0.01645 	0.00000 	0.10812 	-0.05206 	-0.05676 	0.00783 	-0.05195 	0.10787 	0.09333 	0.00890	0.04255
Replication60	 -1.40521	0.99666	0.97893 	0.98304 	0.98911 	0.98349 	0.98633 	0.99734 	0.98148 	0.98757 	0.99561 	0.98397 	1.00161 	0.99898 	-0.14907 	-0.14870 	-0.13811 	0.02466 	0.00000 	0.26884 	-0.15997 	-0.13683 	0.01505 	-0.13523 	0.30326 	0.24387 	-0.04922 	-0.04910 	-0.04560 	0.01738 	0.00000 	0.11557 	-0.05282 	-0.04518 	0.00776 	-0.04465 	0.10014 	0.09061 	0.01222	0.04488
Replication61	 -1.41351	0.99579	0.97541 	0.98027 	0.98620 	0.98060 	0.98348 	0.99524 	0.97298 	0.98066 	0.99104 	0.97636 	0.99103 	0.99590 	-0.16212 	-0.14577 	-0.13946 	0.02790 	0.00000 	0.32073 	-0.16633 	-0.15208 	0.01963 	-0.12631 	0.20176 	0.31075 	-0.05362 	-0.04822 	-0.04613 	0.01871 	0.00000 	0.12738 	-0.05502 	-0.05030 	0.01044 	-0.04178 	0.06674 	0.11740 	0.01130	0.04560
Replication62	 -1.40737	0.99652	0.97665 	0.98210 	0.98839 	0.98212 	0.98515 	0.99684 	0.98118 	0.98610 	0.99496 	0.98207 	1.00141 	0.99845 	-0.17059 	-0.13932 	-0.13851 	0.02590 	0.00000 	0.27959 	-0.14074 	-0.15850 	0.01572 	-0.16256 	0.32212 	0.25516 	-0.05634 	-0.04601 	-0.04575 	0.01831 	0.00000 	0.11989 	-0.04649 	-0.05235 	0.00813 	-0.05369 	0.10639 	0.09545 	0.01174	0.04752
Replication63	 -1.38476	0.99603	0.97618 	0.97996 	0.98555 	0.98071 	0.98348 	0.99531 	0.97615 	0.98313 	0.99234 	0.97807 	0.99606 	0.99671 	-0.15266 	-0.15940 	-0.17282 	0.02755 	0.00000 	0.31413 	-0.16055 	-0.12958 	0.01833 	-0.16634 	0.27469 	0.29288 	-0.05047 	-0.05270 	-0.05714 	0.01889 	0.00000 	0.13191 	-0.05308 	-0.04284 	0.00967 	-0.05499 	0.09082 	0.11066 	0.01375	0.05073
Replication64	 -1.42722	0.99599	0.97698 	0.98084 	0.98716 	0.98173 	0.98620 	0.99589 	0.97274 	0.98099 	0.99185 	0.97590 	0.99306 	0.99639 	-0.15674 	-0.17206 	-0.13806 	0.02679 	0.03997 	0.30639 	-0.17959 	-0.14618 	0.01877 	-0.15381 	0.24582 	0.29884 	-0.05182 	-0.05689 	-0.04565 	0.01803 	0.01322 	0.12205 	-0.05938 	-0.04833 	0.01001 	-0.05086 	0.08128 	0.11450 	0.00984	0.04616
Replication65	 -1.38442	0.99647	0.97711 	0.98120 	0.98738 	0.98178 	0.98472 	0.99643 	0.98068 	0.98692 	0.99469 	0.98374 	1.00073 	0.99835 	-0.15569 	-0.15912 	-0.15855 	0.02623 	0.00000 	0.28716 	-0.16464 	-0.14056 	0.01599 	-0.12041 	0.29755 	0.25802 	-0.05143 	-0.05256 	-0.05237 	0.01851 	0.00000 	0.12478 	-0.05438 	-0.04643 	0.00828 	-0.03977 	0.09829 	0.09565 	0.01400	0.04855
Replication66	 -1.40670	0.99639	0.97980 	0.98299 	0.98823 	0.98374 	0.98627 	0.99683 	0.97887 	0.98512 	0.99411 	0.98147 	0.99807 	0.99796 	-0.13384 	-0.14855 	-0.14902 	0.02476 	0.00000 	0.28288 	-0.15704 	-0.15129 	0.01653 	-0.13006 	0.26777 	0.26566 	-0.04422 	-0.04908 	-0.04923 	0.01688 	0.00000 	0.11707 	-0.05188 	-0.04998 	0.00865 	-0.04297 	0.08847 	0.09985 	0.01220	0.04355
Replication67	 -1.46239	0.99592	0.98148 	0.98474 	0.98812 	0.98560 	0.99008 	0.99664 	0.96907 	0.97807 	0.99084 	0.97250 	0.98874 	0.99571 	-0.13905 	-0.13197 	-0.15241 	0.02380 	0.06550 	0.29641 	-0.18306 	-0.16220 	0.01964 	-0.15562 	0.20158 	0.31059 	-0.04598 	-0.04364 	-0.05040 	0.01490 	0.02166 	0.10914 	-0.06053 	-0.05364 	0.01074 	-0.05146 	0.06666 	0.12332 	0.00681	0.04077
Replication68	 -1.39571	0.99611	0.97983 	0.98288 	0.98657 	0.98362 	0.98574 	0.99608 	0.97615 	0.98296 	0.99249 	0.97850 	0.99480 	0.99686 	-0.13199 	-0.13183 	-0.18081 	0.02516 	0.00000 	0.30068 	-0.15625 	-0.14220 	0.01812 	-0.14461 	0.24183 	0.28873 	-0.04363 	-0.04358 	-0.05977 	0.01667 	0.00000 	0.12214 	-0.05165 	-0.04701 	0.00964 	-0.04780 	0.07994 	0.11019 	0.01318	0.04515
Replication69	 -1.41238	0.99520	0.97375 	0.97791 	0.98385 	0.97865 	0.98150 	0.99367 	0.96828 	0.97662 	0.98781 	0.97083 	0.98303 	0.99381 	-0.15586 	-0.16198 	-0.14688 	0.03010 	0.00000 	0.35821 	-0.14864 	-0.12854 	0.02283 	-0.14610 	0.10963 	0.35600 	-0.05161 	-0.05364 	-0.04864 	0.01962 	0.00000 	0.13777 	-0.04922 	-0.04257 	0.01236 	-0.04838 	0.03631 	0.13555 	0.01122	0.04754
Replication70	 -1.42422	0.99604	0.97690 	0.98204 	0.98747 	0.98213 	0.98485 	0.99607 	0.97474 	0.98169 	0.99224 	0.97708 	0.99376 	0.99666 	-0.16127 	-0.12923 	-0.13511 	0.02642 	0.00000 	0.30253 	-0.15879 	-0.15773 	0.01841 	-0.14894 	0.23982 	0.29355 	-0.05332 	-0.04272 	-0.04467 	0.01777 	0.00000 	0.12048 	-0.05250 	-0.05215 	0.00976 	-0.04924 	0.07929 	0.11150 	0.01034	0.04419
Replication71	 -1.39107	0.99633	0.97693 	0.98119 	0.98745 	0.98171 	0.98466 	0.99631 	0.98056 	0.98591 	0.99400 	0.98204 	0.99817 	0.99794 	-0.15614 	-0.15670 	-0.14803 	0.02644 	0.00000 	0.29215 	-0.13544 	-0.13588 	0.01669 	-0.13968 	0.25554 	0.26747 	-0.05159 	-0.05178 	-0.04891 	0.01842 	0.00000 	0.12353 	-0.04475 	-0.04490 	0.00868 	-0.04615 	0.08443 	0.09886 	0.01358	0.04584
Replication72	 -1.40951	0.99598	0.97807 	0.98188 	0.98674 	0.98245 	0.98494 	0.99583 	0.97530 	0.98176 	0.99195 	0.97743 	0.99334 	0.99648 	-0.14370 	-0.13950 	-0.15517 	0.02623 	0.00000 	0.30736 	-0.14929 	-0.15903 	0.01870 	-0.14187 	0.22697 	0.29748 	-0.04751 	-0.04613 	-0.05131 	0.01745 	0.00000 	0.12280 	-0.04936 	-0.05258 	0.00992 	-0.04691 	0.07505 	0.11292 	0.01183	0.04435
Replication73	 -1.40761	0.99608	0.97912 	0.98222 	0.98697 	0.98303 	0.98543 	0.99606 	0.97669 	0.98238 	0.99246 	0.97769 	0.99482 	0.99680 	-0.13308 	-0.14588 	-0.15912 	0.02566 	0.00000 	0.30168 	-0.13637 	-0.15826 	0.01819 	-0.16205 	0.24678 	0.29045 	-0.04399 	-0.04823 	-0.05260 	0.01710 	0.00000 	0.12162 	-0.04508 	-0.05232 	0.00963 	-0.05357 	0.08158 	0.11039 	0.01201	0.04453
Replication74	 -1.41041	0.99634	0.97820 	0.98278 	0.98794 	0.98303 	0.98565 	0.99664 	0.97817 	0.98432 	0.99388 	0.98053 	0.99837 	0.99774 	-0.15450 	-0.13191 	-0.14974 	0.02537 	0.00000 	0.28675 	-0.15945 	-0.16430 	0.01677 	-0.14016 	0.28937 	0.27016 	-0.05105 	-0.04358 	-0.04947 	0.01739 	0.00000 	0.11882 	-0.05268 	-0.05429 	0.00879 	-0.04631 	0.09561 	0.10222 	0.01163	0.04545
Replication75	 -1.41650	0.99538	0.97651 	0.97998 	0.98466 	0.98078 	0.98320 	0.99437 	0.96995 	0.97702 	0.98869 	0.97181 	0.98552 	0.99431 	-0.14027 	-0.14681 	-0.15854 	0.02821 	0.00000 	0.34336 	-0.13919 	-0.16176 	0.02194 	-0.14794 	0.14574 	0.34425 	-0.04644 	-0.04860 	-0.05248 	0.01812 	0.00000 	0.13115 	-0.04608 	-0.05355 	0.01185 	-0.04897 	0.04825 	0.13204 	0.01102	0.04529
Replication76	 -1.43035	0.99579	0.97712 	0.98189 	0.98668 	0.98237 	0.98692 	0.99571 	0.97157 	0.97932 	0.99061 	0.97410 	0.98901 	0.99562 	-0.16831 	-0.14083 	-0.15354 	0.02650 	0.05177 	0.31353 	-0.15781 	-0.14886 	0.01997 	-0.14965 	0.18247 	0.31498 	-0.05567 	-0.04658 	-0.05079 	0.01732 	0.01713 	0.12028 	-0.05220 	-0.04924 	0.01079 	-0.04950 	0.06035 	0.12174 	0.00978	0.04362
Replication77	 -1.39619	0.99604	0.97425 	0.97954 	0.98604 	0.97980 	0.98292 	0.99536 	0.97572 	0.98303 	0.99247 	0.97816 	0.99623 	0.99679 	-0.17457 	-0.15343 	-0.15112 	0.02827 	0.00000 	0.31309 	-0.16935 	-0.13521 	0.01821 	-0.15980 	0.28000 	0.29136 	-0.05771 	-0.05073 	-0.04996 	0.01963 	0.00000 	0.13139 	-0.05599 	-0.04470 	0.00958 	-0.05283 	0.09257 	0.10965 	0.01255	0.05090
Replication78	 -1.38229	0.99611	0.97692 	0.98053 	0.98616 	0.98130 	0.98406 	0.99567 	0.97918 	0.98423 	0.99287 	0.98055 	0.99645 	0.99713 	-0.14861 	-0.15959 	-0.16779 	0.02700 	0.00000 	0.30692 	-0.13054 	-0.15439 	0.01783 	-0.13584 	0.24589 	0.28476 	-0.04912 	-0.05276 	-0.05546 	0.01851 	0.00000 	0.12833 	-0.04315 	-0.05103 	0.00934 	-0.04490 	0.08128 	0.10617 	0.01436	0.04719
Replication79	 -1.42690	0.99742	0.98409 	0.98764 	0.99313 	0.98798 	0.99050 	0.99984 	0.98832 	0.99273 	0.99931 	0.98907 	1.00738 	1.00159 	-0.12849 	-0.12946 	-0.11448 	0.02027 	0.00000 	0.21341 	-0.13146 	-0.11277 	0.01128 	-0.15269 	0.32686 	0.18684 	-0.04236 	-0.04268 	-0.03774 	0.01464 	0.00000 	0.09510 	-0.04334 	-0.03718 	0.00566 	-0.05034 	0.10776 	0.06853 	0.01069	0.03805
Replication80	 -1.43118	0.99553	0.97715 	0.98056 	0.98597 	0.98150 	0.98499 	0.99502 	0.97055 	0.97787 	0.98941 	0.97267 	0.98593 	0.99485 	-0.14302 	-0.15991 	-0.13969 	0.02747 	0.02300 	0.33000 	-0.14183 	-0.15403 	0.02120 	-0.14398 	0.13840 	0.33261 	-0.04733 	-0.05292 	-0.04623 	0.01772 	0.00761 	0.12481 	-0.04694 	-0.05097 	0.01145 	-0.04765 	0.04580 	0.12742 	0.00978	0.04277
Replication81	 -1.44070	0.99585	0.97923 	0.98235 	0.98775 	0.98321 	0.98610 	0.99604 	0.97316 	0.97996 	0.99104 	0.97428 	0.98881 	0.99597 	-0.13025 	-0.15173 	-0.12277 	0.02577 	0.00994 	0.30742 	-0.13298 	-0.13886 	0.01957 	-0.16602 	0.16234 	0.30847 	-0.04308 	-0.05018 	-0.04060 	0.01670 	0.00329 	0.11661 	-0.04398 	-0.04593 	0.01050 	-0.05491 	0.05369 	0.11766 	0.00911	0.03977
Replication82	 -1.42613	0.99685	0.98224 	0.98599 	0.99084 	0.98641 	0.98943 	0.99844 	0.98186 	0.98778 	0.99630 	0.98460 	1.00145 	0.99948 	-0.13761 	-0.12944 	-0.13366 	0.02214 	0.01607 	0.24784 	-0.15816 	-0.14986 	0.01430 	-0.12202 	0.28761 	0.23214 	-0.04542 	-0.04272 	-0.04412 	0.01526 	0.00530 	0.10311 	-0.05220 	-0.04947 	0.00742 	-0.04028 	0.09493 	0.08741 	0.01064	0.03924
Replication83	 0.00016	0.99484	0.97185 	0.97560 	0.98154 	0.97664 	0.97953 	0.99237 	0.96547 	0.97347 	0.98605 	0.96800 	0.98186 	0.99246 	-0.15673 	-0.17662 	-0.16963 	0.03208 	0.00000 	0.38617 	-0.15359 	-0.17383 	0.02461 	-0.14808 	0.13912 	0.38481 	-0.05194 	-0.05853 	-0.05622 	0.02082 	0.00000 	0.14927 	-0.05090 	-0.05761 	0.01336 	-0.04907 	0.04610 	0.14791 	0.01167	0.05320
Replication84	 -1.40153	0.99593	0.97676 	0.98112 	0.98620 	0.98155 	0.98416 	0.99552 	0.97493 	0.98193 	0.99170 	0.97709 	0.99282 	0.99635 	-0.15455 	-0.13943 	-0.15870 	0.02700 	0.00000 	0.31330 	-0.15245 	-0.13682 	0.01895 	-0.14982 	0.21929 	0.30073 	-0.05111 	-0.04611 	-0.05248 	0.01812 	0.00000 	0.12636 	-0.05041 	-0.04524 	0.01007 	-0.04954 	0.07252 	0.11379 	0.01249	0.04595
Replication85	 -1.45679	0.99623	0.98296 	0.98608 	0.98996 	0.98666 	0.98919 	0.99754 	0.97520 	0.98182 	0.99278 	0.97727 	0.99141 	0.99715 	-0.11997 	-0.11876 	-0.12161 	0.02263 	0.01374 	0.27586 	-0.14122 	-0.15617 	0.01777 	-0.13776 	0.17579 	0.28170 	-0.03965 	-0.03925 	-0.04019 	0.01439 	0.00454 	0.10251 	-0.04667 	-0.05161 	0.00953 	-0.04553 	0.05810 	0.10834 	0.00800	0.03451
Replication86	 -1.41336	0.99606	0.97639 	0.98088 	0.98698 	0.98132 	0.98422 	0.99582 	0.97528 	0.98228 	0.99247 	0.97781 	0.99528 	0.99678 	-0.15682 	-0.15101 	-0.13971 	0.02704 	0.00000 	0.30584 	-0.16521 	-0.15671 	0.01821 	-0.14914 	0.26509 	0.29123 	-0.05184 	-0.04992 	-0.04619 	0.01843 	0.00000 	0.12475 	-0.05462 	-0.05181 	0.00960 	-0.04930 	0.08764 	0.11013 	0.01119	0.04687
Replication87	 -1.39002	0.99586	0.97686 	0.98043 	0.98567 	0.98120 	0.98382 	0.99523 	0.97570 	0.98224 	0.99135 	0.97737 	0.99156 	0.99619 	-0.14566 	-0.15390 	-0.16448 	0.02736 	0.00000 	0.31937 	-0.13618 	-0.12290 	0.01931 	-0.14635 	0.18489 	0.30482 	-0.04817 	-0.05090 	-0.05440 	0.01831 	0.00000 	0.12900 	-0.04504 	-0.04065 	0.01026 	-0.04840 	0.06115 	0.11444 	0.01372	0.04560
Replication88	 -1.39891	0.99668	0.97804 	0.98142 	0.98820 	0.98229 	0.98532 	0.99690 	0.98249 	0.98720 	0.99585 	0.98448 	1.00517 	0.99895 	-0.14522 	-0.17433 	-0.14926 	0.02560 	0.00000 	0.27508 	-0.15911 	-0.18851 	0.01485 	-0.13748 	0.38213 	0.24403 	-0.04795 	-0.05756 	-0.04928 	0.01835 	0.00000 	0.12259 	-0.05254 	-0.06224 	0.00760 	-0.04539 	0.12617 	0.09155 	0.01223	0.05129
Replication89	 -1.41103	0.99694	0.98153 	0.98498 	0.99066 	0.98558 	0.98854 	0.99836 	0.98539 	0.98953 	0.99698 	0.98621 	1.00352 	0.99996 	-0.13646 	-0.14644 	-0.13360 	0.02270 	0.00846 	0.24700 	-0.12507 	-0.14110 	0.01366 	-0.14082 	0.29703 	0.22261 	-0.04503 	-0.04833 	-0.04409 	0.01603 	0.00279 	0.10655 	-0.04128 	-0.04657 	0.00698 	-0.04647 	0.09802 	0.08216 	0.01204	0.04077
Replication90	 -1.38761	0.99546	0.97632 	0.97988 	0.98393 	0.98064 	0.98294 	0.99427 	0.97211 	0.97903 	0.98912 	0.97437 	0.98657 	0.99469 	-0.14526 	-0.14091 	-0.18573 	0.02824 	0.00000 	0.34316 	-0.13578 	-0.14083 	0.02151 	-0.12843 	0.13340 	0.33675 	-0.04808 	-0.04664 	-0.06147 	0.01832 	0.00000 	0.13452 	-0.04494 	-0.04661 	0.01159 	-0.04251 	0.04415 	0.12811 	0.01388	0.04644
Replication91	 -1.42471	0.99597	0.97924 	0.98355 	0.98761 	0.98379 	0.98603 	0.99626 	0.97504 	0.98133 	0.99170 	0.97707 	0.99075 	0.99641 	-0.14364 	-0.11518 	-0.14523 	0.02518 	0.00000 	0.30112 	-0.13620 	-0.15664 	0.01891 	-0.13030 	0.17235 	0.29889 	-0.04750 	-0.03808 	-0.04802 	0.01638 	0.00000 	0.11595 	-0.04504 	-0.05179 	0.01011 	-0.04308 	0.05699 	0.11372 	0.01075	0.03963
Replication92	 -1.42044	0.99510	0.97329 	0.97790 	0.98311 	0.97854 	0.98203 	0.99339 	0.96560 	0.97416 	0.98718 	0.96858 	0.98391 	0.99317 	-0.16718 	-0.15402 	-0.16586 	0.03029 	0.01968 	0.36471 	-0.16974 	-0.17712 	0.02344 	-0.15407 	0.17182 	0.36801 	-0.05537 	-0.05102 	-0.05494 	0.01959 	0.00652 	0.13961 	-0.05622 	-0.05867 	0.01274 	-0.05103 	0.05691 	0.14291 	0.01005	0.05104
Replication93	 -1.43350	0.99624	0.97912 	0.98343 	0.98863 	0.98403 	0.98887 	0.99696 	0.97609 	0.98256 	0.99303 	0.97804 	0.99445 	0.99723 	-0.16076 	-0.14778 	-0.14270 	0.02469 	0.05783 	0.28428 	-0.14982 	-0.15818 	0.01755 	-0.14891 	0.23404 	0.28008 	-0.05313 	-0.04884 	-0.04716 	0.01649 	0.01911 	0.11175 	-0.04951 	-0.05228 	0.00935 	-0.04921 	0.07735 	0.10755 	0.00967	0.04149
Replication94	 -1.43058	0.99556	0.97703 	0.98156 	0.98593 	0.98186 	0.98428 	0.99509 	0.97064 	0.97776 	0.98950 	0.97221 	0.98654 	0.99487 	-0.15060 	-0.12362 	-0.14648 	0.02716 	0.00111 	0.32850 	-0.13913 	-0.15472 	0.02110 	-0.15945 	0.15458 	0.33174 	-0.04984 	-0.04091 	-0.04847 	0.01746 	0.00037 	0.12436 	-0.04604 	-0.05120 	0.01140 	-0.05277 	0.05115 	0.12760 	0.00980	0.04311
Replication95	 0.00110	0.99390	0.96955 	0.97356 	0.97840 	0.97457 	0.97717 	0.99014 	0.95400 	0.96487 	0.98038 	0.95808 	0.96755 	0.98870 	-0.15879 	-0.16360 	-0.17483 	0.03475 	0.00000 	0.44165 	-0.16876 	-0.17325 	0.03014 	-0.13821 	0.00000 	0.46346 	-0.05272 	-0.05432 	-0.05805 	0.02143 	0.00000 	0.16139 	-0.05603 	-0.05752 	0.01682 	-0.04589 	0.00000 	0.18320 	0.00743	0.05831
Replication96	 -1.40631	0.99612	0.97503 	0.97995 	0.98710 	0.98034 	0.98358 	0.99580 	0.97771 	0.98363 	0.99298 	0.97909 	0.99638 	0.99717 	-0.16688 	-0.16289 	-0.12992 	0.02775 	0.00000 	0.30459 	-0.14336 	-0.14647 	0.01773 	-0.15785 	0.26167 	0.28377 	-0.05516 	-0.05384 	-0.04295 	0.01928 	0.00000 	0.12653 	-0.04739 	-0.04842 	0.00926 	-0.05218 	0.08650 	0.10570 	0.01186	0.04733
Replication97	 -1.42867	0.99568	0.97531 	0.97963 	0.98610 	0.98023 	0.98320 	0.99501 	0.97061 	0.97885 	0.99046 	0.97385 	0.99046 	0.99542 	-0.15435 	-0.16021 	-0.12794 	0.02832 	0.00000 	0.32678 	-0.17749 	-0.16298 	0.02020 	-0.14888 	0.22639 	0.32055 	-0.05106 	-0.05301 	-0.04233 	0.01890 	0.00000 	0.12852 	-0.05872 	-0.05392 	0.01078 	-0.04926 	0.07490 	0.12230 	0.00960	0.04711
Replication98	 -1.37974	0.99542	0.97322 	0.97815 	0.98303 	0.97855 	0.98125 	0.99374 	0.97225 	0.97863 	0.98916 	0.97399 	0.98919 	0.99456 	-0.17168 	-0.14314 	-0.18944 	0.02993 	0.00000 	0.35212 	-0.14021 	-0.16469 	0.02152 	-0.14621 	0.19804 	0.33958 	-0.05683 	-0.04738 	-0.06271 	0.01993 	0.00000 	0.14171 	-0.04641 	-0.05452 	0.01153 	-0.04840 	0.06555 	0.12918 	0.01418	0.05165
Replication99	 -1.41407	0.99602	0.97816 	0.98239 	0.98752 	0.98287 	0.98611 	0.99620 	0.97718 	0.98257 	0.99208 	0.97870 	0.99157 	0.99672 	-0.15188 	-0.14005 	-0.14317 	0.02586 	0.01714 	0.30105 	-0.12013 	-0.15256 	0.01855 	-0.12333 	0.16353 	0.29318 	-0.05022 	-0.04630 	-0.04734 	0.01716 	0.00567 	0.11801 	-0.03972 	-0.05044 	0.00986 	-0.04078 	0.05407 	0.11014 	0.01179	0.04012
Replication100	 -1.40019	0.99637	0.97770 	0.98186 	0.98791 	0.98237 	0.98522 	0.99656 	0.98043 	0.98561 	0.99416 	0.98133 	0.99851 	0.99801 	-0.15199 	-0.15206 	-0.14377 	0.02587 	0.00000 	0.28731 	-0.13232 	-0.13970 	0.01651 	-0.15616 	0.26825 	0.26534 	-0.05022 	-0.05024 	-0.04750 	0.01795 	0.00000 	0.12068 	-0.04372 	-0.04615 	0.00860 	-0.05159 	0.08863 	0.09871 	0.01271	0.04515
Replication101	 -1.42885	0.99545	0.97900 	0.98154 	0.98564 	0.98263 	0.98529 	0.99495 	0.96918 	0.97744 	0.98873 	0.97197 	0.98313 	0.99449 	-0.12435 	-0.14704 	-0.15384 	0.02667 	0.01352 	0.33289 	-0.14627 	-0.13039 	0.02183 	-0.13376 	0.09069 	0.33993 	-0.04116 	-0.04867 	-0.05092 	0.01674 	0.00448 	0.12397 	-0.04842 	-0.04316 	0.01190 	-0.04427 	0.03002 	0.13101 	0.01014	0.04151
Replication102	 -1.40343	0.99573	0.97398 	0.97856 	0.98574 	0.97916 	0.98240 	0.99485 	0.97546 	0.98111 	0.99098 	0.97682 	0.99129 	0.99588 	-0.16370 	-0.17163 	-0.13241 	0.02911 	0.00000 	0.32797 	-0.12749 	-0.15771 	0.01974 	-0.13950 	0.19096 	0.31241 	-0.05416 	-0.05678 	-0.04380 	0.01979 	0.00000 	0.13191 	-0.04218 	-0.05217 	0.01042 	-0.04615 	0.06317 	0.11635 	0.01225	0.04642
Replication103	 -1.42741	0.99520	0.97454 	0.97871 	0.98417 	0.97937 	0.98206 	0.99384 	0.96713 	0.97526 	0.98771 	0.96922 	0.98352 	0.99363 	-0.15228 	-0.15201 	-0.14504 	0.02953 	0.00000 	0.35573 	-0.15164 	-0.15450 	0.02292 	-0.16371 	0.14236 	0.35893 	-0.05043 	-0.05034 	-0.04803 	0.01904 	0.00000 	0.13501 	-0.05022 	-0.05116 	0.01243 	-0.05422 	0.04714 	0.13821 	0.00969	0.04744
Replication104	 -1.41088	0.99711	0.98138 	0.98511 	0.99030 	0.98561 	0.98869 	0.99843 	0.98445 	0.98965 	0.99774 	0.98717 	1.00798 	1.00027 	-0.14386 	-0.14034 	-0.15514 	0.02249 	0.01331 	0.24187 	-0.17216 	-0.17514 	0.01287 	-0.12878 	0.39960 	0.21392 	-0.04746 	-0.04630 	-0.05118 	0.01619 	0.00439 	0.10933 	-0.05679 	-0.05778 	0.00657 	-0.04248 	0.13183 	0.08138 	0.01136	0.04770
Replication105	 -1.41323	0.99557	0.97753 	0.98072 	0.98576 	0.98160 	0.98407 	0.99499 	0.97328 	0.97948 	0.98968 	0.97467 	0.98575 	0.99515 	-0.13465 	-0.15140 	-0.14636 	0.02736 	0.00000 	0.32978 	-0.11523 	-0.13790 	0.02095 	-0.13202 	0.10040 	0.32734 	-0.04456 	-0.05010 	-0.04843 	0.01768 	0.00000 	0.12612 	-0.03813 	-0.04564 	0.01127 	-0.04369 	0.03322 	0.12369 	0.01174	0.04143
Replication106	 -1.39032	0.99644	0.97666 	0.98088 	0.98741 	0.98145 	0.98449 	0.99636 	0.98036 	0.98636 	0.99457 	0.98257 	1.00081 	0.99823 	-0.15797 	-0.16256 	-0.15183 	0.02652 	0.00000 	0.28889 	-0.15885 	-0.14176 	0.01612 	-0.14327 	0.31092 	0.26048 	-0.05218 	-0.05370 	-0.05016 	0.01875 	0.00000 	0.12530 	-0.05247 	-0.04683 	0.00834 	-0.04733 	0.10271 	0.09688 	0.01331	0.04931
Replication107	 -1.40337	0.99556	0.97437 	0.97987 	0.98451 	0.98011 	0.98410 	0.99456 	0.97114 	0.97858 	0.98955 	0.97316 	0.98838 	0.99487 	-0.18217 	-0.13539 	-0.17795 	0.02854 	0.03465 	0.33637 	-0.15104 	-0.14581 	0.02106 	-0.15825 	0.18625 	0.33170 	-0.06028 	-0.04481 	-0.05889 	0.01885 	0.01147 	0.13229 	-0.04998 	-0.04825 	0.01136 	-0.05237 	0.06164 	0.12762 	0.01204	0.04864
Replication108	 -1.43166	0.99506	0.97539 	0.97859 	0.98377 	0.97960 	0.98213 	0.99359 	0.96532 	0.97394 	0.98695 	0.96851 	0.98172 	0.99310 	-0.13759 	-0.15965 	-0.14870 	0.02949 	0.00000 	0.36258 	-0.16259 	-0.17177 	0.02367 	-0.13976 	0.12513 	0.36991 	-0.04558 	-0.05288 	-0.04926 	0.01871 	0.00000 	0.13578 	-0.05386 	-0.05690 	0.01289 	-0.04630 	0.04145 	0.14310 	0.00929	0.04716
Replication109	 -1.38340	0.99665	0.97824 	0.98125 	0.98770 	0.98225 	0.98518 	0.99672 	0.98209 	0.98803 	0.99561 	0.98445 	1.00372 	0.99891 	-0.14158 	-0.17593 	-0.16162 	0.02567 	0.00000 	0.27860 	-0.16532 	-0.13678 	0.01507 	-0.14377 	0.34644 	0.24536 	-0.04675 	-0.05809 	-0.05337 	0.01834 	0.00000 	0.12453 	-0.05459 	-0.04517 	0.00775 	-0.04747 	0.11440 	0.09129 	0.01388	0.05086
Replication110	 -1.38485	0.99643	0.97736 	0.98157 	0.98750 	0.98207 	0.98494 	0.99649 	0.98224 	0.98676 	0.99452 	0.98306 	0.99976 	0.99827 	-0.15575 	-0.15258 	-0.15749 	0.02604 	0.00000 	0.28716 	-0.12469 	-0.14045 	0.01617 	-0.14427 	0.27163 	0.26007 	-0.05145 	-0.05040 	-0.05203 	0.01824 	0.00000 	0.12314 	-0.04119 	-0.04640 	0.00837 	-0.04766 	0.08973 	0.09606 	0.01417	0.04642
Replication111	 -1.40416	0.99647	0.97788 	0.98160 	0.98809 	0.98231 	0.98526 	0.99667 	0.97984 	0.98586 	0.99468 	0.98158 	1.00071 	0.99828 	-0.14699 	-0.16429 	-0.14129 	0.02581 	0.00000 	0.28337 	-0.15760 	-0.14449 	0.01600 	-0.15951 	0.31794 	0.25902 	-0.04855 	-0.05427 	-0.04667 	0.01811 	0.00000 	0.12135 	-0.05206 	-0.04773 	0.00830 	-0.05269 	0.10502 	0.09699 	0.01204	0.04780
Replication112	 -1.38756	0.99586	0.97428 	0.97954 	0.98517 	0.97976 	0.98265 	0.99494 	0.97437 	0.98217 	0.99138 	0.97662 	0.99281 	0.99615 	-0.17370 	-0.14320 	-0.16568 	0.02850 	0.00000 	0.32387 	-0.16127 	-0.10846 	0.01929 	-0.16392 	0.22556 	0.30548 	-0.05745 	-0.04736 	-0.05480 	0.01945 	0.00000 	0.13354 	-0.05334 	-0.03587 	0.01024 	-0.05421 	0.07460 	0.11515 	0.01354	0.04996
Replication113	 -1.43497	0.99681	0.98216 	0.98564 	0.99100 	0.98627 	0.98987 	0.99842 	0.98156 	0.98709 	0.99603 	0.98236 	1.00059 	0.99929 	-0.13687 	-0.14288 	-0.12466 	0.02230 	0.02806 	0.24914 	-0.13876 	-0.13158 	0.01456 	-0.17048 	0.28548 	0.23593 	-0.04518 	-0.04716 	-0.04115 	0.01533 	0.00926 	0.10247 	-0.04581 	-0.04343 	0.00759 	-0.05628 	0.09424 	0.08926 	0.00975	0.03915
Replication114	 -1.39837	0.99586	0.97383 	0.97905 	0.98597 	0.97939 	0.98269 	0.99511 	0.97501 	0.98242 	0.99156 	0.97805 	0.99226 	0.99632 	-0.17347 	-0.16042 	-0.13777 	0.02879 	0.00209 	0.32117 	-0.15853 	-0.12791 	0.01914 	-0.12774 	0.19917 	0.30278 	-0.05737 	-0.05305 	-0.04556 	0.01976 	0.00069 	0.13108 	-0.05243 	-0.04230 	0.01011 	-0.04225 	0.06587 	0.11268 	0.01269	0.04721
Replication115	 -1.40308	0.99710	0.98236 	0.98619 	0.99028 	0.98658 	0.98974 	0.99859 	0.98385 	0.99014 	0.99748 	0.98629 	1.00567 	1.00023 	-0.14500 	-0.12398 	-0.16942 	0.02173 	0.02307 	0.23974 	-0.16964 	-0.11856 	0.01309 	-0.14863 	0.35035 	0.21482 	-0.04784 	-0.04090 	-0.05589 	0.01540 	0.00761 	0.10665 	-0.05597 	-0.03911 	0.00677 	-0.04903 	0.11558 	0.08172 	0.01243	0.04499
Replication116	 -1.43796	0.99609	0.97990 	0.98265 	0.98803 	0.98374 	0.98738 	0.99646 	0.97289 	0.98100 	0.99228 	0.97620 	0.99356 	0.99665 	-0.13157 	-0.16252 	-0.13734 	0.02509 	0.02927 	0.29530 	-0.18135 	-0.16019 	0.01832 	-0.14875 	0.25234 	0.29238 	-0.04349 	-0.05373 	-0.04540 	0.01656 	0.00968 	0.11576 	-0.05995 	-0.05295 	0.00978 	-0.04917 	0.08342 	0.11284 	0.00903	0.04334
Replication117	 -1.41504	0.99634	0.97997 	0.98348 	0.98808 	0.98407 	0.98654 	0.99678 	0.97757 	0.98384 	0.99366 	0.97854 	0.99734 	0.99760 	-0.13695 	-0.13522 	-0.15417 	0.02456 	0.00283 	0.28492 	-0.14822 	-0.13902 	0.01696 	-0.18145 	0.28211 	0.27241 	-0.04525 	-0.04468 	-0.05094 	0.01656 	0.00093 	0.11656 	-0.04897 	-0.04593 	0.00895 	-0.05995 	0.09321 	0.10405 	0.01125	0.04455
Replication118	 -1.45641	0.99556	0.97831 	0.98264 	0.98688 	0.98293 	0.98518 	0.99545 	0.96771 	0.97681 	0.98926 	0.96998 	0.98457 	0.99474 	-0.14152 	-0.11746 	-0.12725 	0.02630 	0.00000 	0.32278 	-0.16209 	-0.12601 	0.02128 	-0.17800 	0.14112 	0.33351 	-0.04683 	-0.03887 	-0.04211 	0.01662 	0.00000 	0.11900 	-0.05364 	-0.04170 	0.01160 	-0.05890 	0.04670 	0.12973 	0.00733	0.04160
Replication119	 -1.41768	0.99579	0.97546 	0.97919 	0.98610 	0.98006 	0.98313 	0.99508 	0.97278 	0.98018 	0.99112 	0.97540 	0.99244 	0.99586 	-0.14881 	-0.17552 	-0.13126 	0.02834 	0.00000 	0.32329 	-0.16665 	-0.16253 	0.01957 	-0.15147 	0.24293 	0.31147 	-0.04922 	-0.05806 	-0.04342 	0.01914 	0.00000 	0.12974 	-0.05512 	-0.05376 	0.01037 	-0.05010 	0.08036 	0.11792 	0.01065	0.04784
Replication120	 -1.38240	0.99604	0.97962 	0.98196 	0.98588 	0.98304 	0.98519 	0.99572 	0.97724 	0.98323 	0.99220 	0.97873 	0.99418 	0.99671 	-0.12525 	-0.14760 	-0.18870 	0.02570 	0.00000 	0.30775 	-0.13643 	-0.13522 	0.01844 	-0.14724 	0.22126 	0.29278 	-0.04141 	-0.04880 	-0.06239 	0.01706 	0.00000 	0.12584 	-0.04510 	-0.04471 	0.00979 	-0.04868 	0.07315 	0.11087 	0.01450	0.04563
Replication121	 -1.41810	0.99518	0.97188 	0.97831 	0.98345 	0.97815 	0.98097 	0.99355 	0.96800 	0.97508 	0.98775 	0.96945 	0.98533 	0.99355 	-0.18754 	-0.12417 	-0.15879 	0.03052 	0.00000 	0.36052 	-0.14442 	-0.18095 	0.02291 	-0.16841 	0.17959 	0.36042 	-0.06211 	-0.04112 	-0.05259 	0.01999 	0.00000 	0.13910 	-0.04783 	-0.05993 	0.01238 	-0.05577 	0.05948 	0.13899 	0.01033	0.05060
Replication122	 -1.41817	0.99698	0.98055 	0.98460 	0.99065 	0.98497 	0.98776 	0.99828 	0.98435 	0.98913 	0.99718 	0.98563 	1.00519 	0.99999 	-0.14411 	-0.14301 	-0.12738 	0.02315 	0.00000 	0.24737 	-0.14589 	-0.15112 	0.01347 	-0.15167 	0.34675 	0.22146 	-0.04755 	-0.04719 	-0.04203 	0.01654 	0.00000 	0.10842 	-0.04814 	-0.04987 	0.00686 	-0.05005 	0.11442 	0.08250 	0.01099	0.04391
Replication123	 -1.40583	0.99637	0.97864 	0.98208 	0.98820 	0.98284 	0.98564 	0.99668 	0.97946 	0.98539 	0.99414 	0.98135 	0.99808 	0.99800 	-0.14022 	-0.15981 	-0.13853 	0.02549 	0.00000 	0.28551 	-0.14710 	-0.14085 	0.01653 	-0.14295 	0.26420 	0.26549 	-0.04633 	-0.05280 	-0.04577 	0.01758 	0.00000 	0.11895 	-0.04860 	-0.04653 	0.00862 	-0.04723 	0.08729 	0.09894 	0.01224	0.04412
Replication124	 -1.39939	0.99641	0.97824 	0.98275 	0.98785 	0.98303 	0.98565 	0.99670 	0.97927 	0.98554 	0.99426 	0.98180 	0.99902 	0.99804 	-0.15501 	-0.13314 	-0.15724 	0.02530 	0.00000 	0.28432 	-0.15953 	-0.14646 	0.01640 	-0.13500 	0.28373 	0.26390 	-0.05121 	-0.04399 	-0.05195 	0.01747 	0.00000 	0.11962 	-0.05270 	-0.04839 	0.00857 	-0.04460 	0.09373 	0.09919 	0.01273	0.04576
Replication125	 0.00009	0.99491	0.97440 	0.97803 	0.98340 	0.97892 	0.98154 	0.99323 	0.96467 	0.97271 	0.98608 	0.96620 	0.97932 	0.99255 	-0.14391 	-0.15825 	-0.14236 	0.03020 	0.00000 	0.37160 	-0.13849 	-0.16065 	0.02452 	-0.16983 	0.09667 	0.38193 	-0.04769 	-0.05244 	-0.04717 	0.01908 	0.00000 	0.13769 	-0.04589 	-0.05323 	0.01341 	-0.05627 	0.03203 	0.14802 	0.00857	0.04754
Replication126	 -1.39310	0.99559	0.97433 	0.97902 	0.98474 	0.97949 	0.98234 	0.99449 	0.97345 	0.98028 	0.99002 	0.97601 	0.98872 	0.99529 	-0.16433 	-0.15106 	-0.15841 	0.02901 	0.00000 	0.33687 	-0.14140 	-0.14336 	0.02066 	-0.12190 	0.15591 	0.32473 	-0.05438 	-0.04999 	-0.05242 	0.01937 	0.00000 	0.13411 	-0.04679 	-0.04744 	0.01102 	-0.04034 	0.05159 	0.12197 	0.01329	0.04671
Replication127	 -1.40885	0.99623	0.97934 	0.98256 	0.98761 	0.98345 	0.98694 	0.99650 	0.97717 	0.98363 	0.99314 	0.97865 	0.99564 	0.99731 	-0.14139 	-0.15480 	-0.15808 	0.02516 	0.02537 	0.29146 	-0.14694 	-0.13348 	0.01748 	-0.16350 	0.24766 	0.27913 	-0.04673 	-0.05116 	-0.05224 	0.01694 	0.00838 	0.11844 	-0.04856 	-0.04411 	0.00926 	-0.05403 	0.08185 	0.10610 	0.01192	0.04414
Replication128	 -1.41576	0.99567	0.97436 	0.97872 	0.98612 	0.97940 	0.98264 	0.99490 	0.97305 	0.98045 	0.99058 	0.97642 	0.98927 	0.99566 	-0.15837 	-0.17451 	-0.11851 	0.02898 	0.00000 	0.32855 	-0.15557 	-0.15021 	0.02012 	-0.11255 	0.16387 	0.31705 	-0.05240 	-0.05774 	-0.03921 	0.01954 	0.00000 	0.12982 	-0.05147 	-0.04970 	0.01068 	-0.03724 	0.05422 	0.11832 	0.01115	0.04482
Replication129	 -1.43184	0.99578	0.97768 	0.98150 	0.98661 	0.98210 	0.98462 	0.99550 	0.97194 	0.97892 	0.99082 	0.97414 	0.99111 	0.99563 	-0.14156 	-0.14207 	-0.14044 	0.02673 	0.00000 	0.31708 	-0.15818 	-0.18239 	0.01982 	-0.15401 	0.23035 	0.31516 	-0.04683 	-0.04699 	-0.04645 	0.01751 	0.00000 	0.12307 	-0.05232 	-0.06033 	0.01060 	-0.05094 	0.07620 	0.12115 	0.00952	0.04465
Replication130	 -1.43178	0.99574	0.97990 	0.98248 	0.98648 	0.98352 	0.98639 	0.99563 	0.97081 	0.97848 	0.99032 	0.97246 	0.98880 	0.99537 	-0.12551 	-0.14470 	-0.15856 	0.02564 	0.01932 	0.31596 	-0.15358 	-0.14788 	0.02025 	-0.17662 	0.19614 	0.31989 	-0.04152 	-0.04787 	-0.05245 	0.01635 	0.00639 	0.12045 	-0.05080 	-0.04892 	0.01096 	-0.05843 	0.06488 	0.12438 	0.00965	0.04343
Replication131	 -1.43837	0.99612	0.98030 	0.98309 	0.98859 	0.98399 	0.98649 	0.99663 	0.97455 	0.98189 	0.99256 	0.97688 	0.99309 	0.99693 	-0.12238 	-0.15225 	-0.12112 	0.02485 	0.00000 	0.29195 	-0.15923 	-0.14516 	0.01806 	-0.15398 	0.22252 	0.28747 	-0.04045 	-0.05033 	-0.04004 	0.01639 	0.00000 	0.11387 	-0.05263 	-0.04798 	0.00959 	-0.05090 	0.07355 	0.10939 	0.00927	0.04047
Replication132	 -1.40725	0.99590	0.97811 	0.98092 	0.98657 	0.98196 	0.98459 	0.99560 	0.97529 	0.98175 	0.99160 	0.97733 	0.99188 	0.99631 	-0.13149 	-0.16436 	-0.14636 	0.02671 	0.00000 	0.31281 	-0.14177 	-0.14659 	0.01907 	-0.13752 	0.19542 	0.30194 	-0.04348 	-0.05435 	-0.04840 	0.01776 	0.00000 	0.12451 	-0.04688 	-0.04848 	0.01012 	-0.04548 	0.06462 	0.11364 	0.01214	0.04357
Replication133	 -1.38973	0.99664	0.98180 	0.98398 	0.98844 	0.98516 	0.98854 	0.99740 	0.98238 	0.98748 	0.99529 	0.98414 	1.00073 	0.99880 	-0.12721 	-0.15768 	-0.17837 	0.02335 	0.02828 	0.26839 	-0.13930 	-0.14245 	0.01533 	-0.13061 	0.27917 	0.24718 	-0.04201 	-0.05207 	-0.05890 	0.01603 	0.00934 	0.11425 	-0.04600 	-0.04704 	0.00800 	-0.04313 	0.09218 	0.09304 	0.01394	0.04370
Replication134	 -1.44193	0.99606	0.97868 	0.98314 	0.98850 	0.98363 	0.98788 	0.99663 	0.97407 	0.98142 	0.99200 	0.97585 	0.99061 	0.99663 	-0.15716 	-0.14262 	-0.12666 	0.02521 	0.04207 	0.29365 	-0.14575 	-0.12697 	0.01858 	-0.16077 	0.17792 	0.29352 	-0.05196 	-0.04715 	-0.04188 	0.01660 	0.01391 	0.11243 	-0.04819 	-0.04197 	0.00997 	-0.05315 	0.05882 	0.11230 	0.00899	0.03973
Replication135	 -1.39023	0.99684	0.97864 	0.98283 	0.98875 	0.98327 	0.98613 	0.99740 	0.98284 	0.98932 	0.99651 	0.98572 	1.00485 	0.99956 	-0.15439 	-0.14926 	-0.15693 	0.02464 	0.00026 	0.26387 	-0.17470 	-0.12235 	0.01414 	-0.13982 	0.35014 	0.23107 	-0.05096 	-0.04927 	-0.05180 	0.01775 	0.00009 	0.11881 	-0.05767 	-0.04039 	0.00725 	-0.04615 	0.11557 	0.08601 	0.01333	0.04924
Replication136	 -1.38786	0.99615	0.97527 	0.98045 	0.98631 	0.98066 	0.98360 	0.99570 	0.97899 	0.98424 	0.99307 	0.97962 	0.99732 	0.99723 	-0.17164 	-0.14412 	-0.16135 	0.02746 	0.00000 	0.30547 	-0.13182 	-0.14204 	0.01762 	-0.16647 	0.27103 	0.28227 	-0.05673 	-0.04764 	-0.05333 	0.01906 	0.00000 	0.12882 	-0.04357 	-0.04695 	0.00923 	-0.05502 	0.08958 	0.10561 	0.01360	0.04906
Replication137	 -1.42942	0.99548	0.97625 	0.97988 	0.98565 	0.98086 	0.98495 	0.99481 	0.96982 	0.97760 	0.98911 	0.97294 	0.98529 	0.99466 	-0.15136 	-0.16798 	-0.14085 	0.02804 	0.03497 	0.33452 	-0.15232 	-0.15969 	0.02150 	-0.12278 	0.12925 	0.33682 	-0.05010 	-0.05560 	-0.04662 	0.01816 	0.01157 	0.12666 	-0.05042 	-0.05285 	0.01162 	-0.04064 	0.04278 	0.12897 	0.00988	0.04354
Replication138	 -1.40899	0.99602	0.97913 	0.98208 	0.98713 	0.98297 	0.98542 	0.99602 	0.97642 	0.98241 	0.99214 	0.97837 	0.99284 	0.99668 	-0.13038 	-0.15084 	-0.14962 	0.02578 	0.00000 	0.30369 	-0.13701 	-0.15477 	0.01851 	-0.13092 	0.19975 	0.29371 	-0.04311 	-0.04987 	-0.04947 	0.01708 	0.00000 	0.12066 	-0.04530 	-0.05117 	0.00981 	-0.04329 	0.06604 	0.11068 	0.01212	0.04206
Replication139	 -1.42717	0.99561	0.97528 	0.98067 	0.98606 	0.98085 	0.98432 	0.99509 	0.97085 	0.97873 	0.98986 	0.97374 	0.98715 	0.99515 	-0.17099 	-0.13528 	-0.13898 	0.02791 	0.01855 	0.32714 	-0.15559 	-0.14679 	0.02076 	-0.13564 	0.15261 	0.32623 	-0.05658 	-0.04476 	-0.04599 	0.01832 	0.00614 	0.12548 	-0.05148 	-0.04857 	0.01118 	-0.04488 	0.05050 	0.12457 	0.01007	0.04391
Replication140	 -1.44851	0.99535	0.97635 	0.98027 	0.98549 	0.98098 	0.98408 	0.99459 	0.96688 	0.97519 	0.98834 	0.96861 	0.98441 	0.99401 	-0.14650 	-0.14868 	-0.13446 	0.02808 	0.01384 	0.34075 	-0.15579 	-0.15706 	0.02225 	-0.18290 	0.16325 	0.34947 	-0.04850 	-0.04922 	-0.04451 	0.01793 	0.00458 	0.12719 	-0.05158 	-0.05200 	0.01210 	-0.06055 	0.05405 	0.13592 	0.00775	0.04541
Replication141	 -1.41085	0.99693	0.98016 	0.98410 	0.99032 	0.98456 	0.98740 	0.99809 	0.98464 	0.98929 	0.99701 	0.98663 	1.00477 	0.99991 	-0.14433 	-0.14861 	-0.13009 	0.02353 	0.00000 	0.25136 	-0.14658 	-0.16037 	0.01365 	-0.12441 	0.33025 	0.22383 	-0.04763 	-0.04904 	-0.04293 	0.01682 	0.00000 	0.11020 	-0.04837 	-0.05292 	0.00694 	-0.04106 	0.10899 	0.08267 	0.01177	0.04366
Replication142	 -1.42445	0.99639	0.98116 	0.98393 	0.98876 	0.98496 	0.98884 	0.99720 	0.97821 	0.98372 	0.99388 	0.97947 	0.99731 	0.99775 	-0.13377 	-0.15489 	-0.15241 	0.02379 	0.03887 	0.27719 	-0.14186 	-0.16879 	0.01672 	-0.15623 	0.27201 	0.26885 	-0.04419 	-0.05117 	-0.05035 	0.01591 	0.01284 	0.11147 	-0.04687 	-0.05576 	0.00884 	-0.05162 	0.08986 	0.10313 	0.01053	0.04210
Replication143	 -1.38791	0.99677	0.97796 	0.98286 	0.98831 	0.98301 	0.98579 	0.99720 	0.98431 	0.98849 	0.99619 	0.98521 	1.00497 	0.99927 	-0.16443 	-0.13514 	-0.16597 	0.02493 	0.00000 	0.26857 	-0.13799 	-0.15856 	0.01448 	-0.15114 	0.35463 	0.23709 	-0.05428 	-0.04461 	-0.05479 	0.01787 	0.00000 	0.12007 	-0.04555 	-0.05235 	0.00742 	-0.04989 	0.11707 	0.08860 	0.01354	0.04956
Replication144	 -1.41370	0.99601	0.97828 	0.98095 	0.98734 	0.98207 	0.98488 	0.99592 	0.97607 	0.98261 	0.99220 	0.97796 	0.99278 	0.99675 	-0.12904 	-0.17469 	-0.12994 	0.02650 	0.00000 	0.30541 	-0.14188 	-0.13593 	0.01847 	-0.14408 	0.20073 	0.29289 	-0.04266 	-0.05776 	-0.04296 	0.01779 	0.00000 	0.12209 	-0.04691 	-0.04494 	0.00975 	-0.04764 	0.06637 	0.10957 	0.01157	0.04270
Replication145	 -1.43836	0.99597	0.98031 	0.98383 	0.98801 	0.98435 	0.98653 	0.99641 	0.97428 	0.98046 	0.99165 	0.97506 	0.99082 	0.99632 	-0.13005 	-0.12389 	-0.13667 	0.02473 	0.00000 	0.29885 	-0.13057 	-0.15444 	0.01894 	-0.16946 	0.19297 	0.30022 	-0.04300 	-0.04097 	-0.04519 	0.01594 	0.00000 	0.11388 	-0.04317 	-0.05107 	0.01015 	-0.05603 	0.06381 	0.11525 	0.00936	0.03959
Replication146	 -1.42556	0.99601	0.98065 	0.98388 	0.98780 	0.98470 	0.98837 	0.99652 	0.97410 	0.98162 	0.99167 	0.97721 	0.98955 	0.99647 	-0.13780 	-0.13675 	-0.15595 	0.02441 	0.03966 	0.29616 	-0.15115 	-0.13369 	0.01889 	-0.11878 	0.14719 	0.29705 	-0.04556 	-0.04521 	-0.05156 	0.01571 	0.01311 	0.11302 	-0.04997 	-0.04420 	0.01019 	-0.03927 	0.04867 	0.11391 	0.01075	0.03882
Replication147	 0.00039	0.99461	0.97355 	0.97733 	0.98210 	0.97818 	0.98065 	0.99243 	0.96018 	0.97022 	0.98424 	0.96290 	0.97478 	0.99135 	-0.14642 	-0.15110 	-0.15251 	0.03111 	0.00000 	0.39047 	-0.15985 	-0.14003 	0.02630 	-0.16925 	0.05663 	0.40690 	-0.04855 	-0.05010 	-0.05056 	0.01935 	0.00000 	0.14303 	-0.05300 	-0.04643 	0.01454 	-0.05612 	0.01877 	0.15946 	0.00776	0.05040
Replication148	 -1.41154	0.99620	0.97740 	0.98154 	0.98724 	0.98206 	0.98481 	0.99612 	0.97543 	0.98312 	0.99309 	0.97843 	0.99698 	0.99718 	-0.15100 	-0.14842 	-0.14760 	0.02631 	0.00000 	0.29812 	-0.18074 	-0.14595 	0.01756 	-0.15466 	0.29308 	0.28203 	-0.04991 	-0.04905 	-0.04878 	0.01800 	0.00000 	0.12335 	-0.05974 	-0.04824 	0.00926 	-0.05112 	0.09687 	0.10725 	0.01127	0.04789
Replication149	 0.00023	0.99477	0.96720 	0.97436 	0.98139 	0.97426 	0.97774 	0.99202 	0.96652 	0.97423 	0.98572 	0.96863 	0.97970 	0.99239 	-0.20870 	-0.15414 	-0.14985 	0.03405 	0.00000 	0.39325 	-0.13341 	-0.14454 	0.02496 	-0.14008 	0.07910 	0.38756 	-0.06917 	-0.05109 	-0.04967 	0.02262 	0.00000 	0.15281 	-0.04422 	-0.04791 	0.01353 	-0.04643 	0.02622 	0.14711 	0.01181	0.05380
Replication150	 -1.40571	0.99613	0.97739 	0.98196 	0.98714 	0.98236 	0.98578 	0.99615 	0.97668 	0.98321 	0.99271 	0.97885 	0.99488 	0.99703 	-0.16108 	-0.14100 	-0.15652 	0.02613 	0.01953 	0.29899 	-0.15095 	-0.14447 	0.01792 	-0.14272 	0.23631 	0.28567 	-0.05324 	-0.04661 	-0.05174 	0.01769 	0.00646 	0.12140 	-0.04990 	-0.04775 	0.00948 	-0.04717 	0.07811 	0.10808 	0.01218	0.04482
Replication151	 -1.39265	0.99666	0.97981 	0.98310 	0.98850 	0.98382 	0.98644 	0.99721 	0.98291 	0.98771 	0.99562 	0.98469 	1.00247 	0.99895 	-0.13850 	-0.15127 	-0.15926 	0.02440 	0.00000 	0.27080 	-0.14325 	-0.15732 	0.01504 	-0.13038 	0.31192 	0.24438 	-0.04573 	-0.04995 	-0.05259 	0.01711 	0.00000 	0.11745 	-0.04730 	-0.05195 	0.00776 	-0.04305 	0.10300 	0.09104 	0.01343	0.04578
Replication152	 -1.40055	0.99624	0.97597 	0.98109 	0.98701 	0.98128 	0.98421 	0.99605 	0.97818 	0.98410 	0.99349 	0.98000 	0.99847 	0.99745 	-0.16812 	-0.14249 	-0.15213 	0.02687 	0.00000 	0.29804 	-0.15429 	-0.16026 	0.01719 	-0.15254 	0.29860 	0.27681 	-0.05556 	-0.04709 	-0.05027 	0.01867 	0.00000 	0.12546 	-0.05099 	-0.05296 	0.00899 	-0.05041 	0.09868 	0.10424 	0.01232	0.04875
Replication153	 -1.41676	0.99526	0.97267 	0.97755 	0.98384 	0.97806 	0.98109 	0.99367 	0.96963 	0.97593 	0.98836 	0.97055 	0.98708 	0.99395 	-0.16786 	-0.15980 	-0.14701 	0.03049 	0.00000 	0.35666 	-0.13591 	-0.18917 	0.02233 	-0.17099 	0.19823 	0.35253 	-0.05558 	-0.05291 	-0.04868 	0.02015 	0.00000 	0.13904 	-0.04500 	-0.06264 	0.01199 	-0.05662 	0.06564 	0.13492 	0.01050	0.05030
Replication154	 -1.41166	0.99587	0.97771 	0.98076 	0.98664 	0.98175 	0.98459 	0.99556 	0.97414 	0.98150 	0.99141 	0.97705 	0.99106 	0.99621 	-0.13568 	-0.16563 	-0.14034 	0.02691 	0.00340 	0.31403 	-0.15566 	-0.13905 	0.01925 	-0.12921 	0.18608 	0.30420 	-0.04487 	-0.05478 	-0.04641 	0.01790 	0.00113 	0.12438 	-0.05148 	-0.04599 	0.01023 	-0.04273 	0.06154 	0.11456 	0.01170	0.04348
Replication155	 0.00001	0.99499	0.97613 	0.98018 	0.98509 	0.98095 	0.98488 	0.99411 	0.96173 	0.97145 	0.98604 	0.96485 	0.97724 	0.99255 	-0.15025 	-0.14744 	-0.12521 	0.02850 	0.03798 	0.35632 	-0.16487 	-0.16414 	0.02446 	-0.15671 	0.07657 	0.38002 	-0.04978 	-0.04885 	-0.04148 	0.01756 	0.01258 	0.12626 	-0.05462 	-0.05438 	0.01353 	-0.05192 	0.02537 	0.14996 	0.00477	0.04423
Replication156	 -1.40062	0.99633	0.97738 	0.98141 	0.98749 	0.98202 	0.98508 	0.99635 	0.97842 	0.98493 	0.99392 	0.98110 	0.99881 	0.99778 	-0.15287 	-0.15759 	-0.14958 	0.02619 	0.00475 	0.29145 	-0.16521 	-0.15067 	0.01675 	-0.13785 	0.29247 	0.26970 	-0.05051 	-0.05207 	-0.04942 	0.01818 	0.00157 	0.12297 	-0.05459 	-0.04978 	0.00874 	-0.04555 	0.09663 	0.10122 	0.01244	0.04741
Replication157	 0.00007	0.99493	0.97539 	0.97976 	0.98371 	0.98028 	0.98314 	0.99356 	0.96219 	0.97178 	0.98581 	0.96507 	0.97809 	0.99236 	-0.15265 	-0.12921 	-0.15371 	0.02910 	0.01539 	0.36605 	-0.16422 	-0.15676 	0.02471 	-0.16323 	0.09299 	0.38428 	-0.05058 	-0.04281 	-0.05093 	0.01802 	0.00510 	0.13302 	-0.05441 	-0.05194 	0.01364 	-0.05409 	0.03081 	0.15125 	0.00724	0.04709
Replication158	 -1.44180	0.99509	0.97601 	0.98062 	0.98409 	0.98104 	0.98422 	0.99400 	0.96513 	0.97332 	0.98667 	0.96671 	0.97996 	0.99296 	-0.15824 	-0.12152 	-0.16536 	0.02833 	0.02636 	0.35576 	-0.14080 	-0.15589 	0.02386 	-0.17174 	0.09931 	0.37153 	-0.05241 	-0.04025 	-0.05477 	0.01760 	0.00873 	0.13012 	-0.04664 	-0.05164 	0.01314 	-0.05689 	0.03290 	0.14590 	0.00839	0.04578
Replication159	 -1.38104	0.99634	0.97659 	0.98089 	0.98694 	0.98141 	0.98433 	0.99615 	0.98115 	0.98624 	0.99409 	0.98281 	0.99917 	0.99797 	-0.15901 	-0.15612 	-0.16107 	0.02666 	0.00000 	0.29430 	-0.13687 	-0.14415 	0.01661 	-0.13173 	0.27024 	0.26669 	-0.05254 	-0.05158 	-0.05322 	0.01868 	0.00000 	0.12620 	-0.04522 	-0.04763 	0.00862 	-0.04352 	0.08929 	0.09859 	0.01444	0.04766
Replication160	 -1.43548	0.99523	0.97636 	0.97977 	0.98468 	0.98061 	0.98306 	0.99416 	0.96630 	0.97515 	0.98774 	0.96926 	0.98274 	0.99368 	-0.13741 	-0.14912 	-0.14421 	0.02851 	0.00000 	0.35005 	-0.16284 	-0.15178 	0.02285 	-0.15084 	0.12845 	0.35729 	-0.04550 	-0.04938 	-0.04775 	0.01809 	0.00000 	0.13097 	-0.05392 	-0.05026 	0.01244 	-0.04995 	0.04253 	0.13821 	0.00907	0.04548
Replication161	 0.00019	0.99481	0.97245 	0.97713 	0.98213 	0.97768 	0.98033 	0.99267 	0.96525 	0.97314 	0.98566 	0.96762 	0.97886 	0.99231 	-0.16382 	-0.14663 	-0.16458 	0.03129 	0.00000 	0.38230 	-0.13851 	-0.16282 	0.02496 	-0.13768 	0.07699 	0.38772 	-0.05429 	-0.04859 	-0.05454 	0.01997 	0.00000 	0.14399 	-0.04590 	-0.05396 	0.01363 	-0.04563 	0.02551 	0.14942 	0.01079	0.04959
Replication162	 -1.43625	0.99535	0.97628 	0.97998 	0.98533 	0.98073 	0.98331 	0.99449 	0.96755 	0.97630 	0.98844 	0.97078 	0.98391 	0.99418 	-0.14128 	-0.15022 	-0.13436 	0.02828 	0.00000 	0.34230 	-0.16390 	-0.14912 	0.02217 	-0.14110 	0.13108 	0.34706 	-0.04677 	-0.04973 	-0.04448 	0.01813 	0.00000 	0.12868 	-0.05426 	-0.04937 	0.01202 	-0.04671 	0.04339 	0.13343 	0.00910	0.04432
Replication163	 -1.40719	0.99645	0.97825 	0.98244 	0.98880 	0.98291 	0.98582 	0.99695 	0.98076 	0.98646 	0.99450 	0.98191 	0.99761 	0.99834 	-0.14985 	-0.15216 	-0.12751 	0.02536 	0.00000 	0.27972 	-0.13201 	-0.11355 	0.01617 	-0.15233 	0.23524 	0.25864 	-0.04950 	-0.05026 	-0.04212 	0.01760 	0.00000 	0.11643 	-0.04361 	-0.03751 	0.00841 	-0.05032 	0.07771 	0.09535 	0.01229	0.04217
Replication164	 -1.38783	0.99609	0.97554 	0.97949 	0.98616 	0.98026 	0.98341 	0.99549 	0.97840 	0.98396 	0.99283 	0.97972 	0.99677 	0.99707 	-0.15661 	-0.17277 	-0.15387 	0.02785 	0.00188 	0.31004 	-0.13915 	-0.14688 	0.01788 	-0.15166 	0.26359 	0.28609 	-0.05177 	-0.05711 	-0.05087 	0.01931 	0.00062 	0.13049 	-0.04600 	-0.04855 	0.00935 	-0.05014 	0.08714 	0.10654 	0.01360	0.04901
Replication165	 -1.41746	0.99637	0.97916 	0.98300 	0.98878 	0.98353 	0.98623 	0.99694 	0.97836 	0.98499 	0.99400 	0.98054 	0.99667 	0.99795 	-0.14172 	-0.14601 	-0.12953 	0.02495 	0.00000 	0.28166 	-0.15255 	-0.12934 	0.01665 	-0.14498 	0.24324 	0.26637 	-0.04682 	-0.04824 	-0.04280 	0.01702 	0.00000 	0.11495 	-0.05040 	-0.04273 	0.00873 	-0.04790 	0.08036 	0.09966 	0.01127	0.04184
Replication166	 -1.40440	0.99608	0.97850 	0.98159 	0.98735 	0.98249 	0.98516 	0.99610 	0.97828 	0.98345 	0.99263 	0.98047 	0.99390 	0.99703 	-0.13457 	-0.16032 	-0.14208 	0.02609 	0.00000 	0.30112 	-0.12933 	-0.16894 	0.01806 	-0.10539 	0.19578 	0.28694 	-0.04449 	-0.05300 	-0.04697 	0.01753 	0.00000 	0.12098 	-0.04275 	-0.05585 	0.00949 	-0.03484 	0.06472 	0.10680 	0.01263	0.04164
Replication167	 -1.41551	0.99631	0.97916 	0.98361 	0.98815 	0.98387 	0.98664 	0.99679 	0.97690 	0.98385 	0.99353 	0.97979 	0.99649 	0.99755 	-0.15152 	-0.12430 	-0.15251 	0.02475 	0.00893 	0.28529 	-0.16583 	-0.15083 	0.01709 	-0.13566 	0.25954 	0.27373 	-0.05007 	-0.04107 	-0.05039 	0.01669 	0.00295 	0.11573 	-0.05479 	-0.04984 	0.00903 	-0.04483 	0.08576 	0.10417 	0.01132	0.04333
Replication168	 -1.40936	0.99540	0.97650 	0.97990 	0.98429 	0.98073 	0.98308 	0.99428 	0.97014 	0.97722 	0.98873 	0.97103 	0.98611 	0.99433 	-0.14059 	-0.14519 	-0.16961 	0.02823 	0.00000 	0.34440 	-0.13436 	-0.14274 	0.02189 	-0.17869 	0.16143 	0.34365 	-0.04654 	-0.04806 	-0.05615 	0.01819 	0.00000 	0.13297 	-0.04448 	-0.04725 	0.01184 	-0.05915 	0.05344 	0.13221 	0.01158	0.04702
Replication169	 -1.40384	0.99617	0.97721 	0.98122 	0.98698 	0.98181 	0.98459 	0.99601 	0.97775 	0.98331 	0.99311 	0.97936 	0.99738 	0.99718 	-0.15056 	-0.15263 	-0.15205 	0.02653 	0.00000 	0.30036 	-0.14709 	-0.17260 	0.01757 	-0.14888 	0.28467 	0.28253 	-0.04976 	-0.05045 	-0.05025 	0.01817 	0.00000 	0.12445 	-0.04862 	-0.05705 	0.00922 	-0.04921 	0.09409 	0.10662 	0.01213	0.04721
Replication170	 -1.41506	0.99564	0.97665 	0.98103 	0.98566 	0.98143 	0.98390 	0.99505 	0.97253 	0.97906 	0.99010 	0.97381 	0.98871 	0.99526 	-0.15194 	-0.13195 	-0.15548 	0.02741 	0.00000 	0.32706 	-0.13448 	-0.15435 	0.02054 	-0.15892 	0.17699 	0.32388 	-0.05027 	-0.04366 	-0.05144 	0.01789 	0.00000 	0.12690 	-0.04450 	-0.05107 	0.01102 	-0.05258 	0.05856 	0.12371 	0.01124	0.04457
Replication171	 -1.40196	0.99518	0.97382 	0.97736 	0.98344 	0.97837 	0.98127 	0.99349 	0.96913 	0.97701 	0.98778 	0.97195 	0.98316 	0.99381 	-0.14961 	-0.17408 	-0.15387 	0.03034 	0.00068 	0.36141 	-0.14400 	-0.13706 	0.02288 	-0.12645 	0.10097 	0.35653 	-0.04955 	-0.05765 	-0.05096 	0.01981 	0.00022 	0.13995 	-0.04769 	-0.04539 	0.01236 	-0.04188 	0.03344 	0.13508 	0.01227	0.04776
Replication172	 -1.40745	0.99560	0.97773 	0.98052 	0.98511 	0.98154 	0.98390 	0.99483 	0.97191 	0.97884 	0.98991 	0.97380 	0.98892 	0.99510 	-0.13109 	-0.15297 	-0.16665 	0.02736 	0.00000 	0.33134 	-0.14547 	-0.15822 	0.02073 	-0.15188 	0.18780 	0.32714 	-0.04338 	-0.05062 	-0.05514 	0.01776 	0.00000 	0.12942 	-0.04813 	-0.05235 	0.01113 	-0.05026 	0.06214 	0.12523 	0.01190	0.04580
Replication173	 -1.41131	0.99566	0.97636 	0.97996 	0.98555 	0.98076 	0.98345 	0.99490 	0.97227 	0.97958 	0.99023 	0.97380 	0.98913 	0.99537 	-0.14437 	-0.15746 	-0.14843 	0.02792 	0.00000 	0.32902 	-0.14495 	-0.13186 	0.02042 	-0.16862 	0.18492 	0.32192 	-0.04777 	-0.05210 	-0.04911 	0.01844 	0.00000 	0.12944 	-0.04796 	-0.04363 	0.01093 	-0.05579 	0.06118 	0.12234 	0.01149	0.04598
Replication174	 -1.45060	0.99524	0.97677 	0.97957 	0.98519 	0.98069 	0.98326 	0.99428 	0.96592 	0.97433 	0.98786 	0.96872 	0.98359 	0.99367 	-0.12769 	-0.16469 	-0.12765 	0.02844 	0.00000 	0.34806 	-0.16448 	-0.18199 	0.02275 	-0.15361 	0.15591 	0.35739 	-0.04228 	-0.05454 	-0.04227 	0.01804 	0.00000 	0.12924 	-0.05447 	-0.06026 	0.01236 	-0.05087 	0.05163 	0.13857 	0.00756	0.04515
Replication175	 -1.42545	0.99543	0.97764 	0.97981 	0.98477 	0.98115 	0.98382 	0.99446 	0.96907 	0.97614 	0.98896 	0.97088 	0.98788 	0.99432 	-0.12364 	-0.16830 	-0.15949 	0.02786 	0.00675 	0.34093 	-0.15412 	-0.19266 	0.02167 	-0.16478 	0.21291 	0.34298 	-0.04093 	-0.05571 	-0.05279 	0.01788 	0.00223 	0.13095 	-0.05101 	-0.06377 	0.01170 	-0.05454 	0.07047 	0.13300 	0.00989	0.04748
Replication176	 -1.41545	0.99599	0.97589 	0.98071 	0.98724 	0.98106 	0.98408 	0.99581 	0.97664 	0.98241 	0.99219 	0.97753 	0.99323 	0.99670 	-0.16090 	-0.15195 	-0.12606 	0.02732 	0.00000 	0.30750 	-0.12879 	-0.14304 	0.01850 	-0.15955 	0.21178 	0.29392 	-0.05320 	-0.05024 	-0.04168 	0.01857 	0.00000 	0.12347 	-0.04258 	-0.04729 	0.00975 	-0.05275 	0.07002 	0.10989 	0.01127	0.04395
Replication177	 -1.39342	0.99544	0.97575 	0.97887 	0.98372 	0.97989 	0.98240 	0.99405 	0.97015 	0.97822 	0.98909 	0.97284 	0.98793 	0.99455 	-0.14179 	-0.15994 	-0.17925 	0.02885 	0.00000 	0.34689 	-0.16248 	-0.14166 	0.02156 	-0.15198 	0.18756 	0.33929 	-0.04693 	-0.05294 	-0.05933 	0.01890 	0.00000 	0.13745 	-0.05378 	-0.04689 	0.01160 	-0.05031 	0.06208 	0.12986 	0.01295	0.04971
Replication178	 -1.41425	0.99503	0.97498 	0.97775 	0.98290 	0.97897 	0.98152 	0.99323 	0.96592 	0.97426 	0.98689 	0.96935 	0.98264 	0.99304 	-0.13567 	-0.16920 	-0.16551 	0.03002 	0.00000 	0.36870 	-0.16391 	-0.17954 	0.02375 	-0.12914 	0.13802 	0.37163 	-0.04495 	-0.05605 	-0.05483 	0.01917 	0.00000 	0.14043 	-0.05430 	-0.05948 	0.01290 	-0.04278 	0.04572 	0.14336 	0.01086	0.04921
Replication179	 -1.40758	0.99658	0.98113 	0.98383 	0.98909 	0.98471 	0.98719 	0.99739 	0.98184 	0.98659 	0.99510 	0.98277 	0.99993 	0.99865 	-0.12504 	-0.15134 	-0.14520 	0.02378 	0.00000 	0.27007 	-0.12958 	-0.14911 	0.01555 	-0.14803 	0.27570 	0.25094 	-0.04130 	-0.04998 	-0.04795 	0.01631 	0.00000 	0.11291 	-0.04280 	-0.04924 	0.00808 	-0.04889 	0.09105 	0.09378 	0.01227	0.04198
Replication180	 -1.40009	0.99563	0.97487 	0.97939 	0.98480 	0.97998 	0.98347 	0.99464 	0.97255 	0.97947 	0.99013 	0.97496 	0.99007 	0.99525 	-0.16566 	-0.15374 	-0.16698 	0.02858 	0.01850 	0.33366 	-0.15168 	-0.16222 	0.02053 	-0.13894 	0.20107 	0.32447 	-0.05481 	-0.05087 	-0.05525 	0.01903 	0.00612 	0.13273 	-0.05019 	-0.05368 	0.01098 	-0.04597 	0.06653 	0.12354 	0.01242	0.04815
Replication181	 -1.41777	0.99550	0.97396 	0.97881 	0.98496 	0.97925 	0.98221 	0.99440 	0.97057 	0.97786 	0.98958 	0.97344 	0.98909 	0.99481 	-0.16464 	-0.15380 	-0.14225 	0.02929 	0.00000 	0.34013 	-0.16173 	-0.18386 	0.02110 	-0.13636 	0.20760 	0.33392 	-0.05449 	-0.05090 	-0.04708 	0.01947 	0.00000 	0.13347 	-0.05353 	-0.06085 	0.01128 	-0.04513 	0.06871 	0.12726 	0.01060	0.04820
Replication182	 -1.41647	0.99630	0.98090 	0.98407 	0.98804 	0.98470 	0.98685 	0.99680 	0.97610 	0.98340 	0.99337 	0.97873 	0.99627 	0.99742 	-0.12887 	-0.12801 	-0.15927 	0.02410 	0.00000 	0.28545 	-0.16898 	-0.14396 	0.01723 	-0.15223 	0.26731 	0.27601 	-0.04259 	-0.04230 	-0.05263 	0.01601 	0.00000 	0.11530 	-0.05584 	-0.04757 	0.00914 	-0.05030 	0.08833 	0.10586 	0.01121	0.04343
Replication183	 -1.43739	0.99531	0.97663 	0.98039 	0.98531 	0.98106 	0.98352 	0.99449 	0.96833 	0.97613 	0.98810 	0.96956 	0.98225 	0.99402 	-0.14042 	-0.14233 	-0.13617 	0.02807 	0.00000 	0.34332 	-0.13187 	-0.12907 	0.02249 	-0.17130 	0.09770 	0.35047 	-0.04649 	-0.04712 	-0.04508 	0.01782 	0.00000 	0.12774 	-0.04366 	-0.04273 	0.01224 	-0.05671 	0.03235 	0.13489 	0.00910	0.04323
Replication184	 -1.41197	0.99617	0.97705 	0.98126 	0.98759 	0.98179 	0.98472 	0.99617 	0.97820 	0.98347 	0.99310 	0.97893 	0.99610 	0.99725 	-0.15203 	-0.15568 	-0.13342 	0.02655 	0.00000 	0.29807 	-0.13071 	-0.15496 	0.01759 	-0.16174 	0.25318 	0.28161 	-0.05025 	-0.05146 	-0.04410 	0.01818 	0.00000 	0.12191 	-0.04320 	-0.05122 	0.00922 	-0.05346 	0.08368 	0.10545 	0.01154	0.04475
Replication185	 -1.39773	0.99673	0.97894 	0.98322 	0.98898 	0.98359 	0.98637 	0.99740 	0.98202 	0.98834 	0.99594 	0.98516 	1.00259 	0.99921 	-0.15240 	-0.14309 	-0.14798 	0.02451 	0.00000 	0.26636 	-0.16839 	-0.13501 	0.01471 	-0.12198 	0.31151 	0.23885 	-0.05031 	-0.04724 	-0.04885 	0.01737 	0.00000 	0.11619 	-0.05559 	-0.04457 	0.00758 	-0.04027 	0.10284 	0.08868 	0.01290	0.04581
Replication186	 -1.41754	0.99634	0.98146 	0.98402 	0.98849 	0.98522 	0.98983 	0.99715 	0.97735 	0.98398 	0.99346 	0.97959 	0.99498 	0.99759 	-0.13634 	-0.15926 	-0.16350 	0.02364 	0.06042 	0.27901 	-0.14951 	-0.13733 	0.01711 	-0.13990 	0.22188 	0.27241 	-0.04505 	-0.05262 	-0.05402 	0.01566 	0.01996 	0.11103 	-0.04940 	-0.04537 	0.00913 	-0.04622 	0.07331 	0.10443 	0.01136	0.04083
Replication187	 -1.41816	0.99565	0.97616 	0.98070 	0.98594 	0.98111 	0.98388 	0.99510 	0.97222 	0.97939 	0.99018 	0.97429 	0.98832 	0.99536 	-0.15580 	-0.13924 	-0.14446 	0.02765 	0.00326 	0.32608 	-0.14418 	-0.14500 	0.02046 	-0.14653 	0.16470 	0.32208 	-0.05155 	-0.04607 	-0.04780 	0.01817 	0.00108 	0.12646 	-0.04770 	-0.04797 	0.01097 	-0.04848 	0.05449 	0.12246 	0.01098	0.04405
Replication188	 -1.42978	0.99577	0.97934 	0.98194 	0.98671 	0.98318 	0.98723 	0.99573 	0.97236 	0.97915 	0.99051 	0.97385 	0.98865 	0.99556 	-0.13433 	-0.16314 	-0.15380 	0.02589 	0.04383 	0.31380 	-0.13845 	-0.15535 	0.02007 	-0.15767 	0.17278 	0.31641 	-0.04443 	-0.05396 	-0.05088 	0.01665 	0.01450 	0.11949 	-0.04580 	-0.05139 	0.01083 	-0.05216 	0.05715 	0.12210 	0.00999	0.04210
Replication189	 -1.42608	0.99534	0.97720 	0.98004 	0.98465 	0.98109 	0.98360 	0.99434 	0.96837 	0.97586 	0.98838 	0.97035 	0.98527 	0.99404 	-0.13109 	-0.15380 	-0.15787 	0.02801 	0.00430 	0.34490 	-0.14911 	-0.17231 	0.02223 	-0.15806 	0.16334 	0.34947 	-0.04340 	-0.05092 	-0.05227 	0.01783 	0.00143 	0.13064 	-0.04937 	-0.05705 	0.01205 	-0.05233 	0.05408 	0.13521 	0.00998	0.04590
Replication190	 -1.39351	0.99630	0.97621 	0.98075 	0.98745 	0.98121 	0.98430 	0.99622 	0.98118 	0.98564 	0.99394 	0.98195 	0.99829 	0.99787 	-0.16111 	-0.16018 	-0.14129 	0.02686 	0.00000 	0.29421 	-0.12172 	-0.15089 	0.01677 	-0.14264 	0.25750 	0.26916 	-0.05324 	-0.05293 	-0.04669 	0.01879 	0.00000 	0.12426 	-0.04022 	-0.04986 	0.00870 	-0.04713 	0.08509 	0.09921 	0.01332	0.04598
Replication191	 -1.40756	0.99547	0.97595 	0.97971 	0.98433 	0.98043 	0.98289 	0.99435 	0.97119 	0.97742 	0.98928 	0.97255 	0.98885 	0.99458 	-0.14726 	-0.14538 	-0.17137 	0.02839 	0.00000 	0.34172 	-0.13988 	-0.18702 	0.02137 	-0.15821 	0.20782 	0.33815 	-0.04874 	-0.04812 	-0.05672 	0.01850 	0.00000 	0.13359 	-0.04630 	-0.06190 	0.01148 	-0.05237 	0.06879 	0.13001 	0.01165	0.04822
Replication192	 -1.41706	0.99556	0.97375 	0.97823 	0.98506 	0.97893 	0.98249 	0.99444 	0.97054 	0.97841 	0.98989 	0.97310 	0.98993 	0.99502 	-0.16459 	-0.17235 	-0.13903 	0.02948 	0.01088 	0.33805 	-0.16791 	-0.15966 	0.02079 	-0.16003 	0.22458 	0.32928 	-0.05447 	-0.05703 	-0.04601 	0.01979 	0.00360 	0.13428 	-0.05557 	-0.05283 	0.01110 	-0.05296 	0.07432 	0.12551 	0.01052	0.04974
Replication193	 -1.45764	0.99516	0.97582 	0.97982 	0.98492 	0.98045 	0.98299 	0.99412 	0.96474 	0.97316 	0.98735 	0.96661 	0.98271 	0.99328 	-0.14366 	-0.14321 	-0.13071 	0.02871 	0.00056 	0.35221 	-0.15925 	-0.17875 	0.02324 	-0.18248 	0.16161 	0.36500 	-0.04758 	-0.04743 	-0.04329 	0.01815 	0.00018 	0.12989 	-0.05274 	-0.05920 	0.01268 	-0.06044 	0.05352 	0.14268 	0.00672	0.04643
Replication194	 -1.42835	0.99505	0.97046 	0.97720 	0.98333 	0.97703 	0.98015 	0.99320 	0.96533 	0.97412 	0.98704 	0.96836 	0.98312 	0.99312 	-0.19335 	-0.13584 	-0.13990 	0.03155 	0.00000 	0.36883 	-0.16924 	-0.16780 	0.02361 	-0.15416 	0.15702 	0.37007 	-0.06405 	-0.04500 	-0.04634 	0.02073 	0.00000 	0.14133 	-0.05606 	-0.05559 	0.01280 	-0.05107 	0.05202 	0.14256 	0.00921	0.05133
Replication195	 -1.41135	0.99568	0.97610 	0.98033 	0.98561 	0.98086 	0.98351 	0.99498 	0.97176 	0.97973 	0.99033 	0.97407 	0.98930 	0.99543 	-0.15254 	-0.14494 	-0.15138 	0.02781 	0.00000 	0.32719 	-0.15817 	-0.12803 	0.02031 	-0.16059 	0.18859 	0.32028 	-0.05047 	-0.04795 	-0.05008 	0.01839 	0.00000 	0.12890 	-0.05233 	-0.04236 	0.01089 	-0.05313 	0.06240 	0.12198 	0.01146	0.04622
Replication196	 -1.39542	0.99554	0.97396 	0.97853 	0.98449 	0.97910 	0.98213 	0.99432 	0.97347 	0.97953 	0.98985 	0.97476 	0.98927 	0.99510 	-0.16451 	-0.15844 	-0.15855 	0.02936 	0.00286 	0.34039 	-0.12951 	-0.15560 	0.02084 	-0.14846 	0.18012 	0.32859 	-0.05444 	-0.05243 	-0.05247 	0.01964 	0.00095 	0.13571 	-0.04286 	-0.05149 	0.01111 	-0.04913 	0.05961 	0.12391 	0.01291	0.04809
Replication197	 -1.42062	0.99664	0.98213 	0.98557 	0.98983 	0.98629 	0.99054 	0.99800 	0.97990 	0.98623 	0.99503 	0.98256 	0.99816 	0.99866 	-0.14344 	-0.13795 	-0.15571 	0.02246 	0.05180 	0.25924 	-0.15380 	-0.13983 	0.01553 	-0.12533 	0.24661 	0.24921 	-0.04737 	-0.04555 	-0.05142 	0.01513 	0.01711 	0.10505 	-0.05079 	-0.04617 	0.00820 	-0.04139 	0.08143 	0.09502 	0.01121	0.03926
Replication198	 -1.39583	0.99547	0.97318 	0.97792 	0.98379 	0.97845 	0.98138 	0.99394 	0.97125 	0.97838 	0.98942 	0.97319 	0.98968 	0.99471 	-0.16822 	-0.15713 	-0.16608 	0.02996 	0.00000 	0.34792 	-0.15380 	-0.16029 	0.02127 	-0.16070 	0.21821 	0.33633 	-0.05568 	-0.05201 	-0.05497 	0.02007 	0.00000 	0.13965 	-0.05091 	-0.05305 	0.01137 	-0.05319 	0.07223 	0.12807 	0.01252	0.05158
Replication199	 -1.40004	0.99534	0.97413 	0.97789 	0.98373 	0.97885 	0.98225 	0.99386 	0.97115 	0.97745 	0.98872 	0.97269 	0.98708 	0.99429 	-0.15639 	-0.17166 	-0.16514 	0.02978 	0.01418 	0.35208 	-0.13336 	-0.17322 	0.02196 	-0.14574 	0.16964 	0.34552 	-0.05177 	-0.05683 	-0.05467 	0.01961 	0.00469 	0.13810 	-0.04415 	-0.05735 	0.01179 	-0.04825 	0.05616 	0.13155 	0.01236	0.04888
Replication200	 -1.43102	0.99655	0.98411 	0.98614 	0.99042 	0.98707 	0.98913 	0.99803 	0.98016 	0.98576 	0.99468 	0.98195 	0.99592 	0.99849 	-0.10434 	-0.13507 	-0.12890 	0.02194 	0.00000 	0.26100 	-0.13043 	-0.13821 	0.01591 	-0.12617 	0.19977 	0.25391 	-0.03446 	-0.04461 	-0.04257 	0.01441 	0.00000 	0.10254 	-0.04308 	-0.04565 	0.00838 	-0.04167 	0.06598 	0.09544 	0.01060	0.03472
Replication201	 -1.45899	0.99608	0.98350 	0.98558 	0.98918 	0.98664 	0.98959 	0.99714 	0.97161 	0.98029 	0.99178 	0.97467 	0.98921 	0.99648 	-0.10950 	-0.13362 	-0.13353 	0.02280 	0.02808 	0.28527 	-0.16882 	-0.13134 	0.01872 	-0.15141 	0.17046 	0.29532 	-0.03620 	-0.04417 	-0.04414 	0.01424 	0.00928 	0.10520 	-0.05581 	-0.04342 	0.01016 	-0.05005 	0.05635 	0.11525 	0.00756	0.03670
Replication202	 -1.40568	0.99513	0.97259 	0.97695 	0.98315 	0.97769 	0.98066 	0.99327 	0.96793 	0.97615 	0.98751 	0.97052 	0.98338 	0.99356 	-0.16212 	-0.16715 	-0.15288 	0.03094 	0.00000 	0.36599 	-0.15139 	-0.13936 	0.02315 	-0.14613 	0.12563 	0.36162 	-0.05369 	-0.05536 	-0.05063 	0.02030 	0.00000 	0.14205 	-0.05014 	-0.04616 	0.01251 	-0.04840 	0.04161 	0.13768 	0.01169	0.04976
Replication203	 -1.38830	0.99630	0.97631 	0.98119 	0.98691 	0.98150 	0.98469 	0.99613 	0.97917 	0.98539 	0.99372 	0.98064 	0.99818 	0.99771 	-0.16792 	-0.14582 	-0.16244 	0.02663 	0.00810 	0.29546 	-0.14798 	-0.12062 	0.01694 	-0.16229 	0.27480 	0.27153 	-0.05549 	-0.04818 	-0.05368 	0.01856 	0.00268 	0.12556 	-0.04890 	-0.03986 	0.00887 	-0.05363 	0.09080 	0.10162 	0.01362	0.04836
Replication204	 -1.39113	0.99568	0.97692 	0.97999 	0.98442 	0.98104 	0.98416 	0.99470 	0.97218 	0.97967 	0.99026 	0.97476 	0.99099 	0.99530 	-0.14453 	-0.15752 	-0.19022 	0.02768 	0.01859 	0.33160 	-0.16284 	-0.15253 	0.02037 	-0.15003 	0.22379 	0.32241 	-0.04782 	-0.05212 	-0.06293 	0.01824 	0.00615 	0.13306 	-0.05387 	-0.05046 	0.01093 	-0.04964 	0.07404 	0.12386 	0.01322	0.04944
Replication205	 -1.45255	0.99548	0.97963 	0.98227 	0.98635 	0.98329 	0.98608 	0.99525 	0.96718 	0.97600 	0.98877 	0.97007 	0.98381 	0.99439 	-0.12276 	-0.14254 	-0.14127 	0.02611 	0.01766 	0.32779 	-0.16323 	-0.15164 	0.02177 	-0.15353 	0.13302 	0.34089 	-0.04063 	-0.04718 	-0.04676 	0.01624 	0.00585 	0.12001 	-0.05403 	-0.05019 	0.01190 	-0.05081 	0.04403 	0.13311 	0.00773	0.04153
Replication206	 -1.42231	0.99538	0.97695 	0.97981 	0.98477 	0.98094 	0.98398 	0.99443 	0.96958 	0.97652 	0.98867 	0.97117 	0.98580 	0.99425 	-0.13555 	-0.16228 	-0.15766 	0.02808 	0.01500 	0.34247 	-0.13942 	-0.17137 	0.02196 	-0.15687 	0.16014 	0.34512 	-0.04487 	-0.05372 	-0.05219 	0.01800 	0.00497 	0.13035 	-0.04616 	-0.05673 	0.01187 	-0.05193 	0.05301 	0.13301 	0.01040	0.04561
Replication207	 -1.41244	0.99532	0.97220 	0.97783 	0.98403 	0.97804 	0.98110 	0.99381 	0.96985 	0.97694 	0.98859 	0.97121 	0.98665 	0.99419 	-0.17844 	-0.14882 	-0.14649 	0.03045 	0.00000 	0.35340 	-0.14161 	-0.15726 	0.02209 	-0.16902 	0.17715 	0.34756 	-0.05908 	-0.04927 	-0.04850 	0.02023 	0.00000 	0.13831 	-0.04688 	-0.05207 	0.01186 	-0.05596 	0.05865 	0.13247 	0.01099	0.04976
Replication208	 -1.41238	0.99596	0.97805 	0.98150 	0.98695 	0.98225 	0.98486 	0.99582 	0.97514 	0.98189 	0.99186 	0.97759 	0.99239 	0.99648 	-0.13886 	-0.15205 	-0.14336 	0.02641 	0.00000 	0.30809 	-0.14975 	-0.14970 	0.01879 	-0.13354 	0.20419 	0.29811 	-0.04591 	-0.05028 	-0.04740 	0.01759 	0.00000 	0.12242 	-0.04952 	-0.04950 	0.00997 	-0.04416 	0.06752 	0.11245 	0.01166	0.04318
Replication209	 -1.42028	0.99575	0.97676 	0.97991 	0.98628 	0.98092 	0.98377 	0.99518 	0.97110 	0.98016 	0.99070 	0.97449 	0.98968 	0.99571 	-0.13739 	-0.17200 	-0.13130 	0.02770 	0.00000 	0.32262 	-0.17826 	-0.11759 	0.01994 	-0.15298 	0.19402 	0.31465 	-0.04545 	-0.05690 	-0.04344 	0.01842 	0.00000 	0.12733 	-0.05897 	-0.03890 	0.01066 	-0.05061 	0.06418 	0.11937 	0.01060	0.04571
Replication210	 -1.40711	0.99666	0.97981 	0.98354 	0.98934 	0.98432 	0.98880 	0.99761 	0.98257 	0.98731 	0.99544 	0.98408 	1.00029 	0.99891 	-0.15362 	-0.16082 	-0.14799 	0.02401 	0.04474 	0.26493 	-0.13213 	-0.15071 	0.01520 	-0.12851 	0.26747 	0.24513 	-0.05073 	-0.05310 	-0.04887 	0.01671 	0.01477 	0.11135 	-0.04363 	-0.04976 	0.00790 	-0.04243 	0.08832 	0.09156 	0.01231	0.04208
Replication211	 -1.41434	0.99628	0.97834 	0.98283 	0.98806 	0.98311 	0.98573 	0.99662 	0.97890 	0.98384 	0.99359 	0.97979 	0.99720 	0.99756 	-0.15188 	-0.13287 	-0.14349 	0.02538 	0.00000 	0.28850 	-0.13139 	-0.16994 	0.01707 	-0.15301 	0.26589 	0.27432 	-0.05019 	-0.04391 	-0.04742 	0.01726 	0.00000 	0.11767 	-0.04342 	-0.05616 	0.00895 	-0.05056 	0.08786 	0.10348 	0.01142	0.04358
Replication212	 -1.39306	0.99662	0.97999 	0.98346 	0.98854 	0.98425 	0.98803 	0.99731 	0.98304 	0.98747 	0.99521 	0.98315 	1.00028 	0.99877 	-0.14799 	-0.15274 	-0.16659 	0.02411 	0.03178 	0.27029 	-0.11757 	-0.12676 	0.01542 	-0.16252 	0.27077 	0.24823 	-0.04887 	-0.05044 	-0.05501 	0.01673 	0.01050 	0.11497 	-0.03883 	-0.04186 	0.00803 	-0.05367 	0.08942 	0.09290 	0.01358	0.04387
Replication213	 -1.46233	0.99631	0.98054 	0.98517 	0.99007 	0.98557 	0.99059 	0.99764 	0.97462 	0.98187 	0.99314 	0.97695 	0.99308 	0.99733 	-0.15959 	-0.13323 	-0.12205 	0.02340 	0.06628 	0.27241 	-0.15819 	-0.15562 	0.01740 	-0.15195 	0.21695 	0.27710 	-0.05273 	-0.04402 	-0.04033 	0.01534 	0.02190 	0.10291 	-0.05227 	-0.05142 	0.00934 	-0.05021 	0.07169 	0.10760 	0.00711	0.03778
Replication214	 -1.40977	0.99587	0.97649 	0.98104 	0.98634 	0.98157 	0.98539 	0.99556 	0.97564 	0.98103 	0.99130 	0.97600 	0.99147 	0.99608 	-0.16406 	-0.14782 	-0.15630 	0.02706 	0.02906 	0.31421 	-0.11857 	-0.15274 	0.01934 	-0.16468 	0.19645 	0.30626 	-0.05426 	-0.04889 	-0.05169 	0.01803 	0.00961 	0.12428 	-0.03921 	-0.05051 	0.01031 	-0.05446 	0.06497 	0.11632 	0.01179	0.04449
Replication215	 -1.44858	0.99612	0.98152 	0.98477 	0.98878 	0.98563 	0.99009 	0.99705 	0.97365 	0.98071 	0.99210 	0.97604 	0.99119 	0.99663 	-0.13928 	-0.13926 	-0.14608 	0.02356 	0.06007 	0.28576 	-0.15261 	-0.16432 	0.01843 	-0.14221 	0.19534 	0.29218 	-0.04604 	-0.04603 	-0.04829 	0.01508 	0.01986 	0.10737 	-0.05045 	-0.05432 	0.00995 	-0.04701 	0.06457 	0.11379 	0.00844	0.03847
Replication216	 -1.42087	0.99570	0.97644 	0.98046 	0.98639 	0.98118 	0.98463 	0.99528 	0.97237 	0.98001 	0.99041 	0.97571 	0.98798 	0.99558 	-0.15227 	-0.15862 	-0.13478 	0.02755 	0.01691 	0.32226 	-0.15412 	-0.14504 	0.02023 	-0.11474 	0.14399 	0.31779 	-0.05038 	-0.05248 	-0.04459 	0.01816 	0.00559 	0.12462 	-0.05099 	-0.04798 	0.01084 	-0.03796 	0.04764 	0.12015 	0.01084	0.04262
Replication217	 -1.40899	0.99647	0.98009 	0.98386 	0.98908 	0.98434 	0.98688 	0.99726 	0.98062 	0.98634 	0.99453 	0.98301 	0.99718 	0.99837 	-0.13927 	-0.13720 	-0.13765 	0.02419 	0.00000 	0.27436 	-0.13955 	-0.13696 	0.01611 	-0.11422 	0.22030 	0.25753 	-0.04600 	-0.04532 	-0.04547 	0.01649 	0.00000 	0.11234 	-0.04609 	-0.04524 	0.00841 	-0.03773 	0.07277 	0.09551 	0.01236	0.03967
Replication218	 -1.41175	0.99563	0.97607 	0.98014 	0.98535 	0.98074 	0.98337 	0.99484 	0.97217 	0.97906 	0.99013 	0.97360 	0.98956 	0.99524 	-0.15068 	-0.14678 	-0.15461 	0.02796 	0.00000 	0.33039 	-0.14382 	-0.15199 	0.02052 	-0.16653 	0.19983 	0.32434 	-0.04986 	-0.04857 	-0.05116 	0.01843 	0.00000 	0.12984 	-0.04759 	-0.05029 	0.01099 	-0.05510 	0.06612 	0.12379 	0.01138	0.04661
Replication219	 -1.42215	0.99589	0.97873 	0.98158 	0.98704 	0.98255 	0.98510 	0.99578 	0.97397 	0.98087 	0.99142 	0.97559 	0.99109 	0.99617 	-0.12850 	-0.15766 	-0.13738 	0.02625 	0.00000 	0.31028 	-0.14412 	-0.14106 	0.01922 	-0.16006 	0.19798 	0.30435 	-0.04249 	-0.05214 	-0.04543 	0.01728 	0.00000 	0.12147 	-0.04766 	-0.04665 	0.01025 	-0.05293 	0.06547 	0.11554 	0.01071	0.04270
Replication220	 -1.41584	0.99516	0.97415 	0.97860 	0.98358 	0.97914 	0.98175 	0.99364 	0.96735 	0.97536 	0.98760 	0.97057 	0.98385 	0.99354 	-0.15781 	-0.14416 	-0.16048 	0.02974 	0.00000 	0.35938 	-0.15920 	-0.17568 	0.02304 	-0.12884 	0.14227 	0.36094 	-0.05227 	-0.04775 	-0.05315 	0.01919 	0.00000 	0.13725 	-0.05272 	-0.05818 	0.01248 	-0.04267 	0.04712 	0.13881 	0.01081	0.04810
Replication221	 -1.41320	0.99609	0.97804 	0.98138 	0.98727 	0.98240 	0.98659 	0.99613 	0.97644 	0.98252 	0.99249 	0.97763 	0.99432 	0.99686 	-0.14859 	-0.17091 	-0.14947 	0.02615 	0.03690 	0.30025 	-0.13941 	-0.14708 	0.01815 	-0.16222 	0.23561 	0.28919 	-0.04912 	-0.05650 	-0.04941 	0.01762 	0.01220 	0.12083 	-0.04609 	-0.04862 	0.00962 	-0.05363 	0.07789 	0.10977 	0.01144	0.04457
Replication222	 -1.40413	0.99547	0.97593 	0.97932 	0.98406 	0.98021 	0.98269 	0.99422 	0.96973 	0.97756 	0.98922 	0.97198 	0.98885 	0.99455 	-0.14361 	-0.15305 	-0.17510 	0.02856 	0.00000 	0.34364 	-0.16402 	-0.15932 	0.02142 	-0.16698 	0.21812 	0.33854 	-0.04753 	-0.05066 	-0.05796 	0.01868 	0.00000 	0.13562 	-0.05429 	-0.05273 	0.01153 	-0.05527 	0.07219 	0.13051 	0.01181	0.05010
Replication223	 -1.40038	0.99596	0.97705 	0.98014 	0.98614 	0.98115 	0.98394 	0.99544 	0.97588 	0.98202 	0.99203 	0.97785 	0.99479 	0.99649 	-0.13951 	-0.17008 	-0.15404 	0.02729 	0.00000 	0.31387 	-0.14998 	-0.16581 	0.01866 	-0.14512 	0.25436 	0.29790 	-0.04613 	-0.05624 	-0.05093 	0.01847 	0.00000 	0.12834 	-0.04959 	-0.05483 	0.00984 	-0.04799 	0.08411 	0.11237 	0.01247	0.04741
Replication224	 -1.42432	0.99536	0.97369 	0.97877 	0.98449 	0.97910 	0.98197 	0.99409 	0.96697 	0.97650 	0.98861 	0.97062 	0.98630 	0.99420 	-0.16697 	-0.14532 	-0.14458 	0.02956 	0.00035 	0.34808 	-0.18621 	-0.14535 	0.02202 	-0.15631 	0.18848 	0.34646 	-0.05528 	-0.04811 	-0.04787 	0.01943 	0.00012 	0.13505 	-0.06165 	-0.04812 	0.01189 	-0.05175 	0.06240 	0.13342 	0.00980	0.04955
Replication225	 -1.40538	0.99580	0.97713 	0.98129 	0.98584 	0.98195 	0.98586 	0.99541 	0.97360 	0.98051 	0.99081 	0.97619 	0.99022 	0.99577 	-0.15998 	-0.14492 	-0.17221 	0.02683 	0.03696 	0.31797 	-0.14864 	-0.15415 	0.01980 	-0.12898 	0.18262 	0.31250 	-0.05292 	-0.04793 	-0.05696 	0.01765 	0.01223 	0.12495 	-0.04917 	-0.05099 	0.01063 	-0.04266 	0.06040 	0.11949 	0.01222	0.04472
Replication226	 -1.40600	0.99614	0.97767 	0.98027 	0.98734 	0.98149 	0.98452 	0.99597 	0.97769 	0.98377 	0.99304 	0.97986 	0.99597 	0.99724 	-0.13191 	-0.18799 	-0.13115 	0.02682 	0.00000 	0.30162 	-0.14827 	-0.15263 	0.01767 	-0.13533 	0.24665 	0.28241 	-0.04360 	-0.06214 	-0.04335 	0.01839 	0.00000 	0.12425 	-0.04901 	-0.05045 	0.00924 	-0.04473 	0.08153 	0.10503 	0.01212	0.04515
Replication227	 -1.44066	0.99512	0.97519 	0.97900 	0.98440 	0.97977 	0.98239 	0.99385 	0.96597 	0.97414 	0.98723 	0.96793 	0.98186 	0.99330 	-0.14436 	-0.15286 	-0.13651 	0.02930 	0.00000 	0.35725 	-0.14860 	-0.16106 	0.02338 	-0.16560 	0.12502 	0.36557 	-0.04781 	-0.05063 	-0.04521 	0.01864 	0.00000 	0.13308 	-0.04922 	-0.05334 	0.01273 	-0.05485 	0.04141 	0.14140 	0.00847	0.04619
Replication228	 -1.40767	0.99519	0.97234 	0.97704 	0.98312 	0.97775 	0.98155 	0.99339 	0.96806 	0.97581 	0.98783 	0.96986 	0.98550 	0.99365 	-0.17313 	-0.16812 	-0.16302 	0.03082 	0.02066 	0.36255 	-0.15207 	-0.15705 	0.02283 	-0.17054 	0.17717 	0.35863 	-0.05733 	-0.05568 	-0.05399 	0.02032 	0.00684 	0.14172 	-0.05036 	-0.05201 	0.01233 	-0.05648 	0.05867 	0.13779 	0.01127	0.05184
Replication229	 -1.42815	0.99573	0.97760 	0.98150 	0.98638 	0.98206 	0.98453 	0.99539 	0.97123 	0.97899 	0.99047 	0.97337 	0.98949 	0.99548 	-0.14272 	-0.13811 	-0.14378 	0.02681 	0.00000 	0.31996 	-0.15891 	-0.14852 	0.02014 	-0.16528 	0.20191 	0.31858 	-0.04721 	-0.04569 	-0.04757 	0.01749 	0.00000 	0.12378 	-0.05257 	-0.04913 	0.01082 	-0.05468 	0.06680 	0.12240 	0.00992	0.04444
Replication230	 -1.41424	0.99615	0.97869 	0.98178 	0.98777 	0.98287 	0.98706 	0.99639 	0.97719 	0.98324 	0.99278 	0.97929 	0.99408 	0.99712 	-0.14358 	-0.17314 	-0.14288 	0.02571 	0.03699 	0.29509 	-0.14089 	-0.15235 	0.01786 	-0.12994 	0.21154 	0.28403 	-0.04746 	-0.05723 	-0.04723 	0.01730 	0.01223 	0.11806 	-0.04657 	-0.05036 	0.00945 	-0.04295 	0.06992 	0.10700 	0.01157	0.04216
Replication231	 -1.41369	0.99521	0.97508 	0.97875 	0.98391 	0.97958 	0.98217 	0.99381 	0.96811 	0.97629 	0.98777 	0.97092 	0.98296 	0.99376 	-0.14618 	-0.15471 	-0.15598 	0.02935 	0.00000 	0.35585 	-0.14982 	-0.14341 	0.02286 	-0.13586 	0.11013 	0.35659 	-0.04841 	-0.05123 	-0.05165 	0.01889 	0.00000 	0.13571 	-0.04962 	-0.04749 	0.01240 	-0.04499 	0.03647 	0.13646 	0.01119	0.04653
Replication232	 -1.43927	0.99522	0.97676 	0.98010 	0.98501 	0.98106 	0.98431 	0.99434 	0.96700 	0.97537 	0.98757 	0.96997 	0.98081 	0.99367 	-0.14032 	-0.15419 	-0.14216 	0.02816 	0.02092 	0.34742 	-0.14720 	-0.14907 	0.02300 	-0.12966 	0.07659 	0.35759 	-0.04647 	-0.05106 	-0.04708 	0.01773 	0.00693 	0.12794 	-0.04875 	-0.04937 	0.01257 	-0.04294 	0.02536 	0.13811 	0.00893	0.04298
Replication233	 -1.39987	0.99552	0.97327 	0.97829 	0.98451 	0.97870 	0.98173 	0.99423 	0.97177 	0.97935 	0.98964 	0.97372 	0.98833 	0.99499 	-0.17048 	-0.15577 	-0.15095 	0.02971 	0.00009 	0.34235 	-0.14825 	-0.12593 	0.02104 	-0.15948 	0.17442 	0.33089 	-0.05642 	-0.05155 	-0.04996 	0.01992 	0.00003 	0.13644 	-0.04906 	-0.04168 	0.01125 	-0.05278 	0.05773 	0.12497 	0.01237	0.04888
Replication234	 -1.38377	0.99675	0.97687 	0.98165 	0.98840 	0.98198 	0.98512 	0.99705 	0.98514 	0.98934 	0.99624 	0.98620 	1.00430 	0.99941 	-0.16607 	-0.15720 	-0.14935 	0.02577 	0.00000 	0.27126 	-0.13227 	-0.14067 	0.01446 	-0.13966 	0.32411 	0.23557 	-0.05483 	-0.05190 	-0.04931 	0.01867 	0.00000 	0.12180 	-0.04367 	-0.04644 	0.00736 	-0.04611 	0.10700 	0.08611 	0.01405	0.04869
Replication235	 -1.40931	0.99537	0.97843 	0.98116 	0.98440 	0.98210 	0.98405 	0.99447 	0.96986 	0.97715 	0.98843 	0.97185 	0.98409 	0.99421 	-0.12656 	-0.13345 	-0.18003 	0.02717 	0.00000 	0.34209 	-0.13520 	-0.14621 	0.02215 	-0.14167 	0.11386 	0.34597 	-0.04190 	-0.04418 	-0.05960 	0.01707 	0.00000 	0.12958 	-0.04476 	-0.04840 	0.01205 	-0.04690 	0.03769 	0.13345 	0.01188	0.04411
Replication236	 -1.40301	0.99662	0.98131 	0.98454 	0.98892 	0.98514 	0.98742 	0.99746 	0.98022 	0.98692 	0.99515 	0.98319 	0.99986 	0.99870 	-0.13144 	-0.13233 	-0.15883 	0.02340 	0.00000 	0.26811 	-0.16527 	-0.12998 	0.01547 	-0.12926 	0.27823 	0.24925 	-0.04340 	-0.04370 	-0.05245 	0.01602 	0.00000 	0.11271 	-0.05458 	-0.04292 	0.00809 	-0.04269 	0.09188 	0.09385 	0.01266	0.04281
Replication237	 -1.40660	0.99586	0.97681 	0.98069 	0.98612 	0.98134 	0.98401 	0.99538 	0.97556 	0.98098 	0.99145 	0.97667 	0.99291 	0.99611 	-0.14796 	-0.15054 	-0.15347 	0.02725 	0.00000 	0.31702 	-0.13143 	-0.17492 	0.01923 	-0.15002 	0.22683 	0.30602 	-0.04893 	-0.04979 	-0.05076 	0.01821 	0.00000 	0.12682 	-0.04347 	-0.05785 	0.01019 	-0.04962 	0.07502 	0.11582 	0.01200	0.04565
Replication238	 -1.42225	0.99502	0.97583 	0.97857 	0.98350 	0.97974 	0.98217 	0.99347 	0.96645 	0.97468 	0.98660 	0.96836 	0.97930 	0.99303 	-0.13131 	-0.16221 	-0.15445 	0.02943 	0.00000 	0.36528 	-0.13429 	-0.12833 	0.02399 	-0.15356 	0.06313 	0.37198 	-0.04350 	-0.05374 	-0.05117 	0.01856 	0.00000 	0.13653 	-0.04449 	-0.04251 	0.01312 	-0.05087 	0.02091 	0.14323 	0.01036	0.04607
Replication239	 -1.40660	0.99621	0.97725 	0.98193 	0.98757 	0.98221 	0.98499 	0.99629 	0.97761 	0.98406 	0.99323 	0.97991 	0.99596 	0.99739 	-0.15773 	-0.13947 	-0.14329 	0.02617 	0.00000 	0.29517 	-0.15216 	-0.14213 	0.01743 	-0.13840 	0.24380 	0.27851 	-0.05213 	-0.04609 	-0.04736 	0.01789 	0.00000 	0.12105 	-0.05029 	-0.04697 	0.00916 	-0.04574 	0.08057 	0.10438 	0.01212	0.04447
Replication240	 -1.40865	0.99655	0.97923 	0.98321 	0.98883 	0.98392 	0.98849 	0.99730 	0.98068 	0.98624 	0.99480 	0.98178 	0.99909 	0.99846 	-0.15838 	-0.15750 	-0.15253 	0.02444 	0.04734 	0.27197 	-0.13817 	-0.13117 	0.01582 	-0.15880 	0.27061 	0.25437 	-0.05231 	-0.05202 	-0.05038 	0.01691 	0.01563 	0.11355 	-0.04563 	-0.04332 	0.00829 	-0.05245 	0.08937 	0.09595 	0.01200	0.04360
Replication241	 -1.39032	0.99533	0.97327 	0.97779 	0.98344 	0.97839 	0.98125 	0.99371 	0.97157 	0.97816 	0.98870 	0.97353 	0.98671 	0.99434 	-0.16471 	-0.15700 	-0.16822 	0.03015 	0.00000 	0.35461 	-0.13460 	-0.15673 	0.02198 	-0.13475 	0.15103 	0.34491 	-0.05453 	-0.05198 	-0.05569 	0.01996 	0.00000 	0.14016 	-0.04456 	-0.05189 	0.01179 	-0.04461 	0.05000 	0.13046 	0.01334	0.04911
Replication242	 -1.43497	0.99603	0.97913 	0.98208 	0.98796 	0.98300 	0.98564 	0.99623 	0.97431 	0.98113 	0.99221 	0.97683 	0.99344 	0.99662 	-0.12791 	-0.15933 	-0.12363 	0.02574 	0.00000 	0.30018 	-0.15962 	-0.17447 	0.01844 	-0.14175 	0.23858 	0.29435 	-0.04229 	-0.05268 	-0.04087 	0.01707 	0.00000 	0.11779 	-0.05277 	-0.05768 	0.00977 	-0.04686 	0.07888 	0.11196 	0.00944	0.04231
Replication243	 -1.41983	0.99617	0.97659 	0.98143 	0.98782 	0.98183 	0.98571 	0.99630 	0.97654 	0.98310 	0.99298 	0.97850 	0.99545 	0.99719 	-0.16610 	-0.15465 	-0.13191 	0.02651 	0.02264 	0.29598 	-0.15303 	-0.14824 	0.01767 	-0.15293 	0.25084 	0.28246 	-0.05490 	-0.05111 	-0.04360 	0.01815 	0.00748 	0.12009 	-0.05058 	-0.04900 	0.00931 	-0.05055 	0.08291 	0.10657 	0.01073	0.04478
Replication244	 -1.39899	0.99576	0.97728 	0.98094 	0.98565 	0.98162 	0.98408 	0.99519 	0.97373 	0.98100 	0.99076 	0.97649 	0.98984 	0.99579 	-0.14386 	-0.14344 	-0.16401 	0.02713 	0.00000 	0.32217 	-0.14989 	-0.13537 	0.01988 	-0.12806 	0.16945 	0.31310 	-0.04759 	-0.04745 	-0.05425 	0.01788 	0.00000 	0.12752 	-0.04958 	-0.04478 	0.01063 	-0.04236 	0.05605 	0.11846 	0.01290	0.04453
Replication245	 -1.43126	0.99662	0.98092 	0.98501 	0.99035 	0.98547 	0.98932 	0.99797 	0.97973 	0.98616 	0.99507 	0.98234 	0.99784 	0.99871 	-0.14806 	-0.13886 	-0.12673 	0.02314 	0.03303 	0.26020 	-0.15340 	-0.13735 	0.01552 	-0.12772 	0.24092 	0.24910 	-0.04889 	-0.04586 	-0.04185 	0.01576 	0.01091 	0.10493 	-0.05066 	-0.04536 	0.00814 	-0.04218 	0.07956 	0.09382 	0.01021	0.03833
Replication246	 -1.39930	0.99588	0.97295 	0.97803 	0.98561 	0.97851 	0.98195 	0.99488 	0.97541 	0.98193 	0.99179 	0.97702 	0.99497 	0.99631 	-0.17473 	-0.17463 	-0.13804 	0.02946 	0.00061 	0.32405 	-0.15319 	-0.14935 	0.01893 	-0.16555 	0.26795 	0.30232 	-0.05778 	-0.05775 	-0.04565 	0.02048 	0.00020 	0.13495 	-0.05066 	-0.04939 	0.00995 	-0.05475 	0.08861 	0.11322 	0.01218	0.05141
Replication247	 -1.44003	0.99528	0.97288 	0.97837 	0.98493 	0.97861 	0.98170 	0.99405 	0.96641 	0.97562 	0.98825 	0.96986 	0.98484 	0.99397 	-0.17171 	-0.15034 	-0.12098 	0.03004 	0.00000 	0.35043 	-0.17819 	-0.15721 	0.02239 	-0.15237 	0.16784 	0.35176 	-0.05685 	-0.04978 	-0.04006 	0.01974 	0.00000 	0.13377 	-0.05900 	-0.05205 	0.01209 	-0.05045 	0.05557 	0.13510 	0.00834	0.04808
Replication248	 -1.41146	0.99585	0.97708 	0.98163 	0.98610 	0.98193 	0.98437 	0.99546 	0.97220 	0.98053 	0.99114 	0.97559 	0.99160 	0.99593 	-0.15455 	-0.12667 	-0.16110 	0.02678 	0.00000 	0.31605 	-0.17726 	-0.14220 	0.01948 	-0.14400 	0.22318 	0.30885 	-0.05111 	-0.04189 	-0.05328 	0.01773 	0.00000 	0.12554 	-0.05862 	-0.04703 	0.01043 	-0.04762 	0.07381 	0.11834 	0.01144	0.04627
Replication249	 -1.39581	0.99556	0.97425 	0.97906 	0.98431 	0.97948 	0.98238 	0.99435 	0.97207 	0.97913 	0.98982 	0.97428 	0.98980 	0.99502 	-0.16711 	-0.14543 	-0.17013 	0.02904 	0.00384 	0.33964 	-0.15217 	-0.15696 	0.02084 	-0.14812 	0.20446 	0.32935 	-0.05530 	-0.04813 	-0.05630 	0.01935 	0.00127 	0.13567 	-0.05036 	-0.05194 	0.01115 	-0.04902 	0.06766 	0.12538 	0.01274	0.04944