
Replication	FitnessValue	Frequency	Bus1	Bus2	Bus3	Bus4	Bus5	Bus6	Bus1_P	Bus2_P	Bus3_P	Bus4_P	Bus5_P	Bus6_P	Bus1_Q	Bus2_Q	Bus3_Q	Bus4_Q	Bus5_Q	Bus6_Q	PLoss	QLoss
Replication0	 -1.54704	0.99976	0.99513 	0.99714 	0.99760 	1.00068 	0.99931 	1.00616 	-0.07912 	-0.11723 	-0.16483 	0.04974 	0.00344 	0.30974 	-0.02596 	-0.03847 	-0.05409 	0.04950 	0.00113 	0.07425 	0.00174	0.00636
Replication1	 -1.54208	0.99975	0.99287 	0.99648 	0.99648 	0.99979 	0.99842 	1.00585 	-0.10673 	-0.10393 	-0.18385 	0.05445 	0.00790 	0.33427 	-0.03503 	-0.03411 	-0.06033 	0.05419 	0.00259 	0.08037 	0.00210	0.00769
Replication2	 -1.55431	0.99985	0.99492 	1.00083 	1.00452 	1.00219 	1.00197 	1.00781 	-0.13223 	-0.07065 	-0.02348 	0.04163 	0.00261 	0.18337 	-0.04338 	-0.02318 	-0.00771 	0.04148 	0.00086 	0.03592 	0.00125	0.00400
Replication3	 -1.47145	0.99956	0.97634 	0.98274 	0.98829 	0.98977 	0.98749 	1.00271 	-0.20160 	-0.26351 	-0.22056 	0.10787 	0.00000 	0.58520 	-0.06618 	-0.08651 	-0.07241 	0.10743 	0.00000 	0.14332 	0.00740	0.02565
Replication4	 -1.50577	0.99965	0.98178 	0.98917 	0.99276 	0.99383 	0.99196 	1.00425 	-0.19283 	-0.17088 	-0.18273 	0.08626 	0.00000 	0.46501 	-0.06329 	-0.05609 	-0.05998 	0.08591 	0.00000 	0.11018 	0.00484	0.01673
Replication5	 -1.48161	0.99956	0.97957 	0.98628 	0.98552 	0.99196 	0.98875 	1.00258 	-0.18521 	-0.16344 	-0.33121 	0.09625 	0.00000 	0.59015 	-0.06080 	-0.05365 	-0.10873 	0.09581 	0.00000 	0.15143 	0.00654	0.02405
Replication6	 -1.52447	0.99970	0.98585 	0.99267 	0.99618 	0.99636 	0.99495 	1.00529 	-0.17248 	-0.14118 	-0.13860 	0.07272 	0.00000 	0.38300 	-0.05661 	-0.04633 	-0.04549 	0.07242 	0.00000 	0.08781 	0.00346	0.01181
Replication7	 -1.53020	0.99971	0.98921 	0.99265 	0.99590 	0.99735 	0.99668 	1.00535 	-0.12543 	-0.18013 	-0.15602 	0.06749 	0.01992 	0.37717 	-0.04117 	-0.05912 	-0.05120 	0.06720 	0.00654 	0.08826 	0.00301	0.01052
Replication8	 -1.50967	0.99964	0.98375 	0.98996 	0.99138 	0.99465 	0.99250 	1.00410 	-0.16942 	-0.15445 	-0.22957 	0.08188 	0.00199 	0.47408 	-0.05561 	-0.05070 	-0.07535 	0.08152 	0.00065 	0.11559 	0.00451	0.01610
Replication9	 -1.53362	0.99976	0.98736 	0.99596 	0.99952 	0.99818 	0.99782 	1.00629 	-0.19328 	-0.09389 	-0.09337 	0.06305 	0.01576 	0.30453 	-0.06343 	-0.03081 	-0.03064 	0.06282 	0.00517 	0.06613 	0.00280	0.00923
Replication10	 -1.54041	0.99977	0.99090 	0.99521 	1.00033 	0.99882 	0.99810 	1.00641 	-0.12791 	-0.15830 	-0.06649 	0.05963 	0.00000 	0.29535 	-0.04197 	-0.05195 	-0.02182 	0.05940 	0.00000 	0.06394 	0.00228	0.00760
Replication11	 -1.54083	0.99975	0.99133 	0.99568 	0.99811 	0.99907 	0.99781 	1.00604 	-0.12273 	-0.12632 	-0.12947 	0.05832 	0.00000 	0.32242 	-0.04028 	-0.04145 	-0.04249 	0.05807 	0.00000 	0.07388 	0.00222	0.00774
Replication12	 -1.54042	0.99975	0.99114 	0.99597 	0.99760 	0.99912 	0.99772 	1.00596 	-0.12786 	-0.11029 	-0.14525 	0.05805 	0.00000 	0.32759 	-0.04196 	-0.03619 	-0.04766 	0.05780 	0.00000 	0.07592 	0.00225	0.00790
Replication13	 -1.56240	0.99989	1.00186 	1.00175 	1.00540 	1.00459 	1.00575 	1.00827 	-0.04290 	-0.13362 	-0.02950 	0.02885 	0.03424 	0.14357 	-0.01408 	-0.04384 	-0.00968 	0.02873 	0.01123 	0.02970 	0.00063	0.00208
Replication14	 -1.49671	0.99964	0.97932 	0.98739 	0.99411 	0.99250 	0.99109 	1.00429 	-0.21360 	-0.21213 	-0.12602 	0.09334 	0.00000 	0.46396 	-0.07011 	-0.06963 	-0.04136 	0.09298 	0.00000 	0.10675 	0.00556	0.01864
Replication15	 -1.54327	0.99976	0.99269 	0.99566 	0.99877 	0.99945 	0.99834 	1.00619 	-0.10241 	-0.14793 	-0.11441 	0.05629 	0.00000 	0.31051 	-0.03361 	-0.04854 	-0.03754 	0.05605 	0.00000 	0.07073 	0.00205	0.00708
Replication16	 -1.54610	0.99979	0.99198 	0.99854 	0.99990 	1.00039 	0.99925 	1.00666 	-0.14568 	-0.06300 	-0.11402 	0.05126 	0.00000 	0.27328 	-0.04780 	-0.02067 	-0.03741 	0.05105 	0.00000 	0.06112 	0.00184	0.00628
Replication17	 -1.52616	0.99971	0.98628 	0.99312 	0.99630 	0.99666 	0.99522 	1.00536 	-0.17092 	-0.13293 	-0.14109 	0.07116 	0.00000 	0.37711 	-0.05609 	-0.04363 	-0.04631 	0.07087 	0.00000 	0.08656 	0.00333	0.01139
Replication18	 -1.50992	0.99971	0.98174 	0.99021 	0.99853 	0.99438 	0.99418 	1.00546 	-0.21619 	-0.19914 	-0.04851 	0.08326 	0.01192 	0.37325 	-0.07095 	-0.06536 	-0.01592 	0.08297 	0.00391 	0.08034 	0.00460	0.01499
Replication19	 -1.51317	0.99976	0.98148 	0.99354 	1.00161 	0.99561 	0.99529 	1.00633 	-0.25624 	-0.12177 	0.00000 	0.07668 	0.00000 	0.30571 	-0.08409 	-0.03996 	0.00000 	0.07644 	0.00000 	0.06138 	0.00439	0.01377
Replication20	 -1.52998	0.99970	0.98916 	0.99314 	0.99476 	0.99742 	0.99566 	1.00513 	-0.12429 	-0.14754 	-0.18531 	0.06709 	0.00000 	0.39306 	-0.04079 	-0.04842 	-0.06082 	0.06679 	0.00000 	0.09399 	0.00301	0.01075
Replication21	 -1.49810	0.99963	0.97950 	0.98838 	0.99255 	0.99289 	0.99105 	1.00409 	-0.21884 	-0.16852 	-0.17635 	0.09123 	0.00000 	0.47791 	-0.07183 	-0.05531 	-0.05788 	0.09086 	0.00000 	0.11272 	0.00543	0.01855
Replication22	 -1.53005	0.99970	0.99048 	0.99196 	0.99537 	0.99736 	0.99608 	1.00517 	-0.09377 	-0.20502 	-0.16120 	0.06740 	0.00555 	0.39005 	-0.03077 	-0.06729 	-0.05291 	0.06710 	0.00182 	0.09262 	0.00302	0.01058
Replication23	 -1.50360	0.99962	0.98384 	0.98772 	0.99031 	0.99378 	0.99152 	1.00369 	-0.14240 	-0.21233 	-0.23324 	0.08652 	0.00000 	0.50641 	-0.04674 	-0.06970 	-0.07656 	0.08614 	0.00000 	0.12455 	0.00496	0.01769
Replication24	 -1.50705	0.99969	0.98052 	0.99040 	0.99668 	0.99404 	0.99292 	1.00508 	-0.23063 	-0.15874 	-0.09330 	0.08510 	0.00000 	0.40237 	-0.07570 	-0.05210 	-0.03062 	0.08479 	0.00000 	0.08942 	0.00480	0.01579
Replication25	 -1.54060	0.99976	0.99056 	0.99615 	0.99876 	0.99905 	0.99789 	1.00619 	-0.14062 	-0.11016 	-0.11635 	0.05839 	0.00000 	0.31099 	-0.04614 	-0.03615 	-0.03818 	0.05815 	0.00000 	0.07004 	0.00225	0.00771
Replication26	 -1.50492	0.99962	0.98408 	0.98785 	0.99066 	0.99391 	0.99171 	1.00377 	-0.14056 	-0.21431 	-0.22627 	0.08585 	0.00000 	0.50016 	-0.04614 	-0.07035 	-0.07427 	0.08547 	0.00000 	0.12260 	0.00487	0.01731
Replication27	 -1.55010	0.99980	0.99463 	0.99759 	1.00142 	1.00078 	1.00008 	1.00690 	-0.09676 	-0.13568 	-0.06938 	0.04916 	0.00000 	0.25422 	-0.03175 	-0.04452 	-0.02277 	0.04896 	0.00000 	0.05530 	0.00155	0.00522
Replication28	 -1.49770	0.99960	0.98349 	0.98631 	0.98931 	0.99312 	0.99077 	1.00337 	-0.13154 	-0.24113 	-0.24346 	0.09003 	0.00000 	0.53150 	-0.04318 	-0.07915 	-0.07992 	0.08963 	0.00000 	0.13186 	0.00540	0.01924
Replication29	 -1.48389	0.99960	0.97859 	0.98406 	0.99168 	0.99105 	0.99030 	1.00357 	-0.19226 	-0.28672 	-0.15772 	0.10106 	0.02198 	0.52017 	-0.06311 	-0.09412 	-0.05177 	0.10066 	0.00722 	0.12322 	0.00650	0.02209
Replication30	 -1.54716	0.99980	0.99550 	0.99575 	1.00182 	1.00032 	0.99989 	1.00683 	-0.06405 	-0.20540 	-0.04127 	0.05164 	0.00000 	0.26086 	-0.02102 	-0.06740 	-0.01354 	0.05144 	0.00000 	0.05638 	0.00178	0.00586
Replication31	 -1.52603	0.99970	0.98670 	0.99293 	0.99547 	0.99668 	0.99509 	1.00520 	-0.16107 	-0.13524 	-0.16078 	0.07104 	0.00000 	0.38938 	-0.05286 	-0.04439 	-0.05277 	0.07074 	0.00000 	0.09083 	0.00332	0.01155
Replication32	 -1.54260	0.99977	0.99162 	0.99687 	0.99839 	0.99970 	0.99934 	1.00626 	-0.13759 	-0.10228 	-0.14082 	0.05493 	0.02376 	0.30408 	-0.04515 	-0.03356 	-0.04621 	0.05469 	0.00780 	0.06974 	0.00209	0.00731
Replication33	 -1.50464	0.99964	0.98212 	0.98831 	0.99256 	0.99359 	0.99176 	1.00414 	-0.17846 	-0.19827 	-0.17982 	0.08754 	0.00000 	0.47393 	-0.05858 	-0.06508 	-0.05902 	0.08718 	0.00000 	0.11253 	0.00492	0.01703
Replication34	 -1.55493	0.99981	0.99804 	1.00020 	0.99928 	1.00268 	1.00126 	1.00681 	-0.06771 	-0.06966 	-0.15727 	0.03906 	0.00000 	0.25673 	-0.02222 	-0.02286 	-0.05161 	0.03887 	0.00000 	0.06215 	0.00115	0.00434
Replication35	 -1.53770	0.99975	0.99284 	0.99334 	0.99875 	0.99872 	0.99922 	1.00605 	-0.08452 	-0.22957 	-0.09964 	0.06014 	0.03427 	0.32179 	-0.02774 	-0.07533 	-0.03270 	0.05989 	0.01125 	0.07300 	0.00247	0.00836
Replication36	 -1.53893	0.99974	0.99213 	0.99407 	0.99788 	0.99866 	0.99751 	1.00586 	-0.09283 	-0.18172 	-0.12005 	0.06048 	0.00000 	0.33649 	-0.03046 	-0.05964 	-0.03940 	0.06022 	0.00000 	0.07746 	0.00237	0.00818
Replication37	 -1.52320	0.99969	0.98823 	0.99034 	0.99535 	0.99610 	0.99473 	1.00496 	-0.11005 	-0.22899 	-0.13968 	0.07414 	0.00000 	0.40812 	-0.03612 	-0.07515 	-0.04584 	0.07383 	0.00000 	0.09548 	0.00354	0.01219
Replication38	 -1.49594	0.99960	0.98140 	0.98691 	0.98971 	0.99281 	0.99070 	1.00347 	-0.17188 	-0.20659 	-0.23746 	0.09170 	0.00545 	0.52431 	-0.05642 	-0.06782 	-0.07795 	0.09130 	0.00179 	0.12872 	0.00554	0.01963
Replication39	 -1.53725	0.99973	0.99102 	0.99414 	0.99733 	0.99837 	0.99709 	1.00574 	-0.11010 	-0.16230 	-0.13294 	0.06202 	0.00000 	0.34581 	-0.03613 	-0.05326 	-0.04363 	0.06175 	0.00000 	0.07993 	0.00249	0.00866
Replication40	 -1.48035	0.99964	0.97539 	0.98566 	0.99555 	0.99086 	0.99067 	1.00439 	-0.26191 	-0.24194 	-0.06900 	0.10204 	0.01887 	0.45877 	-0.08597 	-0.07941 	-0.02265 	0.10169 	0.00619 	0.10251 	0.00683	0.02236
Replication41	 -1.49527	0.99963	0.98010 	0.98615 	0.99368 	0.99223 	0.99084 	1.00411 	-0.18828 	-0.25346 	-0.12539 	0.09478 	0.00000 	0.47801 	-0.06180 	-0.08319 	-0.04116 	0.09442 	0.00000 	0.11079 	0.00566	0.01905
Replication42	 -1.54496	0.99977	0.99223 	0.99741 	0.99892 	1.00000 	0.99876 	1.00637 	-0.12827 	-0.09072 	-0.12810 	0.05334 	0.00000 	0.29567 	-0.04209 	-0.02977 	-0.04204 	0.05311 	0.00000 	0.06746 	0.00192	0.00668
Replication43	 -1.54557	0.99977	0.99304 	0.99692 	0.99875 	1.00003 	0.99880 	1.00631 	-0.11029 	-0.11263 	-0.12865 	0.05317 	0.00000 	0.30025 	-0.03619 	-0.03696 	-0.04222 	0.05294 	0.00000 	0.06898 	0.00187	0.00656
Replication44	 -1.52520	0.99969	0.98751 	0.99239 	0.99417 	0.99667 	0.99484 	1.00492 	-0.14103 	-0.14723 	-0.18968 	0.07112 	0.00000 	0.41019 	-0.04629 	-0.04832 	-0.06226 	0.07081 	0.00000 	0.09802 	0.00337	0.01196
Replication45	 -1.52578	0.99969	0.98811 	0.99246 	0.99404 	0.99694 	0.99600 	1.00496 	-0.13842 	-0.15642 	-0.20051 	0.06964 	0.02296 	0.40607 	-0.04543 	-0.05134 	-0.06581 	0.06933 	0.00753 	0.09757 	0.00332	0.01187
Replication46	 -1.50964	0.99965	0.98433 	0.98872 	0.99277 	0.99448 	0.99408 	1.00434 	-0.15839 	-0.22114 	-0.19062 	0.08276 	0.03466 	0.45727 	-0.05199 	-0.07258 	-0.06257 	0.08241 	0.01138 	0.10920 	0.00454	0.01584
Replication47	 -1.50874	0.99967	0.98156 	0.99020 	0.99464 	0.99420 	0.99266 	1.00469 	-0.20973 	-0.15578 	-0.14531 	0.08425 	0.00000 	0.43121 	-0.06884 	-0.05113 	-0.04769 	0.08392 	0.00000 	0.09945 	0.00464	0.01571
Replication48	 -1.50937	0.99963	0.98634 	0.98841 	0.99046 	0.99473 	0.99246 	1.00383 	-0.11137 	-0.21912 	-0.24068 	0.08144 	0.00000 	0.49425 	-0.03656 	-0.07193 	-0.07900 	0.08107 	0.00000 	0.12269 	0.00452	0.01628
Replication49	 -1.52297	0.99970	0.98595 	0.99173 	0.99611 	0.99606 	0.99500 	1.00521 	-0.16295 	-0.17222 	-0.13277 	0.07437 	0.00730 	0.38984 	-0.05348 	-0.05652 	-0.04357 	0.07407 	0.00240 	0.08930 	0.00357	0.01219
Replication50	 -1.51737	0.99968	0.98511 	0.99013 	0.99518 	0.99516 	0.99376 	1.00485 	-0.15575 	-0.20073 	-0.13670 	0.07914 	0.00000 	0.41803 	-0.05112 	-0.06588 	-0.04487 	0.07882 	0.00000 	0.09667 	0.00399	0.01362
Replication51	 -1.56121	0.99986	1.00418 	1.00165 	1.00233 	1.00513 	1.00563 	1.00773 	0.00000 	-0.13007 	-0.11232 	0.02601 	0.03458 	0.18252 	0.00000 	-0.04268 	-0.03685 	0.02587 	0.01135 	0.04476 	0.00071	0.00245
Replication52	 -1.55002	0.99978	0.99754 	0.99761 	0.99799 	1.00152 	1.00006 	1.00632 	-0.04587 	-0.13111 	-0.16289 	0.04527 	0.00000 	0.29613 	-0.01505 	-0.04302 	-0.05345 	0.04504 	0.00000 	0.07207 	0.00152	0.00558
Replication53	 -1.52340	0.99978	0.98401 	0.99546 	1.00202 	0.99706 	0.99665 	1.00663 	-0.23859 	-0.09416 	-0.01361 	0.06901 	0.00000 	0.28096 	-0.07829 	-0.03090 	-0.00447 	0.06878 	0.00000 	0.05619 	0.00361	0.01131
Replication54	 -1.53626	0.99976	0.98818 	0.99655 	0.99950 	0.99857 	0.99757 	1.00633 	-0.18293 	-0.08027 	-0.09777 	0.06095 	0.00114 	0.30148 	-0.06003 	-0.02634 	-0.03208 	0.06071 	0.00037 	0.06596 	0.00260	0.00859
Replication55	 -1.53134	0.99971	0.99229 	0.99171 	0.99581 	0.99779 	0.99682 	1.00528 	-0.06473 	-0.23748 	-0.15152 	0.06515 	0.01026 	0.38126 	-0.02124 	-0.07794 	-0.04973 	0.06486 	0.00337 	0.09083 	0.00293	0.01015
Replication56	 -1.53760	0.99975	0.99029 	0.99452 	0.99848 	0.99834 	0.99728 	1.00598 	-0.12718 	-0.15460 	-0.10604 	0.06217 	0.00000 	0.32812 	-0.04174 	-0.05074 	-0.03480 	0.06192 	0.00000 	0.07380 	0.00248	0.00845
Replication57	 -1.50598	0.99967	0.98048 	0.99227 	0.99324 	0.99469 	0.99277 	1.00462 	-0.24644 	-0.06770 	-0.20149 	0.08168 	0.00357 	0.43523 	-0.08089 	-0.02222 	-0.06613 	0.08134 	0.00117 	0.10325 	0.00484	0.01652
Replication58	 -1.52198	0.99970	0.98567 	0.99150 	0.99603 	0.99586 	0.99452 	1.00515 	-0.16282 	-0.17335 	-0.13012 	0.07540 	0.00000 	0.39453 	-0.05344 	-0.05689 	-0.04270 	0.07510 	0.00000 	0.09036 	0.00364	0.01242
Replication59	 -1.51524	0.99969	0.98499 	0.98917 	0.99659 	0.99479 	0.99379 	1.00503 	-0.14958 	-0.24251 	-0.09035 	0.08111 	0.00000 	0.40549 	-0.04909 	-0.07959 	-0.02965 	0.08079 	0.00000 	0.09148 	0.00417	0.01393
Replication60	 -1.53293	0.99972	0.99033 	0.99352 	0.99551 	0.99799 	0.99729 	1.00538 	-0.11759 	-0.16206 	-0.17776 	0.06405 	0.02299 	0.37317 	-0.03859 	-0.05319 	-0.05834 	0.06376 	0.00754 	0.08876 	0.00279	0.00995
Replication61	 -1.53315	0.99971	0.99354 	0.99239 	0.99498 	0.99834 	0.99671 	1.00519 	-0.04826 	-0.21876 	-0.17926 	0.06223 	0.00000 	0.38683 	-0.01584 	-0.07179 	-0.05883 	0.06193 	0.00000 	0.09437 	0.00278	0.00984
Replication62	 -1.52220	0.99972	0.98404 	0.99523 	0.99664 	0.99686 	0.99529 	1.00559 	-0.22746 	-0.04787 	-0.15031 	0.07007 	0.00000 	0.35921 	-0.07465 	-0.01571 	-0.04933 	0.06980 	0.00000 	0.08206 	0.00365	0.01217
Replication63	 -1.53071	0.99976	0.98634 	0.99543 	1.00027 	0.99768 	0.99721 	1.00635 	-0.20236 	-0.10449 	-0.06471 	0.06571 	0.00766 	0.30121 	-0.06640 	-0.03429 	-0.02123 	0.06547 	0.00251 	0.06377 	0.00303	0.00983
Replication64	 -1.52210	0.99972	0.98478 	0.99225 	0.99791 	0.99594 	0.99494 	1.00556 	-0.18717 	-0.15992 	-0.08794 	0.07496 	0.00000 	0.36373 	-0.06143 	-0.05248 	-0.02886 	0.07468 	0.00000 	0.08023 	0.00366	0.01214
Replication65	 -1.54304	0.99975	0.99287 	0.99696 	0.99676 	0.99996 	0.99828 	1.00593 	-0.11025 	-0.08949 	-0.17976 	0.05357 	0.00000 	0.32796 	-0.03618 	-0.02937 	-0.05899 	0.05332 	0.00000 	0.07864 	0.00203	0.00743
Replication66	 -1.55427	0.99981	1.00137 	0.99863 	0.99953 	1.00302 	1.00207 	1.00680 	0.00000 	-0.15746 	-0.14176 	0.03726 	0.00624 	0.25694 	0.00000 	-0.05167 	-0.04652 	0.03707 	0.00205 	0.06339 	0.00122	0.00432
Replication67	 -1.52214	0.99967	0.98870 	0.99049 	0.99340 	0.99624 	0.99443 	1.00462 	-0.10140 	-0.20986 	-0.19175 	0.07337 	0.00000 	0.43322 	-0.03328 	-0.06888 	-0.06293 	0.07305 	0.00000 	0.10479 	0.00360	0.01274
Replication68	 -1.53522	0.99971	0.99308 	0.99328 	0.99510 	0.99856 	0.99687 	1.00528 	-0.06516 	-0.18794 	-0.18471 	0.06104 	0.00000 	0.37939 	-0.02138 	-0.06168 	-0.06062 	0.06075 	0.00000 	0.09233 	0.00262	0.00940
Replication69	 -1.53495	0.99972	0.99044 	0.99442 	0.99556 	0.99828 	0.99658 	1.00542 	-0.11925 	-0.12988 	-0.18017 	0.06249 	0.00000 	0.36944 	-0.03913 	-0.04263 	-0.05913 	0.06221 	0.00000 	0.08815 	0.00264	0.00947
Replication70	 -1.49853	0.99966	0.97912 	0.98894 	0.99453 	0.99322 	0.99363 	1.00462 	-0.24560 	-0.17985 	-0.14253 	0.08947 	0.04638 	0.43755 	-0.08061 	-0.05903 	-0.04678 	0.08913 	0.01522 	0.10027 	0.00542	0.01820
Replication71	 -1.49496	0.99964	0.97837 	0.98923 	0.99190 	0.99296 	0.99152 	1.00407 	-0.24795 	-0.12846 	-0.20349 	0.09088 	0.01580 	0.47886 	-0.08139 	-0.04217 	-0.06679 	0.09052 	0.00519 	0.11404 	0.00566	0.01941
Replication72	 -1.54540	0.99977	0.99304 	0.99752 	0.99800 	1.00024 	0.99879 	1.00622 	-0.11544 	-0.08670 	-0.15402 	0.05204 	0.00000 	0.30600 	-0.03788 	-0.02845 	-0.05054 	0.05181 	0.00000 	0.07177 	0.00187	0.00670
Replication73	 -1.50851	0.99964	0.98486 	0.98766 	0.99281 	0.99409 	0.99240 	1.00417 	-0.12999 	-0.24935 	-0.17118 	0.08485 	0.00000 	0.47031 	-0.04267 	-0.08184 	-0.05619 	0.08449 	0.00000 	0.11224 	0.00463	0.01603
Replication74	 -1.51236	0.99967	0.98251 	0.99181 	0.99361 	0.99506 	0.99314 	1.00467 	-0.21051 	-0.10624 	-0.18986 	0.07966 	0.00000 	0.43129 	-0.06909 	-0.03487 	-0.06232 	0.07934 	0.00000 	0.10197 	0.00435	0.01502
Replication75	 -1.49100	0.99961	0.97896 	0.98622 	0.99139 	0.99189 	0.98999 	1.00367 	-0.20280 	-0.21678 	-0.18258 	0.09657 	0.00000 	0.51156 	-0.06657 	-0.07116 	-0.05993 	0.09618 	0.00000 	0.12193 	0.00595	0.02044
Replication76	 -1.48239	0.99960	0.97666 	0.98528 	0.99130 	0.99090 	0.98905 	1.00352 	-0.22764 	-0.22001 	-0.17125 	0.10186 	0.00000 	0.52365 	-0.07473 	-0.07222 	-0.05621 	0.10146 	0.00000 	0.12418 	0.00662	0.02248
Replication77	 -1.54649	0.99978	0.99321 	0.99705 	0.99942 	1.00014 	0.99908 	1.00645 	-0.11029 	-0.11728 	-0.11337 	0.05257 	0.00072 	0.28946 	-0.03619 	-0.03849 	-0.03720 	0.05235 	0.00024 	0.06556 	0.00180	0.00626
Replication78	 -1.51286	0.99965	0.98400 	0.99067 	0.99233 	0.99500 	0.99291 	1.00435 	-0.17403 	-0.14426 	-0.21281 	0.07999 	0.00000 	0.45540 	-0.05712 	-0.04735 	-0.06985 	0.07964 	0.00000 	0.10985 	0.00428	0.01517
Replication79	 -1.54426	0.99975	0.99396 	0.99656 	0.99694 	1.00011 	0.99851 	1.00595 	-0.08925 	-0.11522 	-0.17282 	0.05278 	0.00000 	0.32645 	-0.02929 	-0.03781 	-0.05671 	0.05254 	0.00000 	0.07838 	0.00194	0.00710
Replication80	 -1.48310	0.99961	0.97721 	0.98472 	0.99219 	0.99086 	0.98926 	1.00365 	-0.21496 	-0.25129 	-0.14372 	0.10209 	0.00000 	0.51446 	-0.07056 	-0.08249 	-0.04718 	0.10170 	0.00000 	0.12069 	0.00658	0.02216
Replication81	 -1.49262	0.99960	0.97981 	0.98673 	0.99009 	0.99229 	0.99006 	1.00348 	-0.19333 	-0.19743 	-0.22214 	0.09444 	0.00000 	0.52425 	-0.06346 	-0.06481 	-0.07292 	0.09405 	0.00000 	0.12747 	0.00580	0.02033
Replication82	 -1.49380	0.99962	0.97858 	0.98839 	0.99119 	0.99262 	0.99046 	1.00382 	-0.23076 	-0.14502 	-0.20925 	0.09271 	0.00000 	0.49806 	-0.07575 	-0.04760 	-0.06869 	0.09233 	0.00000 	0.11952 	0.00573	0.01981
Replication83	 -1.55603	0.99984	0.99634 	1.00066 	1.00235 	1.00252 	1.00234 	1.00744 	-0.10832 	-0.07264 	-0.08373 	0.03990 	0.01532 	0.21057 	-0.03554 	-0.02383 	-0.02747 	0.03974 	0.00503 	0.04585 	0.00110	0.00376
Replication84	 -1.53438	0.99971	0.99099 	0.99486 	0.99436 	0.99859 	0.99671 	1.00526 	-0.11432 	-0.11104 	-0.21681 	0.06086 	0.00315 	0.38082 	-0.03752 	-0.03644 	-0.07115 	0.06058 	0.00103 	0.09333 	0.00266	0.00983
Replication85	 -1.54389	0.99980	0.99218 	0.99618 	1.00283 	0.99960 	0.99934 	1.00700 	-0.12217 	-0.16723 	-0.01376 	0.05546 	0.00015 	0.24957 	-0.04009 	-0.05487 	-0.00452 	0.05527 	0.00005 	0.05077 	0.00203	0.00661
Replication86	 -1.52787	0.99971	0.98701 	0.99318 	0.99635 	0.99688 	0.99546 	1.00539 	-0.16024 	-0.13969 	-0.14150 	0.06997 	0.00000 	0.37465 	-0.05259 	-0.04584 	-0.04644 	0.06968 	0.00000 	0.08618 	0.00320	0.01099
Replication87	 -1.53192	0.99971	0.98918 	0.99367 	0.99561 	0.99765 	0.99602 	1.00534 	-0.13101 	-0.13997 	-0.16910 	0.06588 	0.00000 	0.37707 	-0.04300 	-0.04594 	-0.05550 	0.06559 	0.00000 	0.08900 	0.00287	0.01016
Replication88	 -1.52436	0.99970	0.98764 	0.99106 	0.99618 	0.99633 	0.99606 	1.00523 	-0.13456 	-0.21593 	-0.13095 	0.07292 	0.02444 	0.38754 	-0.04416 	-0.07087 	-0.04298 	0.07262 	0.00802 	0.08922 	0.00346	0.01185
Replication89	 -1.52812	0.99972	0.98676 	0.99319 	0.99745 	0.99684 	0.99566 	1.00560 	-0.16599 	-0.14751 	-0.11289 	0.07017 	0.00000 	0.35941 	-0.05448 	-0.04841 	-0.03705 	0.06989 	0.00000 	0.08083 	0.00319	0.01078
Replication90	 -1.51700	0.99968	0.98448 	0.99059 	0.99513 	0.99516 	0.99370 	1.00487 	-0.17014 	-0.17959 	-0.14176 	0.07913 	0.00000 	0.41637 	-0.05584 	-0.05894 	-0.04653 	0.07881 	0.00000 	0.09622 	0.00401	0.01372
Replication91	 -1.54778	0.99983	0.99199 	1.00127 	1.00213 	1.00149 	1.00058 	1.00734 	-0.17789 	-0.00058 	-0.08480 	0.04537 	0.00000 	0.21965 	-0.05837 	-0.00019 	-0.02782 	0.04519 	0.00000 	0.04677 	0.00174	0.00558
Replication92	 -1.54644	0.99978	0.99290 	0.99876 	0.99854 	1.00074 	0.99973 	1.00646 	-0.13463 	-0.05522 	-0.15565 	0.04939 	0.01112 	0.28678 	-0.04418 	-0.01812 	-0.05107 	0.04917 	0.00365 	0.06694 	0.00180	0.00639
Replication93	 -1.50632	0.99969	0.98128 	0.98903 	0.99752 	0.99374 	0.99294 	1.00513 	-0.20613 	-0.21670 	-0.05877 	0.08670 	0.00000 	0.39976 	-0.06765 	-0.07112 	-0.01929 	0.08639 	0.00000 	0.08761 	0.00486	0.01594
Replication94	 -1.53643	0.99972	0.99440 	0.99296 	0.99610 	0.99882 	0.99739 	1.00547 	-0.04268 	-0.22147 	-0.15792 	0.05966 	0.00000 	0.36496 	-0.01401 	-0.07268 	-0.05183 	0.05938 	0.00000 	0.08803 	0.00255	0.00890
Replication95	 -1.55233	0.99985	0.99399 	1.00239 	1.00342 	1.00261 	1.00304 	1.00779 	-0.16853 	-0.00839 	-0.07333 	0.03940 	0.02887 	0.18339 	-0.05530 	-0.00275 	-0.02406 	0.03925 	0.00947 	0.03786 	0.00140	0.00448
Replication96	 -1.52528	0.99972	0.98594 	0.99258 	0.99807 	0.99645 	0.99613 	1.00568 	-0.17747 	-0.16832 	-0.09342 	0.07223 	0.01650 	0.35389 	-0.05824 	-0.05524 	-0.03066 	0.07196 	0.00542 	0.07818 	0.00341	0.01141
Replication97	 -1.51777	0.99971	0.98373 	0.99502 	0.99449 	0.99679 	0.99624 	1.00524 	-0.23648 	-0.03955 	-0.21152 	0.07046 	0.03678 	0.38425 	-0.07761 	-0.01298 	-0.06942 	0.07016 	0.01207 	0.09139 	0.00395	0.01362
Replication98	 -1.54644	0.99978	0.99315 	0.99709 	0.99939 	1.00014 	0.99904 	1.00645 	-0.11142 	-0.11499 	-0.11406 	0.05259 	0.00000 	0.28968 	-0.03656 	-0.03773 	-0.03743 	0.05236 	0.00000 	0.06563 	0.00181	0.00628
Replication99	 -1.51810	0.99970	0.98365 	0.99171 	0.99706 	0.99541 	0.99427 	1.00533 	-0.19744 	-0.15596 	-0.10230 	0.07782 	0.00000 	0.38184 	-0.06480 	-0.05119 	-0.03357 	0.07752 	0.00000 	0.08521 	0.00396	0.01317
Replication100	 -1.54836	0.99977	0.99490 	0.99738 	0.99863 	1.00072 	0.99942 	1.00636 	-0.08593 	-0.11689 	-0.13961 	0.04952 	0.00000 	0.29456 	-0.02820 	-0.03836 	-0.04581 	0.04929 	0.00000 	0.06899 	0.00165	0.00592
Replication101	 -1.51806	0.99966	0.98663 	0.99072 	0.99233 	0.99574 	0.99366 	1.00440 	-0.13411 	-0.17065 	-0.21767 	0.07605 	0.00000 	0.45025 	-0.04402 	-0.05601 	-0.07144 	0.07571 	0.00000 	0.10970 	0.00388	0.01395
Replication102	 -1.48044	0.99958	0.97708 	0.98558 	0.98840 	0.99107 	0.98855 	1.00301 	-0.22007 	-0.18690 	-0.24812 	0.10098 	0.00000 	0.56080 	-0.07224 	-0.06136 	-0.08145 	0.10056 	0.00000 	0.13804 	0.00671	0.02355
Replication103	 -1.50773	0.99969	0.98047 	0.99122 	0.99658 	0.99443 	0.99423 	1.00520 	-0.24643 	-0.13924 	-0.11063 	0.08301 	0.02527 	0.39277 	-0.08088 	-0.04570 	-0.03631 	0.08270 	0.00829 	0.08756 	0.00475	0.01567
Replication104	 -1.53870	0.99978	0.98996 	0.99553 	1.00111 	0.99883 	0.99968 	1.00665 	-0.15646 	-0.15633 	-0.05689 	0.05954 	0.03569 	0.27688 	-0.05134 	-0.05130 	-0.01867 	0.05932 	0.01171 	0.05827 	0.00241	0.00798
Replication105	 -1.50363	0.99969	0.97977 	0.98990 	0.99744 	0.99373 	0.99364 	1.00521 	-0.24313 	-0.17913 	-0.07224 	0.08672 	0.02008 	0.39277 	-0.07980 	-0.05879 	-0.02371 	0.08642 	0.00659 	0.08586 	0.00507	0.01657
Replication106	 -1.53891	0.99974	0.99169 	0.99441 	0.99766 	0.99866 	0.99743 	1.00584 	-0.10292 	-0.16463 	-0.12843 	0.06046 	0.00000 	0.33789 	-0.03377 	-0.05403 	-0.04215 	0.06020 	0.00000 	0.07798 	0.00237	0.00823
Replication107	 -1.53590	0.99973	0.98997 	0.99460 	0.99680 	0.99825 	0.99680 	1.00566 	-0.13038 	-0.13182 	-0.14968 	0.06267 	0.00000 	0.35178 	-0.04279 	-0.04326 	-0.04912 	0.06240 	0.00000 	0.08182 	0.00258	0.00906
Replication108	 -1.47353	0.99961	0.97358 	0.98586 	0.99181 	0.99040 	0.98973 	1.00369 	-0.28776 	-0.18245 	-0.16632 	0.10452 	0.02813 	0.51120 	-0.09446 	-0.05989 	-0.05460 	0.10413 	0.00923 	0.12006 	0.00731	0.02448
Replication109	 -1.50015	0.99962	0.98094 	0.98962 	0.99011 	0.99371 	0.99122 	1.00378 	-0.20628 	-0.12188 	-0.25283 	0.08688 	0.00000 	0.49932 	-0.06771 	-0.04001 	-0.08299 	0.08651 	0.00000 	0.12279 	0.00522	0.01859
Replication110	 -1.54392	0.99977	0.99197 	0.99634 	0.99992 	0.99954 	0.99862 	1.00645 	-0.12249 	-0.13104 	-0.09078 	0.05580 	0.00000 	0.29051 	-0.04020 	-0.04300 	-0.02979 	0.05557 	0.00000 	0.06422 	0.00201	0.00681
Replication111	 -1.53452	0.99973	0.98998 	0.99371 	0.99698 	0.99796 	0.99708 	1.00564 	-0.12417 	-0.16395 	-0.13860 	0.06424 	0.01111 	0.35406 	-0.04075 	-0.05380 	-0.04549 	0.06396 	0.00365 	0.08179 	0.00269	0.00936
Replication112	 -1.52218	0.99973	0.98372 	0.99474 	0.99826 	0.99662 	0.99545 	1.00584 	-0.22984 	-0.07558 	-0.10315 	0.07135 	0.00000 	0.34089 	-0.07543 	-0.02480 	-0.03385 	0.07109 	0.00000 	0.07496 	0.00367	0.01196
Replication113	 -1.53930	0.99976	0.99021 	0.99899 	0.99728 	1.00002 	0.99825 	1.00617 	-0.17378 	-0.00346 	-0.18290 	0.05324 	0.00000 	0.30921 	-0.05703 	-0.00113 	-0.06002 	0.05301 	0.00000 	0.07335 	0.00233	0.00818
Replication114	 -1.51279	0.99968	0.98374 	0.98920 	0.99662 	0.99446 	0.99346 	1.00502 	-0.16921 	-0.22861 	-0.08777 	0.08287 	0.00000 	0.40708 	-0.05554 	-0.07503 	-0.02881 	0.08256 	0.00000 	0.09134 	0.00436	0.01451
Replication115	 -1.52257	0.99972	0.98554 	0.99157 	0.99847 	0.99590 	0.99509 	1.00562 	-0.16929 	-0.19415 	-0.06769 	0.07517 	0.00000 	0.35960 	-0.05556 	-0.06372 	-0.02222 	0.07489 	0.00000 	0.07860 	0.00363	0.01199
Replication116	 -1.55333	0.99980	0.99858 	0.99817 	0.99969 	1.00205 	1.00093 	1.00671 	-0.03806 	-0.14230 	-0.12652 	0.04241 	0.00000 	0.26576 	-0.01249 	-0.04669 	-0.04152 	0.04221 	0.00000 	0.06308 	0.00129	0.00459
Replication117	 -1.50562	0.99972	0.98005 	0.99080 	0.99943 	0.99414 	0.99384 	1.00565 	-0.24759 	-0.17055 	-0.02711 	0.08453 	0.00613 	0.35952 	-0.08125 	-0.05597 	-0.00890 	0.08425 	0.00201 	0.07571 	0.00494	0.01585
Replication118	 -1.52521	0.99975	0.98637 	0.99325 	0.99912 	0.99711 	0.99962 	1.00611 	-0.19729 	-0.18105 	-0.09031 	0.06874 	0.08334 	0.32000 	-0.06474 	-0.05941 	-0.02964 	0.06849 	0.02735 	0.06935 	0.00342	0.01140
Replication119	 -1.50640	0.99964	0.98198 	0.98992 	0.99197 	0.99416 	0.99212 	1.00418 	-0.19688 	-0.14257 	-0.21138 	0.08449 	0.00164 	0.46948 	-0.06462 	-0.04679 	-0.06938 	0.08413 	0.00054 	0.11287 	0.00477	0.01674
Replication120	 -1.55731	0.99985	0.99681 	1.00080 	1.00366 	1.00267 	1.00216 	1.00767 	-0.10027 	-0.08246 	-0.04809 	0.03909 	0.00000 	0.19275 	-0.03290 	-0.02706 	-0.01578 	0.03893 	0.00000 	0.04016 	0.00101	0.00336
Replication121	 -1.50512	0.99963	0.98275 	0.98876 	0.99118 	0.99390 	0.99173 	1.00393 	-0.17144 	-0.17766 	-0.22028 	0.08586 	0.00000 	0.48838 	-0.05628 	-0.05831 	-0.07231 	0.08549 	0.00000 	0.11859 	0.00486	0.01719
Replication122	 -1.52486	0.99969	0.98864 	0.99136 	0.99432 	0.99667 	0.99589 	1.00492 	-0.11885 	-0.19842 	-0.18289 	0.07110 	0.02268 	0.40979 	-0.03901 	-0.06512 	-0.06003 	0.07079 	0.00744 	0.09792 	0.00340	0.01200
Replication123	 -1.53391	0.99972	0.99029 	0.99330 	0.99650 	0.99783 	0.99644 	1.00549 	-0.11124 	-0.17188 	-0.14448 	0.06491 	0.00000 	0.36543 	-0.03651 	-0.05641 	-0.04742 	0.06463 	0.00000 	0.08525 	0.00274	0.00955
Replication124	 -1.53779	0.99974	0.99069 	0.99476 	0.99757 	0.99859 	0.99803 	1.00588 	-0.12686 	-0.14754 	-0.13702 	0.06083 	0.01811 	0.33492 	-0.04163 	-0.04842 	-0.04496 	0.06057 	0.00594 	0.07702 	0.00245	0.00853
Replication125	 -1.49655	0.99965	0.98063 	0.98608 	0.99503 	0.99237 	0.99129 	1.00437 	-0.18153 	-0.27442 	-0.09099 	0.09400 	0.00000 	0.45851 	-0.05958 	-0.09007 	-0.02986 	0.09365 	0.00000 	0.10443 	0.00558	0.01856
Replication126	 -1.48724	0.99960	0.97790 	0.98643 	0.99024 	0.99166 	0.98947 	1.00345 	-0.21921 	-0.18790 	-0.21212 	0.09782 	0.00000 	0.52764 	-0.07196 	-0.06168 	-0.06963 	0.09742 	0.00000 	0.12741 	0.00622	0.02155
Replication127	 -1.53551	0.99972	0.99141 	0.99363 	0.99603 	0.99825 	0.99673 	1.00546 	-0.09653 	-0.16907 	-0.16170 	0.06266 	0.00000 	0.36724 	-0.03168 	-0.05549 	-0.05307 	0.06238 	0.00000 	0.08709 	0.00261	0.00924
Replication128	 -1.52787	0.99973	0.98576 	0.99560 	0.99723 	0.99749 	0.99602 	1.00576 	-0.20607 	-0.06075 	-0.14194 	0.06673 	0.00000 	0.34526 	-0.06763 	-0.01994 	-0.04658 	0.06646 	0.00000 	0.07849 	0.00322	0.01080
Replication129	 -1.54517	0.99980	0.99133 	0.99796 	1.00174 	1.00003 	0.99935 	1.00694 	-0.15251 	-0.09232 	-0.05952 	0.05318 	0.00000 	0.25310 	-0.05004 	-0.03029 	-0.01953 	0.05298 	0.00000 	0.05321 	0.00193	0.00633
Replication130	 -1.50440	0.99966	0.98145 	0.98818 	0.99466 	0.99340 	0.99205 	1.00451 	-0.19038 	-0.21600 	-0.12377 	0.08853 	0.00000 	0.44660 	-0.06249 	-0.07090 	-0.04063 	0.08818 	0.00000 	0.10258 	0.00497	0.01675
Replication131	 -1.53463	0.99974	0.98874 	0.99472 	0.99794 	0.99804 	0.99736 	1.00590 	-0.15597 	-0.13026 	-0.12282 	0.06381 	0.01338 	0.33456 	-0.05118 	-0.04275 	-0.04031 	0.06355 	0.00439 	0.07552 	0.00270	0.00922
Replication132	 -1.53571	0.99973	0.99090 	0.99344 	0.99736 	0.99807 	0.99686 	1.00568 	-0.10443 	-0.18295 	-0.12472 	0.06363 	0.00000 	0.35107 	-0.03427 	-0.06004 	-0.04093 	0.06336 	0.00000 	0.08088 	0.00261	0.00901
Replication133	 -1.52641	0.99969	0.98791 	0.99251 	0.99439 	0.99683 	0.99504 	1.00498 	-0.13636 	-0.15007 	-0.18597 	0.07026 	0.00000 	0.40543 	-0.04475 	-0.04925 	-0.06104 	0.06995 	0.00000 	0.09674 	0.00328	0.01164
Replication134	 -1.55325	0.99981	0.99565 	0.99937 	1.00071 	1.00174 	1.00071 	1.00696 	-0.09866 	-0.08443 	-0.10791 	0.04408 	0.00000 	0.24822 	-0.03237 	-0.02770 	-0.03541 	0.04389 	0.00000 	0.05615 	0.00130	0.00455
Replication135	 -1.53733	0.99973	0.99050 	0.99531 	0.99646 	0.99866 	0.99707 	1.00568 	-0.12912 	-0.11222 	-0.16649 	0.06047 	0.00000 	0.34983 	-0.04237 	-0.03683 	-0.05464 	0.06020 	0.00000 	0.08242 	0.00247	0.00878
Replication136	 -1.52362	0.99972	0.98498 	0.99437 	0.99642 	0.99693 	0.99695 	1.00557 	-0.21411 	-0.09294 	-0.15814 	0.06970 	0.03858 	0.36044 	-0.07027 	-0.03050 	-0.05190 	0.06942 	0.01266 	0.08257 	0.00352	0.01199
Replication137	 -1.55867	0.99984	0.99893 	1.00194 	1.00142 	1.00378 	1.00405 	1.00748 	-0.08518 	-0.05645 	-0.13000 	0.03320 	0.03481 	0.20452 	-0.02795 	-0.01852 	-0.04265 	0.03304 	0.01142 	0.04790 	0.00089	0.00324
Replication138	 -1.55056	0.99979	0.99557 	0.99776 	0.99972 	1.00107 	0.99998 	1.00662 	-0.08111 	-0.12343 	-0.11671 	0.04765 	0.00000 	0.27510 	-0.02661 	-0.04050 	-0.03830 	0.04743 	0.00000 	0.06325 	0.00150	0.00527
Replication139	 -1.53482	0.99975	0.98915 	0.99410 	0.99874 	0.99793 	0.99753 	1.00600 	-0.14459 	-0.16204 	-0.09669 	0.06439 	0.01437 	0.32725 	-0.04745 	-0.05317 	-0.03173 	0.06413 	0.00471 	0.07260 	0.00269	0.00909
Replication140	 -1.53351	0.99972	0.99189 	0.99245 	0.99667 	0.99804 	0.99780 	1.00554 	-0.08428 	-0.22364 	-0.14004 	0.06379 	0.02547 	0.36148 	-0.02766 	-0.07339 	-0.04596 	0.06351 	0.00836 	0.08472 	0.00277	0.00957
Replication141	 -1.53193	0.99973	0.98930 	0.99260 	0.99811 	0.99732 	0.99635 	1.00571 	-0.12158 	-0.19900 	-0.09422 	0.06761 	0.00000 	0.35010 	-0.03990 	-0.06531 	-0.03092 	0.06734 	0.00000 	0.07861 	0.00291	0.00982
Replication142	 -1.48949	0.99959	0.97929 	0.98800 	0.98801 	0.99259 	0.98978 	1.00320 	-0.21110 	-0.13290 	-0.28638 	0.09284 	0.00000 	0.54354 	-0.06930 	-0.04363 	-0.09401 	0.09243 	0.00000 	0.13607 	0.00599	0.02157
Replication143	 -1.47620	0.99961	0.97511 	0.98451 	0.99266 	0.99031 	0.98986 	1.00374 	-0.25161 	-0.24733 	-0.13254 	0.10501 	0.02570 	0.50788 	-0.08259 	-0.08119 	-0.04351 	0.10462 	0.00844 	0.11800 	0.00711	0.02377
Replication144	 -1.51156	0.99969	0.98158 	0.99174 	0.99554 	0.99482 	0.99333 	1.00501 	-0.22686 	-0.11777 	-0.13832 	0.08096 	0.00000 	0.40644 	-0.07446 	-0.03865 	-0.04540 	0.08064 	0.00000 	0.09273 	0.00444	0.01487
Replication145	 -1.54613	0.99978	0.99332 	0.99654 	0.99977 	0.99998 	0.99902 	1.00647 	-0.10341 	-0.13754 	-0.09908 	0.05343 	0.00000 	0.28844 	-0.03393 	-0.04513 	-0.03251 	0.05320 	0.00000 	0.06468 	0.00184	0.00631
Replication146	 -1.52528	0.99968	0.99119 	0.99155 	0.99270 	0.99745 	0.99675 	1.00471 	-0.08173 	-0.20638 	-0.23270 	0.06697 	0.03386 	0.42333 	-0.02683 	-0.06773 	-0.07638 	0.06665 	0.01111 	0.10529 	0.00334	0.01212
Replication147	 -1.53749	0.99977	0.98911 	0.99550 	1.00032 	0.99844 	0.99768 	1.00640 	-0.15852 	-0.13056 	-0.06668 	0.06167 	0.00000 	0.29660 	-0.05202 	-0.04284 	-0.02188 	0.06143 	0.00000 	0.06358 	0.00250	0.00827
Replication148	 -1.50294	0.99964	0.98075 	0.98961 	0.99209 	0.99370 	0.99164 	1.00414 	-0.21194 	-0.13986 	-0.20271 	0.08693 	0.00000 	0.47262 	-0.06957 	-0.04591 	-0.06654 	0.08657 	0.00000 	0.11295 	0.00505	0.01751
Replication149	 -1.52542	0.99969	0.98785 	0.99196 	0.99444 	0.99660 	0.99487 	1.00494 	-0.13157 	-0.16682 	-0.17890 	0.07148 	0.00000 	0.40916 	-0.04318 	-0.05475 	-0.05872 	0.07116 	0.00000 	0.09734 	0.00336	0.01185
Replication150	 -1.52643	0.99973	0.98568 	0.99345 	0.99869 	0.99667 	0.99573 	1.00583 	-0.18708 	-0.14061 	-0.08193 	0.07109 	0.00000 	0.34188 	-0.06140 	-0.04615 	-0.02689 	0.07082 	0.00000 	0.07463 	0.00334	0.01102
Replication151	 -1.52329	0.99969	0.98622 	0.99223 	0.99483 	0.99627 	0.99459 	1.00500 	-0.16026 	-0.14494 	-0.16921 	0.07325 	0.00000 	0.40469 	-0.05260 	-0.04757 	-0.05554 	0.07294 	0.00000 	0.09505 	0.00352	0.01230
Replication152	 -1.52580	0.99969	0.98753 	0.99312 	0.99386 	0.99695 	0.99498 	1.00493 	-0.14789 	-0.12189 	-0.20528 	0.06962 	0.00000 	0.40875 	-0.04854 	-0.04000 	-0.06737 	0.06931 	0.00000 	0.09850 	0.00331	0.01189
Replication153	 -1.52542	0.99969	0.98753 	0.99263 	0.99404 	0.99676 	0.99488 	1.00492 	-0.14302 	-0.13874 	-0.19561 	0.07061 	0.00000 	0.41010 	-0.04694 	-0.04554 	-0.06420 	0.07030 	0.00000 	0.09832 	0.00335	0.01194
Replication154	 -1.50470	0.99963	0.98207 	0.98973 	0.99093 	0.99408 	0.99176 	1.00396 	-0.19155 	-0.13846 	-0.23540 	0.08490 	0.00000 	0.48539 	-0.06288 	-0.04545 	-0.07727 	0.08453 	0.00000 	0.11841 	0.00488	0.01735
Replication155	 -1.52145	0.99971	0.98668 	0.99025 	0.99768 	0.99569 	0.99484 	1.00537 	-0.13668 	-0.23839 	-0.07632 	0.07631 	0.00000 	0.37879 	-0.04486 	-0.07824 	-0.02505 	0.07601 	0.00000 	0.08447 	0.00370	0.01234
Replication156	 -1.55033	0.99984	0.99361 	0.99933 	1.00351 	1.00135 	1.00237 	1.00753 	-0.14395 	-0.10224 	-0.04009 	0.04610 	0.03562 	0.20610 	-0.04723 	-0.03355 	-0.01315 	0.04594 	0.01169 	0.04135 	0.00154	0.00505
Replication157	 -1.53152	0.99974	0.98767 	0.99373 	0.99920 	0.99733 	0.99649 	1.00599 	-0.16039 	-0.15812 	-0.07496 	0.06754 	0.00000 	0.32889 	-0.05264 	-0.05189 	-0.02460 	0.06728 	0.00000 	0.07165 	0.00295	0.00980
Replication158	 -1.51931	0.99969	0.98582 	0.99014 	0.99636 	0.99541 	0.99454 	1.00511 	-0.14847 	-0.22145 	-0.10948 	0.07780 	0.00666 	0.39878 	-0.04873 	-0.07268 	-0.03593 	0.07750 	0.00219 	0.09067 	0.00385	0.01301
Replication159	 -1.53039	0.99971	0.98911 	0.99281 	0.99578 	0.99735 	0.99632 	1.00532 	-0.12638 	-0.17056 	-0.15881 	0.06747 	0.01192 	0.37935 	-0.04148 	-0.05598 	-0.05212 	0.06718 	0.00391 	0.08897 	0.00299	0.01049
Replication160	 -1.53336	0.99972	0.98983 	0.99377 	0.99580 	0.99787 	0.99628 	1.00540 	-0.12218 	-0.14581 	-0.16630 	0.06469 	0.00000 	0.37236 	-0.04010 	-0.04785 	-0.05458 	0.06440 	0.00000 	0.08792 	0.00277	0.00980
Replication161	 -1.50453	0.99964	0.98286 	0.98732 	0.99363 	0.99346 	0.99233 	1.00428 	-0.16057 	-0.24928 	-0.14571 	0.08819 	0.00876 	0.46356 	-0.05271 	-0.08182 	-0.04783 	0.08784 	0.00288 	0.10852 	0.00495	0.01687
Replication162	 -1.52489	0.99970	0.98748 	0.99129 	0.99597 	0.99627 	0.99495 	1.00515 	-0.13254 	-0.19855 	-0.13240 	0.07321 	0.00000 	0.39370 	-0.04350 	-0.06516 	-0.04345 	0.07291 	0.00000 	0.09095 	0.00342	0.01173
Replication163	 -1.51897	0.99970	0.98434 	0.99137 	0.99646 	0.99545 	0.99421 	1.00520 	-0.18242 	-0.16773 	-0.11543 	0.07758 	0.00000 	0.39188 	-0.05987 	-0.05505 	-0.03788 	0.07728 	0.00000 	0.08858 	0.00388	0.01306
Replication164	 -1.53656	0.99979	0.98882 	0.99554 	1.00222 	0.99841 	0.99807 	1.00676 	-0.16641 	-0.14499 	-0.01727 	0.06177 	0.00000 	0.26949 	-0.05461 	-0.04758 	-0.00567 	0.06156 	0.00000 	0.05465 	0.00259	0.00835
Replication165	 -1.53702	0.99974	0.99067 	0.99482 	0.99683 	0.99862 	0.99810 	1.00576 	-0.12830 	-0.13922 	-0.15803 	0.06072 	0.02347 	0.34385 	-0.04210 	-0.04569 	-0.05186 	0.06045 	0.00770 	0.08031 	0.00250	0.00881
Replication166	 -1.51033	0.99964	0.98478 	0.99030 	0.99056 	0.99512 	0.99360 	1.00405 	-0.16162 	-0.15243 	-0.26062 	0.07936 	0.02283 	0.47693 	-0.05305 	-0.05003 	-0.08555 	0.07900 	0.00749 	0.11829 	0.00444	0.01615
Replication167	 -1.55264	0.99983	0.99506 	0.99883 	1.00327 	1.00142 	1.00101 	1.00738 	-0.10607 	-0.12073 	-0.03482 	0.04575 	0.00000 	0.21725 	-0.03480 	-0.03961 	-0.01143 	0.04557 	0.00000 	0.04477 	0.00137	0.00450
Replication168	 -1.53872	0.99974	0.99109 	0.99513 	0.99706 	0.99877 	0.99733 	1.00578 	-0.11890 	-0.13018 	-0.15031 	0.05991 	0.00000 	0.34184 	-0.03902 	-0.04272 	-0.04933 	0.05965 	0.00000 	0.07978 	0.00237	0.00837
Replication169	 -1.48500	0.99962	0.97583 	0.98785 	0.99184 	0.99167 	0.98970 	1.00385 	-0.26725 	-0.13879 	-0.18279 	0.09775 	0.00000 	0.49752 	-0.08773 	-0.04556 	-0.06000 	0.09737 	0.00000 	0.11761 	0.00643	0.02169
Replication170	 -1.51668	0.99967	0.98547 	0.99139 	0.99251 	0.99581 	0.99499 	1.00455 	-0.16780 	-0.14857 	-0.22585 	0.07569 	0.03196 	0.43855 	-0.05507 	-0.04876 	-0.07413 	0.07535 	0.01049 	0.10640 	0.00399	0.01428
Replication171	 -1.49482	0.99964	0.97827 	0.98800 	0.99392 	0.99246 	0.99119 	1.00431 	-0.23712 	-0.18226 	-0.13688 	0.09352 	0.00601 	0.46243 	-0.07783 	-0.05982 	-0.04493 	0.09317 	0.00197 	0.10654 	0.00570	0.01910
Replication172	 -1.50354	0.99963	0.98160 	0.98899 	0.99162 	0.99368 	0.99159 	1.00401 	-0.19198 	-0.16302 	-0.20954 	0.08702 	0.00000 	0.48250 	-0.06302 	-0.05351 	-0.06878 	0.08666 	0.00000 	0.11612 	0.00499	0.01747
Replication173	 -1.53929	0.99977	0.99026 	0.99656 	0.99870 	0.99932 	1.00012 	1.00633 	-0.16303 	-0.10768 	-0.13389 	0.05697 	0.05038 	0.29960 	-0.05350 	-0.03534 	-0.04394 	0.05674 	0.01653 	0.06756 	0.00235	0.00806
Replication174	 -1.53047	0.99970	0.98935 	0.99322 	0.99482 	0.99750 	0.99575 	1.00515 	-0.12224 	-0.14792 	-0.18482 	0.06666 	0.00000 	0.39130 	-0.04012 	-0.04855 	-0.06066 	0.06636 	0.00000 	0.09359 	0.00297	0.01062
Replication175	 -1.49557	0.99963	0.97909 	0.98802 	0.99187 	0.99263 	0.99069 	1.00393 	-0.22046 	-0.16843 	-0.18933 	0.09263 	0.00055 	0.49066 	-0.07237 	-0.05529 	-0.06215 	0.09225 	0.00018 	0.11664 	0.00561	0.01927
Replication176	 -1.53400	0.99973	0.98916 	0.99406 	0.99712 	0.99783 	0.99650 	1.00566 	-0.13764 	-0.14319 	-0.13437 	0.06493 	0.00000 	0.35300 	-0.04517 	-0.04699 	-0.04410 	0.06466 	0.00000 	0.08106 	0.00274	0.00946
Replication177	 -1.53037	0.99972	0.98740 	0.99466 	0.99625 	0.99756 	0.99597 	1.00552 	-0.16977 	-0.09723 	-0.15999 	0.06637 	0.00000 	0.36362 	-0.05572 	-0.03191 	-0.05251 	0.06609 	0.00000 	0.08446 	0.00300	0.01042
Replication178	 -1.52947	0.99971	0.98798 	0.99324 	0.99597 	0.99719 	0.99594 	1.00536 	-0.14722 	-0.14610 	-0.15496 	0.06834 	0.00661 	0.37640 	-0.04832 	-0.04795 	-0.05086 	0.06805 	0.00217 	0.08759 	0.00307	0.01069
Replication179	 -1.50266	0.99965	0.98065 	0.98934 	0.99257 	0.99364 	0.99241 	1.00425 	-0.21597 	-0.15657 	-0.19168 	0.08722 	0.01718 	0.46490 	-0.07089 	-0.05139 	-0.06292 	0.08687 	0.00564 	0.11020 	0.00507	0.01751
Replication180	 -1.49825	0.99964	0.97982 	0.98772 	0.99317 	0.99274 	0.99110 	1.00416 	-0.20812 	-0.19807 	-0.15420 	0.09204 	0.00000 	0.47377 	-0.06831 	-0.06501 	-0.05061 	0.09168 	0.00000 	0.11068 	0.00543	0.01842
Replication181	 -1.51570	0.99968	0.98361 	0.99093 	0.99520 	0.99506 	0.99358 	1.00491 	-0.18702 	-0.16073 	-0.14193 	0.07967 	0.00000 	0.41412 	-0.06138 	-0.05275 	-0.04658 	0.07935 	0.00000 	0.09537 	0.00411	0.01400
Replication182	 -1.53334	0.99974	0.98987 	0.99327 	0.99803 	0.99790 	0.99862 	1.00587 	-0.13150 	-0.19618 	-0.11484 	0.06452 	0.04415 	0.33665 	-0.04316 	-0.06438 	-0.03769 	0.06426 	0.01449 	0.07601 	0.00279	0.00953
Replication183	 -1.47138	0.99959	0.97466 	0.98339 	0.99149 	0.98970 	0.98879 	1.00339 	-0.24304 	-0.26270 	-0.14791 	0.10825 	0.01800 	0.53488 	-0.07978 	-0.08624 	-0.04855 	0.10784 	0.00591 	0.12592 	0.00746	0.02509
Replication184	 -1.51869	0.99971	0.98386 	0.99169 	0.99730 	0.99546 	0.99438 	1.00538 	-0.19432 	-0.16117 	-0.09647 	0.07752 	0.00000 	0.37835 	-0.06377 	-0.05290 	-0.03166 	0.07722 	0.00000 	0.08412 	0.00391	0.01301
Replication185	 -1.49010	0.99961	0.97960 	0.98598 	0.99067 	0.99213 	0.99191 	1.00363 	-0.20144 	-0.23610 	-0.21036 	0.09530 	0.04497 	0.51363 	-0.06612 	-0.07750 	-0.06905 	0.09491 	0.01476 	0.12385 	0.00600	0.02085
Replication186	 -1.52931	0.99972	0.98703 	0.99430 	0.99651 	0.99737 	0.99640 	1.00556 	-0.17548 	-0.11069 	-0.15217 	0.06736 	0.01297 	0.36109 	-0.05759 	-0.03632 	-0.04994 	0.06708 	0.00426 	0.08316 	0.00309	0.01064
Replication187	 -1.52433	0.99971	0.98548 	0.99436 	0.99527 	0.99689 	0.99511 	1.00527 	-0.19453 	-0.07618 	-0.17877 	0.06992 	0.00000 	0.38301 	-0.06384 	-0.02500 	-0.05867 	0.06963 	0.00000 	0.08984 	0.00345	0.01196
Replication188	 -1.52581	0.99971	0.98656 	0.99235 	0.99667 	0.99645 	0.99517 	1.00537 	-0.15914 	-0.16319 	-0.12394 	0.07229 	0.00000 	0.37734 	-0.05223 	-0.05356 	-0.04068 	0.07200 	0.00000 	0.08590 	0.00336	0.01143
Replication189	 -1.53485	0.99972	0.99205 	0.99339 	0.99559 	0.99841 	0.99768 	1.00541 	-0.08910 	-0.18484 	-0.17663 	0.06184 	0.02155 	0.36983 	-0.02924 	-0.06066 	-0.05797 	0.06156 	0.00707 	0.08868 	0.00265	0.00944
Replication190	 -1.52488	0.99968	0.98903 	0.99158 	0.99333 	0.99675 	0.99482 	1.00471 	-0.10752 	-0.17976 	-0.20517 	0.07066 	0.00000 	0.42517 	-0.03529 	-0.05900 	-0.06734 	0.07034 	0.00000 	0.10344 	0.00338	0.01215
Replication191	 -1.53242	0.99973	0.98931 	0.99288 	0.99770 	0.99743 	0.99634 	1.00566 	-0.12369 	-0.18669 	-0.10745 	0.06706 	0.00000 	0.35363 	-0.04059 	-0.06127 	-0.03526 	0.06679 	0.00000 	0.08008 	0.00286	0.00975
Replication192	 -1.51437	0.99970	0.98560 	0.98864 	0.99804 	0.99483 	0.99470 	1.00530 	-0.14012 	-0.28266 	-0.05138 	0.08089 	0.01234 	0.38518 	-0.04599 	-0.09277 	-0.01686 	0.08059 	0.00405 	0.08498 	0.00425	0.01400
Replication193	 -1.53068	0.99970	0.98953 	0.99296 	0.99511 	0.99746 	0.99579 	1.00518 	-0.11709 	-0.16067 	-0.17514 	0.06689 	0.00000 	0.38898 	-0.03843 	-0.05273 	-0.05748 	0.06659 	0.00000 	0.09257 	0.00296	0.01052
Replication194	 -1.53823	0.99974	0.99022 	0.99650 	0.99674 	0.99905 	0.99740 	1.00584 	-0.14651 	-0.07542 	-0.17108 	0.05841 	0.00000 	0.33700 	-0.04808 	-0.02475 	-0.05614 	0.05816 	0.00000 	0.07935 	0.00240	0.00853
Replication195	 -1.53566	0.99971	0.99302 	0.99357 	0.99501 	0.99865 	0.99692 	1.00529 	-0.06918 	-0.17751 	-0.18976 	0.06055 	0.00000 	0.37847 	-0.02270 	-0.05826 	-0.06228 	0.06026 	0.00000 	0.09230 	0.00258	0.00933
Replication196	 -1.55201	0.99980	0.99600 	1.00029 	0.99873 	1.00215 	1.00059 	1.00668 	-0.09982 	-0.03951 	-0.16894 	0.04191 	0.00000 	0.26773 	-0.03275 	-0.01296 	-0.05543 	0.04170 	0.00000 	0.06455 	0.00137	0.00510
Replication197	 -1.51901	0.99969	0.98631 	0.98967 	0.99649 	0.99534 	0.99428 	1.00508 	-0.13442 	-0.24023 	-0.10040 	0.07817 	0.00000 	0.40076 	-0.04412 	-0.07884 	-0.03295 	0.07786 	0.00000 	0.09110 	0.00388	0.01304
Replication198	 -1.52323	0.99971	0.98525 	0.99235 	0.99727 	0.99610 	0.99495 	1.00546 	-0.18005 	-0.15536 	-0.10629 	0.07412 	0.00000 	0.37114 	-0.05909 	-0.05099 	-0.03488 	0.07383 	0.00000 	0.08308 	0.00356	0.01195
Replication199	 -1.53855	0.99973	0.99419 	0.99519 	0.99473 	0.99969 	0.99877 	1.00547 	-0.07460 	-0.14463 	-0.22161 	0.05501 	0.02576 	0.36242 	-0.02448 	-0.04746 	-0.07273 	0.05474 	0.00845 	0.09023 	0.00235	0.00875