
 Replication 	 FitnessValue 	 Frequency	Bus1	Bus2	Bus3	Bus4	Bus5	Bus6
Replication0	 0.07828	0.99822	0.98172 	0.98807 	0.98804 	0.98724 	0.98786 	0.99540 
Replication1	 0.04102	0.99867	0.98931 	0.99384 	0.99368 	0.99326 	0.99366 	0.99917 
Replication2	 0.07482	0.99831	0.98131 	0.98864 	0.98969 	0.98745 	0.98848 	0.99621 
Replication3	 0.04729	0.99859	0.98847 	0.99396 	0.99153 	0.99293 	0.99277 	0.99824 
Replication4	 0.03518	0.99880	0.98918 	0.99527 	0.99569 	0.99405 	0.99476 	1.00032 
Replication5	 0.03692	0.99878	0.98908 	0.99483 	0.99546 	0.99376 	0.99451 	1.00013 
Replication6	 0.07487	0.99825	0.98295 	0.98859 	0.98801 	0.98796 	0.98835 	0.99552 
Replication7	 0.01246	0.99907	0.99666 	0.99971 	0.99779 	0.99920 	0.99895 	1.00230 
Replication8	 0.06648	0.99839	0.98345 	0.98989 	0.99044 	0.98892 	0.98971 	0.99684 
Replication9	 0.05850	0.99848	0.98516 	0.99111 	0.99155 	0.99023 	0.99094 	0.99760 
Replication10	 0.03835	0.99872	0.98927 	0.99424 	0.99460 	0.99349 	0.99408 	0.99965 
Replication11	 0.02583	0.99886	0.99338 	0.99661 	0.99540 	0.99628 	0.99625 	1.00057 
Replication12	 0.02701	0.99894	0.99156 	0.99665 	0.99779 	0.99573 	0.99655 	1.00156 
Replication13	 0.05077	0.99857	0.98723 	0.99239 	0.99242 	0.99169 	0.99220 	0.99829 
Replication14	 0.02712	0.99887	0.99230 	0.99684 	0.99574 	0.99602 	0.99615 	1.00073 
Replication15	 0.06755	0.99834	0.98417 	0.98971 	0.98936 	0.98904 	0.98949 	0.99635 
Replication16	 0.09745	0.99804	0.97681 	0.98522 	0.98633 	0.98388 	0.98503 	0.99397 
Replication17	 0.03537	0.99873	0.99127 	0.99478 	0.99393 	0.99448 	0.99459 	0.99951 
Replication18	 0.03895	0.99874	0.98839 	0.99415 	0.99522 	0.99315 	0.99402 	0.99987 
Replication19	 0.03074	0.99881	0.99185 	0.99593 	0.99496 	0.99534 	0.99546 	1.00021 
Replication20	 0.06455	0.99841	0.98378 	0.99099 	0.99009 	0.98960 	0.99006 	0.99690 
Replication21	 0.05213	0.99856	0.98646 	0.99295 	0.99205 	0.99168 	0.99206 	0.99821 
Replication22	 0.05580	0.99854	0.98544 	0.99166 	0.99248 	0.99065 	0.99150 	0.99812 
Replication23	 0.06345	0.99841	0.98443 	0.99035 	0.99053 	0.98952 	0.99016 	0.99699 
Replication24	 0.07819	0.99824	0.98132 	0.98819 	0.98841 	0.98716 	0.98791 	0.99556 
Replication25	 0.03063	0.99879	0.99215 	0.99582 	0.99449 	0.99537 	0.99536 	0.99999 
Replication26	 0.05665	0.99851	0.98534 	0.99140 	0.99201 	0.99047 	0.99124 	0.99786 
Replication27	 0.05879	0.99848	0.98498 	0.99107 	0.99162 	0.99015 	0.99090 	0.99762 
Replication28	 0.03773	0.99872	0.99003 	0.99444 	0.99434 	0.99387 	0.99427 	0.99959 
Replication29	 0.05856	0.99846	0.98573 	0.99109 	0.99096 	0.99040 	0.99089 	0.99736 
Replication30	 0.07529	0.99826	0.98232 	0.98853 	0.98849 	0.98771 	0.98832 	0.99570 
Replication31	 0.05489	0.99850	0.98669 	0.99165 	0.99130 	0.99106 	0.99145 	0.99764 
Replication32	 0.04529	0.99862	0.98863 	0.99322 	0.99289 	0.99266 	0.99301 	0.99869 
Replication33	 0.07017	0.99831	0.98357 	0.98931 	0.98904 	0.98860 	0.98909 	0.99612 
Replication34	 0.04195	0.99865	0.98967 	0.99420 	0.99262 	0.99354 	0.99353 	0.99879 
Replication35	 0.05594	0.99853	0.98514 	0.99152 	0.99247 	0.99048 	0.99137 	0.99808 
Replication36	 0.04930	0.99858	0.98773 	0.99264 	0.99240 	0.99200 	0.99242 	0.99834 
Replication37	 0.06785	0.99841	0.98215 	0.99040 	0.99070 	0.98872 	0.98962 	0.99701 
Replication38	 0.02843	0.99885	0.99207 	0.99604 	0.99596 	0.99553 	0.99589 	1.00066 
Replication39	 0.08165	0.99821	0.98040 	0.98775 	0.98805 	0.98659 	0.98740 	0.99530 
Replication40	 0.03958	0.99871	0.98902 	0.99405 	0.99443 	0.99330 	0.99390 	0.99953 
Replication41	 0.04985	0.99857	0.98769 	0.99308 	0.99181 	0.99220 	0.99236 	0.99817 
Replication42	 0.02546	0.99897	0.99174 	0.99761 	0.99764 	0.99630 	0.99687 	1.00168 
Replication43	 0.04855	0.99862	0.98680 	0.99273 	0.99358 	0.99176 	0.99258 	0.99884 
Replication44	 0.04381	0.99865	0.98845 	0.99342 	0.99357 	0.99272 	0.99325 	0.99902 
Replication45	 0.08142	0.99816	0.98186 	0.98758 	0.98683 	0.98698 	0.98734 	0.99478 
Replication46	 0.05955	0.99846	0.98495 	0.99176 	0.99067 	0.99046 	0.99082 	0.99734 
Replication47	 0.07972	0.99822	0.98115 	0.98786 	0.98812 	0.98692 	0.98766 	0.99537 
Replication48	 0.04155	0.99864	0.99026 	0.99377 	0.99264 	0.99354 	0.99356 	0.99873 
Replication49	 0.06128	0.99840	0.98598 	0.99067 	0.98979 	0.99023 	0.99044 	0.99678 
Replication50	 0.04012	0.99874	0.98770 	0.99457 	0.99500 	0.99311 	0.99390 	0.99984 
Replication51	 0.03218	0.99877	0.99186 	0.99525 	0.99443 	0.99497 	0.99507 	0.99984 
Replication52	 0.04719	0.99858	0.98899 	0.99294 	0.99194 	0.99261 	0.99271 	0.99824 
Replication53	 0.03823	0.99868	0.99061 	0.99510 	0.99271 	0.99436 	0.99412 	0.99903 
Replication54	 0.05279	0.99854	0.98705 	0.99208 	0.99192 	0.99144 	0.99189 	0.99801 
Replication55	 0.05586	0.99847	0.98700 	0.99150 	0.99068 	0.99107 	0.99128 	0.99735 
Replication56	 0.03091	0.99882	0.99118 	0.99573 	0.99551 	0.99502 	0.99540 	1.00038 
Replication57	 0.03202	0.99880	0.99137 	0.99542 	0.99527 	0.99491 	0.99526 	1.00023 
Replication58	 0.03993	0.99867	0.99012 	0.99400 	0.99330 	0.99363 	0.99381 	0.99906 
Replication59	 0.04181	0.99867	0.98901 	0.99372 	0.99370 	0.99309 	0.99355 	0.99915 
Replication60	 0.04915	0.99861	0.98681 	0.99264 	0.99337 	0.99170 	0.99249 	0.99874 
Replication61	 0.04698	0.99862	0.98771 	0.99295 	0.99322 	0.99219 	0.99278 	0.99876 
Replication62	 0.03207	0.99876	0.99198 	0.99526 	0.99435 	0.99501 	0.99508 	0.99981 
Replication63	 0.06260	0.99844	0.98398 	0.99050 	0.99129 	0.98946 	0.99033 	0.99734 
Replication64	 0.01978	0.99899	0.99434 	0.99850 	0.99714 	0.99770 	0.99771 	1.00171 
Replication65	 0.05890	0.99847	0.98510 	0.99105 	0.99146 	0.99017 	0.99088 	0.99755 
Replication66	 0.07765	0.99828	0.98064 	0.98822 	0.98938 	0.98697 	0.98805 	0.99597 
Replication67	 0.05249	0.99851	0.98797 	0.99213 	0.99116 	0.99177 	0.99191 	0.99772 
Replication68	 0.06915	0.99833	0.98354 	0.98947 	0.98942 	0.98869 	0.98926 	0.99632 
Replication69	 0.05439	0.99853	0.98633 	0.99214 	0.99183 	0.99120 	0.99168 	0.99796 
Replication70	 0.05854	0.99847	0.98547 	0.99110 	0.99122 	0.99032 	0.99091 	0.99747 
Replication71	 0.04304	0.99869	0.98770 	0.99440 	0.99380 	0.99297 	0.99345 	0.99928 
Replication72	 0.02629	0.99898	0.99114 	0.99682 	0.99856 	0.99569 	0.99674 	1.00192 
Replication73	 0.04876	0.99861	0.98702 	0.99269 	0.99329 	0.99181 	0.99253 	0.99872 
Replication74	 0.04266	0.99866	0.98870 	0.99368 	0.99363 	0.99296 	0.99343 	0.99910 
Replication75	 0.03244	0.99883	0.99017 	0.99583 	0.99578 	0.99471 	0.99524 	1.00049 
Replication76	 0.06630	0.99837	0.98416 	0.98990 	0.98980 	0.98916 	0.98970 	0.99658 
Replication77	 0.03620	0.99874	0.99028 	0.99466 	0.99460 	0.99408 	0.99449 	0.99975 
Replication78	 0.04182	0.99870	0.98825 	0.99372 	0.99442 	0.99285 	0.99358 	0.99944 
Replication79	 0.04378	0.99861	0.98994 	0.99361 	0.99206 	0.99331 	0.99323 	0.99844 
Replication80	 0.05530	0.99852	0.98584 	0.99160 	0.99199 	0.99076 	0.99143 	0.99790 
Replication81	 0.04266	0.99862	0.99024 	0.99372 	0.99220 	0.99348 	0.99339 	0.99854 
Replication82	 0.06693	0.99836	0.98399 	0.99007 	0.98952 	0.98917 	0.98962 	0.99649 
Replication83	 0.04554	0.99863	0.98809 	0.99316 	0.99334 	0.99245 	0.99299 	0.99886 
Replication84	 0.06244	0.99844	0.98414 	0.99052 	0.99118 	0.98953 	0.99035 	0.99730 
Replication85	 0.06417	0.99835	0.98579 	0.99022 	0.98899 	0.98989 	0.98998 	0.99634 
Replication86	 0.06055	0.99843	0.98561 	0.99078 	0.99039 	0.99018 	0.99057 	0.99705 
Replication87	 0.05695	0.99846	0.98656 	0.99133 	0.99072 	0.99083 	0.99112 	0.99733 
Replication88	 0.05094	0.99855	0.98771 	0.99257 	0.99172 	0.99193 	0.99217 	0.99803 
Replication89	 0.08762	0.99811	0.97985 	0.98678 	0.98655 	0.98581 	0.98644 	0.99445 
Replication90	 0.08562	0.99815	0.97998 	0.98697 	0.98723 	0.98599 	0.98676 	0.99478 
Replication91	 0.03462	0.99877	0.99039 	0.99489 	0.99501 	0.99426 	0.99474 	0.99998 
Replication92	 0.04790	0.99856	0.98894 	0.99289 	0.99170 	0.99255 	0.99260 	0.99812 
Replication93	 0.05460	0.99855	0.98560 	0.99184 	0.99273 	0.99081 	0.99168 	0.99827 
Replication94	 0.04850	0.99860	0.98738 	0.99273 	0.99303 	0.99195 	0.99256 	0.99862 
Replication95	 0.05452	0.99853	0.98626 	0.99183 	0.99210 	0.99103 	0.99166 	0.99802 
Replication96	 0.04426	0.99863	0.98904 	0.99335 	0.99286 	0.99288 	0.99316 	0.99872 
Replication97	 0.05897	0.99845	0.98576 	0.99144 	0.99042 	0.99058 	0.99085 	0.99719 
Replication98	 0.06410	0.99839	0.98479 	0.99024 	0.98995 	0.98957 	0.99003 	0.99673 
Replication99	 0.05010	0.99859	0.98684 	0.99249 	0.99302 	0.99163 	0.99233 	0.99856 
Replication100	 0.06755	0.99837	0.98336 	0.99017 	0.98977 	0.98901 	0.98956 	0.99660 
Replication101	 0.05117	0.99855	0.98763 	0.99232 	0.99191 	0.99178 	0.99213 	0.99807 
Replication102	 0.05422	0.99855	0.98589 	0.99189 	0.99257 	0.99094 	0.99172 	0.99822 
Replication103	 0.04787	0.99858	0.98857 	0.99282 	0.99212 	0.99239 	0.99261 	0.99828 
Replication104	 0.05345	0.99852	0.98724 	0.99198 	0.99152 	0.99144 	0.99178 	0.99782 
Replication105	 0.05322	0.99855	0.98630 	0.99203 	0.99251 	0.99116 	0.99186 	0.99823 
Replication106	 0.05551	0.99852	0.98573 	0.99157 	0.99203 	0.99070 	0.99140 	0.99791 
Replication107	 0.07626	0.99826	0.98188 	0.98839 	0.98859 	0.98748 	0.98819 	0.99570 
Replication108	 0.02876	0.99888	0.99123 	0.99693 	0.99601 	0.99568 	0.99597 	1.00083 
Replication109	 0.04675	0.99859	0.98861 	0.99298 	0.99245 	0.99251 	0.99279 	0.99846 
Replication110	 0.06240	0.99838	0.98611 	0.99050 	0.98929 	0.99017 	0.99026 	0.99653 
Replication111	 0.05554	0.99850	0.98625 	0.99156 	0.99151 	0.99086 	0.99137 	0.99770 
Replication112	 0.07388	0.99830	0.98184 	0.98877 	0.98947 	0.98771 	0.98859 	0.99615 
Replication113	 0.04778	0.99859	0.98825 	0.99283 	0.99244 	0.99230 	0.99263 	0.99841 
Replication114	 0.02775	0.99892	0.99149 	0.99644 	0.99738 	0.99558 	0.99633 	1.00134 
Replication115	 0.07474	0.99828	0.98215 	0.98862 	0.98885 	0.98772 	0.98842 	0.99586 
Replication116	 0.04768	0.99862	0.98731 	0.99285 	0.99338 	0.99200 	0.99269 	0.99879 
Replication117	 0.05417	0.99851	0.98646 	0.99203 	0.99154 	0.99119 	0.99159 	0.99781 
Replication118	 0.06793	0.99836	0.98347 	0.98966 	0.98991 	0.98879 	0.98947 	0.99656 
Replication119	 0.03831	0.99873	0.98949 	0.99436 	0.99468 	0.99364 	0.99421 	0.99971 
Replication120	 0.06958	0.99839	0.98184 	0.98947 	0.99102 	0.98813 	0.98933 	0.99696 
Replication121	 0.06720	0.99838	0.98339 	0.98978 	0.99025 	0.98883 	0.98960 	0.99673 
Replication122	 0.04436	0.99867	0.98744 	0.99453 	0.99334 	0.99293 	0.99328 	0.99910 
Replication123	 0.05224	0.99855	0.98670 	0.99273 	0.99195 	0.99166 	0.99202 	0.99813 
Replication124	 0.04610	0.99864	0.98764 	0.99308 	0.99358 	0.99225 	0.99293 	0.99894 
Replication125	 0.06275	0.99838	0.98562 	0.99044 	0.98963 	0.98997 	0.99021 	0.99665 
Replication126	 0.05407	0.99849	0.98725 	0.99178 	0.99106 	0.99132 	0.99156 	0.99758 
Replication127	 0.02335	0.99895	0.99328 	0.99718 	0.99736 	0.99663 	0.99705 	1.00152 
Replication128	 0.07034	0.99827	0.98478 	0.98942 	0.98773 	0.98905 	0.98903 	0.99561 
Replication129	 0.02431	0.99893	0.99297 	0.99732 	0.99672 	0.99655 	0.99680 	1.00126 
Replication130	 0.04475	0.99860	0.98983 	0.99329 	0.99199 	0.99310 	0.99307 	0.99835 
Replication131	 0.07668	0.99826	0.98157 	0.98845 	0.98865 	0.98740 	0.98814 	0.99573 
Replication132	 0.04181	0.99868	0.98869 	0.99372 	0.99400 	0.99299 	0.99356 	0.99927 
Replication133	 0.05195	0.99858	0.98614 	0.99255 	0.99280 	0.99139 	0.99209 	0.99845 
Replication134	 0.04993	0.99858	0.98723 	0.99330 	0.99202 	0.99215 	0.99238 	0.99829 
Replication135	 0.03023	0.99887	0.99092 	0.99586 	0.99665 	0.99504 	0.99574 	1.00090 
Replication136	 0.03641	0.99873	0.99062 	0.99462 	0.99420 	0.99417 	0.99445 	0.99958 
Replication137	 0.05012	0.99853	0.98874 	0.99248 	0.99123 	0.99225 	0.99226 	0.99784 
Replication138	 0.06193	0.99843	0.98459 	0.99058 	0.99091 	0.98972 	0.99040 	0.99720 
Replication139	 0.04982	0.99858	0.98726 	0.99253 	0.99271 	0.99179 	0.99235 	0.99844 
Replication140	 0.01525	0.99901	0.99649 	0.99971 	0.99632 	0.99909 	0.99843 	1.00165 
Replication141	 0.03926	0.99867	0.99038 	0.99411 	0.99328 	0.99378 	0.99391 	0.99908 
Replication142	 0.03941	0.99870	0.98935 	0.99408 	0.99417 	0.99343 	0.99391 	0.99943 
Replication143	 0.05455	0.99847	0.98782 	0.99219 	0.98997 	0.99171 	0.99150 	0.99720 
Replication144	 0.04087	0.99867	0.98950 	0.99410 	0.99334 	0.99346 	0.99369 	0.99908 
Replication145	 0.03136	0.99886	0.98997 	0.99692 	0.99591 	0.99521 	0.99560 	1.00075 
Replication146	 0.05731	0.99848	0.98592 	0.99128 	0.99121 	0.99058 	0.99109 	0.99751 
Replication147	 0.02173	0.99893	0.99438 	0.99768 	0.99623 	0.99725 	0.99715 	1.00116 
Replication148	 0.03449	0.99877	0.99053 	0.99491 	0.99491 	0.99431 	0.99474 	0.99994 
Replication149	 0.06085	0.99847	0.98412 	0.99077 	0.99177 	0.98968 	0.99062 	0.99760 
Replication150	 0.01912	0.99905	0.99315 	0.99927 	0.99828 	0.99770 	0.99801 	1.00233 
Replication151	 0.04784	0.99864	0.98674 	0.99284 	0.99388 	0.99181 	0.99270 	0.99899 
Replication152	 0.05749	0.99849	0.98544 	0.99127 	0.99162 	0.99042 	0.99109 	0.99767 
Replication153	 0.06083	0.99847	0.98408 	0.99078 	0.99182 	0.98967 	0.99063 	0.99762 
Replication154	 0.04872	0.99859	0.98753 	0.99269 	0.99282 	0.99197 	0.99252 	0.99853 
Replication155	 0.02719	0.99886	0.99228 	0.99757 	0.99487 	0.99636 	0.99610 	1.00049 
Replication156	 0.06365	0.99840	0.98470 	0.99031 	0.99019 	0.98959 	0.99011 	0.99685 
Replication157	 0.05182	0.99855	0.98700 	0.99223 	0.99229 	0.99152 	0.99205 	0.99820 
Replication158	 0.04010	0.99871	0.98865 	0.99420 	0.99441 	0.99324 	0.99384 	0.99954 
Replication159	 0.04967	0.99859	0.98710 	0.99255 	0.99291 	0.99175 	0.99238 	0.99853 
Replication160	 0.04582	0.99860	0.98909 	0.99312 	0.99231 	0.99275 	0.99292 	0.99843 
Replication161	 0.04466	0.99861	0.98926 	0.99330 	0.99253 	0.99291 	0.99309 	0.99857 
Replication162	 0.02014	0.99896	0.99478 	0.99794 	0.99675 	0.99755 	0.99751 	1.00145 
Replication163	 0.05365	0.99858	0.98531 	0.99239 	0.99298 	0.99101 	0.99187 	0.99847 
Replication164	 0.04625	0.99862	0.98799 	0.99353 	0.99278 	0.99258 	0.99291 	0.99869 
Replication165	 0.05689	0.99849	0.98578 	0.99135 	0.99150 	0.99058 	0.99117 	0.99764 
Replication166	 0.02795	0.99886	0.99220 	0.99615 	0.99608 	0.99563 	0.99600 	1.00074 
Replication167	 0.04713	0.99861	0.98775 	0.99293 	0.99313 	0.99219 	0.99276 	0.99871 
Replication168	 0.03811	0.99882	0.98755 	0.99511 	0.99642 	0.99339 	0.99451 	1.00055 
Replication169	 0.05161	0.99859	0.98600 	0.99228 	0.99334 	0.99122 	0.99214 	0.99863 
Replication170	 0.06765	0.99837	0.98319 	0.98972 	0.99030 	0.98873 	0.98954 	0.99673 
Replication171	 0.05168	0.99855	0.98717 	0.99225 	0.99217 	0.99158 	0.99206 	0.99815 
Replication172	 0.05632	0.99849	0.98587 	0.99180 	0.99128 	0.99084 	0.99127 	0.99763 
Replication173	 0.05371	0.99850	0.98757 	0.99194 	0.99113 	0.99153 	0.99173 	0.99765 
Replication174	 0.03483	0.99873	0.99155 	0.99507 	0.99367 	0.99473 	0.99468 	0.99947 
Replication175	 0.01755	0.99906	0.99408 	0.99880 	0.99867 	0.99782 	0.99823 	1.00243 
Replication176	 0.03698	0.99881	0.98837 	0.99471 	0.99642 	0.99349 	0.99460 	1.00050 
Replication177	 0.07358	0.99827	0.98292 	0.98879 	0.98849 	0.98807 	0.98857 	0.99576 
Replication178	 0.04749	0.99864	0.98680 	0.99289 	0.99393 	0.99186 	0.99275 	0.99903 
Replication179	 0.04767	0.99860	0.98791 	0.99285 	0.99280 	0.99219 	0.99267 	0.99856 
Replication180	 0.06849	0.99833	0.98399 	0.98971 	0.98909 	0.98897 	0.98936 	0.99623 
Replication181	 0.02854	0.99884	0.99219 	0.99604 	0.99562 	0.99555 	0.99581 	1.00052 
Replication182	 0.03235	0.99880	0.99116 	0.99544 	0.99533 	0.99484 	0.99523 	1.00025 
Replication183	 0.08592	0.99812	0.98072 	0.98690 	0.98638 	0.98619 	0.98666 	0.99442 
Replication184	 0.08272	0.99814	0.98185 	0.98746 	0.98633 	0.98690 	0.98713 	0.99454 
Replication185	 0.04241	0.99861	0.99071 	0.99367 	0.99195 	0.99362 	0.99342 	0.99843 
Replication186	 0.04445	0.99865	0.98820 	0.99334 	0.99358 	0.99259 	0.99316 	0.99900 
Replication187	 0.04114	0.99865	0.98990 	0.99400 	0.99294 	0.99354 	0.99364 	0.99890 
Replication188	 0.04987	0.99858	0.98736 	0.99252 	0.99259 	0.99181 	0.99234 	0.99839 
Replication189	 0.03779	0.99872	0.99003 	0.99505 	0.99379 	0.99416 	0.99430 	0.99947 
Replication190	 0.04626	0.99867	0.98644 	0.99377 	0.99409 	0.99219 	0.99300 	0.99925 
Replication191	 0.07284	0.99832	0.98207 	0.98893 	0.98960 	0.98788 	0.98875 	0.99625 
Replication192	 0.07565	0.99826	0.98200 	0.98848 	0.98868 	0.98758 	0.98828 	0.99576 
Replication193	 0.06028	0.99844	0.98544 	0.99083 	0.99064 	0.99015 	0.99063 	0.99716 
Replication194	 0.04434	0.99863	0.98892 	0.99334 	0.99295 	0.99283 	0.99315 	0.99875 
Replication195	 0.02115	0.99894	0.99443 	0.99820 	0.99605 	0.99753 	0.99727 	1.00118 
Replication196	 0.05438	0.99855	0.98577 	0.99210 	0.99243 	0.99100 	0.99172 	0.99819 
Replication197	 0.08792	0.99814	0.97914 	0.98664 	0.98727 	0.98551 	0.98644 	0.99471 
Replication198	 0.06219	0.99842	0.98480 	0.99054 	0.99061 	0.98976 	0.99034 	0.99707 
Replication199	 0.05309	0.99859	0.98524 	0.99240 	0.99332 	0.99100 	0.99196 	0.99862 
Replication200	 0.05293	0.99854	0.98674 	0.99207 	0.99217 	0.99133 	0.99188 	0.99810 
Replication201	 0.03124	0.99880	0.99177 	0.99553 	0.99513 	0.99511 	0.99536 	1.00020 
Replication202	 0.02160	0.99904	0.99242 	0.99819 	0.99873 	0.99689 	0.99760 	1.00229 
Replication203	 0.02690	0.99885	0.99298 	0.99624 	0.99556 	0.99595 	0.99607 	1.00055 
Replication204	 0.07922	0.99821	0.98159 	0.98812 	0.98767 	0.98720 	0.98772 	0.99524 
Replication205	 0.03510	0.99877	0.99010 	0.99484 	0.99517 	0.99413 	0.99469 	1.00004 
Replication206	 0.01308	0.99926	0.99731 	1.00171 	1.00090 	1.00061 	1.00081 	1.00406 
Replication207	 0.06256	0.99842	0.98462 	0.99048 	0.99066 	0.98967 	0.99029 	0.99708 
Replication208	 0.04593	0.99862	0.98812 	0.99311 	0.99318 	0.99242 	0.99293 	0.99878 
Replication209	 0.02890	0.99885	0.99135 	0.99736 	0.99514 	0.99592 	0.99586 	1.00054 
Replication210	 0.03706	0.99876	0.98917 	0.99575 	0.99440 	0.99423 	0.99449 	0.99984 
Replication211	 0.06672	0.99838	0.98358 	0.99034 	0.98980 	0.98917 	0.98969 	0.99665 
Replication212	 0.08379	0.99815	0.98096 	0.98723 	0.98688 	0.98647 	0.98700 	0.99471 
Replication213	 0.03844	0.99872	0.98965 	0.99434 	0.99449 	0.99368 	0.99418 	0.99962 
Replication214	 0.09048	0.99814	0.97791 	0.98629 	0.98766 	0.98489 	0.98612 	0.99478 
Replication215	 0.04086	0.99869	0.98905 	0.99386 	0.99398 	0.99319 	0.99370 	0.99930 
Replication216	 0.06309	0.99843	0.98401 	0.99042 	0.99108 	0.98943 	0.99025 	0.99723 
Replication217	 0.05196	0.99853	0.98761 	0.99238 	0.99151 	0.99179 	0.99201 	0.99791 
Replication218	 0.02319	0.99894	0.99357 	0.99715 	0.99700 	0.99670 	0.99700 	1.00137 
Replication219	 0.07675	0.99826	0.98158 	0.98832 	0.98872 	0.98734 	0.98812 	0.99573 
Replication220	 0.03448	0.99880	0.98975 	0.99495 	0.99573 	0.99409 	0.99482 	1.00029 
Replication221	 0.03394	0.99879	0.99049 	0.99510 	0.99538 	0.99442 	0.99495 	1.00019 
Replication222	 0.03823	0.99871	0.99026 	0.99436 	0.99396 	0.99389 	0.99418 	0.99942 
Replication223	 0.02117	0.99897	0.99377 	0.99852 	0.99680 	0.99748 	0.99745 	1.00155 
Replication224	 0.07184	0.99833	0.98227 	0.98908 	0.98976 	0.98803 	0.98890 	0.99635 
Replication225	 0.04517	0.99862	0.98861 	0.99329 	0.99290 	0.99269 	0.99304 	0.99871 
Replication226	 0.05287	0.99854	0.98693 	0.99318 	0.99109 	0.99194 	0.99195 	0.99785 
Replication227	 0.03381	0.99874	0.99157 	0.99500 	0.99414 	0.99471 	0.99481 	0.99966 
Replication228	 0.04797	0.99861	0.98758 	0.99280 	0.99302 	0.99206 	0.99263 	0.99864 
Replication229	 0.05410	0.99850	0.98710 	0.99177 	0.99119 	0.99127 	0.99157 	0.99763 
Replication230	 0.05652	0.99850	0.98552 	0.99175 	0.99158 	0.99070 	0.99126 	0.99775 
Replication231	 0.03934	0.99872	0.98867 	0.99472 	0.99429 	0.99352 	0.99398 	0.99958 
Replication232	 0.03607	0.99883	0.98807 	0.99626 	0.99583 	0.99417 	0.99484 	1.00053 
Replication233	 0.05490	0.99851	0.98629 	0.99166 	0.99168 	0.99094 	0.99147 	0.99780 
Replication234	 0.06567	0.99837	0.98446 	0.99000 	0.98973 	0.98932 	0.98979 	0.99658 
Replication235	 0.07256	0.99827	0.98350 	0.98894 	0.98828 	0.98835 	0.98870 	0.99572 
Replication236	 0.07233	0.99832	0.98222 	0.98900 	0.98963 	0.98797 	0.98882 	0.99628 
Replication237	 0.03557	0.99872	0.99127 	0.99528 	0.99343 	0.99473 	0.99459 	0.99939 
Replication238	 0.03555	0.99877	0.98976 	0.99565 	0.99456 	0.99440 	0.99467 	0.99991 
Replication239	 0.03373	0.99879	0.99032 	0.99587 	0.99479 	0.99474 	0.99497 	1.00007 
Replication240	 0.05438	0.99853	0.98646 	0.99185 	0.99196 	0.99111 	0.99167 	0.99796 
Replication241	 0.01026	0.99916	0.99841 	1.00112 	0.99852 	1.00062 	1.00013 	1.00294 
Replication242	 0.04627	0.99860	0.98881 	0.99305 	0.99242 	0.99262 	0.99285 	0.99846 
Replication243	 0.06123	0.99842	0.98526 	0.99101 	0.99020 	0.99016 	0.99049 	0.99700 
Replication244	 0.04645	0.99863	0.98765 	0.99303 	0.99345 	0.99222 	0.99287 	0.99887 
Replication245	 0.04296	0.99871	0.98699 	0.99414 	0.99476 	0.99261 	0.99349 	0.99963 
Replication246	 0.03844	0.99871	0.99003 	0.99434 	0.99412 	0.99380 	0.99416 	0.99947 
Replication247	 0.01813	0.99904	0.99393 	0.99913 	0.99795 	0.99790 	0.99807 	1.00218 
Replication248	 0.09123	0.99812	0.97788 	0.98617 	0.98742 	0.98481 	0.98599 	0.99465 
Replication249	 0.09477	0.99806	0.97766 	0.98561 	0.98639 	0.98439 	0.98541 	0.99409 
Replication250	 0.05514	0.99856	0.98515 	0.99177 	0.99300 	0.99062 	0.99163 	0.99836 
Replication251	 0.03849	0.99876	0.98859 	0.99438 	0.99558 	0.99335 	0.99426 	1.00008 
Replication252	 0.06091	0.99840	0.98616 	0.99072 	0.98975 	0.99032 	0.99049 	0.99677 
Replication253	 0.03803	0.99874	0.98861 	0.99514 	0.99455 	0.99372 	0.99419 	0.99978 
Replication254	 0.06660	0.99837	0.98376 	0.98987 	0.99009 	0.98901 	0.98967 	0.99669 
Replication255	 0.02456	0.99890	0.99331 	0.99715 	0.99604 	0.99657 	0.99662 	1.00095 
Replication256	 0.02087	0.99893	0.99513 	0.99742 	0.99616 	0.99738 	0.99724 	1.00110 
Replication257	 0.08199	0.99818	0.98103 	0.98751 	0.98743 	0.98667 	0.98729 	0.99501 
Replication258	 0.03713	0.99879	0.98853 	0.99457 	0.99603 	0.99346 	0.99447 	1.00031 
Replication259	 0.04821	0.99861	0.98733 	0.99277 	0.99317 	0.99196 	0.99261 	0.99869 
Replication260	 0.05720	0.99848	0.98586 	0.99130 	0.99131 	0.99058 	0.99111 	0.99755 
Replication261	 0.05937	0.99846	0.98517 	0.99097 	0.99123 	0.99015 	0.99079 	0.99744 
Replication262	 0.05196	0.99856	0.98679 	0.99221 	0.99245 	0.99144 	0.99204 	0.99826 
Replication263	 0.05426	0.99850	0.98726 	0.99186 	0.99124 	0.99138 	0.99165 	0.99768 
Replication264	 0.07454	0.99831	0.98135 	0.98869 	0.98975 	0.98749 	0.98852 	0.99624 
Replication265	 0.04963	0.99856	0.98817 	0.99255 	0.99191 	0.99210 	0.99235 	0.99813 
Replication266	 0.04104	0.99872	0.98799 	0.99385 	0.99494 	0.99284 	0.99372 	0.99968 
Replication267	 0.04903	0.99855	0.98881 	0.99265 	0.99152 	0.99237 	0.99242 	0.99799 
Replication268	 0.04162	0.99865	0.98983 	0.99375 	0.99301 	0.99338 	0.99355 	0.99888 
Replication269	 0.04771	0.99858	0.98845 	0.99284 	0.99228 	0.99237 	0.99264 	0.99835 
Replication270	 0.03197	0.99880	0.99095 	0.99533 	0.99543 	0.99472 	0.99518 	1.00027 
Replication271	 0.04354	0.99865	0.98872 	0.99346 	0.99340 	0.99284 	0.99329 	0.99896 
Replication272	 0.03637	0.99876	0.98973 	0.99464 	0.99508 	0.99389 	0.99449 	0.99994 
Replication273	 0.03953	0.99871	0.98909 	0.99406 	0.99438 	0.99333 	0.99390 	0.99951 
Replication274	 0.05263	0.99851	0.98806 	0.99232 	0.99085 	0.99189 	0.99190 	0.99762 
Replication275	 0.04048	0.99872	0.98823 	0.99467 	0.99423 	0.99332 	0.99382 	0.99954 
Replication276	 0.09549	0.99803	0.97799 	0.98548 	0.98578 	0.98442 	0.98526 	0.99381 
Replication277	 0.05313	0.99860	0.98482 	0.99276 	0.99341 	0.99104 	0.99200 	0.99872 
Replication278	 0.03977	0.99874	0.98792 	0.99403 	0.99541 	0.99293 	0.99392 	0.99992 
Replication279	 0.08342	0.99817	0.98065 	0.98729 	0.98732 	0.98641 	0.98708 	0.99490 
Replication280	 0.05233	0.99854	0.98705 	0.99215 	0.99207 	0.99149 	0.99196 	0.99809 
Replication281	 0.01379	0.99908	0.99596 	0.99894 	0.99874 	0.99858 	0.99881 	1.00255 
Replication282	 0.02801	0.99889	0.99149 	0.99684 	0.99641 	0.99575 	0.99614 	1.00100 
Replication283	 0.07101	0.99835	0.98218 	0.98922 	0.99014 	0.98809 	0.98905 	0.99654 
Replication284	 0.07553	0.99827	0.98187 	0.98863 	0.98875 	0.98761 	0.98831 	0.99581 
Replication285	 0.03817	0.99869	0.99100 	0.99439 	0.99332 	0.99416 	0.99419 	0.99916 
Replication286	 0.04211	0.99868	0.98868 	0.99368 	0.99391 	0.99296 	0.99351 	0.99922 
Replication287	 0.03949	0.99870	0.98939 	0.99407 	0.99411 	0.99343 	0.99390 	0.99941 
Replication288	 0.03601	0.99873	0.99089 	0.99468 	0.99407 	0.99430 	0.99450 	0.99955 
Replication289	 0.06350	0.99840	0.98479 	0.99033 	0.99016 	0.98963 	0.99013 	0.99684 
Replication290	 0.04284	0.99864	0.98944 	0.99367 	0.99288 	0.99319 	0.99338 	0.99880 
Replication291	 0.05768	0.99846	0.98612 	0.99122 	0.99089 	0.99061 	0.99102 	0.99736 
Replication292	 0.06580	0.99838	0.98397 	0.98999 	0.99017 	0.98915 	0.98979 	0.99675 
Replication293	 0.03842	0.99873	0.98891 	0.99428 	0.99488 	0.99340 	0.99409 	0.99976 
Replication294	 0.03072	0.99882	0.99112 	0.99624 	0.99512 	0.99524 	0.99542 	1.00031 
Replication295	 0.04765	0.99861	0.98764 	0.99294 	0.99298 	0.99215 	0.99268 	0.99865 
Replication296	 0.03732	0.99876	0.98916 	0.99452 	0.99534 	0.99363 	0.99439 	1.00002 
Replication297	 0.03219	0.99881	0.99091 	0.99624 	0.99485 	0.99515 	0.99527 	1.00019 
Replication298	 0.05978	0.99846	0.98500 	0.99109 	0.99109 	0.99014 	0.99074 	0.99739 
Replication299	 0.04255	0.99866	0.98898 	0.99361 	0.99348 	0.99301 	0.99343 	0.99903 
Replication300	 0.06073	0.99842	0.98567 	0.99075 	0.99027 	0.99018 	0.99054 	0.99699 
Replication301	 0.06321	0.99841	0.98444 	0.99038 	0.99060 	0.98955 	0.99020 	0.99703 
Replication302	 0.06185	0.99843	0.98484 	0.99059 	0.99068 	0.98981 	0.99040 	0.99711 
Replication303	 0.04855	0.99862	0.98658 	0.99354 	0.99309 	0.99208 	0.99263 	0.99878 
Replication304	 0.02560	0.99890	0.99255 	0.99731 	0.99620 	0.99637 	0.99652 	1.00102 
Replication305	 0.06193	0.99841	0.98527 	0.99057 	0.99023 	0.98993 	0.99036 	0.99693 
Replication306	 0.05220	0.99856	0.98656 	0.99231 	0.99248 	0.99140 	0.99201 	0.99828 
Replication307	 0.07853	0.99823	0.98155 	0.98804 	0.98813 	0.98716 	0.98783 	0.99542 
Replication308	 0.07837	0.99820	0.98230 	0.98811 	0.98740 	0.98744 	0.98782 	0.99514 
Replication309	 0.03876	0.99871	0.98941 	0.99436 	0.99417 	0.99359 	0.99402 	0.99949 
Replication310	 0.02628	0.99886	0.99303 	0.99679 	0.99534 	0.99624 	0.99619 	1.00056 
Replication311	 0.03534	0.99875	0.99066 	0.99483 	0.99446 	0.99430 	0.99461 	0.99974 
Replication312	 0.05907	0.99847	0.98509 	0.99102 	0.99141 	0.99015 	0.99085 	0.99752 
Replication313	 0.04472	0.99864	0.98812 	0.99387 	0.99307 	0.99282 	0.99315 	0.99888 
Replication314	 0.06360	0.99841	0.98440 	0.99077 	0.99012 	0.98971 	0.99015 	0.99689 
Replication315	 0.04187	0.99869	0.98832 	0.99372 	0.99434 	0.99286 	0.99357 	0.99941 
Replication316	 0.06145	0.99842	0.98525 	0.99064 	0.99042 	0.98997 	0.99044 	0.99702 
Replication317	 0.04490	0.99863	0.98851 	0.99330 	0.99311 	0.99267 	0.99308 	0.99880 
Replication318	 0.03265	0.99877	0.99142 	0.99562 	0.99428 	0.99499 	0.99502 	0.99983 
Replication319	 0.02311	0.99887	0.99452 	0.99785 	0.99460 	0.99732 	0.99671 	1.00049 
Replication320	 0.06745	0.99830	0.98576 	0.99001 	0.98769 	0.98972 	0.98948 	0.99573 
Replication321	 0.02391	0.99890	0.99368 	0.99707 	0.99613 	0.99666 	0.99672 	1.00098 
Replication322	 0.04296	0.99870	0.98767 	0.99356 	0.99461 	0.99255 	0.99343 	0.99948 
Replication323	 0.07806	0.99823	0.98174 	0.98813 	0.98809 	0.98727 	0.98790 	0.99543 
Replication324	 0.05051	0.99858	0.98685 	0.99332 	0.99210 	0.99203 	0.99231 	0.99832 
Replication325	 0.06738	0.99838	0.98332 	0.98976 	0.99026 	0.98879 	0.98957 	0.99673 
Replication326	 0.02602	0.99889	0.99272 	0.99687 	0.99604 	0.99620 	0.99637 	1.00087 
Replication327	 0.04509	0.99864	0.98811 	0.99323 	0.99346 	0.99250 	0.99306 	0.99893 
Replication328	 0.03841	0.99872	0.98967 	0.99477 	0.99411 	0.99390 	0.99421 	0.99954 
Replication329	 0.04843	0.99858	0.98803 	0.99273 	0.99243 	0.99216 	0.99254 	0.99838 
Replication330	 0.06642	0.99839	0.98342 	0.98991 	0.99050 	0.98892 	0.98973 	0.99686 
Replication331	 0.05647	0.99851	0.98534 	0.99167 	0.99186 	0.99060 	0.99128 	0.99785 
Replication332	 0.05534	0.99853	0.98557 	0.99161 	0.99225 	0.99067 	0.99144 	0.99801 
Replication333	 0.05121	0.99857	0.98690 	0.99232 	0.99259 	0.99154 	0.99215 	0.99834 
Replication334	 0.02686	0.99897	0.99134 	0.99679 	0.99831 	0.99575 	0.99671 	1.00181 
Replication335	 0.05606	0.99854	0.98513 	0.99163 	0.99271 	0.99053 	0.99148 	0.99821 
Replication336	 0.06690	0.99836	0.98405 	0.99024 	0.98933 	0.98928 	0.98963 	0.99644 
Replication337	 0.03692	0.99874	0.98986 	0.99515 	0.99427 	0.99417 	0.99443 	0.99969 
Replication338	 0.05607	0.99850	0.98585 	0.99148 	0.99171 	0.99068 	0.99130 	0.99776 
Replication339	 0.05069	0.99857	0.98702 	0.99240 	0.99265 	0.99163 	0.99223 	0.99838 
Replication340	 0.05355	0.99855	0.98610 	0.99198 	0.99259 	0.99107 	0.99182 	0.99825 
Replication341	 0.05682	0.99843	0.98785 	0.99228 	0.98887 	0.99172 	0.99119 	0.99674 
Replication342	 0.03778	0.99871	0.99041 	0.99443 	0.99396 	0.99398 	0.99424 	0.99943 
Replication343	 0.07399	0.99825	0.98344 	0.98872 	0.98786 	0.98820 	0.98848 	0.99549 
Replication344	 0.05448	0.99855	0.98566 	0.99185 	0.99271 	0.99084 	0.99170 	0.99827 
Replication345	 0.06064	0.99845	0.98477 	0.99078 	0.99118 	0.98990 	0.99061 	0.99737 
Replication346	 0.06516	0.99837	0.98465 	0.99007 	0.98973 	0.98943 	0.98986 	0.99660 
Replication347	 0.05833	0.99851	0.98446 	0.99153 	0.99198 	0.99021 	0.99103 	0.99785 
Replication348	 0.05381	0.99851	0.98714 	0.99193 	0.99150 	0.99138 	0.99173 	0.99780 
Replication349	 0.01902	0.99899	0.99490 	0.99836 	0.99708 	0.99782 	0.99779 	1.00168 
Replication350	 0.06058	0.99849	0.98357 	0.99152 	0.99182 	0.98987 	0.99074 	0.99775 
Replication351	 0.04766	0.99866	0.98612 	0.99313 	0.99434 	0.99175 	0.99278 	0.99923 
Replication352	 0.03408	0.99881	0.98957 	0.99567 	0.99549 	0.99439 	0.99493 	1.00031 
Replication353	 0.05220	0.99856	0.98676 	0.99217 	0.99240 	0.99140 	0.99200 	0.99822 
Replication354	 0.06592	0.99842	0.98303 	0.99000 	0.99109 	0.98885 	0.98985 	0.99713 
Replication355	 0.03905	0.99877	0.98822 	0.99435 	0.99585 	0.99321 	0.99424 	1.00018 
Replication356	 0.03922	0.99874	0.98887 	0.99425 	0.99501 	0.99336 	0.99411 	0.99981 
Replication357	 0.07896	0.99821	0.98182 	0.98797 	0.98771 	0.98721 	0.98774 	0.99523 
Replication358	 0.06495	0.99838	0.98433 	0.99034 	0.98991 	0.98946 	0.98992 	0.99672 
Replication359	 0.06061	0.99846	0.98451 	0.99080 	0.99146 	0.98982 	0.99063 	0.99748 
Replication360	 0.06453	0.99836	0.98523 	0.99017 	0.98938 	0.98968 	0.98994 	0.99648 
Replication361	 0.07103	0.99832	0.98299 	0.98963 	0.98893 	0.98855 	0.98901 	0.99612 
Replication362	 0.05275	0.99857	0.98596 	0.99211 	0.99300 	0.99110 	0.99196 	0.99845 
Replication363	 0.04726	0.99859	0.98842 	0.99291 	0.99246 	0.99240 	0.99271 	0.99844 
Replication364	 0.04096	0.99870	0.98847 	0.99499 	0.99352 	0.99355 	0.99377 	0.99930 
Replication365	 0.06073	0.99844	0.98493 	0.99096 	0.99081 	0.99004 	0.99059 	0.99724 
Replication366	 0.05597	0.99853	0.98512 	0.99152 	0.99248 	0.99047 	0.99137 	0.99808 
Replication367	 0.03122	0.99880	0.99178 	0.99554 	0.99513 	0.99511 	0.99537 	1.00020 
Replication368	 0.04332	0.99863	0.98931 	0.99350 	0.99293 	0.99305 	0.99330 	0.99878 
Replication369	 0.09072	0.99808	0.97927 	0.98619 	0.98615 	0.98528 	0.98596 	0.99415 
Replication370	 0.09436	0.99801	0.97945 	0.98562 	0.98473 	0.98499 	0.98535 	0.99342 
Replication371	 0.08446	0.99812	0.98130 	0.98712 	0.98632 	0.98652 	0.98687 	0.99446 
Replication372	 0.06155	0.99844	0.98458 	0.99064 	0.99105 	0.98975 	0.99047 	0.99728 
Replication373	 0.04600	0.99863	0.98773 	0.99394 	0.99279 	0.99270 	0.99298 	0.99876 
Replication374	 0.09445	0.99804	0.97824 	0.98570 	0.98583 	0.98463 	0.98541 	0.99389 
Replication375	 0.05761	0.99847	0.98585 	0.99124 	0.99117 	0.99053 	0.99105 	0.99748 
Replication376	 0.03031	0.99884	0.99125 	0.99573 	0.99604 	0.99506 	0.99559 	1.00061 
Replication377	 0.04906	0.99856	0.98854 	0.99264 	0.99176 	0.99228 	0.99243 	0.99809 
Replication378	 0.04522	0.99863	0.98841 	0.99321 	0.99314 	0.99258 	0.99303 	0.99879 
Replication379	 0.07952	0.99820	0.98165 	0.98788 	0.98768 	0.98710 	0.98766 	0.99520 
Replication380	 0.02551	0.99887	0.99338 	0.99653 	0.99583 	0.99626 	0.99637 	1.00074 
Replication381	 0.02492	0.99893	0.99236 	0.99829 	0.99603 	0.99681 	0.99674 	1.00113 
Replication382	 0.06111	0.99843	0.98516 	0.99073 	0.99060 	0.98999 	0.99050 	0.99712 
Replication383	 0.05419	0.99853	0.98650 	0.99188 	0.99198 	0.99114 	0.99170 	0.99798 
Replication384	 0.05459	0.99850	0.98664 	0.99170 	0.99146 	0.99108 	0.99151 	0.99772 
Replication385	 0.06831	0.99830	0.98518 	0.98959 	0.98816 	0.98930 	0.98934 	0.99584 
Replication386	 0.01145	0.99919	0.99656 	1.00137 	0.99946 	1.00010 	1.00002 	1.00334 
Replication387	 0.07070	0.99833	0.98268 	0.98945 	0.98956 	0.98837 	0.98907 	0.99635 
Replication388	 0.03678	0.99871	0.99122 	0.99458 	0.99354 	0.99435 	0.99439 	0.99931 
Replication389	 0.04135	0.99865	0.98983 	0.99380 	0.99308 	0.99341 	0.99360 	0.99892 
Replication390	 0.04491	0.99862	0.98868 	0.99375 	0.99256 	0.99294 	0.99310 	0.99865 
Replication391	 0.06454	0.99838	0.98463 	0.99017 	0.98996 	0.98948 	0.98996 	0.99671 
Replication392	 0.05792	0.99846	0.98616 	0.99119 	0.99077 	0.99060 	0.99098 	0.99731 
Replication393	 0.06189	0.99844	0.98439 	0.99060 	0.99112 	0.98966 	0.99042 	0.99729 
Replication394	 0.07739	0.99825	0.98141 	0.98823 	0.98867 	0.98723 	0.98803 	0.99569 
Replication395	 0.02854	0.99885	0.99206 	0.99603 	0.99587 	0.99552 	0.99585 	1.00062 
Replication396	 0.03881	0.99871	0.98943 	0.99417 	0.99430 	0.99351 	0.99401 	0.99951 
Replication397	 0.06046	0.99847	0.98434 	0.99083 	0.99168 	0.98979 	0.99067 	0.99758 
Replication398	 0.02713	0.99889	0.99218 	0.99639 	0.99664 	0.99578 	0.99626 	1.00103 
Replication399	 0.06556	0.99836	0.98475 	0.99001 	0.98949 	0.98942 	0.98979 	0.99649 
Replication400	 0.07972	0.99823	0.98092 	0.98787 	0.98835 	0.98685 	0.98768 	0.99547 
Replication401	 0.04584	0.99862	0.98834 	0.99312 	0.99300 	0.99250 	0.99294 	0.99871 
Replication402	 0.08010	0.99825	0.98025 	0.98784 	0.98890 	0.98661 	0.98767 	0.99568 
Replication403	 0.03697	0.99872	0.99045 	0.99583 	0.99315 	0.99470 	0.99446 	0.99935 
Replication404	 0.04660	0.99862	0.98785 	0.99301 	0.99321 	0.99227 	0.99284 	0.99877 
Replication405	 0.06485	0.99838	0.98445 	0.99013 	0.99002 	0.98939 	0.98992 	0.99673 
Replication406	 0.02343	0.99899	0.99196 	0.99819 	0.99779 	0.99668 	0.99717 	1.00187 
Replication407	 0.05699	0.99848	0.98594 	0.99133 	0.99131 	0.99062 	0.99114 	0.99756 
Replication408	 0.03260	0.99878	0.99093 	0.99660 	0.99402 	0.99531 	0.99513 	0.99990 
Replication409	 0.04424	0.99864	0.98870 	0.99336 	0.99319 	0.99277 	0.99318 	0.99885 
Replication410	 0.03047	0.99877	0.99287 	0.99630 	0.99347 	0.99584 	0.99538 	0.99965 
Replication411	 0.05106	0.99856	0.98736 	0.99234 	0.99220 	0.99170 	0.99215 	0.99819 
Replication412	 0.04031	0.99865	0.99064 	0.99396 	0.99270 	0.99377 	0.99374 	0.99881 
Replication413	 0.03419	0.99873	0.99198 	0.99496 	0.99367 	0.99483 	0.99476 	0.99946 
Replication414	 0.03970	0.99869	0.98969 	0.99403 	0.99376 	0.99351 	0.99386 	0.99926 
Replication415	 0.10412	0.99793	0.97643 	0.98417 	0.98436 	0.98311 	0.98394 	0.99290 
Replication416	 0.04383	0.99864	0.98876 	0.99342 	0.99327 	0.99283 	0.99324 	0.99890 
Replication417	 0.05408	0.99853	0.98657 	0.99190 	0.99196 	0.99117 	0.99171 	0.99797 
Replication418	 0.05165	0.99858	0.98647 	0.99226 	0.99287 	0.99136 	0.99210 	0.99844 
Replication419	 0.06141	0.99848	0.98358 	0.99094 	0.99191 	0.98958 	0.99058 	0.99768 
Replication420	 0.03380	0.99878	0.99071 	0.99504 	0.99503 	0.99445 	0.99488 	1.00003 
Replication421	 0.03578	0.99879	0.98931 	0.99549 	0.99536 	0.99419 	0.99475 	1.00022 
Replication422	 0.05688	0.99848	0.98596 	0.99135 	0.99132 	0.99064 	0.99116 	0.99757 
Replication423	 0.05837	0.99846	0.98576 	0.99112 	0.99100 	0.99043 	0.99093 	0.99738 
Replication424	 0.08839	0.99809	0.98004 	0.98653 	0.98620 	0.98574 	0.98629 	0.99425 
Replication425	 0.06499	0.99839	0.98409 	0.99070 	0.98981 	0.98955 	0.98995 	0.99674 
Replication426	 0.04189	0.99867	0.98885 	0.99371 	0.99382 	0.99303 	0.99354 	0.99920 
Replication427	 0.03531	0.99875	0.99054 	0.99478 	0.99463 	0.99424 	0.99462 	0.99980 
Replication428	 0.05045	0.99854	0.98830 	0.99326 	0.99085 	0.99247 	0.99227 	0.99780 
Replication429	 0.06695	0.99834	0.98447 	0.98980 	0.98928 	0.98920 	0.98958 	0.99634 
Replication430	 0.04432	0.99865	0.98824 	0.99347 	0.99349 	0.99267 	0.99319 	0.99899 
Replication431	 0.04683	0.99862	0.98783 	0.99297 	0.99315 	0.99225 	0.99280 	0.99874 
Replication432	 0.03007	0.99883	0.99141 	0.99591 	0.99570 	0.99520 	0.99558 	1.00051 
Replication433	 0.07217	0.99828	0.98349 	0.98900 	0.98843 	0.98839 	0.98877 	0.99579 
Replication434	 0.04795	0.99859	0.98803 	0.99280 	0.99260 	0.99221 	0.99262 	0.99847 
Replication435	 0.06207	0.99842	0.98484 	0.99055 	0.99061 	0.98978 	0.99036 	0.99708 
Replication436	 0.04782	0.99860	0.98791 	0.99294 	0.99264 	0.99224 	0.99265 	0.99851 
Replication437	 0.03401	0.99877	0.99066 	0.99502 	0.99494 	0.99442 	0.99483 	0.99998 
Replication438	 0.06622	0.99842	0.98283 	0.98996 	0.99118 	0.98876 	0.98981 	0.99715 
Replication439	 0.03271	0.99879	0.99073 	0.99626 	0.99454 	0.99508 	0.99513 	1.00005 
Replication440	 0.07289	0.99831	0.98214 	0.98907 	0.98938 	0.98797 	0.98874 	0.99618 
Replication441	 0.05687	0.99849	0.98564 	0.99136 	0.99164 	0.99054 	0.99118 	0.99770 
Replication442	 0.04441	0.99863	0.98867 	0.99333 	0.99316 	0.99274 	0.99315 	0.99883 
Replication443	 0.08897	0.99814	0.97842 	0.98651 	0.98766 	0.98519 	0.98633 	0.99484 
Replication444	 0.05757	0.99848	0.98577 	0.99125 	0.99126 	0.99051 	0.99106 	0.99752 
Replication445	 0.06347	0.99842	0.98416 	0.99071 	0.99048 	0.98961 	0.99019 	0.99703 
Replication446	 0.07456	0.99829	0.98181 	0.98866 	0.98926 	0.98763 	0.98848 	0.99604 
Replication447	 0.04881	0.99863	0.98636 	0.99294 	0.99370 	0.99171 	0.99257 	0.99892 
Replication448	 0.03800	0.99872	0.99015 	0.99440 	0.99414 	0.99388 	0.99422 	0.99950 
Replication449	 0.06955	0.99836	0.98272 	0.98943 	0.99011 	0.98840 	0.98925 	0.99658 
Replication450	 0.04621	0.99863	0.98778 	0.99307 	0.99342 	0.99229 	0.99290 	0.99887 
Replication451	 0.07629	0.99827	0.98143 	0.98840 	0.98903 	0.98734 	0.98821 	0.99588 
Replication452	 0.04381	0.99866	0.98815 	0.99361 	0.99369 	0.99272 	0.99327 	0.99910 
Replication453	 0.05552	0.99849	0.98655 	0.99156 	0.99122 	0.99096 	0.99136 	0.99758 
Replication454	 0.06771	0.99838	0.98311 	0.98971 	0.99036 	0.98870 	0.98953 	0.99676 
Replication455	 0.05386	0.99853	0.98650 	0.99208 	0.99196 	0.99124 	0.99175 	0.99801 
Replication456	 0.06801	0.99836	0.98350 	0.98965 	0.98986 	0.98879 	0.98946 	0.99654 
Replication457	 0.05250	0.99856	0.98636 	0.99222 	0.99261 	0.99129 	0.99198 	0.99831 
Replication458	 0.04820	0.99861	0.98725 	0.99277 	0.99326 	0.99193 	0.99261 	0.99873 
Replication459	 0.06203	0.99840	0.98545 	0.99055 	0.99003 	0.98998 	0.99034 	0.99684 
Replication460	 0.07648	0.99825	0.98197 	0.98856 	0.98825 	0.98759 	0.98815 	0.99559 
Replication461	 0.03978	0.99874	0.98810 	0.99402 	0.99522 	0.99298 	0.99390 	0.99984 
Replication462	 0.06411	0.99841	0.98400 	0.99039 	0.99060 	0.98939 	0.99008 	0.99702 
Replication463	 0.03731	0.99877	0.98872 	0.99554 	0.99491 	0.99398 	0.99446 	1.00001 
Replication464	 0.06692	0.99836	0.98404 	0.98981 	0.98970 	0.98906 	0.98960 	0.99652 
Replication465	 0.05130	0.99855	0.98760 	0.99230 	0.99189 	0.99176 	0.99210 	0.99805 
Replication466	 0.07919	0.99820	0.98202 	0.98793 	0.98744 	0.98725 	0.98769 	0.99512 
Replication467	 0.05393	0.99851	0.98722 	0.99191 	0.99138 	0.99140 	0.99171 	0.99775 
Replication468	 0.05211	0.99856	0.98656 	0.99219 	0.99262 	0.99135 	0.99202 	0.99832 
Replication469	 0.05377	0.99853	0.98668 	0.99194 	0.99196 	0.99123 	0.99175 	0.99798 
Replication470	 0.04443	0.99866	0.98798 	0.99333 	0.99381 	0.99252 	0.99318 	0.99909 
Replication471	 0.03723	0.99879	0.98859 	0.99552 	0.99530 	0.99393 	0.99455 	1.00017 
Replication472	 0.02046	0.99899	0.99388 	0.99860 	0.99720 	0.99758 	0.99763 	1.00174 
Replication473	 0.07398	0.99829	0.98223 	0.98874 	0.98904 	0.98781 	0.98854 	0.99597 
Replication474	 0.05563	0.99855	0.98509 	0.99169 	0.99289 	0.99056 	0.99155 	0.99830 
Replication475	 0.05637	0.99848	0.98630 	0.99143 	0.99117 	0.99080 	0.99123 	0.99753 
Replication476	 0.03699	0.99876	0.98929 	0.99542 	0.99457 	0.99411 	0.99447 	0.99986 
Replication477	 0.01794	0.99934	0.99705 	1.00297 	1.00189 	1.00122 	1.00148 	1.00472 
Replication478	 0.02885	0.99882	0.99222 	0.99608 	0.99519 	0.99557 	0.99569 	1.00034 
Replication479	 0.04882	0.99859	0.98738 	0.99314 	0.99252 	0.99214 	0.99253 	0.99848 
Replication480	 0.04235	0.99869	0.98810 	0.99365 	0.99439 	0.99275 	0.99350 	0.99941 
Replication481	 0.04859	0.99857	0.98839 	0.99271 	0.99205 	0.99227 	0.99250 	0.99822 
Replication482	 0.03335	0.99875	0.99174 	0.99507 	0.99413 	0.99481 	0.99488 	0.99967 
Replication483	 0.05561	0.99852	0.98559 	0.99156 	0.99213 	0.99065 	0.99140 	0.99795 
Replication484	 0.03193	0.99877	0.99190 	0.99537 	0.99442 	0.99504 	0.99511 	0.99986 
Replication485	 0.04954	0.99861	0.98660 	0.99258 	0.99345 	0.99160 	0.99244 	0.99875 
Replication486	 0.04493	0.99862	0.98878 	0.99363 	0.99256 	0.99292 	0.99308 	0.99863 
Replication487	 0.05864	0.99855	0.98335 	0.99119 	0.99340 	0.98968 	0.99108 	0.99837 
Replication488	 0.01897	0.99904	0.99343 	0.99938 	0.99779 	0.99784 	0.99796 	1.00214 
Replication489	 0.08323	0.99817	0.98066 	0.98732 	0.98737 	0.98643 	0.98711 	0.99493 
Replication490	 0.07858	0.99824	0.98108 	0.98805 	0.98859 	0.98701 	0.98786 	0.99561 
Replication491	 0.05173	0.99851	0.98860 	0.99225 	0.99084 	0.99205 	0.99201 	0.99761 
Replication492	 0.07407	0.99828	0.98245 	0.98872 	0.98879 	0.98787 	0.98851 	0.99587 
Replication493	 0.05439	0.99854	0.98595 	0.99186 	0.99246 	0.99094 	0.99169 	0.99817 
Replication494	 0.05615	0.99850	0.98590 	0.99147 	0.99163 	0.99069 	0.99129 	0.99773 
Replication495	 0.08957	0.99811	0.97910 	0.98637 	0.98674 	0.98534 	0.98616 	0.99443 
Replication496	 0.07396	0.99831	0.98160 	0.98877 	0.98969 	0.98763 	0.98860 	0.99624 
Replication497	 0.07099	0.99832	0.98307 	0.98919 	0.98925 	0.98836 	0.98899 	0.99617 
Replication498	 0.05722	0.99850	0.98521 	0.99148 	0.99179 	0.99045 	0.99116 	0.99778 
Replication499	 0.05318	0.99855	0.98627 	0.99203 	0.99255 	0.99116 	0.99187 	0.99825 
Replication500	 0.05225	0.99856	0.98675 	0.99217 	0.99239 	0.99140 	0.99199 	0.99822 
Replication501	 0.06457	0.99843	0.98341 	0.99020 	0.99117 	0.98910 	0.99004 	0.99721 
Replication502	 0.05545	0.99847	0.98712 	0.99186 	0.99045 	0.99130 	0.99136 	0.99733 
Replication503	 0.03047	0.99880	0.99205 	0.99600 	0.99466 	0.99544 	0.99544 	1.00009 
Replication504	 0.05154	0.99861	0.98556 	0.99256 	0.99357 	0.99122 	0.99219 	0.99877 
Replication505	 0.05510	0.99852	0.98598 	0.99163 	0.99192 	0.99082 	0.99146 	0.99789 
Replication506	 0.06928	0.99832	0.98385 	0.98944 	0.98908 	0.98878 	0.98923 	0.99617 
Replication507	 0.05434	0.99852	0.98620 	0.99249 	0.99132 	0.99132 	0.99161 	0.99780 
Replication508	 0.03871	0.99872	0.98961 	0.99430 	0.99444 	0.99364 	0.99414 	0.99959 
Replication509	 0.06520	0.99840	0.98391 	0.99008 	0.99044 	0.98919 	0.98990 	0.99688 
Replication510	 0.04999	0.99862	0.98614 	0.99253 	0.99375 	0.99142 	0.99239 	0.99886 
Replication511	 0.04282	0.99866	0.98881 	0.99357 	0.99355 	0.99293 	0.99340 	0.99905 
Replication512	 0.06930	0.99836	0.98269 	0.98947 	0.99023 	0.98841 	0.98930 	0.99664 
Replication513	 0.05539	0.99851	0.98594 	0.99159 	0.99186 	0.99078 	0.99141 	0.99785 
Replication514	 0.05321	0.99857	0.98589 	0.99204 	0.99291 	0.99103 	0.99189 	0.99840 
Replication515	 0.02288	0.99900	0.99215 	0.99829 	0.99783 	0.99680 	0.99726 	1.00191 
Replication516	 0.03376	0.99875	0.99153 	0.99645 	0.99306 	0.99542 	0.99493 	0.99946 
Replication517	 0.05229	0.99853	0.98765 	0.99216 	0.99152 	0.99168 	0.99195 	0.99787 
Replication518	 0.06055	0.99839	0.98682 	0.99079 	0.98927 	0.99058 	0.99054 	0.99660 
Replication519	 0.06049	0.99846	0.98471 	0.99081 	0.99129 	0.98990 	0.99064 	0.99742 
Replication520	 0.03370	0.99883	0.98965 	0.99524 	0.99646 	0.99424 	0.99513 	1.00065 
Replication521	 0.05320	0.99856	0.98597 	0.99312 	0.99191 	0.99159 	0.99194 	0.99817 
Replication522	 0.03596	0.99871	0.99156 	0.99470 	0.99350 	0.99453 	0.99450 	0.99932 
Replication523	 0.07633	0.99826	0.98178 	0.98838 	0.98866 	0.98745 	0.98818 	0.99573 
Replication524	 0.05800	0.99848	0.98545 	0.99118 	0.99142 	0.99037 	0.99100 	0.99757 
Replication525	 0.03968	0.99873	0.98806 	0.99513 	0.99437 	0.99351 	0.99398 	0.99968 
Replication526	 0.05201	0.99852	0.98802 	0.99220 	0.99127 	0.99184 	0.99198 	0.99778 
Replication527	 0.01440	0.99913	0.99529 	1.00101 	0.99857 	0.99941 	0.99927 	1.00285 
Replication528	 0.04193	0.99867	0.98880 	0.99415 	0.99346 	0.99323 	0.99356 	0.99912 
Replication529	 0.04430	0.99861	0.98964 	0.99335 	0.99230 	0.99308 	0.99314 	0.99849 
Replication530	 0.03776	0.99870	0.99091 	0.99444 	0.99352 	0.99416 	0.99424 	0.99926 
Replication531	 0.04692	0.99857	0.98954 	0.99297 	0.99155 	0.99280 	0.99274 	0.99809 
Replication532	 0.02145	0.99894	0.99425 	0.99792 	0.99641 	0.99733 	0.99725 	1.00128 
Replication533	 0.03667	0.99873	0.99043 	0.99498 	0.99396 	0.99428 	0.99444 	0.99954 
Replication534	 0.08073	0.99824	0.98018 	0.98774 	0.98875 	0.98653 	0.98757 	0.99560 
Replication535	 0.05659	0.99850	0.98548 	0.99141 	0.99190 	0.99052 	0.99124 	0.99782 
Replication536	 0.03896	0.99868	0.99052 	0.99415 	0.99325 	0.99385 	0.99395 	0.99908 
Replication537	 0.06863	0.99834	0.98362 	0.98955 	0.98953 	0.98877 	0.98934 	0.99638 
Replication538	 0.03088	0.99882	0.99126 	0.99569 	0.99544 	0.99503 	0.99538 	1.00035 
Replication539	 0.05581	0.99850	0.98591 	0.99152 	0.99174 	0.99073 	0.99134 	0.99779 
Replication540	 0.07032	0.99837	0.98197 	0.98934 	0.99061 	0.98810 	0.98919 	0.99676 
Replication541	 0.05959	0.99843	0.98610 	0.99093 	0.99025 	0.99043 	0.99071 	0.99703 
Replication542	 0.08056	0.99823	0.98050 	0.98776 	0.98848 	0.98664 	0.98757 	0.99549 
Replication543	 0.05316	0.99856	0.98590 	0.99257 	0.99244 	0.99130 	0.99192 	0.99829 
Replication544	 0.05485	0.99855	0.98559 	0.99180 	0.99266 	0.99079 	0.99164 	0.99823 
Replication545	 0.08067	0.99820	0.98111 	0.98772 	0.98782 	0.98682 	0.98750 	0.99522 
Replication546	 0.05173	0.99853	0.98785 	0.99224 	0.99152 	0.99180 	0.99203 	0.99789 
Replication547	 0.06226	0.99840	0.98539 	0.99052 	0.99001 	0.98994 	0.99030 	0.99683 
Replication548	 0.04063	0.99866	0.98992 	0.99417 	0.99301 	0.99364 	0.99372 	0.99896 
Replication549	 0.03774	0.99871	0.99032 	0.99443 	0.99406 	0.99396 	0.99426 	0.99947 
Replication550	 0.10519	0.99795	0.97507 	0.98395 	0.98516 	0.98253 	0.98376 	0.99317 
Replication551	 0.05162	0.99858	0.98632 	0.99227 	0.99302 	0.99132 	0.99212 	0.99850 
Replication552	 0.05500	0.99853	0.98588 	0.99198 	0.99213 	0.99097 	0.99161 	0.99804 
Replication553	 0.05751	0.99853	0.98448 	0.99130 	0.99260 	0.99012 	0.99116 	0.99807 
Replication554	 0.02822	0.99889	0.99165 	0.99623 	0.99678 	0.99551 	0.99611 	1.00104 
Replication555	 0.06106	0.99844	0.98483 	0.99076 	0.99093 	0.98990 	0.99053 	0.99726 
Replication556	 0.03670	0.99874	0.99010 	0.99483 	0.99440 	0.99409 	0.99444 	0.99969 
Replication557	 0.06027	0.99846	0.98486 	0.99084 	0.99122 	0.98996 	0.99066 	0.99740 
Replication558	 0.03143	0.99880	0.99167 	0.99551 	0.99519 	0.99506 	0.99535 	1.00022 
Replication559	 0.04524	0.99861	0.98888 	0.99321 	0.99269 	0.99274 	0.99301 	0.99861 
Replication560	 0.05103	0.99855	0.98760 	0.99234 	0.99198 	0.99178 	0.99215 	0.99810 
Replication561	 0.05893	0.99848	0.98496 	0.99105 	0.99159 	0.99013 	0.99088 	0.99760 
Replication562	 0.05736	0.99846	0.98650 	0.99127 	0.99064 	0.99077 	0.99106 	0.99728 
Replication563	 0.05255	0.99851	0.98793 	0.99233 	0.99100 	0.99186 	0.99191 	0.99768 
Replication564	 0.05479	0.99853	0.98616 	0.99179 	0.99211 	0.99097 	0.99162 	0.99801 
Replication565	 0.06258	0.99841	0.98491 	0.99047 	0.99036 	0.98976 	0.99027 	0.99696 
Replication566	 0.02585	0.99888	0.99306 	0.99652 	0.99610 	0.99614 	0.99636 	1.00084 
Replication567	 0.03354	0.99885	0.98935 	0.99571 	0.99658 	0.99438 	0.99524 	1.00079 
Replication568	 0.04067	0.99870	0.98883 	0.99390 	0.99424 	0.99314 	0.99374 	0.99941 
Replication569	 0.02646	0.99889	0.99260 	0.99646 	0.99640 	0.99596 	0.99632 	1.00095 
Replication570	 0.07353	0.99826	0.98345 	0.98879 	0.98800 	0.98824 	0.98855 	0.99557 
Replication571	 0.04589	0.99863	0.98806 	0.99313 	0.99323 	0.99242 	0.99294 	0.99881 
Replication572	 0.06287	0.99839	0.98549 	0.99048 	0.98966 	0.98994 	0.99020 	0.99667 
Replication573	 0.04000	0.99871	0.98865 	0.99399 	0.99464 	0.99314 	0.99385 	0.99960 
Replication574	 0.03540	0.99876	0.99029 	0.99477 	0.99484 	0.99415 	0.99462 	0.99988 
Replication575	 0.05046	0.99862	0.98587 	0.99246 	0.99386 	0.99129 	0.99233 	0.99889 
Replication576	 0.07172	0.99832	0.98258 	0.98909 	0.98948 	0.98814 	0.98890 	0.99624 
Replication577	 0.00968	0.99913	0.99730 	0.99985 	0.99907 	0.99956 	0.99959 	1.00290 
Replication578	 0.04367	0.99864	0.98906 	0.99344 	0.99304 	0.99294 	0.99325 	0.99881 
Replication579	 0.03069	0.99876	0.99303 	0.99602 	0.99345 	0.99576 	0.99532 	0.99960 
Replication580	 0.04759	0.99856	0.98918 	0.99286 	0.99165 	0.99262 	0.99264 	0.99810 
Replication581	 0.05292	0.99854	0.98681 	0.99207 	0.99211 	0.99135 	0.99188 	0.99808 
Replication582	 0.03794	0.99873	0.98982 	0.99442 	0.99447 	0.99378 	0.99425 	0.99964 
Replication583	 0.04833	0.99860	0.98747 	0.99275 	0.99301 	0.99199 	0.99258 	0.99862 
Replication584	 0.03697	0.99874	0.98985 	0.99464 	0.99469 	0.99392 	0.99440 	0.99978 
Replication585	 0.07105	0.99834	0.98220 	0.98970 	0.98967 	0.98833 	0.98906 	0.99643 
Replication586	 0.03079	0.99888	0.99048 	0.99585 	0.99702 	0.99489 	0.99574 	1.00104 
Replication587	 0.06787	0.99838	0.98284 	0.99023 	0.99010 	0.98886 	0.98955 	0.99673 
Replication588	 0.04758	0.99861	0.98752 	0.99286 	0.99320 	0.99208 	0.99270 	0.99873 
Replication589	 0.04157	0.99868	0.98880 	0.99376 	0.99398 	0.99304 	0.99359 	0.99927 
Replication590	 0.05418	0.99852	0.98692 	0.99188 	0.99158 	0.99127 	0.99168 	0.99782 
Replication591	 0.05279	0.99856	0.98622 	0.99210 	0.99273 	0.99118 	0.99194 	0.99834 
Replication592	 0.08156	0.99820	0.98060 	0.98775 	0.98788 	0.98665 	0.98740 	0.99523 
Replication593	 0.02887	0.99885	0.99157 	0.99667 	0.99558 	0.99565 	0.99584 	1.00060 
Replication594	 0.06956	0.99833	0.98351 	0.98960 	0.98913 	0.98874 	0.98921 	0.99622 
Replication595	 0.06522	0.99837	0.98472 	0.99006 	0.98964 	0.98944 	0.98985 	0.99656 
Replication596	 0.03913	0.99872	0.98886 	0.99412 	0.99474 	0.99329 	0.99398 	0.99967 
Replication597	 0.05357	0.99855	0.98608 	0.99198 	0.99260 	0.99106 	0.99182 	0.99825 
Replication598	 0.05754	0.99844	0.98689 	0.99124 	0.99021 	0.99088 	0.99102 	0.99710 
Replication599	 0.04901	0.99861	0.98682 	0.99266 	0.99341 	0.99172 	0.99251 	0.99876 
Replication600	 0.03207	0.99880	0.99136 	0.99541 	0.99525 	0.99489 	0.99525 	1.00022 
Replication601	 0.04603	0.99862	0.98815 	0.99309 	0.99311 	0.99242 	0.99291 	0.99875 
Replication602	 0.02806	0.99880	0.99371 	0.99597 	0.99428 	0.99602 	0.99576 	0.99997 
Replication603	 0.05651	0.99853	0.98464 	0.99272 	0.99167 	0.99088 	0.99138 	0.99795 
Replication604	 0.03620	0.99880	0.98889 	0.99473 	0.99604 	0.99367 	0.99462 	1.00035 
Replication605	 0.05525	0.99855	0.98536 	0.99174 	0.99276 	0.99068 	0.99159 	0.99826 
Replication606	 0.06427	0.99840	0.98417 	0.99061 	0.99016 	0.98955 	0.99005 	0.99687 
Replication607	 0.04901	0.99857	0.98814 	0.99264 	0.99214 	0.99215 	0.99245 	0.99824 
Replication608	 0.03076	0.99892	0.98952 	0.99755 	0.99679 	0.99541 	0.99597 	1.00124 
Replication609	 0.04720	0.99862	0.98744 	0.99292 	0.99341 	0.99208 	0.99276 	0.99882 
Replication610	 0.05907	0.99846	0.98527 	0.99102 	0.99123 	0.99021 	0.99084 	0.99745 
Replication611	 0.03558	0.99880	0.98919 	0.99619 	0.99492 	0.99449 	0.99481 	1.00016 
Replication612	 0.06324	0.99841	0.98439 	0.99064 	0.99040 	0.98966 	0.99020 	0.99699 
Replication613	 0.05079	0.99856	0.98741 	0.99238 	0.99224 	0.99174 	0.99219 	0.99822 
Replication614	 0.03798	0.99872	0.99007 	0.99471 	0.99397 	0.99400 	0.99425 	0.99948 
Replication615	 0.03452	0.99874	0.99143 	0.99490 	0.99405 	0.99461 	0.99471 	0.99959 
Replication616	 0.07386	0.99827	0.98295 	0.98874 	0.98837 	0.98805 	0.98852 	0.99570 
Replication617	 0.08513	0.99818	0.97929 	0.98724 	0.98797 	0.98591 	0.98690 	0.99513 
Replication618	 0.05018	0.99856	0.98756 	0.99266 	0.99213 	0.99194 	0.99229 	0.99823 
Replication619	 0.05612	0.99853	0.98496 	0.99150 	0.99259 	0.99041 	0.99136 	0.99812 
Replication620	 0.07749	0.99824	0.98161 	0.98820 	0.98843 	0.98728 	0.98800 	0.99559 
Replication621	 0.05907	0.99845	0.98579 	0.99114 	0.99060 	0.99044 	0.99081 	0.99722 
Replication622	 0.05073	0.99861	0.98605 	0.99241 	0.99359 	0.99132 	0.99228 	0.99877 
Replication623	 0.06140	0.99841	0.98547 	0.99065 	0.99023 	0.99005 	0.99044 	0.99695 
Replication624	 0.03280	0.99893	0.98845 	0.99743 	0.99724 	0.99497 	0.99579 	1.00138 
Replication625	 0.05619	0.99846	0.98704 	0.99145 	0.99053 	0.99106 	0.99123 	0.99728 
Replication626	 0.06472	0.99839	0.98433 	0.99015 	0.99018 	0.98937 	0.98995 	0.99680 
Replication627	 0.05939	0.99848	0.98462 	0.99099 	0.99178 	0.98998 	0.99083 	0.99766 
Replication628	 0.03845	0.99872	0.98928 	0.99456 	0.99425 	0.99365 	0.99408 	0.99956 
Replication629	 0.04799	0.99863	0.98679 	0.99316 	0.99347 	0.99197 	0.99268 	0.99888 
Replication630	 0.05491	0.99852	0.98608 	0.99166 	0.99189 	0.99087 	0.99148 	0.99788 
Replication631	 0.03901	0.99871	0.98947 	0.99414 	0.99420 	0.99350 	0.99397 	0.99946 
Replication632	 0.05392	0.99858	0.98525 	0.99195 	0.99332 	0.99077 	0.99182 	0.99854 
Replication633	 0.02900	0.99887	0.99140 	0.99644 	0.99609 	0.99550 	0.99588 	1.00077 
Replication634	 0.05402	0.99849	0.98751 	0.99179 	0.99083 	0.99142 	0.99157 	0.99749 
Replication635	 0.05295	0.99855	0.98663 	0.99206 	0.99227 	0.99129 	0.99189 	0.99814 
Replication636	 0.04600	0.99862	0.98836 	0.99309 	0.99293 	0.99250 	0.99291 	0.99868 
Replication637	 0.04473	0.99864	0.98809 	0.99376 	0.99318 	0.99276 	0.99314 	0.99891 
Replication638	 0.02395	0.99893	0.99309 	0.99764 	0.99642 	0.99676 	0.99684 	1.00120 
Replication639	 0.06246	0.99839	0.98548 	0.99049 	0.98986 	0.98995 	0.99027 	0.99676 
Replication640	 0.06314	0.99838	0.98563 	0.99038 	0.98949 	0.98994 	0.99015 	0.99658 
Replication641	 0.02147	0.99901	0.99302 	0.99760 	0.99854 	0.99679 	0.99751 	1.00211 
Replication642	 0.09268	0.99804	0.97923 	0.98602 	0.98540 	0.98514 	0.98564 	0.99379 
Replication643	 0.04592	0.99865	0.98730 	0.99397 	0.99322 	0.99258 	0.99301 	0.99894 
Replication644	 0.05376	0.99854	0.98643 	0.99194 	0.99220 	0.99115 	0.99177 	0.99808 
Replication645	 0.09255	0.99806	0.97870 	0.98592 	0.98609 	0.98493 	0.98569 	0.99405 
Replication646	 0.05422	0.99850	0.98692 	0.99176 	0.99131 	0.99120 	0.99155 	0.99767 
Replication647	 0.07182	0.99833	0.98235 	0.98908 	0.98968 	0.98806 	0.98890 	0.99632 
Replication648	 0.02316	0.99894	0.99353 	0.99716 	0.99708 	0.99670 	0.99702 	1.00141 
Replication649	 0.03764	0.99874	0.98965 	0.99446 	0.99475 	0.99375 	0.99430 	0.99976 
Replication650	 0.06315	0.99841	0.98466 	0.99039 	0.99041 	0.98962 	0.99019 	0.99695 
Replication651	 0.07991	0.99822	0.98091 	0.98796 	0.98819 	0.98689 	0.98765 	0.99541 
Replication652	 0.04479	0.99862	0.98881 	0.99327 	0.99291 	0.99275 	0.99309 	0.99872 
Replication653	 0.01348	0.99923	0.99541 	1.00087 	1.00093 	0.99948 	1.00002 	1.00385 
Replication654	 0.03920	0.99869	0.98982 	0.99411 	0.99381 	0.99360 	0.99393 	0.99929 
Replication655	 0.05241	0.99850	0.98861 	0.99215 	0.99061 	0.99200 	0.99191 	0.99750 
Replication656	 0.05682	0.99849	0.98571 	0.99137 	0.99159 	0.99056 	0.99118 	0.99768 
Replication657	 0.06429	0.99840	0.98413 	0.99022 	0.99053 	0.98935 	0.99004 	0.99696 
Replication658	 0.05342	0.99854	0.98666 	0.99199 	0.99209 	0.99126 	0.99181 	0.99805 
Replication659	 0.05911	0.99843	0.98634 	0.99100 	0.99019 	0.99055 	0.99078 	0.99702 
Replication660	 0.04716	0.99862	0.98749 	0.99293 	0.99337 	0.99211 	0.99277 	0.99881 
Replication661	 0.05720	0.99851	0.98500 	0.99183 	0.99170 	0.99055 	0.99119 	0.99780 
Replication662	 0.08577	0.99816	0.97951 	0.98719 	0.98745 	0.98594 	0.98678 	0.99491 
Replication663	 0.05870	0.99850	0.98447 	0.99172 	0.99161 	0.99030 	0.99098 	0.99772 
Replication664	 0.04997	0.99855	0.98815 	0.99250 	0.99181 	0.99206 	0.99230 	0.99807 
Replication665	 0.09547	0.99800	0.97904 	0.98545 	0.98474 	0.98475 	0.98519 	0.99339 
Replication666	 0.03105	0.99888	0.99008 	0.99649 	0.99660 	0.99506 	0.99571 	1.00097 
Replication667	 0.02807	0.99885	0.99200 	0.99671 	0.99552 	0.99583 	0.99595 	1.00060 
Replication668	 0.05625	0.99850	0.98584 	0.99145 	0.99166 	0.99066 	0.99127 	0.99773 
Replication669	 0.05401	0.99850	0.98702 	0.99179 	0.99129 	0.99126 	0.99158 	0.99767 
Replication670	 0.04643	0.99865	0.98682 	0.99411 	0.99334 	0.99248 	0.99297 	0.99901 
Replication671	 0.06203	0.99844	0.98440 	0.99057 	0.99106 	0.98965 	0.99040 	0.99726 
Replication672	 0.05392	0.99853	0.98673 	0.99192 	0.99185 	0.99123 	0.99173 	0.99794 
Replication673	 0.05581	0.99851	0.98579 	0.99152 	0.99186 	0.99069 	0.99135 	0.99783 
Replication674	 0.04201	0.99869	0.98831 	0.99369 	0.99429 	0.99285 	0.99355 	0.99938 
Replication675	 0.02132	0.99896	0.99399 	0.99812 	0.99675 	0.99735 	0.99736 	1.00146 
Replication676	 0.03858	0.99869	0.99034 	0.99421 	0.99353 	0.99383 	0.99402 	0.99921 
Replication677	 0.02371	0.99895	0.99314 	0.99712 	0.99735 	0.99654 	0.99699 	1.00150 
Replication678	 0.04104	0.99869	0.98896 	0.99383 	0.99401 	0.99315 	0.99367 	0.99930 
Replication679	 0.04268	0.99866	0.98873 	0.99423 	0.99312 	0.99324 	0.99345 	0.99899 
Replication680	 0.06370	0.99838	0.98521 	0.99030 	0.98968 	0.98975 	0.99008 	0.99664 
Replication681	 0.06214	0.99841	0.98519 	0.99058 	0.99021 	0.98991 	0.99033 	0.99692 
Replication682	 0.04829	0.99860	0.98743 	0.99383 	0.99214 	0.99251 	0.99265 	0.99845 
Replication683	 0.04709	0.99862	0.98771 	0.99293 	0.99318 	0.99218 	0.99277 	0.99874 
Replication684	 0.07603	0.99826	0.98179 	0.98882 	0.98841 	0.98767 	0.98825 	0.99570 
Replication685	 0.04172	0.99868	0.98878 	0.99373 	0.99395 	0.99302 	0.99357 	0.99926 
Replication686	 0.06743	0.99833	0.98453 	0.98972 	0.98906 	0.98917 	0.98950 	0.99624 
Replication687	 0.05139	0.99853	0.98800 	0.99229 	0.99149 	0.99188 	0.99208 	0.99789 
Replication688	 0.06236	0.99842	0.98456 	0.99106 	0.99030 	0.98993 	0.99036 	0.99703 
Replication689	 0.05395	0.99852	0.98679 	0.99191 	0.99178 	0.99125 	0.99172 	0.99791 
Replication690	 0.06782	0.99839	0.98248 	0.99047 	0.99029 	0.98886 	0.98960 	0.99686 
Replication691	 0.07402	0.99830	0.98199 	0.98874 	0.98927 	0.98773 	0.98855 	0.99607 
Replication692	 0.01134	0.99912	0.99693 	1.00055 	0.99827 	0.99976 	0.99946 	1.00268 
Replication693	 0.04787	0.99860	0.98788 	0.99294 	0.99265 	0.99223 	0.99264 	0.99851 
Replication694	 0.04767	0.99858	0.98843 	0.99284 	0.99231 	0.99237 	0.99265 	0.99836 
Replication695	 0.03836	0.99869	0.99065 	0.99435 	0.99356 	0.99402 	0.99416 	0.99925 
Replication696	 0.04300	0.99866	0.98878 	0.99354 	0.99353 	0.99291 	0.99337 	0.99903 
Replication697	 0.05660	0.99847	0.98652 	0.99139 	0.99088 	0.99085 	0.99118 	0.99740 
Replication698	 0.03939	0.99872	0.98883 	0.99408 	0.99468 	0.99326 	0.99394 	0.99964 
Replication699	 0.03899	0.99880	0.98735 	0.99483 	0.99626 	0.99317 	0.99431 	1.00043 
Replication700	 0.05344	0.99857	0.98579 	0.99201 	0.99293 	0.99098 	0.99186 	0.99840 
Replication701	 0.04148	0.99867	0.98916 	0.99400 	0.99346 	0.99329 	0.99360 	0.99910 
Replication702	 0.04649	0.99865	0.98696 	0.99405 	0.99323 	0.99249 	0.99295 	0.99895 
Replication703	 0.08178	0.99817	0.98145 	0.98753 	0.98709 	0.98682 	0.98730 	0.99487 
Replication704	 0.05860	0.99844	0.98613 	0.99108 	0.99056 	0.99053 	0.99087 	0.99719 
Replication705	 0.04484	0.99863	0.98849 	0.99357 	0.99293 	0.99279 	0.99310 	0.99877 
Replication706	 0.07470	0.99830	0.98161 	0.98865 	0.98941 	0.98756 	0.98847 	0.99610 
Replication707	 0.04551	0.99865	0.98759 	0.99318 	0.99382 	0.99229 	0.99302 	0.99906 
Replication708	 0.05773	0.99849	0.98515 	0.99170 	0.99141 	0.99053 	0.99109 	0.99765 
Replication709	 0.03954	0.99872	0.98887 	0.99406 	0.99458 	0.99326 	0.99391 	0.99959 
Replication710	 0.03607	0.99876	0.98960 	0.99546 	0.99464 	0.99425 	0.99459 	0.99990 
Replication711	 0.03852	0.99871	0.98968 	0.99421 	0.99416 	0.99361 	0.99404 	0.99946 
Replication712	 0.05284	0.99850	0.98815 	0.99227 	0.99072 	0.99189 	0.99186 	0.99756 
Replication713	 0.06006	0.99845	0.98528 	0.99086 	0.99088 	0.99012 	0.99067 	0.99727 
Replication714	 0.03960	0.99876	0.98774 	0.99409 	0.99572 	0.99290 	0.99399 	1.00006 
Replication715	 0.05471	0.99849	0.98733 	0.99180 	0.99102 	0.99136 	0.99158 	0.99757 
Replication716	 0.07755	0.99827	0.98075 	0.98831 	0.98922 	0.98706 	0.98806 	0.99592 
Replication717	 0.05927	0.99845	0.98569 	0.99098 	0.99075 	0.99033 	0.99078 	0.99724 
Replication718	 0.05077	0.99858	0.98683 	0.99239 	0.99281 	0.99156 	0.99222 	0.99844 
Replication719	 0.01667	0.99899	0.99620 	0.99869 	0.99670 	0.99846 	0.99813 	1.00161 
Replication720	 0.05614	0.99849	0.98607 	0.99155 	0.99139 	0.99079 	0.99128 	0.99764 
Replication721	 0.05841	0.99850	0.98463 	0.99115 	0.99211 	0.99008 	0.99099 	0.99784 
Replication722	 0.04289	0.99862	0.99007 	0.99357 	0.99238 	0.99335 	0.99335 	0.99858 
Replication723	 0.06663	0.99835	0.98439 	0.98985 	0.98947 	0.98920 	0.98963 	0.99643 
Replication724	 0.06995	0.99834	0.98297 	0.98946 	0.98961 	0.98848 	0.98917 	0.99638 
Replication725	 0.06214	0.99844	0.98419 	0.99098 	0.99086 	0.98978 	0.99041 	0.99725 
Replication726	 0.05761	0.99849	0.98532 	0.99184 	0.99117 	0.99066 	0.99110 	0.99758 
Replication727	 0.01463	0.99906	0.99565 	0.99946 	0.99779 	0.99870 	0.99859 	1.00222 
Replication728	 0.04432	0.99864	0.98852 	0.99334 	0.99333 	0.99270 	0.99317 	0.99890 
Replication729	 0.04733	0.99862	0.98750 	0.99290 	0.99331 	0.99209 	0.99274 	0.99878 
Replication730	 0.02462	0.99898	0.99197 	0.99787 	0.99769 	0.99652 	0.99704 	1.00176 
Replication731	 0.03969	0.99868	0.98985 	0.99404 	0.99361 	0.99357 	0.99385 	0.99920 
Replication732	 0.07035	0.99832	0.98319 	0.98930 	0.98934 	0.98847 	0.98909 	0.99624 
Replication733	 0.04544	0.99865	0.98774 	0.99318 	0.99371 	0.99234 	0.99303 	0.99901 
Replication734	 0.05858	0.99848	0.98504 	0.99110 	0.99163 	0.99018 	0.99093 	0.99763 
Replication735	 0.05584	0.99850	0.98598 	0.99151 	0.99166 	0.99075 	0.99133 	0.99775 
Replication736	 0.07069	0.99829	0.98402 	0.98922 	0.98843 	0.98870 	0.98899 	0.99585 
Replication737	 0.07245	0.99833	0.98195 	0.98943 	0.98948 	0.98809 	0.98884 	0.99629 
Replication738	 0.07256	0.99833	0.98199 	0.98898 	0.98979 	0.98788 	0.98880 	0.99634 
Replication739	 0.07092	0.99838	0.98152 	0.98927 	0.99087 	0.98790 	0.98913 	0.99685 
Replication740	 0.03751	0.99875	0.98928 	0.99449 	0.99515 	0.99364 	0.99434 	0.99993 
Replication741	 0.06348	0.99841	0.98454 	0.99034 	0.99041 	0.98955 	0.99015 	0.99694 
Replication742	 0.04070	0.99870	0.98876 	0.99389 	0.99430 	0.99311 	0.99373 	0.99944 
Replication743	 0.02342	0.99894	0.99316 	0.99788 	0.99649 	0.99691 	0.99697 	1.00128 
Replication744	 0.02797	0.99889	0.99142 	0.99730 	0.99598 	0.99595 	0.99614 	1.00089 
Replication745	 0.03359	0.99877	0.99083 	0.99506 	0.99498 	0.99451 	0.99490 	1.00001 
Replication746	 0.07272	0.99831	0.98229 	0.98894 	0.98942 	0.98796 	0.98875 	0.99618 
Replication747	 0.01175	0.99908	0.99689 	1.00009 	0.99775 	0.99948 	0.99912 	1.00236 
Replication748	 0.06062	0.99844	0.98507 	0.99078 	0.99089 	0.98999 	0.99059 	0.99725 
Replication749	 0.04621	0.99865	0.98705 	0.99339 	0.99384 	0.99220 	0.99295 	0.99909 
Replication750	 0.02847	0.99889	0.99152 	0.99620 	0.99683 	0.99544 	0.99608 	1.00106 
Replication751	 0.03976	0.99868	0.98983 	0.99403 	0.99362 	0.99355 	0.99384 	0.99920 
Replication752	 0.03354	0.99875	0.99147 	0.99503 	0.99431 	0.99471 	0.99485 	0.99974 
Replication753	 0.04904	0.99857	0.98796 	0.99264 	0.99230 	0.99208 	0.99245 	0.99831 
Replication754	 0.05471	0.99851	0.98614 	0.99237 	0.99131 	0.99124 	0.99154 	0.99776 
Replication755	 0.02851	0.99887	0.99156 	0.99673 	0.99588 	0.99570 	0.99595 	1.00075 
Replication756	 0.04453	0.99871	0.98655 	0.99335 	0.99520 	0.99206 	0.99325 	0.99966 
Replication757	 0.04192	0.99869	0.98831 	0.99371 	0.99433 	0.99285 	0.99356 	0.99940 
Replication758	 0.05735	0.99848	0.98587 	0.99128 	0.99124 	0.99057 	0.99109 	0.99752 
Replication759	 0.06838	0.99832	0.98454 	0.98958 	0.98873 	0.98908 	0.98934 	0.99606 
Replication760	 0.02115	0.99898	0.99409 	0.99759 	0.99750 	0.99714 	0.99746 	1.00169 
Replication761	 0.04291	0.99866	0.98880 	0.99355 	0.99353 	0.99292 	0.99338 	0.99904 
Replication762	 0.05463	0.99852	0.98601 	0.99171 	0.99206 	0.99087 	0.99153 	0.99796 
Replication763	 0.05095	0.99859	0.98655 	0.99237 	0.99302 	0.99145 	0.99221 	0.99852 
Replication764	 0.02941	0.99883	0.99173 	0.99612 	0.99547 	0.99542 	0.99566 	1.00046 
Replication765	 0.08821	0.99810	0.98006 	0.98656 	0.98624 	0.98576 	0.98632 	0.99428 
Replication766	 0.05146	0.99849	0.98934 	0.99230 	0.99027 	0.99233 	0.99205 	0.99740 
Replication767	 0.05241	0.99854	0.98709 	0.99214 	0.99201 	0.99149 	0.99195 	0.99806 
Replication768	 0.04968	0.99858	0.98737 	0.99255 	0.99264 	0.99183 	0.99237 	0.99842 
Replication769	 0.04230	0.99863	0.99008 	0.99365 	0.99256 	0.99341 	0.99344 	0.99867 
Replication770	 0.04968	0.99856	0.98790 	0.99254 	0.99215 	0.99201 	0.99235 	0.99822 
Replication771	 0.06002	0.99845	0.98517 	0.99087 	0.99100 	0.99008 	0.99068 	0.99732 
Replication772	 0.03953	0.99867	0.99038 	0.99407 	0.99319 	0.99376 	0.99387 	0.99903 
Replication773	 0.06822	0.99837	0.98290 	0.98964 	0.99039 	0.98858 	0.98946 	0.99675 
Replication774	 0.06208	0.99841	0.98518 	0.99055 	0.99028 	0.98989 	0.99034 	0.99694 
Replication775	 0.02656	0.99885	0.99320 	0.99629 	0.99546 	0.99605 	0.99611 	1.00053 
Replication776	 0.04436	0.99867	0.98745 	0.99418 	0.99362 	0.99275 	0.99325 	0.99916 
Replication777	 0.02892	0.99882	0.99238 	0.99582 	0.99519 	0.99549 	0.99565 	1.00030 
Replication778	 0.06665	0.99836	0.98417 	0.98985 	0.98968 	0.98913 	0.98964 	0.99652 
Replication779	 0.06452	0.99845	0.98297 	0.99023 	0.99166 	0.98897 	0.99009 	0.99741 
Replication780	 0.07052	0.99830	0.98371 	0.98925 	0.98879 	0.98861 	0.98903 	0.99600 
Replication781	 0.07955	0.99827	0.98005 	0.98794 	0.98932 	0.98661 	0.98778 	0.99588 
Replication782	 0.04727	0.99864	0.98704 	0.99292 	0.99378 	0.99195 	0.99277 	0.99897 
Replication783	 0.05725	0.99852	0.98478 	0.99133 	0.99238 	0.99024 	0.99118 	0.99799 
Replication784	 0.02684	0.99889	0.99240 	0.99641 	0.99648 	0.99586 	0.99627 	1.00097 
Replication785	 0.07401	0.99829	0.98217 	0.98874 	0.98909 	0.98779 	0.98854 	0.99599 
Replication786	 0.06071	0.99842	0.98560 	0.99076 	0.99034 	0.99016 	0.99055 	0.99702 
Replication787	 0.05111	0.99860	0.98593 	0.99257 	0.99339 	0.99135 	0.99223 	0.99871 
Replication788	 0.05716	0.99851	0.98493 	0.99191 	0.99173 	0.99057 	0.99120 	0.99782 
Replication789	 0.04323	0.99864	0.98891 	0.99412 	0.99280 	0.99323 	0.99336 	0.99883 
Replication790	 0.04088	0.99868	0.98923 	0.99386 	0.99380 	0.99325 	0.99369 	0.99923 
Replication791	 0.03640	0.99871	0.99144 	0.99464 	0.99347 	0.99446 	0.99444 	0.99929 
Replication792	 0.04938	0.99856	0.98811 	0.99259 	0.99205 	0.99210 	0.99239 	0.99819 
Replication793	 0.04540	0.99866	0.98727 	0.99322 	0.99415 	0.99221 	0.99306 	0.99920 
Replication794	 0.06550	0.99836	0.98474 	0.99050 	0.98911 	0.98966 	0.98983 	0.99641 
Replication795	 0.05887	0.99849	0.98460 	0.99107 	0.99198 	0.99002 	0.99092 	0.99776 
Replication796	 0.06239	0.99842	0.98477 	0.99051 	0.99056 	0.98973 	0.99031 	0.99705 
Replication797	 0.05567	0.99856	0.98495 	0.99169 	0.99303 	0.99051 	0.99156 	0.99835 
Replication798	 0.05458	0.99853	0.98621 	0.99182 	0.99213 	0.99101 	0.99165 	0.99803 
Replication799	 0.04280	0.99868	0.98799 	0.99409 	0.99388 	0.99292 	0.99346 	0.99927 
Replication800	 0.04136	0.99871	0.98801 	0.99415 	0.99449 	0.99298 	0.99368 	0.99954 
Replication801	 0.06187	0.99844	0.98457 	0.99059 	0.99095 	0.98972 	0.99041 	0.99722 
Replication802	 0.06071	0.99844	0.98514 	0.99076 	0.99078 	0.99001 	0.99057 	0.99720 
Replication803	 0.05587	0.99855	0.98460 	0.99208 	0.99257 	0.99057 	0.99145 	0.99822 
Replication804	 0.04677	0.99864	0.98713 	0.99348 	0.99341 	0.99227 	0.99287 	0.99892 
Replication805	 0.04547	0.99863	0.98829 	0.99317 	0.99317 	0.99252 	0.99300 	0.99879 
Replication806	 0.04451	0.99861	0.98929 	0.99332 	0.99256 	0.99294 	0.99312 	0.99859 
Replication807	 0.03563	0.99878	0.98970 	0.99494 	0.99537 	0.99404 	0.99468 	1.00013 
Replication808	 0.02222	0.99896	0.99335 	0.99853 	0.99653 	0.99732 	0.99725 	1.00142 
Replication809	 0.03879	0.99876	0.98854 	0.99455 	0.99527 	0.99341 	0.99420 	0.99997 
Replication810	 0.05850	0.99846	0.98562 	0.99110 	0.99108 	0.99038 	0.99091 	0.99741 
Replication811	 0.04170	0.99864	0.99007 	0.99374 	0.99276 	0.99346 	0.99354 	0.99878 
Replication812	 0.04402	0.99869	0.98721 	0.99392 	0.99424 	0.99256 	0.99330 	0.99937 
Replication813	 0.07664	0.99829	0.98090 	0.98837 	0.98946 	0.98715 	0.98820 	0.99605 
Replication814	 0.04455	0.99863	0.98887 	0.99340 	0.99285 	0.99284 	0.99313 	0.99872 
Replication815	 0.05832	0.99845	0.98606 	0.99112 	0.99072 	0.99053 	0.99092 	0.99727 
Replication816	 0.04862	0.99856	0.98871 	0.99271 	0.99174 	0.99237 	0.99249 	0.99810 
Replication817	 0.05036	0.99857	0.98721 	0.99245 	0.99258 	0.99172 	0.99227 	0.99837 
Replication818	 0.06680	0.99840	0.98307 	0.98986 	0.99072 	0.98878 	0.98969 	0.99694 
Replication819	 0.04954	0.99858	0.98743 	0.99324 	0.99206 	0.99219 	0.99242 	0.99830 
Replication820	 0.05414	0.99854	0.98607 	0.99189 	0.99242 	0.99100 	0.99173 	0.99816 
Replication821	 0.09816	0.99802	0.97712 	0.98509 	0.98575 	0.98390 	0.98488 	0.99370 
Replication822	 0.06910	0.99838	0.98227 	0.98952 	0.99073 	0.98831 	0.98937 	0.99686 
Replication823	 0.04337	0.99867	0.98820 	0.99349 	0.99395 	0.99269 	0.99333 	0.99919 
Replication824	 0.05506	0.99849	0.98666 	0.99163 	0.99128 	0.99104 	0.99143 	0.99763 
Replication825	 0.06523	0.99837	0.98450 	0.99007 	0.98985 	0.98937 	0.98986 	0.99664 
Replication826	 0.08183	0.99817	0.98150 	0.98752 	0.98703 	0.98683 	0.98729 	0.99485 
Replication827	 0.02410	0.99890	0.99364 	0.99706 	0.99605 	0.99664 	0.99668 	1.00094 
Replication828	 0.00994	0.99916	0.99711 	1.00053 	0.99920 	0.99986 	0.99980 	1.00309 
Replication829	 0.03785	0.99877	0.98877 	0.99450 	0.99567 	0.99348 	0.99438 	1.00014 
Replication830	 0.05366	0.99853	0.98669 	0.99196 	0.99198 	0.99125 	0.99177 	0.99800 
Replication831	 0.03092	0.99884	0.99101 	0.99562 	0.99602 	0.99492 	0.99548 	1.00058 
Replication832	 0.04706	0.99861	0.98804 	0.99294 	0.99288 	0.99229 	0.99276 	0.99861 
Replication833	 0.04530	0.99862	0.98873 	0.99320 	0.99282 	0.99268 	0.99301 	0.99866 
Replication834	 0.05390	0.99853	0.98665 	0.99192 	0.99193 	0.99121 	0.99173 	0.99797 
Replication835	 0.04578	0.99864	0.98784 	0.99313 	0.99350 	0.99235 	0.99297 	0.99891 
Replication836	 0.06088	0.99844	0.98499 	0.99074 	0.99088 	0.98994 	0.99055 	0.99723 
Replication837	 0.02939	0.99880	0.99268 	0.99600 	0.99467 	0.99567 	0.99562 	1.00012 
Replication838	 0.06564	0.99838	0.98419 	0.99001 	0.99001 	0.98923 	0.98981 	0.99669 
Replication839	 0.06616	0.99837	0.98400 	0.98993 	0.99001 	0.98912 	0.98973 	0.99667 
Replication840	 0.04167	0.99868	0.98892 	0.99374 	0.99383 	0.99307 	0.99357 	0.99921 
Replication841	 0.02347	0.99893	0.99335 	0.99774 	0.99628 	0.99690 	0.99690 	1.00116 
Replication842	 0.05703	0.99850	0.98528 	0.99146 	0.99183 	0.99047 	0.99118 	0.99779 
Replication843	 0.06275	0.99840	0.98512 	0.99051 	0.99004 	0.98984 	0.99024 	0.99683 
Replication844	 0.06792	0.99831	0.98491 	0.98965 	0.98854 	0.98925 	0.98940 	0.99601 
Replication845	 0.05557	0.99855	0.98512 	0.99170 	0.99288 	0.99058 	0.99156 	0.99830 
Replication846	 0.05481	0.99847	0.98742 	0.99166 	0.99065 	0.99131 	0.99144 	0.99738 
Replication847	 0.04973	0.99859	0.98705 	0.99254 	0.99294 	0.99173 	0.99238 	0.99854 
Replication848	 0.06076	0.99845	0.98469 	0.99083 	0.99117 	0.98989 	0.99059 	0.99737 
Replication849	 0.04326	0.99866	0.98847 	0.99481 	0.99264 	0.99342 	0.99342 	0.99888 
Replication850	 0.05474	0.99858	0.98468 	0.99232 	0.99318 	0.99075 	0.99175 	0.99853 
Replication851	 0.05638	0.99849	0.98606 	0.99143 	0.99140 	0.99072 	0.99124 	0.99762 
Replication852	 0.03198	0.99879	0.99131 	0.99594 	0.99452 	0.99513 	0.99518 	1.00000 
Replication853	 0.02675	0.99885	0.99277 	0.99718 	0.99487 	0.99633 	0.99610 	1.00043 
Replication854	 0.03996	0.99867	0.99019 	0.99400 	0.99322 	0.99365 	0.99380 	0.99903 
Replication855	 0.05040	0.99855	0.98802 	0.99244 	0.99179 	0.99198 	0.99223 	0.99805 
Replication856	 0.02182	0.99895	0.99421 	0.99737 	0.99689 	0.99705 	0.99721 	1.00138 
Replication857	 0.03663	0.99876	0.98965 	0.99473 	0.99496 	0.99390 	0.99446 	0.99991 
Replication858	 0.08230	0.99818	0.98092 	0.98748 	0.98743 	0.98661 	0.98725 	0.99499 
Replication859	 0.07869	0.99822	0.98170 	0.98801 	0.98792 	0.98719 	0.98779 	0.99533 
Replication860	 0.05556	0.99853	0.98565 	0.99169 	0.99236 	0.99074 	0.99152 	0.99808 
Replication861	 0.07202	0.99832	0.98229 	0.98905 	0.98966 	0.98802 	0.98887 	0.99630 
Replication862	 0.06300	0.99838	0.98547 	0.99040 	0.98969 	0.98990 	0.99018 	0.99667 
Replication863	 0.04330	0.99868	0.98805 	0.99350 	0.99412 	0.99264 	0.99335 	0.99926 
Replication864	 0.05563	0.99853	0.98558 	0.99168 	0.99240 	0.99071 	0.99152 	0.99810 
Replication865	 0.03181	0.99880	0.99133 	0.99586 	0.99486 	0.99510 	0.99526 	1.00013 
Replication866	 0.02921	0.99891	0.99053 	0.99714 	0.99676 	0.99556 	0.99610 	1.00117 
Replication867	 0.03129	0.99879	0.99187 	0.99546 	0.99487 	0.99509 	0.99528 	1.00007 
Replication868	 0.04057	0.99868	0.98935 	0.99390 	0.99379 	0.99332 	0.99373 	0.99923 
Replication869	 0.05956	0.99844	0.98572 	0.99093 	0.99062 	0.99031 	0.99073 	0.99718 
Replication870	 0.05492	0.99850	0.98668 	0.99165 	0.99130 	0.99106 	0.99145 	0.99764 
Replication871	 0.04632	0.99867	0.98653 	0.99331 	0.99439 	0.99199 	0.99297 	0.99930 
Replication872	 0.07994	0.99825	0.98021 	0.98787 	0.98901 	0.98662 	0.98770 	0.99573 
Replication873	 0.05568	0.99848	0.98674 	0.99153 	0.99098 	0.99101 	0.99132 	0.99748 
Replication874	 0.06901	0.99833	0.98364 	0.98971 	0.98918 	0.98884 	0.98929 	0.99626 
Replication875	 0.06723	0.99840	0.98281 	0.98980 	0.99084 	0.98865 	0.98964 	0.99697 
Replication876	 0.06536	0.99844	0.98266 	0.99011 	0.99167 	0.98880 	0.98998 	0.99739 
Replication877	 0.08950	0.99812	0.97889 	0.98639 	0.98697 	0.98528 	0.98619 	0.99453 
Replication878	 0.03395	0.99876	0.99101 	0.99498 	0.99462 	0.99452 	0.99481 	0.99985 
Replication879	 0.06612	0.99838	0.98383 	0.99029 	0.98988 	0.98924 	0.98976 	0.99668 
Replication880	 0.05012	0.99858	0.98698 	0.99298 	0.99244 	0.99191 	0.99234 	0.99840 
Replication881	 0.05277	0.99852	0.98769 	0.99209 	0.99133 	0.99166 	0.99187 	0.99777 
Replication882	 0.05151	0.99855	0.98746 	0.99227 	0.99195 	0.99170 	0.99208 	0.99807 
Replication883	 0.06130	0.99844	0.98466 	0.99068 	0.99106 	0.98980 	0.99050 	0.99729 
Replication884	 0.05774	0.99849	0.98529 	0.99123 	0.99168 	0.99034 	0.99106 	0.99769 
Replication885	 0.03916	0.99870	0.98963 	0.99411 	0.99399 	0.99354 	0.99394 	0.99937 
Replication886	 0.04821	0.99862	0.98694 	0.99321 	0.99317 	0.99204 	0.99264 	0.99876 
Replication887	 0.07507	0.99828	0.98190 	0.98858 	0.98898 	0.98761 	0.98838 	0.99591 
Replication888	 0.05470	0.99850	0.98670 	0.99168 	0.99136 	0.99109 	0.99148 	0.99767 
Replication889	 0.07855	0.99826	0.98062 	0.98807 	0.98907 	0.98688 	0.98790 	0.99581 
Replication890	 0.06534	0.99837	0.98450 	0.99005 	0.98980 	0.98936 	0.98984 	0.99662 
Replication891	 0.05582	0.99854	0.98532 	0.99166 	0.99260 	0.99061 	0.99150 	0.99817 
Replication892	 0.06227	0.99843	0.98430 	0.99112 	0.99056 	0.98988 	0.99039 	0.99715 
Replication893	 0.02838	0.99885	0.99219 	0.99602 	0.99581 	0.99555 	0.99586 	1.00060 
Replication894	 0.06859	0.99837	0.98272 	0.98958 	0.99045 	0.98849 	0.98942 	0.99676 
Replication895	 0.07966	0.99820	0.98171 	0.98786 	0.98757 	0.98710 	0.98763 	0.99515 
Replication896	 0.05966	0.99847	0.98476 	0.99094 	0.99153 	0.98999 	0.99077 	0.99755 
Replication897	 0.05958	0.99851	0.98352 	0.99187 	0.99207 	0.99005 	0.99092 	0.99792 
Replication898	 0.01442	0.99911	0.99515 	1.00041 	0.99840 	0.99904 	0.99897 	1.00266 
Replication899	 0.03590	0.99878	0.98954 	0.99502 	0.99526 	0.99402 	0.99463 	1.00009 
Replication900	 0.03223	0.99875	0.99226 	0.99524 	0.99402 	0.99509 	0.99504 	0.99967 
Replication901	 0.04449	0.99862	0.98912 	0.99332 	0.99272 	0.99288 	0.99312 	0.99865 
Replication902	 0.02456	0.99894	0.99259 	0.99755 	0.99688 	0.99654 	0.99683 	1.00136 
Replication903	 0.05267	0.99853	0.98730 	0.99244 	0.99143 	0.99170 	0.99192 	0.99787 
Replication904	 0.05416	0.99852	0.98679 	0.99241 	0.99126 	0.99149 	0.99171 	0.99778 
Replication905	 0.04232	0.99867	0.98862 	0.99413 	0.99347 	0.99315 	0.99350 	0.99912 
Replication906	 0.04006	0.99876	0.98718 	0.99496 	0.99520 	0.99313 	0.99396 	0.99998 
Replication907	 0.05236	0.99851	0.98800 	0.99269 	0.99072 	0.99206 	0.99196 	0.99763 
Replication908	 0.02955	0.99886	0.99118 	0.99626 	0.99621 	0.99533 	0.99580 	1.00079 
Replication909	 0.03434	0.99876	0.99064 	0.99523 	0.99458 	0.99451 	0.99478 	0.99987 
Replication910	 0.07486	0.99826	0.98262 	0.98859 	0.98834 	0.98785 	0.98837 	0.99565 
Replication911	 0.06511	0.99838	0.98449 	0.99008 	0.98989 	0.98938 	0.98988 	0.99667 
Replication912	 0.06934	0.99832	0.98384 	0.98943 	0.98907 	0.98877 	0.98922 	0.99616 
Replication913	 0.06030	0.99841	0.98636 	0.99124 	0.98941 	0.99065 	0.99061 	0.99673 
Replication914	 0.03482	0.99876	0.99038 	0.99539 	0.99449 	0.99449 	0.99473 	0.99985 
Replication915	 0.03056	0.99881	0.99156 	0.99557 	0.99540 	0.99507 	0.99541 	1.00032 
Replication916	 0.04166	0.99863	0.99058 	0.99376 	0.99232 	0.99363 	0.99354 	0.99861 
Replication917	 0.02366	0.99895	0.99273 	0.99813 	0.99676 	0.99689 	0.99702 	1.00143 
Replication918	 0.02804	0.99883	0.99264 	0.99601 	0.99536 	0.99569 	0.99584 	1.00041 
Replication919	 0.05266	0.99850	0.98827 	0.99210 	0.99083 	0.99186 	0.99187 	0.99757 
Replication920	 0.05966	0.99849	0.98416 	0.99109 	0.99204 	0.98987 	0.99082 	0.99778 
Replication921	 0.00908	0.99919	0.99724 	1.00056 	0.99997 	0.99995 	1.00010 	1.00343 
Replication922	 0.03073	0.99883	0.99116 	0.99563 	0.99592 	0.99497 	0.99549 	1.00054 
Replication923	 0.06514	0.99838	0.98433 	0.99009 	0.99004 	0.98933 	0.98988 	0.99672 
Replication924	 0.06677	0.99843	0.98235 	0.98995 	0.99145 	0.98859 	0.98977 	0.99725 
Replication925	 0.04805	0.99860	0.98785 	0.99279 	0.99273 	0.99214 	0.99261 	0.99852 
Replication926	 0.07225	0.99834	0.98159 	0.98978 	0.98966 	0.98815 	0.98892 	0.99642 
Replication927	 0.07269	0.99828	0.98322 	0.98892 	0.98851 	0.98825 	0.98870 	0.99580 
Replication928	 0.03988	0.99870	0.98922 	0.99401 	0.99414 	0.99334 	0.99384 	0.99940 
Replication929	 0.03759	0.99869	0.99120 	0.99447 	0.99332 	0.99427 	0.99427 	0.99919 
Replication930	 0.08680	0.99813	0.97991 	0.98678 	0.98689 	0.98585 	0.98657 	0.99460 
Replication931	 0.05824	0.99847	0.98570 	0.99114 	0.99110 	0.99043 	0.99095 	0.99743 
Replication932	 0.05578	0.99849	0.98646 	0.99152 	0.99121 	0.99091 	0.99132 	0.99757 
Replication933	 0.03755	0.99879	0.98803 	0.99514 	0.99581 	0.99356 	0.99445 	1.00031 
Replication934	 0.03045	0.99886	0.99092 	0.99582 	0.99646 	0.99501 	0.99566 	1.00080 
Replication935	 0.04947	0.99858	0.98764 	0.99258 	0.99246 	0.99194 	0.99239 	0.99835 
Replication936	 0.03247	0.99881	0.99056 	0.99530 	0.99574 	0.99457 	0.99516 	1.00038 
Replication937	 0.03290	0.99885	0.98979 	0.99560 	0.99648 	0.99448 	0.99529 	1.00074 
Replication938	 0.05389	0.99858	0.98511 	0.99324 	0.99236 	0.99135 	0.99190 	0.99836 
Replication939	 0.05883	0.99849	0.98482 	0.99107 	0.99177 	0.99009 	0.99091 	0.99768 
Replication940	 0.06573	0.99832	0.98598 	0.98999 	0.98829 	0.98982 	0.98973 	0.99600 
Replication941	 0.04133	0.99869	0.98877 	0.99379 	0.99409 	0.99306 	0.99363 	0.99932 
Replication942	 0.04074	0.99871	0.98827 	0.99471 	0.99404 	0.99335 	0.99379 	0.99946 
Replication943	 0.05953	0.99844	0.98578 	0.99101 	0.99051 	0.99037 	0.99074 	0.99715 
Replication944	 0.02621	0.99890	0.99218 	0.99767 	0.99582 	0.99642 	0.99642 	1.00092 
Replication945	 0.07303	0.99827	0.98336 	0.98887 	0.98825 	0.98826 	0.98863 	0.99569 
Replication946	 0.05259	0.99857	0.98618 	0.99213 	0.99283 	0.99119 	0.99197 	0.99839 
Replication947	 0.06193	0.99840	0.98553 	0.99057 	0.98999 	0.99002 	0.99035 	0.99683 
Replication948	 0.06197	0.99847	0.98373 	0.99061 	0.99177 	0.98945 	0.99046 	0.99756 
Replication949	 0.05422	0.99852	0.98681 	0.99202 	0.99154 	0.99131 	0.99168 	0.99782 
Replication950	 0.04600	0.99863	0.98776 	0.99320 	0.99340 	0.99235 	0.99294 	0.99888 
Replication951	 0.06086	0.99846	0.98437 	0.99076 	0.99151 	0.98975 	0.99060 	0.99749 
Replication952	 0.03712	0.99874	0.98986 	0.99545 	0.99394 	0.99431 	0.99443 	0.99960 
Replication953	 0.05932	0.99843	0.98625 	0.99097 	0.99020 	0.99050 	0.99075 	0.99702 
Replication954	 0.05684	0.99848	0.98596 	0.99136 	0.99133 	0.99064 	0.99117 	0.99758 
Replication955	 0.03616	0.99877	0.98946 	0.99551 	0.99469 	0.99423 	0.99458 	0.99993 
Replication956	 0.04308	0.99868	0.98804 	0.99354 	0.99421 	0.99266 	0.99339 	0.99931 
Replication957	 0.03514	0.99879	0.98995 	0.99491 	0.99548 	0.99413 	0.99477 	1.00018 
Replication958	 0.07685	0.99830	0.98059 	0.98835 	0.98972 	0.98704 	0.98820 	0.99615 
Replication959	 0.08777	0.99813	0.97931 	0.98665 	0.98716 	0.98557 	0.98645 	0.99467 
Replication960	 0.04120	0.99876	0.98665 	0.99473 	0.99543 	0.99283 	0.99382 	1.00002 
Replication961	 0.06067	0.99845	0.98494 	0.99077 	0.99099 	0.98995 	0.99059 	0.99729 
Replication962	 0.04452	0.99862	0.98897 	0.99332 	0.99285 	0.99283 	0.99312 	0.99870 
Replication963	 0.06090	0.99843	0.98540 	0.99073 	0.99047 	0.99007 	0.99053 	0.99707 
Replication964	 0.07031	0.99830	0.98392 	0.98928 	0.98865 	0.98870 	0.98905 	0.99596 
Replication965	 0.07395	0.99831	0.98169 	0.98877 	0.98960 	0.98765 	0.98859 	0.99620 
Replication966	 0.04709	0.99864	0.98693 	0.99295 	0.99395 	0.99193 	0.99281 	0.99905 
Replication967	 0.06761	0.99829	0.98590 	0.98971 	0.98775 	0.98961 	0.98944 	0.99571 
Replication968	 0.04839	0.99860	0.98740 	0.99274 	0.99305 	0.99196 	0.99257 	0.99863 
Replication969	 0.04611	0.99861	0.98837 	0.99308 	0.99289 	0.99249 	0.99289 	0.99866 
Replication970	 0.05984	0.99846	0.98502 	0.99090 	0.99121 	0.99006 	0.99072 	0.99741 
Replication971	 0.07215	0.99829	0.98308 	0.98901 	0.98883 	0.98826 	0.98879 	0.99596 
Replication972	 0.03840	0.99875	0.98843 	0.99466 	0.99498 	0.99342 	0.99412 	0.99987 
Replication973	 0.05358	0.99857	0.98566 	0.99223 	0.99280 	0.99104 	0.99185 	0.99838 
Replication974	 0.05088	0.99854	0.98802 	0.99251 	0.99152 	0.99201 	0.99216 	0.99794 
Replication975	 0.04880	0.99859	0.98745 	0.99268 	0.99286 	0.99194 	0.99251 	0.99854 
Replication976	 0.08201	0.99818	0.98096 	0.98751 	0.98750 	0.98664 	0.98729 	0.99503 
Replication977	 0.03830	0.99875	0.98834 	0.99467 	0.99510 	0.99340 	0.99414 	0.99992 
Replication978	 0.06790	0.99833	0.98426 	0.98965 	0.98915 	0.98904 	0.98943 	0.99626 
Replication979	 0.08385	0.99815	0.98076 	0.98722 	0.98706 	0.98640 	0.98700 	0.99478 
Replication980	 0.05289	0.99853	0.98702 	0.99207 	0.99192 	0.99142 	0.99188 	0.99800 
Replication981	 0.04056	0.99867	0.98986 	0.99398 	0.99326 	0.99352 	0.99372 	0.99903 
Replication982	 0.03864	0.99869	0.99037 	0.99426 	0.99344 	0.99386 	0.99401 	0.99918 
Replication983	 0.07171	0.99833	0.98225 	0.98910 	0.98982 	0.98804 	0.98892 	0.99638 
Replication984	 0.04781	0.99861	0.98752 	0.99283 	0.99312 	0.99206 	0.99266 	0.99869 
Replication985	 0.03119	0.99886	0.99019 	0.99662 	0.99600 	0.99514 	0.99558 	1.00074 
Replication986	 0.03445	0.99880	0.98975 	0.99496 	0.99575 	0.99410 	0.99483 	1.00030 
Replication987	 0.03867	0.99872	0.98914 	0.99450 	0.99434 	0.99358 	0.99405 	0.99958 
Replication988	 0.05514	0.99855	0.98483 	0.99282 	0.99205 	0.99103 	0.99159 	0.99814 
Replication989	 0.07776	0.99822	0.98203 	0.98815 	0.98792 	0.98739 	0.98793 	0.99537 
Replication990	 0.06326	0.99843	0.98392 	0.99039 	0.99112 	0.98938 	0.99022 	0.99724 
Replication991	 0.08435	0.99817	0.98013 	0.98716 	0.98751 	0.98616 	0.98696 	0.99495 
Replication992	 0.05383	0.99854	0.98641 	0.99193 	0.99219 	0.99114 	0.99176 	0.99808 
Replication993	 0.08141	0.99822	0.98022 	0.98763 	0.98847 	0.98647 	0.98745 	0.99546 
Replication994	 0.05977	0.99847	0.98474 	0.99092 	0.99152 	0.98998 	0.99075 	0.99754 
Replication995	 0.05041	0.99857	0.98745 	0.99244 	0.99234 	0.99179 	0.99225 	0.99827 
Replication996	 0.03008	0.99881	0.99186 	0.99562 	0.99524 	0.99520 	0.99546 	1.00027 
Replication997	 0.05301	0.99860	0.98499 	0.99270 	0.99334 	0.99107 	0.99201 	0.99868 
Replication998	 0.05029	0.99858	0.98710 	0.99272 	0.99247 	0.99182 	0.99230 	0.99837 
Replication999	 0.03903	0.99871	0.98969 	0.99426 	0.99426 	0.99364 	0.99409 	0.99951 