
Replication	FitnessValue	Frequency	PLoss	QLoss
Replication0	 0.14696	0.92061	0.00664	0.01639
Replication1	 0.16141	0.92647	0.99901 	0.99975 	1.00481 	0.99588 	1.00385 	1.00876 	1.01294 	1.01602 	1.00973 	1.01614 	1.02383 	1.01082 	-0.01386 	-0.01392 	-0.01374 	0.18131 	0.00000 	-0.16368 	-0.01435 	-0.01389 	0.11441 	-0.01357 	0.22999 	-0.27687 	-0.00533 	-0.00535 	-0.00528 	-0.16391 	0.00000 	0.16442 	-0.00552 	-0.00534 	-0.11375 	-0.00522 	0.08845 	0.07137 	0.00579	0.01440
Replication2	 0.17797	0.89940	0.99945 	1.00016 	1.00478 	0.99655 	1.00400 	1.00853 	1.01265 	1.01556 	1.00976 	1.01567 	1.02308 	1.01076 	-0.01325 	-0.01253 	-0.01512 	0.16814 	0.00000 	-0.15149 	-0.01629 	-0.01379 	0.10594 	-0.01337 	0.21993 	-0.25676 	-0.00504 	-0.00476 	-0.00575 	-0.15157 	0.00000 	0.15237 	-0.00619 	-0.00524 	-0.10536 	-0.00508 	0.08359 	0.06576 	0.01027	0.02479
Replication3	 0.13898	0.93556	0.99767 	0.99853 	1.00483 	0.99375 	1.00342 	1.00956 	1.01393 	1.01777 	1.00970 	1.01795 	1.02681 	1.01103 	-0.01489 	-0.01426 	-0.01265 	0.22869 	0.00000 	-0.20771 	-0.01428 	-0.01461 	0.14489 	-0.01248 	0.27027 	-0.34925 	-0.00598 	-0.00572 	-0.00508 	-0.20868 	0.00000 	0.20797 	-0.00573 	-0.00586 	-0.14417 	-0.00501 	0.10848 	0.09195 	0.00461	0.01159
Replication4	 0.13974	0.92895	0.00544	0.01356
Replication5	 0.13391	0.92705	0.00537	0.01332
Replication6	 0.10910	1.01621	0.00053	0.00149
Replication7	 0.16610	0.91918	0.00652	0.01604
Replication8	 0.15928	0.93594	0.00453	0.01139
Replication9	 0.17143	0.92346	0.00622	0.01540
Replication10	 0.16899	0.92505	0.99919 	0.99988 	1.00409 	0.99674 	1.00357 	1.00746 	1.01228 	1.01502 	1.00985 	1.01514 	1.02192 	1.01068 	-0.01519 	-0.01526 	-0.01440 	0.14826 	0.00000 	-0.13239 	-0.01509 	-0.01266 	0.09277 	-0.01135 	0.20232 	-0.22624 	-0.00567 	-0.00569 	-0.00538 	-0.13194 	0.00000 	0.13392 	-0.00563 	-0.00472 	-0.09242 	-0.00424 	0.07550 	0.05642 	0.00593	0.01472
Replication11	 0.14459	0.92617	0.00581	0.01445