
Replication	FitnessValue	Frequency	Bus1	Bus2	Bus3	Bus4	Bus5	Bus6	Bus7	Bus8	Bus9	Bus10	Bus11	Bus12	Bus1_P	Bus2_P	Bus3_P	Bus4_P	Bus5_P	Bus6_P	Bus7_P	Bus8_P	Bus9_P	Bus10_P	Bus11_P	Bus12_P	Bus1_Q	Bus2_Q	Bus3_Q	Bus4_Q	Bus5_Q	Bus6_Q	Bus7_Q	Bus8_Q	Bus9_Q	Bus10_Q	Bus11_Q	Bus12_Q	PLoss	QLoss
Replication0	 -1.56876	0.99530	0.99888 	0.99924 	0.99917 	1.00022 	0.99957 	1.00004 	1.00015 	0.99873 	1.00143 	0.99882 	1.00004 	1.00149 	-0.01705 	-0.01647 	-0.01858 	0.02412 	0.00000 	0.02331 	0.00000 	-0.01840 	0.01505 	-0.01400 	0.00000 	0.02200 	-0.00565 	-0.00545 	-0.00615 	0.00848 	0.00000 	0.00844 	0.00000 	-0.00609 	0.00489 	-0.00463 	0.00000 	0.00637 	0.00009	0.00024
Replication1	 -1.56950	0.99710	1.00411 	1.00376 	1.00385 	1.00449 	1.00393 	1.00428 	1.00331 	1.00280 	1.00424 	1.00246 	1.00336 	1.00426 	-0.00020 	-0.01600 	-0.00784 	0.01401 	0.00000 	0.01370 	-0.01053 	0.00000 	0.00983 	-0.01715 	0.00000 	0.01438 	-0.00006 	-0.00528 	-0.00259 	0.00436 	0.00000 	0.00453 	-0.00347 	0.00000 	0.00357 	-0.00566 	0.00000 	0.00474 	0.00003	0.00009
Replication2	 -1.56799	0.99565	0.99878 	0.99876 	0.99878 	0.99998 	0.99956 	0.99975 	1.00146 	1.00142 	1.00330 	1.00115 	1.00357 	1.00309 	-0.01429 	-0.02624 	-0.02100 	0.02395 	0.00000 	0.02323 	-0.02799 	-0.00521 	0.01251 	-0.01982 	0.03610 	0.01876 	-0.00473 	-0.00868 	-0.00695 	0.00945 	0.00000 	0.00945 	-0.00926 	-0.00172 	0.00309 	-0.00656 	0.01194 	0.00428 	0.00014	0.00038
Replication3	 0.00170	0.99422	0.99735 	0.99722 	0.99757 	0.99855 	0.99759 	0.99839 	0.99688 	0.99541 	0.99870 	0.99556 	0.99696 	0.99874 	-0.01056 	-0.02940 	-0.01301 	0.02872 	0.00000 	0.02765 	-0.01669 	-0.02109 	0.01942 	-0.01366 	0.00000 	0.02839 	-0.00350 	-0.00975 	-0.00432 	0.00946 	0.00000 	0.00935 	-0.00554 	-0.00700 	0.00690 	-0.00453 	0.00000 	0.00914 	0.00012	0.00031
Replication4	 0.00155	0.99444	0.99641 	0.99641 	0.99671 	0.99786 	0.99730 	0.99773 	0.99891 	0.99801 	1.00043 	0.99782 	0.99904 	1.00046 	-0.01697 	-0.03355 	-0.01918 	0.02950 	0.00000 	0.02837 	-0.00520 	-0.00788 	0.01716 	-0.01757 	0.00000 	0.02516 	-0.00563 	-0.01113 	-0.00636 	0.01097 	0.00000 	0.01076 	-0.00173 	-0.00261 	0.00512 	-0.00583 	0.00000 	0.00665 	0.00012	0.00032
Replication5	 0.00125	0.99472	0.99851 	0.99858 	0.99871 	0.99968 	0.99874 	0.99950 	0.99787 	0.99688 	0.99959 	0.99679 	0.99806 	0.99962 	-0.01139 	-0.02127 	-0.01375 	0.02600 	0.00000 	0.02510 	-0.02157 	-0.01140 	0.01783 	-0.01572 	0.00000 	0.02609 	-0.00378 	-0.00705 	-0.00456 	0.00841 	0.00000 	0.00838 	-0.00715 	-0.00378 	0.00640 	-0.00521 	0.00000 	0.00851 	0.00010	0.00024
Replication6	 -1.56875	0.99655	1.00191 	1.00254 	1.00322 	1.00321 	1.00387 	1.00364 	1.00178 	1.00115 	1.00293 	1.00077 	1.00185 	1.00296 	-0.02529 	-0.02395 	-0.00599 	0.01707 	0.03420 	0.01559 	-0.02016 	-0.00079 	0.01196 	-0.01997 	0.00000 	0.01748 	-0.00835 	-0.00791 	-0.00198 	0.00557 	0.01129 	0.00467 	-0.00666 	-0.00026 	0.00449 	-0.00660 	0.00000 	0.00600 	0.00009	0.00025
Replication7	 -1.56921	0.99597	1.00046 	1.00059 	1.00020 	1.00151 	1.00090 	1.00112 	1.00176 	1.00169 	1.00299 	1.00154 	1.00214 	1.00297 	-0.01195 	-0.01273 	-0.02320 	0.02086 	0.00000 	0.02053 	-0.01707 	0.00000 	0.01252 	-0.00726 	0.00000 	0.01841 	-0.00395 	-0.00421 	-0.00767 	0.00744 	0.00000 	0.00778 	-0.00564 	0.00000 	0.00381 	-0.00240 	0.00000 	0.00501 	0.00005	0.00014
Replication8	 0.00187	0.99410	0.99558 	0.99594 	0.99565 	0.99728 	0.99652 	0.99692 	0.99807 	0.99723 	0.99977 	0.99749 	0.99839 	0.99978 	-0.02149 	-0.02197 	-0.02937 	0.03104 	0.00000 	0.03020 	-0.01338 	-0.01634 	0.01830 	-0.00411 	0.00000 	0.02685 	-0.00713 	-0.00729 	-0.00975 	0.01137 	0.00000 	0.01151 	-0.00444 	-0.00542 	0.00552 	-0.00136 	0.00000 	0.00721 	0.00012	0.00034
Replication9	 -1.56859	0.99919	1.00627 	1.00680 	1.00702 	1.00715 	1.00845 	1.00743 	1.00901 	1.00896 	1.00974 	1.00878 	1.01087 	1.00953 	-0.02255 	-0.01601 	-0.01241 	0.00608 	0.03323 	0.00537 	-0.01451 	-0.00600 	0.00117 	-0.01556 	0.03912 	0.00212 	-0.00741 	-0.00526 	-0.00408 	0.00340 	0.01092 	0.00282 	-0.00477 	-0.00197 	-0.00057 	-0.00511 	0.01285 	-0.00056 	0.00010	0.00027
Replication10	 -1.56776	0.99589	0.99874 	0.99859 	0.99879 	0.99992 	0.99977 	0.99976 	1.00288 	1.00182 	1.00426 	1.00207 	1.00428 	1.00413 	-0.01473 	-0.03309 	-0.02061 	0.02364 	0.00000 	0.02283 	0.00000 	-0.02404 	0.01113 	-0.01233 	0.03058 	0.01663 	-0.00487 	-0.01094 	-0.00682 	0.00995 	0.00000 	0.00982 	0.00000 	-0.00795 	0.00224 	-0.00408 	0.01011 	0.00295 	0.00017	0.00046
Replication11	 -1.56846	0.99540	1.00087 	1.00099 	1.00059 	1.00176 	1.00062 	1.00134 	0.99863 	0.99691 	1.00016 	0.99703 	0.99849 	1.00022 	-0.00662 	-0.00620 	-0.01726 	0.02140 	0.00000 	0.02109 	-0.01368 	-0.02237 	0.01643 	-0.01674 	0.00000 	0.02395 	-0.00219 	-0.00205 	-0.00572 	0.00607 	0.00000 	0.00652 	-0.00453 	-0.00740 	0.00647 	-0.00554 	0.00000 	0.00864 	0.00011	0.00031
Replication12	 -1.56827	1.00283	1.01575 	1.01571 	1.01558 	1.01545 	1.01809 	1.01560 	1.01579 	1.01589 	1.01537 	1.01579 	1.01683 	1.01522 	-0.01017 	-0.00732 	-0.01293 	-0.01379 	0.06893 	-0.01340 	-0.00835 	-0.00158 	-0.00931 	-0.00727 	0.02776 	-0.01341 	-0.00332 	-0.00239 	-0.00422 	-0.00436 	0.02248 	-0.00444 	-0.00272 	-0.00051 	-0.00318 	-0.00237 	0.00905 	-0.00400 	0.00012	0.00033
Replication13	 0.00116	0.99482	0.99837 	0.99884 	0.99838 	0.99976 	0.99879 	0.99939 	0.99841 	0.99711 	1.00001 	0.99724 	0.99847 	1.00005 	-0.01660 	-0.00879 	-0.02389 	0.02569 	0.00000 	0.02512 	-0.01339 	-0.01845 	0.01724 	-0.01221 	0.00000 	0.02521 	-0.00550 	-0.00291 	-0.00792 	0.00843 	0.00000 	0.00871 	-0.00444 	-0.00612 	0.00602 	-0.00405 	0.00000 	0.00797 	0.00010	0.00026
Replication14	 -1.56927	0.99614	1.00068 	1.00145 	1.00180 	1.00205 	1.00157 	1.00228 	1.00148 	1.00119 	1.00273 	1.00105 	1.00178 	1.00273 	-0.02094 	-0.01198 	-0.00521 	0.01967 	0.00000 	0.01841 	-0.01924 	-0.00250 	0.01263 	-0.00925 	0.00000 	0.01853 	-0.00692 	-0.00396 	-0.00172 	0.00683 	0.00000 	0.00620 	-0.00636 	-0.00083 	0.00428 	-0.00306 	0.00000 	0.00569 	0.00005	0.00013
Replication15	 0.00183	0.99414	0.99577 	0.99610 	0.99602 	0.99744 	0.99671 	0.99718 	0.99804 	0.99738 	0.99972 	0.99701 	0.99829 	0.99974 	-0.02099 	-0.02441 	-0.02515 	0.03069 	0.00000 	0.02970 	-0.01199 	-0.00227 	0.01830 	-0.02096 	0.00000 	0.02684 	-0.00697 	-0.00810 	-0.00835 	0.01118 	0.00000 	0.01116 	-0.00398 	-0.00075 	0.00562 	-0.00695 	0.00000 	0.00735 	0.00012	0.00033
Replication16	 -1.56874	0.99519	1.00007 	1.00021 	1.00003 	1.00108 	1.00002 	1.00077 	0.99841 	0.99737 	1.00006 	0.99730 	0.99856 	1.00009 	-0.00887 	-0.01123 	-0.01539 	0.02287 	0.00000 	0.02232 	-0.02314 	-0.01213 	0.01677 	-0.01574 	0.00000 	0.02452 	-0.00294 	-0.00372 	-0.00510 	0.00686 	0.00000 	0.00710 	-0.00766 	-0.00402 	0.00637 	-0.00521 	0.00000 	0.00852 	0.00009	0.00024
Replication17	 0.00102	0.99488	0.99814 	0.99906 	0.99938 	0.99982 	0.99904 	1.00002 	0.99825 	0.99707 	0.99989 	0.99706 	0.99835 	0.99993 	-0.02440 	-0.01305 	-0.00777 	0.02549 	0.00000 	0.02401 	-0.01703 	-0.01440 	0.01731 	-0.01553 	0.00000 	0.02530 	-0.00808 	-0.00433 	-0.00257 	0.00844 	0.00000 	0.00781 	-0.00564 	-0.00477 	0.00623 	-0.00515 	0.00000 	0.00828 	0.00010	0.00027
Replication18	 -1.56728	0.99628	0.99891 	0.99928 	0.99935 	1.00040 	1.00062 	1.00036 	1.00381 	1.00313 	1.00527 	1.00291 	1.00586 	1.00506 	-0.02414 	-0.02678 	-0.02352 	0.02220 	0.00784 	0.02126 	-0.00553 	-0.01340 	0.00953 	-0.02576 	0.04390 	0.01442 	-0.00798 	-0.00885 	-0.00777 	0.00979 	0.00259 	0.00948 	-0.00183 	-0.00443 	0.00147 	-0.00851 	0.01451 	0.00203 	0.00021	0.00057
Replication19	 -1.56864	0.99654	1.00300 	1.00274 	1.00247 	1.00365 	1.00397 	1.00330 	1.00160 	1.00033 	1.00282 	1.00033 	1.00176 	1.00283 	-0.00921 	-0.02077 	-0.02434 	0.01635 	0.03508 	0.01617 	-0.01623 	-0.01600 	0.01211 	-0.01670 	0.00598 	0.01771 	-0.00304 	-0.00686 	-0.00804 	0.00481 	0.01159 	0.00521 	-0.00536 	-0.00529 	0.00461 	-0.00552 	0.00197 	0.00619 	0.00010	0.00027
Replication20	 -1.56911	0.99729	1.00352 	1.00390 	1.00437 	1.00439 	1.00408 	1.00463 	1.00386 	1.00244 	1.00489 	1.00283 	1.00445 	1.00485 	-0.01270 	-0.01318 	0.00000 	0.01386 	0.00000 	0.01286 	-0.00415 	-0.02727 	0.00888 	-0.00836 	0.01717 	0.01309 	-0.00419 	-0.00435 	0.00000 	0.00483 	0.00000 	0.00428 	-0.00137 	-0.00899 	0.00301 	-0.00276 	0.00566 	0.00408 	0.00006	0.00016
Replication21	 -1.56924	0.99631	1.00204 	1.00203 	1.00142 	1.00280 	1.00202 	1.00227 	1.00184 	1.00105 	1.00300 	1.00139 	1.00200 	1.00301 	-0.00621 	-0.00648 	-0.02310 	0.01815 	0.00000 	0.01816 	-0.01367 	-0.01662 	0.01214 	0.00000 	0.00000 	0.01778 	-0.00205 	-0.00214 	-0.00763 	0.00586 	0.00000 	0.00648 	-0.00452 	-0.00549 	0.00415 	0.00000 	0.00000 	0.00550 	0.00005	0.00013
Replication22	 -1.56881	0.99744	1.00374 	1.00371 	1.00413 	1.00450 	1.00515 	1.00462 	1.00440 	1.00323 	1.00545 	1.00321 	1.00529 	1.00537 	-0.01391 	-0.02687 	-0.01078 	0.01343 	0.02824 	0.01262 	-0.00875 	-0.01804 	0.00806 	-0.01946 	0.02366 	0.01197 	-0.00459 	-0.00886 	-0.00355 	0.00490 	0.00931 	0.00452 	-0.00288 	-0.00595 	0.00252 	-0.00641 	0.00780 	0.00345 	0.00008	0.00023
Replication23	 -1.56893	0.99527	0.99854 	0.99875 	0.99914 	0.99986 	0.99936 	0.99989 	1.00024 	0.99943 	1.00161 	0.99966 	1.00045 	1.00163 	-0.01686 	-0.02627 	-0.01194 	0.02478 	0.00000 	0.02360 	-0.01111 	-0.01510 	0.01488 	-0.00379 	0.00000 	0.02182 	-0.00558 	-0.00870 	-0.00395 	0.00901 	0.00000 	0.00862 	-0.00368 	-0.00500 	0.00464 	-0.00126 	0.00000 	0.00608 	0.00008	0.00021
Replication24	 -1.56934	0.99773	1.00403 	1.00378 	1.00367 	1.00456 	1.00442 	1.00429 	1.00620 	1.00597 	1.00684 	1.00589 	1.00667 	1.00680 	-0.00508 	-0.01708 	-0.01573 	0.01286 	0.00000 	0.01270 	0.00000 	-0.00361 	0.00615 	-0.00750 	0.00837 	0.00912 	-0.00168 	-0.00563 	-0.00518 	0.00528 	0.00000 	0.00550 	0.00000 	-0.00119 	0.00122 	-0.00247 	0.00276 	0.00155 	0.00004	0.00011
Replication25	 -1.56893	0.99683	1.00175 	1.00261 	1.00265 	1.00308 	1.00273 	1.00319 	1.00329 	1.00243 	1.00455 	1.00237 	1.00436 	1.00445 	-0.02153 	-0.00563 	-0.01016 	0.01681 	0.00000 	0.01587 	-0.01066 	-0.01426 	0.00978 	-0.01799 	0.02340 	0.01453 	-0.00711 	-0.00186 	-0.00335 	0.00625 	0.00000 	0.00583 	-0.00352 	-0.00471 	0.00292 	-0.00594 	0.00772 	0.00398 	0.00007	0.00019
Replication26	 -1.56830	0.99829	1.00499 	1.00440 	1.00468 	1.00528 	1.00547 	1.00516 	1.00720 	1.00663 	1.00832 	1.00668 	1.00951 	1.00807 	-0.00155 	-0.02743 	-0.01015 	0.01071 	0.00491 	0.01042 	-0.01133 	-0.01864 	0.00380 	-0.01721 	0.05052 	0.00606 	-0.00051 	-0.00903 	-0.00334 	0.00501 	0.00162 	0.00501 	-0.00373 	-0.00613 	0.00010 	-0.00566 	0.01663 	0.00037 	0.00013	0.00034
Replication27	 -1.56838	0.99552	1.00099 	1.00122 	1.00096 	1.00194 	1.00086 	1.00163 	0.99891 	0.99705 	1.00038 	0.99729 	0.99872 	1.00045 	-0.00851 	-0.00623 	-0.01436 	0.02090 	0.00000 	0.02043 	-0.01101 	-0.02621 	0.01605 	-0.01443 	0.00000 	0.02338 	-0.00282 	-0.00206 	-0.00475 	0.00597 	0.00000 	0.00624 	-0.00364 	-0.00867 	0.00634 	-0.00478 	0.00000 	0.00846 	0.00011	0.00031
Replication28	 -1.56892	0.99555	1.00038 	1.00057 	1.00043 	1.00142 	1.00056 	1.00117 	0.99977 	0.99848 	1.00118 	0.99881 	0.99982 	1.00122 	-0.01063 	-0.01236 	-0.01537 	0.02171 	0.00000 	0.02112 	-0.01368 	-0.02196 	0.01507 	-0.00589 	0.00000 	0.02203 	-0.00352 	-0.00409 	-0.00509 	0.00690 	0.00000 	0.00704 	-0.00453 	-0.00727 	0.00545 	-0.00195 	0.00000 	0.00723 	0.00007	0.00020
Replication29	 -1.56944	0.99689	1.00246 	1.00284 	1.00324 	1.00345 	1.00312 	1.00362 	1.00332 	1.00315 	1.00433 	1.00327 	1.00364 	1.00432 	-0.01414 	-0.01528 	-0.00365 	0.01610 	0.00000 	0.01509 	-0.01670 	-0.00584 	0.00997 	0.00000 	0.00000 	0.01465 	-0.00467 	-0.00504 	-0.00120 	0.00573 	0.00000 	0.00524 	-0.00551 	-0.00193 	0.00323 	0.00000 	0.00000 	0.00429 	0.00003	0.00008
Replication30	 -1.56868	0.99547	1.00009 	1.00022 	1.00057 	1.00114 	1.00036 	1.00114 	0.99939 	0.99817 	1.00100 	0.99801 	0.99985 	1.00099 	-0.01107 	-0.02003 	-0.00712 	0.02232 	0.00000 	0.02131 	-0.01714 	-0.01388 	0.01538 	-0.02230 	0.00999 	0.02257 	-0.00367 	-0.00663 	-0.00236 	0.00721 	0.00000 	0.00695 	-0.00567 	-0.00460 	0.00557 	-0.00738 	0.00331 	0.00748 	0.00009	0.00024
Replication31	 -1.56918	0.99609	1.00067 	1.00097 	1.00085 	1.00182 	1.00150 	1.00165 	1.00184 	1.00120 	1.00300 	1.00149 	1.00206 	1.00301 	-0.01589 	-0.01536 	-0.01857 	0.02014 	0.00687 	0.01949 	-0.01281 	-0.01426 	0.01237 	0.00000 	0.00000 	0.01814 	-0.00525 	-0.00508 	-0.00614 	0.00713 	0.00227 	0.00713 	-0.00424 	-0.00471 	0.00391 	0.00000 	0.00000 	0.00514 	0.00005	0.00014
Replication32	 -1.56850	0.99791	1.00356 	1.00389 	1.00389 	1.00447 	1.00443 	1.00445 	1.00638 	1.00631 	1.00760 	1.00630 	1.00867 	1.00735 	-0.01444 	-0.01208 	-0.01257 	0.01271 	0.00000 	0.01216 	-0.01908 	-0.01112 	0.00506 	-0.01305 	0.04466 	0.00790 	-0.00476 	-0.00398 	-0.00414 	0.00573 	0.00000 	0.00553 	-0.00628 	-0.00366 	0.00052 	-0.00430 	0.01471 	0.00093 	0.00011	0.00029
Replication33	 -1.56885	0.99610	1.00124 	1.00168 	1.00142 	1.00242 	1.00244 	1.00225 	1.00109 	0.99991 	1.00228 	0.99992 	1.00103 	1.00233 	-0.01909 	-0.01239 	-0.02207 	0.01913 	0.02310 	0.01853 	-0.01141 	-0.01421 	0.01320 	-0.01396 	0.00000 	0.01928 	-0.00631 	-0.00409 	-0.00730 	0.00613 	0.00764 	0.00619 	-0.00377 	-0.00470 	0.00476 	-0.00462 	0.00000 	0.00630 	0.00008	0.00022
Replication34	 0.00124	0.99467	0.99921 	0.99883 	0.99862 	1.00002 	0.99884 	0.99951 	0.99729 	0.99661 	0.99915 	0.99634 	0.99762 	0.99916 	-0.00236 	-0.01998 	-0.01924 	0.02551 	0.00000 	0.02516 	-0.03133 	-0.00484 	0.01840 	-0.01837 	0.00000 	0.02693 	-0.00078 	-0.00662 	-0.00638 	0.00774 	0.00000 	0.00827 	-0.01039 	-0.00160 	0.00685 	-0.00609 	0.00000 	0.00918 	0.00010	0.00026
Replication35	 -1.56868	0.99615	1.00063 	1.00123 	1.00173 	1.00193 	1.00152 	1.00219 	1.00133 	1.00012 	1.00289 	1.00020 	1.00247 	1.00279 	-0.01940 	-0.01688 	-0.00390 	0.01986 	0.00183 	0.01854 	-0.01629 	-0.02137 	0.01244 	-0.01820 	0.02506 	0.01842 	-0.00641 	-0.00558 	-0.00129 	0.00704 	0.00060 	0.00636 	-0.00538 	-0.00706 	0.00411 	-0.00602 	0.00828 	0.00561 	0.00010	0.00025
Replication36	 -1.56891	0.99560	0.99957 	0.99913 	0.99903 	1.00043 	0.99990 	1.00001 	1.00140 	1.00108 	1.00263 	1.00099 	1.00169 	1.00264 	-0.00634 	-0.02796 	-0.02270 	0.02327 	0.00000 	0.02289 	-0.01035 	-0.00358 	0.01333 	-0.00811 	0.00000 	0.01959 	-0.00210 	-0.00925 	-0.00751 	0.00862 	0.00000 	0.00896 	-0.00343 	-0.00118 	0.00381 	-0.00268 	0.00000 	0.00495 	0.00008	0.00020
Replication37	 -1.56901	0.99588	0.99982 	0.99969 	0.99989 	1.00085 	1.00047 	1.00069 	1.00204 	1.00170 	1.00319 	1.00189 	1.00235 	1.00319 	-0.01136 	-0.02739 	-0.01599 	0.02212 	0.00000 	0.02136 	-0.01006 	-0.00917 	0.01238 	0.00000 	0.00000 	0.01820 	-0.00376 	-0.00906 	-0.00529 	0.00839 	0.00000 	0.00831 	-0.00333 	-0.00303 	0.00346 	0.00000 	0.00000 	0.00449 	0.00007	0.00018
Replication38	 -1.56852	0.99555	1.00103 	1.00139 	1.00100 	1.00204 	1.00094 	1.00170 	0.99894 	0.99755 	1.00044 	0.99732 	0.99885 	1.00050 	-0.00991 	-0.00257 	-0.01599 	0.02068 	0.00000 	0.02027 	-0.01562 	-0.01228 	0.01594 	-0.02373 	0.00000 	0.02324 	-0.00328 	-0.00085 	-0.00529 	0.00586 	0.00000 	0.00618 	-0.00517 	-0.00406 	0.00631 	-0.00785 	0.00000 	0.00843 	0.00010	0.00029
Replication39	 -1.56819	0.99752	1.00189 	1.00251 	1.00244 	1.00317 	1.00327 	1.00318 	1.00640 	1.00595 	1.00738 	1.00636 	1.00802 	1.00721 	-0.02193 	-0.01262 	-0.01751 	0.01552 	0.00000 	0.01480 	-0.00324 	-0.02042 	0.00574 	-0.00125 	0.03226 	0.00879 	-0.00723 	-0.00416 	-0.00577 	0.00725 	0.00000 	0.00694 	-0.00107 	-0.00673 	0.00037 	-0.00041 	0.01063 	0.00053 	0.00013	0.00036
Replication40	 0.00188	0.99408	0.99742 	0.99777 	0.99732 	0.99881 	0.99752 	0.99835 	0.99599 	0.99481 	0.99798 	0.99462 	0.99618 	0.99802 	-0.01402 	-0.00990 	-0.02372 	0.02851 	0.00000 	0.02793 	-0.02622 	-0.01186 	0.02039 	-0.02121 	0.00000 	0.02982 	-0.00465 	-0.00329 	-0.00787 	0.00880 	0.00000 	0.00920 	-0.00870 	-0.00393 	0.00758 	-0.00704 	0.00000 	0.01012 	0.00013	0.00035
Replication41	 -1.56889	0.99504	0.99882 	0.99906 	0.99965 	1.00008 	0.99936 	1.00022 	0.99867 	0.99825 	1.00035 	0.99806 	0.99906 	1.00035 	-0.01483 	-0.02509 	-0.00481 	0.02479 	0.00000 	0.02343 	-0.02798 	-0.00348 	0.01660 	-0.01301 	0.00000 	0.02434 	-0.00491 	-0.00831 	-0.00159 	0.00827 	0.00000 	0.00774 	-0.00927 	-0.00115 	0.00587 	-0.00431 	0.00000 	0.00784 	0.00008	0.00020
Replication42	 0.00275	0.99319	0.99510 	0.99510 	0.99514 	0.99657 	0.99535 	0.99624 	0.99446 	0.99310 	0.99666 	0.99298 	0.99466 	0.99670 	-0.01350 	-0.02755 	-0.02116 	0.03372 	0.00000 	0.03272 	-0.02440 	-0.01529 	0.02290 	-0.02146 	0.00000 	0.03350 	-0.00449 	-0.00916 	-0.00704 	0.01104 	0.00000 	0.01116 	-0.00811 	-0.00509 	0.00816 	-0.00713 	0.00000 	0.01084 	0.00016	0.00041
Replication43	 -1.56882	0.99620	1.00079 	1.00145 	1.00171 	1.00209 	1.00156 	1.00223 	1.00136 	1.00063 	1.00299 	1.00069 	1.00274 	1.00287 	-0.01890 	-0.01196 	-0.00696 	0.01952 	0.00000 	0.01840 	-0.02547 	-0.01645 	0.01227 	-0.01406 	0.02551 	0.01821 	-0.00625 	-0.00395 	-0.00230 	0.00685 	0.00000 	0.00636 	-0.00842 	-0.00544 	0.00404 	-0.00465 	0.00843 	0.00555 	0.00009	0.00022
Replication44	 -1.56783	0.99627	1.00314 	1.00319 	1.00346 	1.00390 	1.00403 	1.00392 	0.99967 	0.99784 	1.00105 	0.99798 	0.99944 	1.00112 	-0.01151 	-0.01935 	-0.00976 	0.01639 	0.03514 	0.01560 	-0.02118 	-0.02361 	0.01446 	-0.01715 	0.00000 	0.02102 	-0.00380 	-0.00639 	-0.00323 	0.00395 	0.01161 	0.00378 	-0.00700 	-0.00780 	0.00638 	-0.00567 	0.00000 	0.00859 	0.00016	0.00046
Replication45	 -1.56900	0.99620	1.00113 	1.00211 	1.00194 	1.00255 	1.00200 	1.00256 	1.00127 	1.00042 	1.00250 	1.00011 	1.00138 	1.00252 	-0.02237 	-0.00079 	-0.01319 	0.01875 	0.00387 	0.01787 	-0.01200 	-0.00513 	0.01284 	-0.02067 	0.00217 	0.01878 	-0.00739 	-0.00026 	-0.00436 	0.00610 	0.00128 	0.00585 	-0.00397 	-0.00169 	0.00462 	-0.00683 	0.00072 	0.00614 	0.00006	0.00018
Replication46	 -1.56901	0.99560	0.99963 	0.99958 	0.99977 	1.00068 	1.00015 	1.00054 	1.00091 	1.00017 	1.00220 	1.00047 	1.00113 	1.00221 	-0.01137 	-0.02486 	-0.01462 	0.02285 	0.00000 	0.02204 	-0.01158 	-0.01577 	0.01384 	-0.00078 	0.00000 	0.02030 	-0.00376 	-0.00822 	-0.00484 	0.00820 	0.00000 	0.00812 	-0.00383 	-0.00522 	0.00432 	-0.00026 	0.00000 	0.00566 	0.00006	0.00017
Replication47	 -1.56906	0.99584	1.00012 	1.00011 	1.00020 	1.00115 	1.00067 	1.00098 	1.00152 	1.00092 	1.00270 	1.00084 	1.00168 	1.00272 	-0.01149 	-0.02244 	-0.01590 	0.02167 	0.00082 	0.02096 	-0.00851 	-0.00655 	0.01299 	-0.01052 	0.00000 	0.01905 	-0.00380 	-0.00742 	-0.00526 	0.00782 	0.00027 	0.00780 	-0.00281 	-0.00217 	0.00399 	-0.00348 	0.00000 	0.00522 	0.00006	0.00016
Replication48	 0.00219	0.99379	0.99708 	0.99757 	0.99794 	0.99857 	0.99728 	0.99860 	0.99452 	0.99173 	0.99655 	0.99199 	0.99415 	0.99666 	-0.01630 	-0.01750 	-0.00663 	0.02940 	0.00000 	0.02800 	-0.01117 	-0.03678 	0.02238 	-0.02440 	0.00000 	0.03257 	-0.00541 	-0.00581 	-0.00220 	0.00871 	0.00000 	0.00834 	-0.00371 	-0.01222 	0.00893 	-0.00810 	0.00000 	0.01190 	0.00023	0.00065
Replication49	 -1.56918	0.99634	1.00150 	1.00197 	1.00197 	1.00261 	1.00202 	1.00256 	1.00179 	1.00117 	1.00310 	1.00110 	1.00236 	1.00306 	-0.01490 	-0.00937 	-0.01110 	0.01842 	0.00000 	0.01765 	-0.01733 	-0.00883 	0.01200 	-0.01281 	0.00876 	0.01765 	-0.00492 	-0.00310 	-0.00367 	0.00623 	0.00000 	0.00606 	-0.00573 	-0.00292 	0.00407 	-0.00423 	0.00289 	0.00547 	0.00005	0.00013
Replication50	 0.00142	0.99452	0.99709 	0.99743 	0.99743 	0.99860 	0.99780 	0.99841 	0.99821 	0.99756 	1.00003 	0.99747 	0.99888 	1.00000 	-0.01840 	-0.02111 	-0.01976 	0.02813 	0.00000 	0.02714 	-0.02321 	-0.00930 	0.01754 	-0.01418 	0.00722 	0.02579 	-0.00610 	-0.00700 	-0.00655 	0.00988 	0.00000 	0.00980 	-0.00770 	-0.00309 	0.00568 	-0.00470 	0.00239 	0.00756 	0.00010	0.00026
Replication51	 0.00108	0.99492	0.99833 	0.99857 	0.99844 	0.99964 	0.99884 	0.99938 	0.99903 	0.99761 	1.00050 	0.99775 	0.99900 	1.00055 	-0.01510 	-0.01772 	-0.02004 	0.02573 	0.00000 	0.02498 	-0.00611 	-0.01981 	0.01656 	-0.01276 	0.00000 	0.02421 	-0.00500 	-0.00587 	-0.00664 	0.00880 	0.00000 	0.00889 	-0.00203 	-0.00657 	0.00556 	-0.00423 	0.00000 	0.00729 	0.00009	0.00026
Replication52	 -1.56921	0.99639	1.00194 	1.00266 	1.00239 	1.00310 	1.00238 	1.00299 	1.00155 	1.00100 	1.00275 	1.00060 	1.00167 	1.00277 	-0.01631 	0.00000 	-0.01319 	0.01751 	0.00000 	0.01689 	-0.01554 	-0.00003 	0.01234 	-0.01958 	0.00000 	0.01805 	-0.00539 	0.00000 	-0.00436 	0.00549 	0.00000 	0.00547 	-0.00513 	-0.00001 	0.00453 	-0.00647 	0.00000 	0.00604 	0.00005	0.00014
Replication53	 -1.56761	0.99716	1.00378 	1.00472 	1.00561 	1.00511 	1.00649 	1.00583 	1.00196 	1.00050 	1.00301 	1.00036 	1.00170 	1.00307 	-0.03160 	-0.02252 	-0.00170 	0.01289 	0.05855 	0.01115 	-0.01924 	-0.01396 	0.01121 	-0.02095 	0.00000 	0.01627 	-0.01043 	-0.00743 	-0.00056 	0.00343 	0.01932 	0.00216 	-0.00635 	-0.00461 	0.00506 	-0.00691 	0.00000 	0.00682 	0.00018	0.00053
Replication54	 -1.56903	0.99579	0.99997 	1.00048 	1.00094 	1.00128 	1.00078 	1.00147 	1.00084 	0.99995 	1.00210 	0.99986 	1.00091 	1.00213 	-0.01853 	-0.01866 	-0.00570 	0.02154 	0.00000 	0.02026 	-0.00920 	-0.00955 	0.01375 	-0.01395 	0.00000 	0.02012 	-0.00613 	-0.00617 	-0.00189 	0.00751 	0.00000 	0.00692 	-0.00304 	-0.00316 	0.00464 	-0.00461 	0.00000 	0.00611 	0.00006	0.00017
Replication55	 -1.56794	0.99562	0.99881 	0.99915 	0.99891 	1.00017 	0.99963 	0.99991 	1.00106 	1.00025 	1.00294 	1.00036 	1.00314 	1.00274 	-0.01800 	-0.01653 	-0.02333 	0.02367 	0.00000 	0.02302 	-0.02307 	-0.02139 	0.01296 	-0.01718 	0.04046 	0.01939 	-0.00596 	-0.00547 	-0.00772 	0.00908 	0.00000 	0.00915 	-0.00763 	-0.00708 	0.00347 	-0.00568 	0.01339 	0.00481 	0.00015	0.00040
Replication56	 -1.56903	0.99627	1.00039 	1.00077 	1.00090 	1.00163 	1.00132 	1.00162 	1.00278 	1.00205 	1.00388 	1.00241 	1.00322 	1.00386 	-0.01773 	-0.01791 	-0.01418 	0.02016 	0.00000 	0.01927 	-0.00582 	-0.01754 	0.01117 	0.00000 	0.00625 	0.01645 	-0.00586 	-0.00592 	-0.00468 	0.00773 	0.00000 	0.00746 	-0.00192 	-0.00579 	0.00309 	0.00000 	0.00207 	0.00403 	0.00006	0.00018
Replication57	 -1.56911	0.99602	1.00114 	1.00137 	1.00201 	1.00216 	1.00158 	1.00237 	1.00073 	1.00005 	1.00208 	1.00025 	1.00098 	1.00209 	-0.01226 	-0.02101 	0.00000 	0.01970 	0.00000 	0.01846 	-0.02150 	-0.01319 	0.01353 	-0.00342 	0.00000 	0.01981 	-0.00405 	-0.00695 	0.00000 	0.00644 	0.00000 	0.00585 	-0.00711 	-0.00436 	0.00491 	-0.00113 	0.00000 	0.00656 	0.00006	0.00015
Replication58	 0.00097	0.99493	0.99925 	0.99983 	0.99954 	1.00057 	0.99939 	1.00032 	0.99738 	0.99646 	0.99950 	0.99641 	0.99850 	0.99942 	-0.01518 	-0.00432 	-0.01616 	0.02417 	0.00000 	0.02346 	-0.03952 	-0.01556 	0.01771 	-0.01842 	0.01766 	0.02607 	-0.00503 	-0.00143 	-0.00535 	0.00727 	0.00000 	0.00740 	-0.01309 	-0.00516 	0.00673 	-0.00610 	0.00585 	0.00919 	0.00013	0.00033
Replication59	 -1.56907	0.99898	1.00677 	1.00651 	1.00657 	1.00702 	1.00706 	1.00691 	1.00851 	1.00872 	1.00928 	1.00843 	1.01029 	1.00908 	-0.00211 	-0.01372 	-0.00791 	0.00666 	0.00000 	0.00654 	-0.01376 	-0.00027 	0.00193 	-0.01552 	0.03503 	0.00322 	-0.00069 	-0.00451 	-0.00260 	0.00328 	0.00000 	0.00332 	-0.00452 	-0.00009 	-0.00027 	-0.00510 	0.01151 	-0.00016 	0.00006	0.00016
Replication60	 -1.56880	0.99507	0.99916 	0.99965 	0.99888 	1.00046 	0.99940 	0.99993 	0.99875 	0.99789 	1.00037 	0.99799 	0.99900 	1.00038 	-0.01509 	-0.00187 	-0.02769 	0.02412 	0.00000 	0.02386 	-0.02192 	-0.01369 	0.01655 	-0.00855 	0.00000 	0.02424 	-0.00500 	-0.00062 	-0.00917 	0.00768 	0.00000 	0.00824 	-0.00726 	-0.00453 	0.00587 	-0.00283 	0.00000 	0.00781 	0.00008	0.00023
Replication61	 -1.56932	0.99776	1.00551 	1.00529 	1.00534 	1.00582 	1.00532 	1.00566 	1.00452 	1.00349 	1.00546 	1.00344 	1.00509 	1.00542 	-0.00023 	-0.01062 	-0.00561 	0.01071 	0.00000 	0.01047 	-0.00804 	-0.01411 	0.00771 	-0.01721 	0.01577 	0.01137 	-0.00008 	-0.00350 	-0.00185 	0.00324 	0.00000 	0.00337 	-0.00265 	-0.00465 	0.00285 	-0.00567 	0.00519 	0.00390 	0.00004	0.00011
Replication62	 0.00257	0.99342	0.99543 	0.99578 	0.99611 	0.99706 	0.99593 	0.99701 	0.99473 	0.99356 	0.99692 	0.99350 	0.99502 	0.99695 	-0.01842 	-0.02539 	-0.01350 	0.03253 	0.00000 	0.03113 	-0.02970 	-0.01457 	0.02235 	-0.01760 	0.00000 	0.03270 	-0.00612 	-0.00844 	-0.00449 	0.01060 	0.00000 	0.01029 	-0.00987 	-0.00484 	0.00810 	-0.00585 	0.00000 	0.01080 	0.00015	0.00038
Replication63	 0.00178	0.99420	0.99761 	0.99776 	0.99810 	0.99889 	0.99781 	0.99883 	0.99619 	0.99498 	0.99816 	0.99498 	0.99640 	0.99819 	-0.01277 	-0.02314 	-0.00974 	0.02818 	0.00000 	0.02699 	-0.02750 	-0.01567 	0.02006 	-0.01598 	0.00000 	0.02933 	-0.00424 	-0.00768 	-0.00323 	0.00884 	0.00000 	0.00862 	-0.00912 	-0.00520 	0.00750 	-0.00530 	0.00000 	0.01002 	0.00013	0.00033
Replication64	 -1.56841	0.99639	1.00011 	1.00051 	1.00067 	1.00146 	1.00163 	1.00149 	1.00319 	1.00273 	1.00458 	1.00237 	1.00469 	1.00444 	-0.02211 	-0.02314 	-0.01820 	0.02023 	0.01177 	0.01927 	-0.01281 	-0.00596 	0.01021 	-0.02431 	0.02988 	0.01527 	-0.00730 	-0.00765 	-0.00601 	0.00822 	0.00389 	0.00785 	-0.00423 	-0.00197 	0.00241 	-0.00803 	0.00987 	0.00327 	0.00012	0.00032
Replication65	 -1.56809	0.99509	1.00047 	1.00065 	1.00085 	1.00142 	1.00023 	1.00134 	0.99725 	0.99564 	0.99904 	0.99587 	0.99727 	0.99909 	-0.00770 	-0.01245 	-0.00509 	0.02247 	0.00000 	0.02158 	-0.02648 	-0.02402 	0.01807 	-0.01280 	0.00000 	0.02635 	-0.00255 	-0.00412 	-0.00168 	0.00613 	0.00000 	0.00604 	-0.00877 	-0.00796 	0.00745 	-0.00424 	0.00000 	0.01002 	0.00014	0.00039
Replication66	 -1.56848	0.99529	1.00020 	1.00036 	1.00045 	1.00122 	1.00026 	1.00107 	0.99870 	0.99692 	1.00018 	0.99684 	0.99847 	1.00025 	-0.00974 	-0.01471 	-0.01019 	0.02248 	0.00000 	0.02168 	-0.00790 	-0.01892 	0.01652 	-0.02333 	0.00000 	0.02408 	-0.00322 	-0.00487 	-0.00337 	0.00680 	0.00000 	0.00678 	-0.00262 	-0.00626 	0.00634 	-0.00772 	0.00000 	0.00842 	0.00011	0.00031
Replication67	 0.00323	0.99276	0.99474 	0.99509 	0.99532 	0.99639 	0.99490 	0.99624 	0.99234 	0.98990 	0.99475 	0.99013 	0.99224 	0.99484 	-0.01662 	-0.02239 	-0.01384 	0.03475 	0.00000 	0.03339 	-0.02327 	-0.03338 	0.02559 	-0.02231 	0.00000 	0.03733 	-0.00553 	-0.00745 	-0.00460 	0.01062 	0.00000 	0.01046 	-0.00774 	-0.01111 	0.00990 	-0.00742 	0.00000 	0.01322 	0.00025	0.00066
Replication68	 0.00118	0.99473	0.99787 	0.99826 	0.99809 	0.99930 	0.99845 	0.99905 	0.99851 	0.99748 	1.00009 	0.99713 	0.99857 	1.00012 	-0.01748 	-0.01561 	-0.02073 	0.02661 	0.00000 	0.02579 	-0.01114 	-0.00642 	0.01724 	-0.02359 	0.00000 	0.02523 	-0.00579 	-0.00517 	-0.00687 	0.00905 	0.00000 	0.00911 	-0.00369 	-0.00213 	0.00583 	-0.00782 	0.00000 	0.00769 	0.00010	0.00026
Replication69	 0.00115	0.99484	0.99832 	0.99863 	0.99851 	0.99966 	0.99879 	0.99941 	0.99859 	0.99732 	1.00017 	0.99759 	0.99869 	1.00020 	-0.01546 	-0.01616 	-0.01894 	0.02583 	0.00000 	0.02504 	-0.01374 	-0.02084 	0.01702 	-0.00773 	0.00000 	0.02491 	-0.00512 	-0.00536 	-0.00628 	0.00865 	0.00000 	0.00871 	-0.00455 	-0.00691 	0.00586 	-0.00256 	0.00000 	0.00774 	0.00009	0.00024
Replication70	 -1.56902	0.99556	0.99948 	0.99964 	0.99972 	1.00066 	1.00009 	1.00052 	1.00077 	0.99993 	1.00204 	0.99989 	1.00087 	1.00206 	-0.01412 	-0.02053 	-0.01576 	0.02296 	0.00000 	0.02214 	-0.00740 	-0.00981 	0.01407 	-0.01209 	0.00000 	0.02061 	-0.00467 	-0.00679 	-0.00522 	0.00817 	0.00000 	0.00808 	-0.00245 	-0.00325 	0.00446 	-0.00400 	0.00000 	0.00584 	0.00007	0.00018
Replication71	 -1.56856	0.99538	0.99969 	0.99993 	1.00018 	1.00085 	1.00006 	1.00081 	0.99929 	0.99778 	1.00097 	0.99791 	0.99993 	1.00094 	-0.01306 	-0.01847 	-0.00942 	0.02296 	0.00000 	0.02196 	-0.01578 	-0.02343 	0.01552 	-0.01800 	0.01492 	0.02280 	-0.00432 	-0.00611 	-0.00312 	0.00755 	0.00000 	0.00732 	-0.00523 	-0.00776 	0.00551 	-0.00596 	0.00494 	0.00741 	0.00010	0.00027
Replication72	 -1.56883	0.99673	1.00110 	1.00146 	1.00174 	1.00228 	1.00212 	1.00236 	1.00388 	1.00342 	1.00508 	1.00350 	1.00508 	1.00496 	-0.01759 	-0.01968 	-0.01107 	0.01831 	0.00000 	0.01734 	-0.01054 	-0.01265 	0.00927 	-0.00927 	0.02219 	0.01383 	-0.00581 	-0.00650 	-0.00365 	0.00743 	0.00000 	0.00700 	-0.00348 	-0.00418 	0.00220 	-0.00306 	0.00733 	0.00296 	0.00008	0.00021
Replication73	 0.00112	0.99478	0.99968 	0.99978 	0.99996 	1.00068 	0.99949 	1.00054 	0.99671 	0.99528 	0.99860 	0.99541 	0.99682 	0.99864 	-0.00791 	-0.01545 	-0.00762 	0.02423 	0.00072 	0.02334 	-0.02942 	-0.02041 	0.01892 	-0.01414 	0.00000 	0.02762 	-0.00262 	-0.00512 	-0.00253 	0.00684 	0.00024 	0.00681 	-0.00975 	-0.00676 	0.00762 	-0.00469 	0.00000 	0.01025 	0.00014	0.00037
Replication74	 -1.56876	0.99528	0.99858 	0.99972 	0.99990 	1.00035 	0.99971 	1.00056 	0.99952 	0.99856 	1.00098 	0.99848 	0.99963 	1.00101 	-0.02781 	-0.00822 	-0.01002 	0.02394 	0.00000 	0.02252 	-0.01319 	-0.01084 	0.01560 	-0.01481 	0.00000 	0.02283 	-0.00921 	-0.00272 	-0.00332 	0.00822 	0.00000 	0.00758 	-0.00437 	-0.00359 	0.00539 	-0.00490 	0.00000 	0.00713 	0.00009	0.00023
Replication75	 -1.56896	0.99709	1.00384 	1.00398 	1.00419 	1.00464 	1.00522 	1.00470 	1.00282 	1.00193 	1.00381 	1.00193 	1.00280 	1.00384 	-0.01504 	-0.02036 	-0.01286 	0.01377 	0.03519 	0.01304 	-0.01742 	-0.01071 	0.01036 	-0.01090 	0.00000 	0.01511 	-0.00496 	-0.00672 	-0.00424 	0.00408 	0.01161 	0.00384 	-0.00575 	-0.00353 	0.00406 	-0.00360 	0.00000 	0.00544 	0.00007	0.00020
Replication76	 0.00110	0.99481	0.99788 	0.99852 	0.99884 	0.99946 	0.99880 	0.99957 	0.99849 	0.99708 	1.00003 	0.99696 	0.99843 	1.00009 	-0.02210 	-0.01894 	-0.01089 	0.02620 	0.00195 	0.02483 	-0.00823 	-0.01461 	0.01721 	-0.02068 	0.00000 	0.02515 	-0.00732 	-0.00628 	-0.00361 	0.00892 	0.00064 	0.00841 	-0.00273 	-0.00484 	0.00599 	-0.00685 	0.00000 	0.00789 	0.00011	0.00029
Replication77	 -1.56833	0.99568	1.00143 	1.00185 	1.00191 	1.00243 	1.00139 	1.00237 	0.99889 	0.99718 	1.00039 	0.99725 	0.99873 	1.00045 	-0.01059 	-0.00627 	-0.00599 	0.01981 	0.00000 	0.01899 	-0.01556 	-0.02150 	0.01586 	-0.01784 	0.00000 	0.02310 	-0.00350 	-0.00207 	-0.00198 	0.00543 	0.00000 	0.00533 	-0.00515 	-0.00711 	0.00652 	-0.00590 	0.00000 	0.00874 	0.00012	0.00033
Replication78	 -1.56837	0.99530	1.00090 	1.00047 	1.00062 	1.00151 	1.00044 	1.00122 	0.99838 	0.99674 	0.99995 	0.99668 	0.99825 	1.00001 	0.00000 	-0.02119 	-0.00944 	0.02198 	0.00000 	0.02144 	-0.01454 	-0.01816 	0.01679 	-0.02137 	0.00000 	0.02447 	0.00000 	-0.00702 	-0.00313 	0.00632 	0.00000 	0.00656 	-0.00481 	-0.00601 	0.00661 	-0.00708 	0.00000 	0.00883 	0.00012	0.00032
Replication79	 0.00134	0.99464	0.99803 	0.99826 	0.99740 	0.99933 	0.99826 	0.99864 	0.99829 	0.99701 	0.99990 	0.99706 	0.99835 	0.99994 	-0.01333 	-0.00792 	-0.03328 	0.02672 	0.00000 	0.02659 	-0.01103 	-0.01668 	0.01756 	-0.01444 	0.00000 	0.02569 	-0.00442 	-0.00263 	-0.01104 	0.00886 	0.00000 	0.00961 	-0.00366 	-0.00553 	0.00596 	-0.00479 	0.00000 	0.00785 	0.00010	0.00029
Replication80	 -1.56869	0.99526	0.99912 	0.99936 	0.99902 	1.00035 	0.99957 	0.99999 	0.99990 	0.99840 	1.00121 	0.99843 	0.99976 	1.00127 	-0.01412 	-0.01343 	-0.02285 	0.02398 	0.00000 	0.02346 	0.00000 	-0.01819 	0.01535 	-0.01664 	0.00000 	0.02243 	-0.00468 	-0.00445 	-0.00757 	0.00820 	0.00000 	0.00847 	0.00000 	-0.00602 	0.00510 	-0.00551 	0.00000 	0.00667 	0.00009	0.00025
Replication81	 0.00208	0.99391	0.99578 	0.99669 	0.99695 	0.99771 	0.99679 	0.99781 	0.99630 	0.99443 	0.99813 	0.99443 	0.99618 	0.99820 	-0.02702 	-0.01729 	-0.01338 	0.03064 	0.00000 	0.02907 	-0.00803 	-0.02215 	0.02041 	-0.02240 	0.00000 	0.02981 	-0.00897 	-0.00574 	-0.00444 	0.01034 	0.00000 	0.00978 	-0.00266 	-0.00735 	0.00722 	-0.00744 	0.00000 	0.00953 	0.00015	0.00042
Replication82	 -1.56891	0.99858	1.00600 	1.00616 	1.00559 	1.00663 	1.00742 	1.00633 	1.00719 	1.00686 	1.00808 	1.00684 	1.00875 	1.00791 	-0.01414 	-0.00821 	-0.02646 	0.00798 	0.03178 	0.00810 	-0.01771 	-0.01095 	0.00378 	-0.01251 	0.03262 	0.00585 	-0.00465 	-0.00270 	-0.00870 	0.00324 	0.01045 	0.00359 	-0.00583 	-0.00360 	0.00070 	-0.00412 	0.01073 	0.00112 	0.00008	0.00021
Replication83	 -1.56861	0.99533	0.99829 	0.99884 	0.99919 	0.99983 	0.99936 	0.99994 	1.00035 	0.99932 	1.00187 	0.99950 	1.00105 	1.00183 	-0.02197 	-0.02196 	-0.01185 	0.02474 	0.00000 	0.02343 	-0.01126 	-0.01918 	0.01451 	-0.01056 	0.01272 	0.02138 	-0.00727 	-0.00727 	-0.00392 	0.00918 	0.00000 	0.00864 	-0.00373 	-0.00635 	0.00440 	-0.00350 	0.00421 	0.00584 	0.00010	0.00026
Replication84	 -1.56907	0.99653	1.00140 	1.00204 	1.00201 	1.00271 	1.00292 	1.00274 	1.00257 	1.00173 	1.00372 	1.00173 	1.00301 	1.00370 	-0.02312 	-0.01366 	-0.01783 	0.01792 	0.02018 	0.01706 	-0.01165 	-0.01225 	0.01106 	-0.01271 	0.00887 	0.01627 	-0.00763 	-0.00451 	-0.00589 	0.00637 	0.00667 	0.00608 	-0.00385 	-0.00405 	0.00356 	-0.00420 	0.00293 	0.00473 	0.00007	0.00018
Replication85	 -1.56885	0.99811	1.00650 	1.00619 	1.00607 	1.00681 	1.00767 	1.00661 	1.00516 	1.00388 	1.00570 	1.00363 	1.00477 	1.00576 	-0.00729 	-0.01879 	-0.01869 	0.00847 	0.04224 	0.00840 	-0.00100 	-0.00895 	0.00705 	-0.02150 	0.00000 	0.01021 	-0.00240 	-0.00619 	-0.00615 	0.00216 	0.01391 	0.00241 	-0.00033 	-0.00295 	0.00296 	-0.00708 	0.00000 	0.00391 	0.00008	0.00023
Replication86	 -1.56828	0.99577	1.00155 	1.00147 	1.00151 	1.00239 	1.00224 	1.00221 	0.99950 	0.99782 	1.00087 	0.99755 	0.99924 	1.00094 	-0.01035 	-0.02105 	-0.01620 	0.01972 	0.02492 	0.01911 	-0.01158 	-0.01427 	0.01520 	-0.02760 	0.00000 	0.02213 	-0.00342 	-0.00696 	-0.00536 	0.00565 	0.00824 	0.00573 	-0.00383 	-0.00472 	0.00606 	-0.00913 	0.00000 	0.00807 	0.00012	0.00035
Replication87	 -1.56882	0.99538	1.00017 	1.00041 	1.00029 	1.00124 	1.00031 	1.00101 	0.99911 	0.99784 	1.00064 	0.99825 	0.99923 	1.00067 	-0.01098 	-0.01153 	-0.01439 	0.02229 	0.00000 	0.02163 	-0.01910 	-0.02360 	0.01589 	-0.00342 	0.00000 	0.02322 	-0.00363 	-0.00382 	-0.00476 	0.00691 	0.00000 	0.00702 	-0.00632 	-0.00781 	0.00589 	-0.00113 	0.00000 	0.00786 	0.00008	0.00022
Replication88	 -1.56888	0.99520	0.99938 	0.99991 	0.99980 	1.00070 	0.99980 	1.00056 	0.99888 	0.99794 	1.00046 	0.99795 	0.99906 	1.00049 	-0.01645 	-0.00969 	-0.01477 	0.02349 	0.00000 	0.02265 	-0.02059 	-0.01255 	0.01629 	-0.01222 	0.00000 	0.02383 	-0.00545 	-0.00321 	-0.00489 	0.00751 	0.00000 	0.00746 	-0.00682 	-0.00416 	0.00591 	-0.00405 	0.00000 	0.00787 	0.00008	0.00021
Replication89	 -1.56817	1.00037	1.01002 	1.00969 	1.00962 	1.01009 	1.01187 	1.01003 	1.01090 	1.01025 	1.01146 	1.01039 	1.01296 	1.01122 	-0.00882 	-0.01989 	-0.01848 	-0.00077 	0.05144 	-0.00063 	-0.01381 	-0.01995 	-0.00210 	-0.01429 	0.04978 	-0.00265 	-0.00289 	-0.00652 	-0.00606 	0.00047 	0.01686 	0.00055 	-0.00453 	-0.00654 	-0.00130 	-0.00468 	0.01632 	-0.00141 	0.00014	0.00036
Replication90	 -1.56820	0.99644	1.00043 	1.00131 	1.00102 	1.00198 	1.00210 	1.00192 	1.00276 	1.00130 	1.00422 	1.00175 	1.00427 	1.00408 	-0.02723 	-0.00939 	-0.02352 	0.01929 	0.01588 	0.01850 	-0.01022 	-0.03313 	0.01057 	-0.01164 	0.03518 	0.01578 	-0.00899 	-0.00310 	-0.00777 	0.00744 	0.00525 	0.00725 	-0.00338 	-0.01094 	0.00288 	-0.00385 	0.01162 	0.00395 	0.00013	0.00037
Replication91	 0.00115	0.99481	0.99898 	0.99946 	0.99962 	1.00029 	0.99925 	1.00026 	0.99742 	0.99581 	0.99912 	0.99550 	0.99729 	0.99918 	-0.01521 	-0.01301 	-0.00919 	0.02483 	0.00000 	0.02374 	-0.01432 	-0.01307 	0.01828 	-0.02884 	0.00000 	0.02667 	-0.00504 	-0.00431 	-0.00304 	0.00754 	0.00000 	0.00732 	-0.00475 	-0.00433 	0.00705 	-0.00956 	0.00000 	0.00940 	0.00013	0.00036
Replication92	 -1.56899	0.99625	1.00081 	1.00041 	1.00031 	1.00158 	1.00121 	1.00120 	1.00307 	1.00290 	1.00407 	1.00285 	1.00335 	1.00407 	-0.00638 	-0.02557 	-0.02131 	0.02027 	0.00000 	0.01995 	-0.00632 	-0.00229 	0.01096 	-0.00528 	0.00000 	0.01612 	-0.00211 	-0.00845 	-0.00704 	0.00779 	0.00000 	0.00809 	-0.00209 	-0.00076 	0.00285 	-0.00175 	0.00000 	0.00366 	0.00007	0.00018
Replication93	 -1.56845	0.99789	1.00255 	1.00331 	1.00354 	1.00385 	1.00410 	1.00409 	1.00723 	1.00707 	1.00803 	1.00697 	1.00866 	1.00788 	-0.02400 	-0.01342 	-0.01070 	0.01376 	0.00000 	0.01276 	0.00000 	-0.00653 	0.00458 	-0.01257 	0.02920 	0.00705 	-0.00791 	-0.00442 	-0.00353 	0.00673 	0.00000 	0.00608 	0.00000 	-0.00215 	0.00001 	-0.00414 	0.00962 	0.00003 	0.00011	0.00032
Replication94	 -1.56887	0.99523	0.99835 	0.99913 	0.99943 	0.99998 	0.99941 	1.00013 	0.99976 	0.99914 	1.00125 	0.99930 	1.00008 	1.00126 	-0.02411 	-0.01647 	-0.01058 	0.02465 	0.00000 	0.02328 	-0.01840 	-0.01200 	0.01535 	-0.00424 	0.00000 	0.02251 	-0.00798 	-0.00545 	-0.00350 	0.00876 	0.00000 	0.00817 	-0.00609 	-0.00397 	0.00502 	-0.00140 	0.00000 	0.00663 	0.00008	0.00020
Replication95	 -1.56891	0.99557	0.99968 	1.00028 	1.00037 	1.00108 	1.00073 	1.00110 	1.00000 	0.99939 	1.00153 	0.99953 	1.00050 	1.00151 	-0.02099 	-0.01498 	-0.01466 	0.02224 	0.01051 	0.02120 	-0.02535 	-0.01242 	0.01465 	-0.00579 	0.00413 	0.02151 	-0.00694 	-0.00496 	-0.00485 	0.00748 	0.00348 	0.00718 	-0.00839 	-0.00411 	0.00506 	-0.00192 	0.00137 	0.00677 	0.00007	0.00019
Replication96	 0.00101	0.99489	0.99798 	0.99804 	0.99835 	0.99930 	0.99892 	0.99923 	0.99904 	0.99787 	1.00071 	0.99777 	0.99959 	1.00069 	-0.01651 	-0.02995 	-0.01664 	0.02634 	0.00902 	0.02526 	-0.01357 	-0.01472 	0.01635 	-0.02054 	0.01085 	0.02402 	-0.00547 	-0.00992 	-0.00551 	0.00933 	0.00299 	0.00909 	-0.00450 	-0.00488 	0.00529 	-0.00681 	0.00360 	0.00702 	0.00011	0.00029
Replication97	 -1.56885	0.99704	1.00344 	1.00349 	1.00344 	1.00428 	1.00511 	1.00417 	1.00316 	1.00238 	1.00410 	1.00241 	1.00318 	1.00413 	-0.01656 	-0.02191 	-0.02191 	0.01445 	0.04233 	0.01397 	-0.01600 	-0.01015 	0.01007 	-0.00883 	0.00000 	0.01471 	-0.00546 	-0.00723 	-0.00723 	0.00460 	0.01397 	0.00460 	-0.00528 	-0.00335 	0.00367 	-0.00292 	0.00000 	0.00487 	0.00008	0.00022
Replication98	 -1.56830	0.99585	1.00185 	1.00219 	1.00212 	1.00285 	1.00251 	1.00273 	0.99915 	0.99772 	1.00064 	0.99764 	0.99908 	1.00069 	-0.01395 	-0.01065 	-0.01399 	0.01883 	0.02201 	0.01815 	-0.02301 	-0.01554 	0.01538 	-0.01962 	0.00000 	0.02242 	-0.00461 	-0.00352 	-0.00463 	0.00501 	0.00728 	0.00502 	-0.00761 	-0.00514 	0.00640 	-0.00649 	0.00000 	0.00861 	0.00012	0.00035
Replication99	 -1.56946	0.99708	1.00241 	1.00312 	1.00311 	1.00359 	1.00331 	1.00365 	1.00417 	1.00404 	1.00504 	1.00414 	1.00445 	1.00503 	-0.01900 	-0.00647 	-0.01094 	0.01554 	0.00000 	0.01474 	-0.01097 	-0.00478 	0.00893 	0.00000 	0.00000 	0.01314 	-0.00627 	-0.00213 	-0.00361 	0.00582 	0.00000 	0.00550 	-0.00362 	-0.00158 	0.00261 	0.00000 	0.00000 	0.00342 	0.00003	0.00009