
Replication	FitnessValue	Frequency	Bus1	Bus2	Bus3	Bus4	Bus5	Bus6	Bus7	Bus8	Bus9	Bus10	Bus11	Bus12	Bus1_P	Bus2_P	Bus3_P	Bus4_P	Bus5_P	Bus6_P	Bus7_P	Bus8_P	Bus9_P	Bus10_P	Bus11_P	Bus12_P	Bus1_Q	Bus2_Q	Bus3_Q	Bus4_Q	Bus5_Q	Bus6_Q	Bus7_Q	Bus8_Q	Bus9_Q	Bus10_Q	Bus11_Q	Bus12_Q	PLoss	QLoss
Replication0	 0.07367	1.01136	0.94480 	0.94397 	0.94436 	0.94136 	0.95369 	0.94285 	1.00210 	1.00719 	1.00917 	1.00731 	1.01843 	1.00697 	-0.01534 	-0.01618 	-0.01471 	-0.07701 	0.00000 	-0.07170 	-0.01610 	-0.01762 	-0.01335 	-0.01633 	0.28150 	-0.02203 	-0.00492 	-0.00519 	-0.00472 	-0.03482 	0.00000 	-0.03204 	-0.00516 	-0.00565 	0.01252 	-0.00524 	0.09026 	0.01750 	0.00860	0.02499
Replication1	 0.07961	1.01096	0.94746 	0.94682 	0.94711 	0.94429 	0.95617 	0.94572 	0.99750 	1.00197 	1.00335 	1.00205 	1.01204 	1.00137 	-0.01765 	-0.01366 	-0.01630 	-0.07387 	0.02601 	-0.06878 	-0.01517 	-0.01586 	-0.01580 	-0.01626 	0.25511 	-0.02552 	-0.00566 	-0.00438 	-0.00523 	-0.03318 	0.00835 	-0.03052 	-0.00487 	-0.00509 	0.00915 	-0.00522 	0.08186 	0.01261 	0.00666	0.01927
Replication2	 -1.44087	1.00382	0.98131 	0.98100 	0.98118 	0.98000 	0.98644 	0.98070 	1.01271 	1.01516 	1.01705 	1.01514 	1.02171 	1.01587 	-0.01554 	-0.01580 	-0.01598 	-0.03153 	0.00000 	-0.02930 	-0.01499 	-0.01241 	-0.00082 	-0.01630 	0.15387 	-0.00225 	-0.00506 	-0.00514 	-0.00520 	-0.01734 	0.00000 	-0.01597 	-0.00488 	-0.00404 	0.00787 	-0.00531 	0.05008 	0.01104 	0.00253	0.00726
Replication3	 0.09487	1.00880	0.95722 	0.95662 	0.95688 	0.95454 	0.96470 	0.95573 	1.00259 	1.00669 	1.00816 	1.00675 	1.01575 	1.00639 	-0.01544 	-0.01369 	-0.01523 	-0.06151 	0.01024 	-0.05727 	-0.01701 	-0.01377 	-0.01093 	-0.01424 	0.22738 	-0.01801 	-0.00498 	-0.00441 	-0.00491 	-0.02884 	0.00330 	-0.02657 	-0.00548 	-0.00444 	0.00909 	-0.00459 	0.07328 	0.01260 	0.00542	0.01567
Replication4	 -1.45771	1.00305	0.98588 	0.98562 	0.98573 	0.98480 	0.99033 	0.98536 	1.01304 	1.01490 	1.01695 	1.01498 	1.02110 	1.01590 	-0.01408 	-0.01370 	-0.01523 	-0.02620 	0.00000 	-0.02436 	-0.01406 	-0.01710 	0.00000 	-0.01565 	0.14032 	-0.00090 	-0.00459 	-0.00447 	-0.00497 	-0.01486 	0.00000 	-0.01370 	-0.00459 	-0.00557 	0.00695 	-0.00510 	0.04575 	0.00973 	0.00195	0.00555
Replication5	 0.08626	1.00810	0.96093 	0.96024 	0.96057 	0.95836 	0.96777 	0.95947 	1.00283 	1.00657 	1.00804 	1.00660 	1.01523 	1.00637 	-0.01216 	-0.01555 	-0.01249 	-0.05710 	0.00880 	-0.05317 	-0.01696 	-0.01382 	-0.01020 	-0.01599 	0.21581 	-0.01681 	-0.00392 	-0.00502 	-0.00403 	-0.02703 	0.00284 	-0.02489 	-0.00547 	-0.00446 	0.00824 	-0.00516 	0.06965 	0.01138 	0.00469	0.01355
Replication6	 0.05380	1.00622	0.96875 	0.96829 	0.96865 	0.96676 	0.97534 	0.96780 	1.00959 	1.01296 	1.01486 	1.01299 	1.02099 	1.01335 	-0.01693 	-0.01813 	-0.01472 	-0.04677 	0.00000 	-0.04345 	-0.01326 	-0.01379 	-0.00465 	-0.01538 	0.19448 	-0.00831 	-0.00548 	-0.00587 	-0.00477 	-0.02368 	0.00000 	-0.02174 	-0.00429 	-0.00447 	0.00951 	-0.00498 	0.06300 	0.01332 	0.00424	0.01222
Replication7	 0.05575	1.00873	0.95713 	0.95647 	0.95674 	0.95440 	0.96454 	0.95557 	1.00444 	1.00865 	1.01032 	1.00881 	1.01793 	1.00851 	-0.01410 	-0.01397 	-0.01478 	-0.06150 	0.00000 	-0.05728 	-0.01596 	-0.01563 	-0.00978 	-0.01169 	0.23114 	-0.01630 	-0.00454 	-0.00450 	-0.00476 	-0.02909 	0.00000 	-0.02681 	-0.00514 	-0.00504 	0.01010 	-0.00377 	0.07450 	0.01407 	0.00583	0.01687
Replication8	 0.09260	1.01455	0.93099 	0.92992 	0.93043 	0.92670 	0.94146 	0.92853 	0.99761 	1.00374 	1.00552 	1.00388 	1.01631 	1.00299 	-0.01545 	-0.01807 	-0.01459 	-0.09487 	0.00816 	-0.08833 	-0.01465 	-0.01624 	-0.01880 	-0.01503 	0.32202 	-0.03056 	-0.00492 	-0.00576 	-0.00465 	-0.04084 	0.00260 	-0.03753 	-0.00467 	-0.00517 	0.01433 	-0.00479 	0.10259 	0.02007 	0.01160	0.03386
Replication9	 0.06334	1.01066	0.94809 	0.94738 	0.94773 	0.94487 	0.95652 	0.94630 	1.00204 	1.00694 	1.00866 	1.00708 	1.01745 	1.00659 	-0.01522 	-0.01379 	-0.01379 	-0.07284 	0.00000 	-0.06781 	-0.01692 	-0.01599 	-0.01280 	-0.01352 	0.26478 	-0.02110 	-0.00489 	-0.00443 	-0.00443 	-0.03326 	0.00000 	-0.03061 	-0.00543 	-0.00513 	0.01146 	-0.00434 	0.08501 	0.01599 	0.00761	0.02210