
Replication	FitnessValue	Frequency	PLoss	QLoss
Replication0	 0.00468	0.99959	0.01091	0.03052
Replication1	 0.00451	0.99961	0.96868 	0.97354 	0.97837 	0.97904 	0.97314 	0.98963 	0.95511 	0.94532 	0.96409 	0.94637 	0.96415 	0.96307 	-0.14402 	-0.14311 	-0.14120 	0.37705 	0.00000 	0.19641 	-0.15656 	-0.17953 	0.03130 	-0.13245 	0.23151 	0.04453 	-0.04728 	-0.04698 	-0.04635 	-0.03308 	0.00000 	0.19601 	-0.05139 	-0.05894 	0.03159 	-0.04348 	0.07600 	0.04555 	0.01018	0.02870
Replication2	 0.00707	0.99956	0.01134	0.03175
Replication3	 -1.44900	0.99960	0.00959	0.02647
Replication4	 0.00293	0.99959	0.97115 	0.97677 	0.98115 	0.98121 	0.97491 	0.99127 	0.95391 	0.94549 	0.96230 	0.94565 	0.96087 	0.96152 	-0.14168 	-0.10652 	-0.11956 	0.35350 	0.00000 	0.18067 	-0.16603 	-0.13741 	0.03253 	-0.13300 	0.17738 	0.04604 	-0.04651 	-0.03497 	-0.03925 	-0.03361 	0.00000 	0.18030 	-0.05450 	-0.04511 	0.03281 	-0.04366 	0.05823 	0.04701 	0.01060	0.02976
Replication5	 0.00471	0.99956	0.96684 	0.97071 	0.97621 	0.97706 	0.97088 	0.98823 	0.95215 	0.94293 	0.96075 	0.94328 	0.95916 	0.95997 	-0.13489 	-0.17383 	-0.14925 	0.40231 	0.00000 	0.20992 	-0.14912 	-0.15081 	0.03357 	-0.13712 	0.18397 	0.04746 	-0.04428 	-0.05707 	-0.04900 	-0.03632 	0.00000 	0.20950 	-0.04896 	-0.04951 	0.03389 	-0.04501 	0.06039 	0.04856 	0.01105	0.03096
Replication6	 -1.45131	0.99964	0.00937	0.02639
Replication7	 -1.47639	0.99967	0.97021 	0.97348 	0.97844 	0.97971 	0.97505 	0.98984 	0.96286 	0.95399 	0.97151 	0.95465 	0.97335 	0.97030 	-0.12962 	-0.17554 	-0.15106 	0.36707 	0.00000 	0.19437 	-0.13696 	-0.16752 	0.02622 	-0.14087 	0.26193 	0.03760 	-0.04255 	-0.05762 	-0.04959 	-0.03052 	0.00000 	0.19399 	-0.04496 	-0.05499 	0.02651 	-0.04624 	0.08598 	0.03859 	0.00744	0.02029
Replication8	 -1.45803	0.99962	0.96973 	0.97345 	0.97682 	0.97924 	0.97330 	0.98907 	0.95671 	0.94773 	0.96540 	0.94707 	0.96540 	0.96441 	-0.12545 	-0.13963 	-0.17771 	0.37749 	0.00000 	0.20181 	-0.14203 	-0.13642 	0.03040 	-0.17365 	0.22629 	0.04323 	-0.04118 	-0.04584 	-0.05834 	-0.03574 	0.00000 	0.20140 	-0.04662 	-0.04478 	0.03070 	-0.05700 	0.07428 	0.04427 	0.00885	0.02474
Replication9	 -1.45786	0.99962	0.00887	0.02474
Replication10	 0.00501	0.99958	0.96587 	0.97075 	0.97585 	0.97686 	0.97103 	0.98812 	0.95430 	0.94529 	0.96307 	0.94621 	0.96248 	0.96215 	-0.15324 	-0.16135 	-0.15903 	0.40319 	0.00000 	0.21098 	-0.15412 	-0.16415 	0.03199 	-0.12273 	0.20544 	0.04537 	-0.05031 	-0.05297 	-0.05221 	-0.03497 	0.00000 	0.21055 	-0.05059 	-0.05389 	0.03230 	-0.04029 	0.06744 	0.04647 	0.01117	0.03132
Replication11	 0.00019	0.99959	0.97391 	0.97808 	0.98173 	0.98307 	0.97960 	0.99213 	0.96100 	0.95235 	0.96941 	0.95133 	0.97023 	0.96836 	-0.13651 	-0.13332 	-0.14931 	0.32944 	0.05909 	0.17234 	-0.15008 	-0.12819 	0.02767 	-0.18339 	0.24036 	0.03952 	-0.04481 	-0.04376 	-0.04901 	-0.03027 	0.01940 	0.17199 	-0.04926 	-0.04208 	0.02793 	-0.06020 	0.07889 	0.04042 	0.01077	0.02996
Replication12	 -1.45427	0.99963	0.97634 	0.97922 	0.98144 	0.98465 	0.98181 	0.99241 	0.97914 	0.97465 	0.98767 	0.97450 	0.99426 	0.98589 	-0.12053 	-0.13857 	-0.18055 	0.30413 	0.00000 	0.16962 	-0.15961 	-0.12068 	0.01518 	-0.13598 	0.33469 	0.02273 	-0.03956 	-0.04548 	-0.05926 	-0.02247 	0.00000 	0.16930 	-0.05239 	-0.03961 	0.01541 	-0.04463 	0.10985 	0.02355 	0.00914	0.02561
Replication13	 -1.44556	0.99958	0.97036 	0.97575 	0.97941 	0.98082 	0.97625 	0.99063 	0.96475 	0.95678 	0.97305 	0.95675 	0.97483 	0.97189 	-0.15557 	-0.12513 	-0.15862 	0.35377 	0.00000 	0.18680 	-0.13400 	-0.14223 	0.02517 	-0.14913 	0.24975 	0.03610 	-0.05106 	-0.04107 	-0.05207 	-0.02954 	0.00000 	0.18643 	-0.04399 	-0.04669 	0.02545 	-0.04895 	0.08198 	0.03706 	0.00983	0.02755
Replication14	 0.00720	0.99956	0.97059 	0.97589 	0.98106 	0.98095 	0.97624 	0.99124 	0.96205 	0.95382 	0.97015 	0.95390 	0.97072 	0.96916 	-0.15271 	-0.14005 	-0.12129 	0.35204 	0.00129 	0.18087 	-0.13555 	-0.14127 	0.02716 	-0.14161 	0.21937 	0.03872 	-0.05013 	-0.04597 	-0.03981 	-0.02922 	0.00042 	0.18050 	-0.04450 	-0.04637 	0.02743 	-0.04648 	0.07201 	0.03967 	0.01138	0.03228
Replication15	 -1.43654	0.99958	0.96664 	0.97208 	0.97711 	0.97775 	0.97191 	0.98885 	0.95459 	0.94499 	0.96353 	0.94550 	0.96334 	0.96254 	-0.15799 	-0.14758 	-0.14818 	0.39162 	0.00000 	0.20396 	-0.15010 	-0.16595 	0.03168 	-0.14534 	0.22568 	0.04502 	-0.05187 	-0.04845 	-0.04864 	-0.03326 	0.00000 	0.20354 	-0.04928 	-0.05448 	0.03198 	-0.04771 	0.07409 	0.04608 	0.01057	0.02938
Replication16	 -1.46813	0.99966	0.96719 	0.97276 	0.97783 	0.97842 	0.97335 	0.98935 	0.95932 	0.94981 	0.96849 	0.95002 	0.97021 	0.96724 	-0.16463 	-0.15146 	-0.14713 	0.38044 	0.00000 	0.19913 	-0.14443 	-0.16871 	0.02828 	-0.16420 	0.27584 	0.04052 	-0.05404 	-0.04972 	-0.04830 	-0.02959 	0.00000 	0.19873 	-0.04741 	-0.05538 	0.02858 	-0.05390 	0.09055 	0.04155 	0.00810	0.02206
Replication17	 -1.46097	0.99963	0.00864	0.02386
Replication18	 -1.44191	0.99958	0.01013	0.02827
Replication19	 -1.45526	0.99961	0.00908	0.02528
Replication20	 -1.44061	0.99957	0.97235 	0.97640 	0.98015 	0.98184 	0.97849 	0.99121 	0.96254 	0.95451 	0.97105 	0.95444 	0.97255 	0.96991 	-0.14105 	-0.14671 	-0.16243 	0.34350 	0.05192 	0.18119 	-0.15799 	-0.14197 	0.02654 	-0.15061 	0.24680 	0.03801 	-0.04630 	-0.04816 	-0.05332 	-0.03056 	0.01704 	0.18083 	-0.05186 	-0.04660 	0.02681 	-0.04944 	0.08101 	0.03895 	0.01023	0.02861
Replication21	 -1.45097	0.99963	0.96676 	0.97204 	0.97703 	0.97794 	0.97338 	0.98896 	0.95934 	0.95165 	0.96781 	0.95175 	0.96824 	0.96680 	-0.16513 	-0.16049 	-0.15908 	0.38841 	0.01481 	0.20285 	-0.15100 	-0.13632 	0.02875 	-0.13574 	0.21619 	0.04093 	-0.05421 	-0.05269 	-0.05222 	-0.03218 	0.00486 	0.20245 	-0.04957 	-0.04475 	0.02905 	-0.04456 	0.07097 	0.04198 	0.00942	0.02619
Replication22	 0.00579	0.99958	0.96698 	0.97110 	0.97468 	0.97720 	0.97085 	0.98773 	0.95316 	0.94280 	0.96139 	0.94318 	0.95944 	0.96070 	-0.13535 	-0.14593 	-0.18876 	0.40261 	0.00000 	0.21478 	-0.11828 	-0.16142 	0.03313 	-0.14631 	0.18093 	0.04676 	-0.04443 	-0.04791 	-0.06197 	-0.03821 	0.00000 	0.21436 	-0.03883 	-0.05299 	0.03345 	-0.04803 	0.05940 	0.04786 	0.01166	0.03263
Replication23	 0.00705	0.99956	0.01148	0.03218
Replication24	 0.00305	0.99958	0.01051	0.02968
Replication25	 0.00715	0.99957	0.96638 	0.97198 	0.97797 	0.97787 	0.97315 	0.98928 	0.95912 	0.95007 	0.96810 	0.95024 	0.96941 	0.96693 	-0.17037 	-0.16832 	-0.13481 	0.38610 	0.00538 	0.19986 	-0.14562 	-0.15955 	0.02855 	-0.15720 	0.25864 	0.04082 	-0.05593 	-0.05525 	-0.04425 	-0.02913 	0.00177 	0.19946 	-0.04780 	-0.05238 	0.02884 	-0.05160 	0.08490 	0.04186 	0.01181	0.03314
Replication26	 -1.47371	0.99967	0.97500 	0.97847 	0.98245 	0.98374 	0.98006 	0.99250 	0.97141 	0.96466 	0.98015 	0.96475 	0.98481 	0.97859 	-0.12535 	-0.14579 	-0.13842 	0.31633 	0.00000 	0.16879 	-0.15732 	-0.14440 	0.02032 	-0.14735 	0.31283 	0.02972 	-0.04114 	-0.04785 	-0.04543 	-0.02454 	0.00000 	0.16846 	-0.05163 	-0.04739 	0.02057 	-0.04836 	0.10268 	0.03057 	0.00766	0.02084
Replication27	 -1.46756	0.99963	0.97046 	0.97595 	0.98019 	0.98114 	0.97730 	0.99105 	0.96866 	0.96226 	0.97744 	0.96173 	0.98132 	0.97597 	-0.16314 	-0.13791 	-0.14873 	0.34613 	0.00000 	0.18277 	-0.15639 	-0.12586 	0.02217 	-0.15824 	0.29437 	0.03219 	-0.05355 	-0.04527 	-0.04882 	-0.02548 	0.00000 	0.18240 	-0.05133 	-0.04131 	0.02243 	-0.05194 	0.09662 	0.03312 	0.00812	0.02243
Replication28	 -1.44508	0.99961	0.00990	0.02743
Replication29	 -1.44838	0.99961	0.96866 	0.97223 	0.97708 	0.97859 	0.97410 	0.98908 	0.95864 	0.95003 	0.96726 	0.95058 	0.96775 	0.96623 	-0.13822 	-0.17745 	-0.16475 	0.38242 	0.02474 	0.20177 	-0.15122 	-0.15663 	0.02912 	-0.13392 	0.22699 	0.04149 	-0.04537 	-0.05825 	-0.05408 	-0.03342 	0.00812 	0.20137 	-0.04964 	-0.05142 	0.02942 	-0.04396 	0.07452 	0.04253 	0.00963	0.02669
Replication30	 -1.45143	0.99961	0.97077 	0.97513 	0.97977 	0.98066 	0.97637 	0.99069 	0.96179 	0.95409 	0.97024 	0.95438 	0.97138 	0.96914 	-0.14331 	-0.15219 	-0.14490 	0.35681 	0.01892 	0.18626 	-0.15665 	-0.14288 	0.02710 	-0.13342 	0.23217 	0.03873 	-0.04704 	-0.04996 	-0.04756 	-0.03079 	0.00621 	0.18589 	-0.05142 	-0.04690 	0.02737 	-0.04380 	0.07621 	0.03970 	0.00940	0.02589
Replication31	 -1.44314	0.99960	0.96500 	0.97102 	0.97594 	0.97703 	0.97256 	0.98835 	0.96241 	0.95363 	0.97106 	0.95372 	0.97275 	0.96987 	-0.18165 	-0.16012 	-0.16901 	0.39572 	0.00000 	0.20880 	-0.12376 	-0.15523 	0.02652 	-0.15659 	0.26050 	0.03798 	-0.05963 	-0.05256 	-0.05548 	-0.02938 	0.00000 	0.20839 	-0.04063 	-0.05096 	0.02683 	-0.05141 	0.08552 	0.03904 	0.01003	0.02810
Replication32	 -1.44765	0.99962	0.00969	0.02683
Replication33	 -1.45705	0.99960	0.97127 	0.97653 	0.98142 	0.98148 	0.97701 	0.99154 	0.96046 	0.95256 	0.96936 	0.95311 	0.97093 	0.96816 	-0.15174 	-0.13594 	-0.12407 	0.34592 	0.01987 	0.17799 	-0.17627 	-0.15409 	0.02770 	-0.13232 	0.25008 	0.03968 	-0.04981 	-0.04462 	-0.04073 	-0.02902 	0.00652 	0.17762 	-0.05786 	-0.05058 	0.02797 	-0.04343 	0.08209 	0.04062 	0.00893	0.02497
Replication34	 -1.45410	0.99964	0.96691 	0.97239 	0.97763 	0.97807 	0.97284 	0.98918 	0.95373 	0.94421 	0.96316 	0.94430 	0.96361 	0.96204 	-0.16232 	-0.15320 	-0.14509 	0.38680 	0.02283 	0.20082 	-0.16976 	-0.16207 	0.03193 	-0.16310 	0.25020 	0.04550 	-0.05329 	-0.05029 	-0.04763 	-0.03208 	0.00749 	0.20042 	-0.05573 	-0.05320 	0.03223 	-0.05354 	0.08213 	0.04655 	0.00920	0.02526
Replication35	 0.00259	0.99957	0.01102	0.03079
Replication36	 0.00841	0.99955	0.96644 	0.97069 	0.97589 	0.97694 	0.97077 	0.98810 	0.95240 	0.94330 	0.96115 	0.94295 	0.95990 	0.96031 	-0.14088 	-0.16674 	-0.15583 	0.40339 	0.00000 	0.21119 	-0.14850 	-0.13861 	0.03330 	-0.15943 	0.19695 	0.04714 	-0.04625 	-0.05474 	-0.05116 	-0.03604 	0.00000 	0.21076 	-0.04875 	-0.04550 	0.03362 	-0.05234 	0.06466 	0.04824 	0.01236	0.03467
Replication37	 -1.45045	0.99962	0.00946	0.02635
Replication38	 -1.46372	0.99965	0.00840	0.02348
Replication39	 -1.45421	0.99961	0.00916	0.02555
Replication40	 -1.46292	0.99963	0.00848	0.02350
Replication41	 0.00308	0.99959	0.96728 	0.97220 	0.97649 	0.97802 	0.97281 	0.98873 	0.95613 	0.94695 	0.96442 	0.94710 	0.96352 	0.96360 	-0.15340 	-0.14892 	-0.16985 	0.39013 	0.01587 	0.20509 	-0.13391 	-0.14809 	0.03106 	-0.14467 	0.19625 	0.04400 	-0.05036 	-0.04889 	-0.05576 	-0.03484 	0.00521 	0.20468 	-0.04396 	-0.04862 	0.03137 	-0.04749 	0.06442 	0.04507 	0.01079	0.03004
Replication42	 -1.45946	0.99960	0.96755 	0.97234 	0.97639 	0.97801 	0.97155 	0.98859 	0.95233 	0.94305 	0.96172 	0.94285 	0.96163 	0.96066 	-0.14201 	-0.13654 	-0.16556 	0.39100 	0.00000 	0.20647 	-0.16887 	-0.15144 	0.03292 	-0.16608 	0.23570 	0.04681 	-0.04662 	-0.04482 	-0.05435 	-0.03558 	0.00000 	0.20606 	-0.05544 	-0.04972 	0.03322 	-0.05452 	0.07738 	0.04788 	0.00873	0.02450
Replication43	 0.00093	0.99958	0.01033	0.02907
Replication44	 -1.46830	0.99967	0.97463 	0.97859 	0.98241 	0.98388 	0.98105 	0.99260 	0.97685 	0.97162 	0.98545 	0.97132 	0.99149 	0.98373 	-0.13998 	-0.14729 	-0.14684 	0.31112 	0.00000 	0.16781 	-0.15558 	-0.12465 	0.01670 	-0.14712 	0.33088 	0.02479 	-0.04594 	-0.04834 	-0.04820 	-0.02091 	0.00000 	0.16749 	-0.05106 	-0.04091 	0.01693 	-0.04829 	0.10860 	0.02562 	0.00808	0.02209
Replication45	 -1.46130	0.99965	0.97161 	0.97576 	0.97995 	0.98134 	0.97746 	0.99095 	0.96876 	0.96167 	0.97692 	0.96201 	0.97967 	0.97565 	-0.14206 	-0.15209 	-0.15371 	0.34626 	0.00000 	0.18373 	-0.13568 	-0.14234 	0.02253 	-0.13129 	0.26009 	0.03249 	-0.04663 	-0.04992 	-0.05046 	-0.02780 	0.00000 	0.18337 	-0.04454 	-0.04672 	0.02279 	-0.04310 	0.08537 	0.03343 	0.00863	0.02366
Replication46	 -1.44514	0.99960	0.97166 	0.97443 	0.97833 	0.98060 	0.97643 	0.99007 	0.96178 	0.95305 	0.97071 	0.95331 	0.97275 	0.96945 	-0.12166 	-0.16752 	-0.17214 	0.35855 	0.02886 	0.19219 	-0.15487 	-0.16056 	0.02677 	-0.15387 	0.27171 	0.03843 	-0.03993 	-0.05499 	-0.05651 	-0.03189 	0.00947 	0.19181 	-0.05084 	-0.05271 	0.02705 	-0.05051 	0.08919 	0.03940 	0.00988	0.02757
Replication47	 -1.45137	0.99960	0.97041 	0.97438 	0.97853 	0.98015 	0.97545 	0.99004 	0.96196 	0.95436 	0.97094 	0.95413 	0.97311 	0.96965 	-0.13686 	-0.15275 	-0.16056 	0.36276 	0.00801 	0.19248 	-0.16387 	-0.13883 	0.02661 	-0.15620 	0.26684 	0.03823 	-0.04493 	-0.05014 	-0.05270 	-0.03113 	0.00263 	0.19210 	-0.05379 	-0.04557 	0.02690 	-0.05127 	0.08759 	0.03921 	0.00939	0.02611
Replication48	 -1.45823	0.99961	0.96940 	0.97374 	0.97891 	0.97983 	0.97613 	0.99016 	0.96825 	0.95931 	0.97685 	0.95950 	0.98027 	0.97545 	-0.15399 	-0.17539 	-0.14911 	0.36053 	0.00000 	0.19133 	-0.11540 	-0.16630 	0.02257 	-0.16355 	0.30250 	0.03267 	-0.05055 	-0.05757 	-0.04895 	-0.02535 	0.00000 	0.19095 	-0.03788 	-0.05459 	0.02285 	-0.05369 	0.09930 	0.03364 	0.00887	0.02438
Replication49	 -1.44936	0.99961	0.96955 	0.97428 	0.97772 	0.97968 	0.97417 	0.98960 	0.95909 	0.95073 	0.96785 	0.95058 	0.96873 	0.96675 	-0.14203 	-0.12874 	-0.17037 	0.37038 	0.00000 	0.19670 	-0.15220 	-0.14275 	0.02872 	-0.15528 	0.23973 	0.04100 	-0.04662 	-0.04226 	-0.05593 	-0.03349 	0.00000 	0.19631 	-0.04996 	-0.04686 	0.02901 	-0.05097 	0.07869 	0.04201 	0.00954	0.02667
Replication50	 -1.45883	0.99962	0.97192 	0.97598 	0.98081 	0.98132 	0.97613 	0.99116 	0.96031 	0.95164 	0.96918 	0.95174 	0.97065 	0.96800 	-0.12974 	-0.14579 	-0.12737 	0.34885 	0.00000 	0.18172 	-0.15725 	-0.15414 	0.02782 	-0.15485 	0.25739 	0.03984 	-0.04259 	-0.04786 	-0.04181 	-0.03021 	0.00000 	0.18135 	-0.05162 	-0.05060 	0.02809 	-0.05083 	0.08449 	0.04079 	0.00877	0.02476
Replication51	 -1.45615	0.99963	0.96873 	0.97412 	0.97985 	0.97958 	0.97503 	0.99044 	0.96205 	0.95369 	0.96981 	0.95358 	0.96977 	0.96894 	-0.16122 	-0.15626 	-0.12419 	0.36748 	0.00000 	0.18861 	-0.11713 	-0.13486 	0.02738 	-0.14447 	0.20178 	0.03891 	-0.05292 	-0.05129 	-0.04077 	-0.02946 	0.00000 	0.18823 	-0.03845 	-0.04427 	0.02767 	-0.04742 	0.06624 	0.03990 	0.00903	0.02481
Replication52	 0.00259	0.99959	0.97268 	0.97672 	0.98077 	0.98210 	0.97782 	0.99142 	0.96699 	0.95805 	0.97594 	0.95927 	0.97962 	0.97447 	-0.13487 	-0.14392 	-0.14616 	0.33662 	0.00000 	0.17919 	-0.14579 	-0.18802 	0.02320 	-0.13525 	0.30882 	0.03364 	-0.04427 	-0.04724 	-0.04798 	-0.02663 	0.00000 	0.17883 	-0.04786 	-0.06172 	0.02346 	-0.04440 	0.10136 	0.03455 	0.01018	0.02866
Replication53	 0.00000	0.99959	0.00975	0.02715
Replication54	 -1.45202	0.99959	0.00932	0.02610
Replication55	 0.00201	0.99957	0.01074	0.03001
Replication56	 0.00574	0.99958	0.96504 	0.97107 	0.97663 	0.97689 	0.97149 	0.98850 	0.95613 	0.94793 	0.96527 	0.94741 	0.96592 	0.96415 	-0.17422 	-0.15691 	-0.14662 	0.39951 	0.00000 	0.20738 	-0.16079 	-0.13466 	0.03048 	-0.16558 	0.24033 	0.04346 	-0.05719 	-0.05151 	-0.04813 	-0.03162 	0.00000 	0.20696 	-0.05279 	-0.04421 	0.03079 	-0.05436 	0.07890 	0.04454 	0.01144	0.03188