
Replication	FitnessValue	Frequency	Bus1	Bus2	Bus3	Bus4	Bus5	Bus6	Bus7	Bus8	Bus9	Bus10	Bus11	Bus12	Bus1_P	Bus2_P	Bus3_P	Bus4_P	Bus5_P	Bus6_P	Bus7_P	Bus8_P	Bus9_P	Bus10_P	Bus11_P	Bus12_P	Bus1_Q	Bus2_Q	Bus3_Q	Bus4_Q	Bus5_Q	Bus6_Q	Bus7_Q	Bus8_Q	Bus9_Q	Bus10_Q	Bus11_Q	Bus12_Q	PLoss	QLoss
Replication0	 -1.44262	0.99778	0.97860 	0.98298 	0.98540 	0.98586 	0.98580 	0.99721 	0.96198 	0.97020 	0.98443 	0.96432 	0.97957 	0.98584 	-0.13457 	-0.14964 	-0.15724 	0.05481 	0.00000 	0.60042 	-0.15896 	-0.14027 	0.00411 	-0.16295 	0.16445 	0.08997 	-0.04433 	-0.04930 	-0.05180 	0.04866 	0.00000 	0.13219 	-0.05237 	-0.04621 	0.00186 	-0.05368 	0.05418 	0.08829 	0.01014	0.02747
Replication1	 -1.47511	0.99796	0.98002 	0.98385 	0.98691 	0.98680 	0.98695 	0.99810 	0.96729 	0.97437 	0.98721 	0.96943 	0.98542 	0.98829 	-0.12932 	-0.15972 	-0.15322 	0.05256 	0.00021 	0.55644 	-0.15301 	-0.14596 	0.00369 	-0.15203 	0.20636 	0.08088 	-0.04259 	-0.05260 	-0.05046 	0.04690 	0.00007 	0.12539 	-0.05039 	-0.04807 	0.00162 	-0.05007 	0.06796 	0.07933 	0.00689	0.02708
Replication2	 -1.50850	0.99839	0.98368 	0.98846 	0.99095 	0.99033 	0.99058 	1.00040 	0.97607 	0.98170 	0.99290 	0.97877 	0.99689 	0.99318 	-0.13646 	-0.11609 	-0.14307 	0.04438 	0.00000 	0.44467 	-0.16089 	-0.17593 	0.00281 	-0.12326 	0.30479 	0.06265 	-0.04490 	-0.03820 	-0.04708 	0.03992 	0.00000 	0.10492 	-0.05294 	-0.05789 	0.00118 	-0.04056 	0.10029 	0.06142 	0.00362	0.02617
Replication3	 -1.51095	0.99809	0.97755 	0.98339 	0.98732 	0.98581 	0.98666 	0.99857 	0.97307 	0.97882 	0.98992 	0.97575 	0.99258 	0.99060 	-0.17119 	-0.15607 	-0.16530 	0.05448 	0.00853 	0.52843 	-0.15486 	-0.16837 	0.00331 	-0.11929 	0.27082 	0.07230 	-0.05636 	-0.05139 	-0.05443 	0.04921 	0.00281 	0.12652 	-0.05099 	-0.05544 	0.00138 	-0.03928 	0.08917 	0.07085 	0.00279	0.03205
Replication4	 -1.40618	0.99759	0.97711 	0.98184 	0.98412 	0.98478 	0.98461 	0.99630 	0.95732 	0.96612 	0.98139 	0.95999 	0.97200 	0.98330 	-0.13663 	-0.14852 	-0.14853 	0.05739 	0.00000 	0.64682 	-0.15099 	-0.13846 	0.00456 	-0.14878 	0.07770 	0.09941 	-0.04503 	-0.04895 	-0.04895 	0.05071 	0.00000 	0.13769 	-0.04976 	-0.04563 	0.00212 	-0.04904 	0.02561 	0.09757 	0.01398	0.02633
Replication5	 -1.37290	0.99737	0.97295 	0.97859 	0.98197 	0.98192 	0.98307 	0.99507 	0.95272 	0.96215 	0.97867 	0.95618 	0.96757 	0.98085 	-0.16495 	-0.17791 	-0.15227 	0.06381 	0.02809 	0.70431 	-0.16082 	-0.15813 	0.00498 	-0.13722 	0.05852 	0.10854 	-0.05439 	-0.05866 	-0.05021 	0.05654 	0.00926 	0.15063 	-0.05303 	-0.05214 	0.00233 	-0.04525 	0.01929 	0.10655 	0.01696	0.03093
Replication6	 -1.50000	0.99830	0.98020 	0.98567 	0.98993 	0.98790 	0.98929 	0.99978 	0.97487 	0.98098 	0.99223 	0.97668 	0.99655 	0.99256 	-0.16181 	-0.15208 	-0.13816 	0.04970 	0.01863 	0.47180 	-0.16190 	-0.15081 	0.00293 	-0.16229 	0.32299 	0.06499 	-0.05326 	-0.05005 	-0.04547 	0.04500 	0.00613 	0.11364 	-0.05328 	-0.04963 	0.00121 	-0.05341 	0.10630 	0.06370 	0.00400	0.03088
Replication7	 -1.45847	0.99776	0.97643 	0.98199 	0.98496 	0.98465 	0.98478 	0.99703 	0.96365 	0.97137 	0.98468 	0.96581 	0.98024 	0.98614 	-0.15762 	-0.14996 	-0.16138 	0.05742 	0.00000 	0.60738 	-0.14980 	-0.13201 	0.00409 	-0.15480 	0.15616 	0.08890 	-0.05193 	-0.04941 	-0.05317 	0.05123 	0.00000 	0.13565 	-0.04935 	-0.04349 	0.00182 	-0.05100 	0.05145 	0.08719 	0.00838	0.02899
Replication8	 -1.43743	0.99779	0.97791 	0.98271 	0.98568 	0.98551 	0.98560 	0.99726 	0.96360 	0.97001 	0.98474 	0.96403 	0.98102 	0.98600 	-0.14164 	-0.15271 	-0.14766 	0.05555 	0.00000 	0.59806 	-0.13259 	-0.16562 	0.00407 	-0.18624 	0.19004 	0.08937 	-0.04666 	-0.05031 	-0.04865 	0.04942 	0.00000 	0.13148 	-0.04368 	-0.05456 	0.00183 	-0.06136 	0.06261 	0.08769 	0.01064	0.02781
Replication9	 -1.51266	0.99828	0.98140 	0.98670 	0.99017 	0.98871 	0.98917 	0.99984 	0.97494 	0.98134 	0.99177 	0.97718 	0.99331 	0.99241 	-0.14890 	-0.13200 	-0.13431 	0.04800 	0.00000 	0.47212 	-0.15118 	-0.12365 	0.00300 	-0.13903 	0.24366 	0.06554 	-0.04901 	-0.04345 	-0.04420 	0.04324 	0.00000 	0.10955 	-0.04976 	-0.04070 	0.00126 	-0.04576 	0.08020 	0.06423 	0.00326	0.02560
Replication10	 -1.46600	0.99787	0.97715 	0.98320 	0.98612 	0.98550 	0.98569 	0.99763 	0.96587 	0.97297 	0.98608 	0.96834 	0.98307 	0.98732 	-0.16228 	-0.13668 	-0.15387 	0.05546 	0.00000 	0.57940 	-0.15084 	-0.15324 	0.00387 	-0.13808 	0.17954 	0.08448 	-0.05346 	-0.04502 	-0.05068 	0.04955 	0.00000 	0.12921 	-0.04969 	-0.05048 	0.00171 	-0.04549 	0.05914 	0.08285 	0.00775	0.02765
Replication11	 -1.43637	0.99765	0.97495 	0.98149 	0.98426 	0.98390 	0.98398 	0.99653 	0.96193 	0.96864 	0.98303 	0.96378 	0.97686 	0.98466 	-0.16951 	-0.13807 	-0.15649 	0.05919 	0.00000 	0.63366 	-0.13250 	-0.16887 	0.00434 	-0.13797 	0.12258 	0.09437 	-0.05586 	-0.04550 	-0.05157 	0.05268 	0.00000 	0.13805 	-0.04367 	-0.05565 	0.00196 	-0.04547 	0.04040 	0.09258 	0.01073	0.02795
Replication12	 -1.43683	0.99780	0.97553 	0.98253 	0.98562 	0.98462 	0.98486 	0.99724 	0.96118 	0.97091 	0.98499 	0.96447 	0.98117 	0.98629 	-0.17620 	-0.13095 	-0.14669 	0.05742 	0.00000 	0.59695 	-0.18723 	-0.11985 	0.00403 	-0.17289 	0.19749 	0.08830 	-0.05805 	-0.04314 	-0.04833 	0.05134 	0.00000 	0.13370 	-0.06168 	-0.03948 	0.00181 	-0.05696 	0.06506 	0.08663 	0.01039	0.03090
Replication13	 0.00053	0.99730	0.97428 	0.97964 	0.98182 	0.98272 	0.98241 	0.99480 	0.94947 	0.95911 	0.97689 	0.95213 	0.96278 	0.97932 	-0.14383 	-0.15040 	-0.14114 	0.06221 	0.00000 	0.72011 	-0.14900 	-0.15461 	0.00523 	-0.15608 	0.01423 	0.11423 	-0.04743 	-0.04960 	-0.04654 	0.05472 	0.00000 	0.15025 	-0.04914 	-0.05099 	0.00250 	-0.05147 	0.00469 	0.11218 	0.02096	0.02917
Replication14	 -1.49662	0.99800	0.97801 	0.98267 	0.98722 	0.98569 	0.98720 	0.99825 	0.97053 	0.97699 	0.98829 	0.97269 	0.98705 	0.98938 	-0.15552 	-0.18312 	-0.14775 	0.05488 	0.02426 	0.54773 	-0.14155 	-0.13173 	0.00355 	-0.13286 	0.18993 	0.07683 	-0.05122 	-0.06031 	-0.04866 	0.04933 	0.00799 	0.12522 	-0.04662 	-0.04338 	0.00152 	-0.04375 	0.06255 	0.07530 	0.00463	0.02798
Replication15	 -1.43128	0.99771	0.97896 	0.98270 	0.98493 	0.98583 	0.98567 	0.99691 	0.96096 	0.96846 	0.98335 	0.96305 	0.97731 	0.98489 	-0.12339 	-0.15538 	-0.15740 	0.05497 	0.00000 	0.61632 	-0.14625 	-0.16384 	0.00427 	-0.15148 	0.14008 	0.09351 	-0.04066 	-0.05120 	-0.05186 	0.04863 	0.00000 	0.13352 	-0.04819 	-0.05398 	0.00195 	-0.04991 	0.04616 	0.09177 	0.01142	0.02622
Replication16	 -1.37945	0.99737	0.97081 	0.97763 	0.98198 	0.98066 	0.98137 	0.99496 	0.95413 	0.96299 	0.97913 	0.95674 	0.96906 	0.98125 	-0.18190 	-0.17710 	-0.13947 	0.06651 	0.00999 	0.70834 	-0.15162 	-0.15322 	0.00493 	-0.15244 	0.07500 	0.10709 	-0.05998 	-0.05840 	-0.04599 	0.05922 	0.00330 	0.15294 	-0.04999 	-0.05052 	0.00227 	-0.05026 	0.02473 	0.10508 	0.01613	0.03240
Replication17	 -1.52976	0.99838	0.98224 	0.98596 	0.98983 	0.98863 	0.98915 	1.00001 	0.97860 	0.98349 	0.99356 	0.98060 	1.00007 	0.99372 	-0.13484 	-0.16280 	-0.15893 	0.04804 	0.00000 	0.45715 	-0.15409 	-0.16769 	0.00274 	-0.13437 	0.34499 	0.06067 	-0.04437 	-0.05357 	-0.05230 	0.04354 	0.00000 	0.11510 	-0.05070 	-0.05518 	0.00110 	-0.04422 	0.11353 	0.05943 	0.00087	0.03236
Replication18	 -1.37811	0.99738	0.97363 	0.97996 	0.98195 	0.98266 	0.98241 	0.99513 	0.95322 	0.96252 	0.97846 	0.95595 	0.96590 	0.98080 	-0.16250 	-0.13767 	-0.15878 	0.06223 	0.00000 	0.70223 	-0.14480 	-0.13083 	0.00501 	-0.14594 	0.01889 	0.10872 	-0.05358 	-0.04539 	-0.05235 	0.05497 	0.00000 	0.14955 	-0.04774 	-0.04314 	0.00235 	-0.04812 	0.00623 	0.10673 	0.01656	0.02950
Replication19	 -1.48937	0.99824	0.98198 	0.98708 	0.99013 	0.98908 	0.98941 	0.99971 	0.97172 	0.97911 	0.99075 	0.97427 	0.99108 	0.99145 	-0.14080 	-0.12555 	-0.12763 	0.04727 	0.00000 	0.48077 	-0.16454 	-0.12573 	0.00314 	-0.15180 	0.24147 	0.06911 	-0.04635 	-0.04133 	-0.04201 	0.04238 	0.00000 	0.10876 	-0.05416 	-0.04138 	0.00135 	-0.04997 	0.07948 	0.06777 	0.00571	0.02455
Replication20	 -1.43026	0.99771	0.97721 	0.98250 	0.98532 	0.98517 	0.98521 	0.99696 	0.96080 	0.96909 	0.98349 	0.96417 	0.97660 	0.98512 	-0.14663 	-0.14547 	-0.14196 	0.05639 	0.00000 	0.61477 	-0.15799 	-0.15392 	0.00425 	-0.12520 	0.11468 	0.09265 	-0.04832 	-0.04793 	-0.04678 	0.05005 	0.00000 	0.13200 	-0.05206 	-0.05072 	0.00193 	-0.04125 	0.03779 	0.09091 	0.01158	0.02563
Replication21	 -1.41131	0.99761	0.97663 	0.98134 	0.98362 	0.98437 	0.98421 	0.99623 	0.95735 	0.96617 	0.98199 	0.95984 	0.97585 	0.98357 	-0.14087 	-0.15361 	-0.16480 	0.05825 	0.00000 	0.64667 	-0.16774 	-0.15791 	0.00448 	-0.17264 	0.16280 	0.09841 	-0.04643 	-0.05062 	-0.05431 	0.05162 	0.00000 	0.14209 	-0.05528 	-0.05204 	0.00206 	-0.05690 	0.05366 	0.09659 	0.01304	0.03043
Replication22	 -1.39349	0.99757	0.97600 	0.98092 	0.98399 	0.98397 	0.98398 	0.99614 	0.95615 	0.96507 	0.98139 	0.95936 	0.97379 	0.98309 	-0.14235 	-0.16097 	-0.14054 	0.05915 	0.00000 	0.65360 	-0.16926 	-0.17365 	0.00457 	-0.14898 	0.13328 	0.10020 	-0.04692 	-0.05306 	-0.04632 	0.05241 	0.00000 	0.14014 	-0.05579 	-0.05724 	0.00211 	-0.04910 	0.04393 	0.09835 	0.01507	0.02851
Replication23	 -1.46379	0.99800	0.98109 	0.98539 	0.98800 	0.98803 	0.98914 	0.99857 	0.96711 	0.97415 	0.98723 	0.96920 	0.98368 	0.98840 	-0.13519 	-0.14534 	-0.14269 	0.04984 	0.02575 	0.53814 	-0.14496 	-0.14436 	0.00367 	-0.14513 	0.16824 	0.08047 	-0.04452 	-0.04786 	-0.04699 	0.04430 	0.00848 	0.11681 	-0.04774 	-0.04754 	0.00165 	-0.04779 	0.05540 	0.07895 	0.00843	0.02315
Replication24	 -1.52234	0.99825	0.98228 	0.98660 	0.98908 	0.98892 	0.98910 	0.99957 	0.97529 	0.98082 	0.99136 	0.97690 	0.99371 	0.99197 	-0.13600 	-0.13375 	-0.16478 	0.04759 	0.00000 	0.48314 	-0.14094 	-0.14001 	0.00306 	-0.14233 	0.25895 	0.06720 	-0.04476 	-0.04402 	-0.05424 	0.04275 	0.00000 	0.11451 	-0.04639 	-0.04609 	0.00129 	-0.04685 	0.08523 	0.06587 	0.00212	0.02729
Replication25	 -1.48841	0.99820	0.97961 	0.98565 	0.98961 	0.98780 	0.99009 	0.99948 	0.97271 	0.97874 	0.99052 	0.97477 	0.99144 	0.99120 	-0.17186 	-0.14728 	-0.13394 	0.05006 	0.04331 	0.49080 	-0.14865 	-0.15659 	0.00318 	-0.13925 	0.24580 	0.07004 	-0.05657 	-0.04848 	-0.04409 	0.04508 	0.01426 	0.11150 	-0.04893 	-0.05155 	0.00136 	-0.04584 	0.08091 	0.06867 	0.00563	0.02631
Replication26	 -1.46968	0.99800	0.97745 	0.98333 	0.98769 	0.98576 	0.98666 	0.99832 	0.96813 	0.97542 	0.98813 	0.97059 	0.98748 	0.98906 	-0.16450 	-0.15742 	-0.13110 	0.05473 	0.00853 	0.54539 	-0.16271 	-0.14731 	0.00356 	-0.15230 	0.23241 	0.07800 	-0.05417 	-0.05184 	-0.04317 	0.04919 	0.00281 	0.12358 	-0.05358 	-0.04851 	0.00154 	-0.05016 	0.07654 	0.07648 	0.00728	0.02869
Replication27	 -1.47286	0.99805	0.98238 	0.98667 	0.98825 	0.98903 	0.98949 	0.99882 	0.96824 	0.97497 	0.98762 	0.96948 	0.98397 	0.98879 	-0.12848 	-0.12303 	-0.15199 	0.04765 	0.01508 	0.52599 	-0.13311 	-0.12696 	0.00360 	-0.16089 	0.16077 	0.07898 	-0.04230 	-0.04051 	-0.05005 	0.04224 	0.00497 	0.11442 	-0.04383 	-0.04181 	0.00162 	-0.05298 	0.05294 	0.07750 	0.00760	0.02220
Replication28	 -1.43554	0.99763	0.97526 	0.98112 	0.98411 	0.98382 	0.98390 	0.99642 	0.96110 	0.96854 	0.98274 	0.96333 	0.97580 	0.98447 	-0.16044 	-0.15043 	-0.15494 	0.05939 	0.00000 	0.63881 	-0.13908 	-0.15089 	0.00438 	-0.13837 	0.10729 	0.09510 	-0.05287 	-0.04958 	-0.05106 	0.05283 	0.00000 	0.13917 	-0.04584 	-0.04973 	0.00198 	-0.04560 	0.03536 	0.09330 	0.01081	0.02796
Replication29	 -1.50671	0.99826	0.98174 	0.98567 	0.98950 	0.98831 	0.98877 	0.99957 	0.97468 	0.98049 	0.99163 	0.97598 	0.99495 	0.99210 	-0.13304 	-0.15904 	-0.14326 	0.04888 	0.00000 	0.48222 	-0.14943 	-0.14326 	0.00302 	-0.16555 	0.29625 	0.06671 	-0.04379 	-0.05235 	-0.04715 	0.04406 	0.00000 	0.11495 	-0.04918 	-0.04715 	0.00126 	-0.05449 	0.09751 	0.06539 	0.00351	0.02905
Replication30	 -1.52073	0.99826	0.98008 	0.98455 	0.98915 	0.98722 	0.98789 	0.99946 	0.97713 	0.98179 	0.99224 	0.97843 	0.99711 	0.99261 	-0.14798 	-0.17022 	-0.14768 	0.05122 	0.00000 	0.48504 	-0.14016 	-0.16369 	0.00295 	-0.14361 	0.31119 	0.06480 	-0.04871 	-0.05603 	-0.04861 	0.04641 	0.00000 	0.11868 	-0.04613 	-0.05388 	0.00119 	-0.04727 	0.10242 	0.06348 	0.00185	0.03156
Replication31	 -1.52351	0.99826	0.98088 	0.98568 	0.99004 	0.98805 	0.98868 	0.99974 	0.97733 	0.98203 	0.99198 	0.97885 	0.99386 	0.99263 	-0.14601 	-0.15499 	-0.12988 	0.04945 	0.00000 	0.47697 	-0.12549 	-0.14473 	0.00298 	-0.12140 	0.23055 	0.06473 	-0.04806 	-0.05101 	-0.04275 	0.04464 	0.00000 	0.11093 	-0.04130 	-0.04764 	0.00122 	-0.03996 	0.07588 	0.06341 	0.00219	0.02537
Replication32	 -1.53398	0.99853	0.98441 	0.98771 	0.99160 	0.99034 	0.99175 	1.00092 	0.98000 	0.98586 	0.99520 	0.98228 	1.00182 	0.99526 	-0.12983 	-0.16293 	-0.14858 	0.04416 	0.02134 	0.41476 	-0.16479 	-0.13171 	0.00247 	-0.14515 	0.34596 	0.05494 	-0.04271 	-0.05360 	-0.04888 	0.04010 	0.00702 	0.10520 	-0.05421 	-0.04333 	0.00098 	-0.04775 	0.11381 	0.05382 	0.00064	0.03046
Replication33	 -1.50869	0.99826	0.98346 	0.98783 	0.98964 	0.98992 	0.98994 	0.99977 	0.97433 	0.97972 	0.99104 	0.97575 	0.99241 	0.99166 	-0.12963 	-0.11618 	-0.15724 	0.04545 	0.00000 	0.47645 	-0.13685 	-0.15256 	0.00309 	-0.14388 	0.24681 	0.06831 	-0.04267 	-0.03824 	-0.05176 	0.04063 	0.00000 	0.10961 	-0.04504 	-0.05021 	0.00133 	-0.04736 	0.08124 	0.06699 	0.00377	0.02451
Replication34	 -1.45155	0.99807	0.98176 	0.98666 	0.98901 	0.98894 	0.99036 	0.99903 	0.96740 	0.97414 	0.98782 	0.96865 	0.98476 	0.98884 	-0.14101 	-0.12929 	-0.13271 	0.04781 	0.03415 	0.51762 	-0.14078 	-0.15059 	0.00356 	-0.16835 	0.19052 	0.07881 	-0.04643 	-0.04257 	-0.04370 	0.04247 	0.01124 	0.11089 	-0.04635 	-0.04959 	0.00161 	-0.05543 	0.06273 	0.07734 	0.00976	0.02223
Replication35	 -1.42811	0.99750	0.97435 	0.97976 	0.98196 	0.98280 	0.98263 	0.99553 	0.95866 	0.96595 	0.98097 	0.96008 	0.97406 	0.98278 	-0.15780 	-0.15559 	-0.18705 	0.06174 	0.00000 	0.67798 	-0.13529 	-0.15863 	0.00465 	-0.16254 	0.12232 	0.10138 	-0.05202 	-0.05129 	-0.06166 	0.05482 	0.00000 	0.15065 	-0.04460 	-0.05229 	0.00212 	-0.05358 	0.04032 	0.09948 	0.01117	0.03196
Replication36	 -1.53453	0.99845	0.98112 	0.98626 	0.99073 	0.98843 	0.98919 	1.00040 	0.98116 	0.98604 	0.99471 	0.98236 	1.00097 	0.99492 	-0.15713 	-0.15214 	-0.14553 	0.04838 	0.00000 	0.43836 	-0.14068 	-0.12186 	0.00257 	-0.15041 	0.32176 	0.05623 	-0.05170 	-0.05006 	-0.04788 	0.04408 	0.00000 	0.11122 	-0.04629 	-0.04010 	0.00100 	-0.04949 	0.10587 	0.05506 	0.00046	0.03171
Replication37	 -1.41438	0.99781	0.97841 	0.98360 	0.98652 	0.98641 	0.98888 	0.99761 	0.96015 	0.96916 	0.98422 	0.96357 	0.97779 	0.98569 	-0.15694 	-0.15755 	-0.13985 	0.05359 	0.05997 	0.58517 	-0.17185 	-0.15122 	0.00411 	-0.14520 	0.14249 	0.09053 	-0.05170 	-0.05190 	-0.04607 	0.04753 	0.01976 	0.12429 	-0.05661 	-0.04982 	0.00190 	-0.04783 	0.04694 	0.08886 	0.01324	0.02534
Replication38	 -1.47320	0.99793	0.97957 	0.98359 	0.98683 	0.98652 	0.98671 	0.99800 	0.96632 	0.97424 	0.98692 	0.96935 	0.98429 	0.98809 	-0.13218 	-0.16101 	-0.14909 	0.05318 	0.00000 	0.56153 	-0.16423 	-0.13466 	0.00374 	-0.13972 	0.18795 	0.08161 	-0.04354 	-0.05303 	-0.04910 	0.04746 	0.00000 	0.12590 	-0.05409 	-0.04435 	0.00165 	-0.04602 	0.06190 	0.08004 	0.00711	0.02682
Replication39	 -1.38988	0.99738	0.97058 	0.97754 	0.98199 	0.98050 	0.98085 	0.99500 	0.95436 	0.96408 	0.97950 	0.95773 	0.96949 	0.98164 	-0.18320 	-0.17469 	-0.14009 	0.06684 	0.00000 	0.70569 	-0.16359 	-0.13092 	0.00488 	-0.14614 	0.07059 	0.10562 	-0.06040 	-0.05760 	-0.04619 	0.05959 	0.00000 	0.15373 	-0.05394 	-0.04317 	0.00223 	-0.04819 	0.02327 	0.10363 	0.01499	0.03297
Replication40	 -1.52086	0.99812	0.97954 	0.98504 	0.98785 	0.98723 	0.98749 	0.99886 	0.97355 	0.97946 	0.98988 	0.97584 	0.99037 	0.99076 	-0.15716 	-0.13351 	-0.16685 	0.05140 	0.00000 	0.51701 	-0.14039 	-0.13423 	0.00330 	-0.12120 	0.21218 	0.07168 	-0.05174 	-0.04395 	-0.05493 	0.04620 	0.00000 	0.12085 	-0.04622 	-0.04419 	0.00140 	-0.03990 	0.06986 	0.07025 	0.00224	0.02761
Replication41	 -1.50081	0.99837	0.98357 	0.98792 	0.99074 	0.99028 	0.99263 	1.00035 	0.97603 	0.98080 	0.99235 	0.97650 	0.99554 	0.99271 	-0.14472 	-0.14306 	-0.15076 	0.04452 	0.05217 	0.44822 	-0.13262 	-0.16172 	0.00288 	-0.16813 	0.29319 	0.06442 	-0.04762 	-0.04708 	-0.04961 	0.04001 	0.01717 	0.10457 	-0.04364 	-0.05322 	0.00123 	-0.05533 	0.09648 	0.06318 	0.00440	0.02615
Replication42	 -1.48001	0.99817	0.98128 	0.98665 	0.98957 	0.98863 	0.98891 	0.99940 	0.97263 	0.97730 	0.99000 	0.97320 	0.99082 	0.99065 	-0.14457 	-0.12327 	-0.13066 	0.04834 	0.00000 	0.49626 	-0.12606 	-0.18326 	0.00326 	-0.15632 	0.25087 	0.07208 	-0.04759 	-0.04058 	-0.04301 	0.04328 	0.00000 	0.11090 	-0.04150 	-0.06033 	0.00141 	-0.05146 	0.08259 	0.07069 	0.00667	0.02438
Replication43	 -1.52289	0.99852	0.98341 	0.98795 	0.99165 	0.99002 	0.99059 	1.00085 	0.97977 	0.98505 	0.99505 	0.98147 	1.00213 	0.99503 	-0.14052 	-0.13853 	-0.13994 	0.04487 	0.00000 	0.41854 	-0.15913 	-0.15152 	0.00250 	-0.15480 	0.36445 	0.05579 	-0.04623 	-0.04557 	-0.04604 	0.04075 	0.00000 	0.10560 	-0.05235 	-0.04985 	0.00099 	-0.05092 	0.11990 	0.05466 	0.00170	0.03094
Replication44	 -1.49341	0.99797	0.97624 	0.98233 	0.98670 	0.98480 	0.98537 	0.99799 	0.97006 	0.97653 	0.98816 	0.97235 	0.98804 	0.98916 	-0.17177 	-0.16050 	-0.14981 	0.05681 	0.00000 	0.55848 	-0.14947 	-0.14502 	0.00358 	-0.13605 	0.22078 	0.07767 	-0.05657 	-0.05286 	-0.04934 	0.05118 	0.00000 	0.12953 	-0.04923 	-0.04776 	0.00152 	-0.04480 	0.07271 	0.07612 	0.00470	0.03050
Replication45	 -1.43925	0.99773	0.97546 	0.98045 	0.98458 	0.98367 	0.98467 	0.99674 	0.96146 	0.96994 	0.98430 	0.96412 	0.98100 	0.98562 	-0.15833 	-0.18368 	-0.15482 	0.05958 	0.01655 	0.61961 	-0.17221 	-0.14844 	0.00415 	-0.16714 	0.20393 	0.09081 	-0.05217 	-0.06052 	-0.05101 	0.05328 	0.00545 	0.13990 	-0.05674 	-0.04891 	0.00185 	-0.05507 	0.06719 	0.08908 	0.01000	0.03232
Replication46	 -1.46177	0.99795	0.97820 	0.98369 	0.98740 	0.98612 	0.98649 	0.99814 	0.96761 	0.97396 	0.98725 	0.96873 	0.98548 	0.98829 	-0.15288 	-0.14855 	-0.13297 	0.05400 	0.00000 	0.55570 	-0.13959 	-0.15556 	0.00369 	-0.16784 	0.21136 	0.08088 	-0.05035 	-0.04893 	-0.04379 	0.04833 	0.00000 	0.12358 	-0.04597 	-0.05123 	0.00162 	-0.05528 	0.06961 	0.07932 	0.00826	0.02691
Replication47	 -1.49303	0.99809	0.97850 	0.98403 	0.98811 	0.98652 	0.98800 	0.99876 	0.97212 	0.97760 	0.98945 	0.97368 	0.99039 	0.99023 	-0.16488 	-0.15963 	-0.14640 	0.05296 	0.02398 	0.52309 	-0.13905 	-0.16418 	0.00336 	-0.14174 	0.24376 	0.07367 	-0.05429 	-0.05256 	-0.04820 	0.04767 	0.00790 	0.12050 	-0.04578 	-0.05406 	0.00143 	-0.04667 	0.08026 	0.07222 	0.00495	0.02843
Replication48	 -1.41698	0.99761	0.97629 	0.98190 	0.98410 	0.98459 	0.98499 	0.99641 	0.95762 	0.96715 	0.98186 	0.96174 	0.97298 	0.98374 	-0.15489 	-0.14186 	-0.15767 	0.05775 	0.01306 	0.64077 	-0.16913 	-0.13625 	0.00449 	-0.12249 	0.08122 	0.09778 	-0.05105 	-0.04675 	-0.05196 	0.05114 	0.00431 	0.13770 	-0.05574 	-0.04490 	0.00208 	-0.04037 	0.02677 	0.09596 	0.01279	0.02718
Replication49	 -1.47159	0.99798	0.97654 	0.98169 	0.98694 	0.98472 	0.98636 	0.99802 	0.96773 	0.97559 	0.98814 	0.97003 	0.98871 	0.98901 	-0.16562 	-0.19130 	-0.14052 	0.05697 	0.02316 	0.55590 	-0.17308 	-0.13155 	0.00357 	-0.17470 	0.26561 	0.07822 	-0.05454 	-0.06300 	-0.04628 	0.05138 	0.00763 	0.13006 	-0.05700 	-0.04332 	0.00153 	-0.05753 	0.08747 	0.07668 	0.00665	0.03307
Replication50	 -1.43085	0.99766	0.97680 	0.98239 	0.98441 	0.98495 	0.98491 	0.99664 	0.96059 	0.96818 	0.98270 	0.96279 	0.97536 	0.98442 	-0.15178 	-0.13475 	-0.16067 	0.05691 	0.00237 	0.62935 	-0.14020 	-0.15181 	0.00437 	-0.14205 	0.10443 	0.09525 	-0.05002 	-0.04440 	-0.05295 	0.05043 	0.00078 	0.13587 	-0.04620 	-0.05003 	0.00200 	-0.04681 	0.03441 	0.09347 	0.01143	0.02656
Replication51	 -1.51323	0.99823	0.98049 	0.98557 	0.98943 	0.98785 	0.98837 	0.99949 	0.97500 	0.98072 	0.99140 	0.97726 	0.99368 	0.99201 	-0.14986 	-0.14686 	-0.14020 	0.04992 	0.00000 	0.48740 	-0.14794 	-0.14984 	0.00307 	-0.12772 	0.25800 	0.06706 	-0.04933 	-0.04834 	-0.04615 	0.04502 	0.00000 	0.11432 	-0.04870 	-0.04932 	0.00127 	-0.04204 	0.08492 	0.06571 	0.00303	0.02737
Replication52	 -1.47083	0.99789	0.97828 	0.98371 	0.98659 	0.98616 	0.98657 	0.99785 	0.96536 	0.97380 	0.98626 	0.96957 	0.98195 	0.98763 	-0.15292 	-0.14147 	-0.15037 	0.05400 	0.00620 	0.56987 	-0.16949 	-0.13232 	0.00384 	-0.10735 	0.14414 	0.08333 	-0.05037 	-0.04660 	-0.04953 	0.04817 	0.00204 	0.12592 	-0.05583 	-0.04358 	0.00170 	-0.03536 	0.04748 	0.08173 	0.00745	0.02577
Replication53	 -1.48302	0.99795	0.98017 	0.98418 	0.98692 	0.98706 	0.98758 	0.99814 	0.96900 	0.97472 	0.98699 	0.96957 	0.98377 	0.98824 	-0.13326 	-0.15497 	-0.15750 	0.05201 	0.01117 	0.55598 	-0.11676 	-0.13491 	0.00372 	-0.15817 	0.15794 	0.08107 	-0.04389 	-0.05104 	-0.05187 	0.04633 	0.00368 	0.12347 	-0.03846 	-0.04443 	0.00165 	-0.05209 	0.05202 	0.07951 	0.00631	0.02487
Replication54	 -1.45982	0.99807	0.98264 	0.98626 	0.98849 	0.98903 	0.99048 	0.99892 	0.96773 	0.97421 	0.98795 	0.96948 	0.98620 	0.98886 	-0.12577 	-0.14683 	-0.14870 	0.04760 	0.03676 	0.52054 	-0.14783 	-0.17195 	0.00355 	-0.15457 	0.21725 	0.07873 	-0.04141 	-0.04835 	-0.04896 	0.04226 	0.01210 	0.11390 	-0.04868 	-0.05662 	0.00160 	-0.05089 	0.07153 	0.07726 	0.00877	0.02374
Replication55	 -1.52860	0.99834	0.98100 	0.98605 	0.98895 	0.98840 	0.99020 	0.99977 	0.97730 	0.98245 	0.99264 	0.97842 	0.99813 	0.99294 	-0.16358 	-0.14689 	-0.18484 	0.04859 	0.03668 	0.46848 	-0.14637 	-0.14451 	0.00287 	-0.16192 	0.32880 	0.06359 	-0.05383 	-0.04834 	-0.06083 	0.04398 	0.01207 	0.11750 	-0.04817 	-0.04756 	0.00118 	-0.05329 	0.10821 	0.06232 	0.00090	0.03325
Replication56	 -1.50149	0.99805	0.98030 	0.98497 	0.98716 	0.98749 	0.98813 	0.99854 	0.97044 	0.97680 	0.98857 	0.97302 	0.98839 	0.98949 	-0.14604 	-0.13977 	-0.17725 	0.05093 	0.01496 	0.53327 	-0.15061 	-0.15499 	0.00349 	-0.12561 	0.21939 	0.07640 	-0.04809 	-0.04602 	-0.05836 	0.04554 	0.00493 	0.12298 	-0.04959 	-0.05104 	0.00152 	-0.04136 	0.07224 	0.07492 	0.00418	0.02766
Replication57	 -1.43599	0.99779	0.97751 	0.98259 	0.98583 	0.98538 	0.98602 	0.99731 	0.96227 	0.97035 	0.98473 	0.96426 	0.98021 	0.98608 	-0.14917 	-0.15689 	-0.14380 	0.05582 	0.01184 	0.59600 	-0.15736 	-0.14172 	0.00407 	-0.17240 	0.17531 	0.08909 	-0.04914 	-0.05169 	-0.04738 	0.04971 	0.00390 	0.13080 	-0.05184 	-0.04669 	0.00183 	-0.05680 	0.05776 	0.08741 	0.01078	0.02787
Replication58	 -1.51414	0.99845	0.98440 	0.98861 	0.99213 	0.99069 	0.99117 	1.00084 	0.97858 	0.98339 	0.99390 	0.97988 	0.99774 	0.99418 	-0.12788 	-0.13323 	-0.12007 	0.04353 	0.00000 	0.42527 	-0.13756 	-0.15569 	0.00266 	-0.14262 	0.28989 	0.05896 	-0.04207 	-0.04384 	-0.03950 	0.03925 	0.00000 	0.09938 	-0.04526 	-0.05122 	0.00110 	-0.04692 	0.09538 	0.05778 	0.00327	0.02407
Replication59	 -1.53334	0.99847	0.98499 	0.98858 	0.99151 	0.99084 	0.99119 	1.00079 	0.97969 	0.98455 	0.99422 	0.98112 	0.99877 	0.99448 	-0.12180 	-0.13571 	-0.14480 	0.04317 	0.00019 	0.42496 	-0.13854 	-0.14151 	0.00262 	-0.13937 	0.29413 	0.05782 	-0.04007 	-0.04465 	-0.04764 	0.03893 	0.00006 	0.10272 	-0.04558 	-0.04656 	0.00107 	-0.04585 	0.09677 	0.05666 	0.00116	0.02587
Replication60	 -1.41183	0.99745	0.97141 	0.97905 	0.98218 	0.98149 	0.98161 	0.99535 	0.95731 	0.96558 	0.98035 	0.95943 	0.97122 	0.98240 	-0.19041 	-0.14407 	-0.16098 	0.06462 	0.00000 	0.68823 	-0.13971 	-0.13376 	0.00475 	-0.15197 	0.07336 	0.10280 	-0.06277 	-0.04750 	-0.05307 	0.05756 	0.00000 	0.15063 	-0.04606 	-0.04410 	0.00217 	-0.05010 	0.02418 	0.10086 	0.01285	0.03179
Replication61	 -1.47852	0.99825	0.98209 	0.98708 	0.99020 	0.98912 	0.98946 	0.99975 	0.97118 	0.97858 	0.99097 	0.97371 	0.99274 	0.99148 	-0.13936 	-0.12782 	-0.12699 	0.04715 	0.00000 	0.47752 	-0.17491 	-0.14600 	0.00310 	-0.16309 	0.28801 	0.06899 	-0.04587 	-0.04207 	-0.04180 	0.04232 	0.00000 	0.10950 	-0.05757 	-0.04805 	0.00134 	-0.05368 	0.09480 	0.06767 	0.00660	0.02657
Replication62	 -1.52139	0.99836	0.98152 	0.98651 	0.99038 	0.98878 	0.99028 	1.00014 	0.97734 	0.98288 	0.99302 	0.97912 	0.99713 	0.99340 	-0.15508 	-0.15001 	-0.14578 	0.04775 	0.02342 	0.45500 	-0.14887 	-0.13972 	0.00281 	-0.14448 	0.29517 	0.06188 	-0.05103 	-0.04937 	-0.04797 	0.04321 	0.00771 	0.10980 	-0.04899 	-0.04598 	0.00115 	-0.04754 	0.09713 	0.06063 	0.00207	0.02875
Replication63	 -1.44348	0.99770	0.97679 	0.98207 	0.98492 	0.98481 	0.98486 	0.99685 	0.96247 	0.96978 	0.98359 	0.96458 	0.97692 	0.98525 	-0.14949 	-0.14960 	-0.15128 	0.05717 	0.00000 	0.61884 	-0.13624 	-0.14424 	0.00424 	-0.13863 	0.10724 	0.09217 	-0.04926 	-0.04930 	-0.04985 	0.05081 	0.00000 	0.13428 	-0.04489 	-0.04753 	0.00192 	-0.04568 	0.03534 	0.09043 	0.01017	0.02626
Replication64	 -1.49742	0.99798	0.97736 	0.98313 	0.98670 	0.98556 	0.98594 	0.99809 	0.97099 	0.97634 	0.98813 	0.97273 	0.98803 	0.98911 	-0.16414 	-0.14992 	-0.15960 	0.05518 	0.00000 	0.55460 	-0.13334 	-0.16678 	0.00358 	-0.12802 	0.21506 	0.07784 	-0.05406 	-0.04937 	-0.05256 	0.04958 	0.00000 	0.12779 	-0.04391 	-0.05493 	0.00153 	-0.04216 	0.07082 	0.07630 	0.00445	0.02903
Replication65	 -1.36943	0.99728	0.97081 	0.97768 	0.98104 	0.98061 	0.98066 	0.99453 	0.95335 	0.96111 	0.97779 	0.95459 	0.96640 	0.98007 	-0.17757 	-0.16145 	-0.15179 	0.06674 	0.00000 	0.72934 	-0.12556 	-0.16352 	0.00513 	-0.16378 	0.04817 	0.11147 	-0.05856 	-0.05324 	-0.05006 	0.05922 	0.00000 	0.15663 	-0.04141 	-0.05393 	0.00238 	-0.05401 	0.01588 	0.10940 	0.01718	0.03231
Replication66	 -1.42838	0.99769	0.97535 	0.98123 	0.98535 	0.98412 	0.98596 	0.99689 	0.96162 	0.96932 	0.98340 	0.96474 	0.97590 	0.98512 	-0.16949 	-0.17213 	-0.13375 	0.05866 	0.03713 	0.61890 	-0.14510 	-0.15535 	0.00427 	-0.11480 	0.09074 	0.09266 	-0.05585 	-0.05672 	-0.04407 	0.05227 	0.01223 	0.13219 	-0.04781 	-0.05119 	0.00194 	-0.03783 	0.02990 	0.09091 	0.01174	0.02596
Replication67	 -1.41024	0.99773	0.97519 	0.98254 	0.98585 	0.98470 	0.98643 	0.99713 	0.95920 	0.96879 	0.98344 	0.96232 	0.97572 	0.98511 	-0.18558 	-0.13713 	-0.13045 	0.05736 	0.03687 	0.60764 	-0.16841 	-0.11849 	0.00425 	-0.15875 	0.11349 	0.09270 	-0.06115 	-0.04518 	-0.04298 	0.05108 	0.01215 	0.12962 	-0.05549 	-0.03904 	0.00195 	-0.05231 	0.03739 	0.09097 	0.01349	0.02702
Replication68	 -1.45757	0.99784	0.97760 	0.98241 	0.98644 	0.98530 	0.98575 	0.99759 	0.96546 	0.97252 	0.98589 	0.96812 	0.98228 	0.98717 	-0.14571 	-0.16790 	-0.13452 	0.05592 	0.00216 	0.58289 	-0.15011 	-0.16115 	0.00391 	-0.12972 	0.16794 	0.08504 	-0.04800 	-0.05531 	-0.04431 	0.04995 	0.00071 	0.12820 	-0.04945 	-0.05309 	0.00172 	-0.04273 	0.05532 	0.08340 	0.00873	0.02641
Replication69	 -1.50629	0.99804	0.97754 	0.98307 	0.98696 	0.98560 	0.98606 	0.99830 	0.97141 	0.97788 	0.98909 	0.97420 	0.99035 	0.98994 	-0.16366 	-0.15781 	-0.16219 	0.05501 	0.00000 	0.54206 	-0.15772 	-0.14977 	0.00343 	-0.12597 	0.24519 	0.07476 	-0.05389 	-0.05197 	-0.05341 	0.04957 	0.00000 	0.12812 	-0.05193 	-0.04932 	0.00145 	-0.04148 	0.08074 	0.07327 	0.00334	0.03115
Replication70	 -1.39805	0.99747	0.97392 	0.97975 	0.98262 	0.98274 	0.98323 	0.99554 	0.95573 	0.96457 	0.98008 	0.95806 	0.97027 	0.98213 	-0.16298 	-0.15995 	-0.15808 	0.06193 	0.01304 	0.68105 	-0.14799 	-0.13599 	0.00477 	-0.15849 	0.07334 	0.10379 	-0.05373 	-0.05273 	-0.05211 	0.05492 	0.00430 	0.14705 	-0.04879 	-0.04483 	0.00221 	-0.05225 	0.02418 	0.10186 	0.01444	0.03008
Replication71	 -1.47279	0.99798	0.98033 	0.98358 	0.98703 	0.98679 	0.98716 	0.99816 	0.96645 	0.97459 	0.98755 	0.97004 	0.98661 	0.98852 	-0.12331 	-0.17390 	-0.15150 	0.05253 	0.00380 	0.55232 	-0.18004 	-0.15097 	0.00364 	-0.13756 	0.23196 	0.08002 	-0.04061 	-0.05727 	-0.04989 	0.04693 	0.00125 	0.12587 	-0.05929 	-0.04972 	0.00160 	-0.04530 	0.07639 	0.07848 	0.00699	0.02844
Replication72	 -1.45840	0.99791	0.98148 	0.98534 	0.98724 	0.98799 	0.98785 	0.99813 	0.96676 	0.97243 	0.98595 	0.96772 	0.98094 	0.98730 	-0.11901 	-0.13442 	-0.14591 	0.05005 	0.00000 	0.56010 	-0.11587 	-0.16306 	0.00386 	-0.14287 	0.13172 	0.08454 	-0.03920 	-0.04427 	-0.04806 	0.04427 	0.00000 	0.11964 	-0.03816 	-0.05371 	0.00175 	-0.04706 	0.04338 	0.08295 	0.00913	0.02153
Replication73	 -1.35242	0.99748	0.97724 	0.98260 	0.98371 	0.98517 	0.98470 	0.99590 	0.95272 	0.96155 	0.97901 	0.95406 	0.96662 	0.98114 	-0.13582 	-0.12013 	-0.14038 	0.05671 	0.00000 	0.66950 	-0.13768 	-0.14890 	0.00489 	-0.18363 	0.04764 	0.10742 	-0.04478 	-0.03960 	-0.04628 	0.04973 	0.00000 	0.13820 	-0.04539 	-0.04909 	0.00234 	-0.06053 	0.01570 	0.10550 	0.01961	0.02581
Replication74	 0.00137	0.99734	0.97475 	0.98107 	0.98222 	0.98356 	0.98309 	0.99508 	0.94863 	0.95864 	0.97714 	0.95112 	0.96376 	0.97942 	-0.15257 	-0.11873 	-0.14572 	0.06034 	0.00000 	0.70744 	-0.15881 	-0.15883 	0.00518 	-0.17616 	0.04595 	0.11384 	-0.05031 	-0.03915 	-0.04805 	0.05299 	0.00000 	0.14723 	-0.05237 	-0.05237 	0.00249 	-0.05809 	0.01515 	0.11182 	0.02192	0.02933
Replication75	 -1.49855	0.99825	0.98134 	0.98709 	0.98994 	0.98886 	0.98919 	0.99973 	0.97312 	0.97979 	0.99114 	0.97558 	0.99252 	0.99176 	-0.15234 	-0.11677 	-0.13739 	0.04771 	0.00000 	0.47848 	-0.15927 	-0.14000 	0.00308 	-0.14199 	0.25519 	0.06794 	-0.05014 	-0.03843 	-0.04522 	0.04287 	0.00000 	0.10995 	-0.05242 	-0.04608 	0.00132 	-0.04674 	0.08400 	0.06661 	0.00467	0.02572
Replication76	 -1.45484	0.99792	0.97815 	0.98409 	0.98702 	0.98642 	0.98779 	0.99805 	0.96608 	0.97273 	0.98647 	0.96838 	0.98364 	0.98760 	-0.16431 	-0.13991 	-0.14745 	0.05340 	0.02918 	0.56121 	-0.14818 	-0.17521 	0.00380 	-0.13672 	0.18982 	0.08342 	-0.05412 	-0.04608 	-0.04857 	0.04765 	0.00961 	0.12302 	-0.04880 	-0.05771 	0.00169 	-0.04503 	0.06252 	0.08184 	0.00905	0.02602
Replication77	 -1.52130	0.99833	0.98137 	0.98609 	0.98973 	0.98849 	0.98982 	0.99989 	0.97639 	0.98244 	0.99264 	0.97798 	0.99692 	0.99303 	-0.15235 	-0.15288 	-0.15697 	0.04840 	0.02093 	0.46510 	-0.15459 	-0.12587 	0.00287 	-0.16250 	0.30650 	0.06325 	-0.05014 	-0.05031 	-0.05166 	0.04378 	0.00689 	0.11383 	-0.05087 	-0.04142 	0.00118 	-0.05348 	0.10087 	0.06198 	0.00189	0.03065
Replication78	 -1.50320	0.99815	0.98129 	0.98526 	0.98853 	0.98797 	0.98851 	0.99909 	0.97266 	0.97852 	0.99008 	0.97489 	0.99142 	0.99078 	-0.13385 	-0.15567 	-0.15323 	0.04978 	0.00636 	0.50745 	-0.14873 	-0.16158 	0.00326 	-0.13118 	0.24986 	0.07160 	-0.04407 	-0.05125 	-0.05045 	0.04466 	0.00209 	0.11763 	-0.04896 	-0.05320 	0.00139 	-0.04319 	0.08226 	0.07019 	0.00406	0.02711
Replication79	 -1.49849	0.99812	0.98091 	0.98533 	0.98899 	0.98794 	0.98904 	0.99910 	0.97081 	0.97861 	0.98931 	0.97392 	0.98662 	0.99045 	-0.14039 	-0.15622 	-0.13375 	0.04987 	0.01798 	0.51047 	-0.15443 	-0.09536 	0.00337 	-0.12544 	0.15595 	0.07284 	-0.04622 	-0.05143 	-0.04403 	0.04466 	0.00592 	0.11381 	-0.05084 	-0.03140 	0.00146 	-0.04130 	0.05135 	0.07141 	0.00491	0.02338
Replication80	 -1.46429	0.99793	0.97615 	0.98277 	0.98694 	0.98499 	0.98552 	0.99792 	0.96811 	0.97408 	0.98727 	0.96928 	0.98632 	0.98826 	-0.17377 	-0.14737 	-0.13496 	0.05646 	0.00000 	0.56476 	-0.13891 	-0.16707 	0.00370 	-0.16136 	0.22529 	0.08101 	-0.05723 	-0.04854 	-0.04445 	0.05071 	0.00000 	0.12731 	-0.04575 	-0.05503 	0.00160 	-0.05315 	0.07420 	0.07943 	0.00778	0.02911
Replication81	 -1.48660	0.99806	0.97999 	0.98479 	0.98761 	0.98728 	0.98773 	0.99859 	0.97036 	0.97621 	0.98863 	0.97122 	0.98881 	0.98947 	-0.14502 	-0.14350 	-0.15835 	0.05138 	0.00660 	0.53174 	-0.13732 	-0.15133 	0.00348 	-0.16991 	0.24142 	0.07647 	-0.04775 	-0.04725 	-0.05214 	0.04600 	0.00217 	0.12196 	-0.04522 	-0.04983 	0.00151 	-0.05595 	0.07950 	0.07499 	0.00564	0.02798
Replication82	 -1.50410	0.99803	0.97503 	0.98211 	0.98700 	0.98431 	0.98508 	0.99822 	0.97360 	0.97836 	0.98944 	0.97386 	0.99158 	0.99021 	-0.19055 	-0.15812 	-0.15062 	0.05778 	0.00000 	0.54485 	-0.12358 	-0.14731 	0.00339 	-0.16638 	0.26012 	0.07376 	-0.06275 	-0.05207 	-0.04960 	0.05233 	0.00000 	0.13005 	-0.04069 	-0.04851 	0.00140 	-0.05479 	0.08565 	0.07226 	0.00335	0.03330
Replication83	 -1.37261	0.99755	0.97776 	0.98283 	0.98460 	0.98548 	0.98519 	0.99631 	0.95477 	0.96381 	0.98021 	0.95823 	0.96820 	0.98231 	-0.13278 	-0.12984 	-0.13013 	0.05594 	0.00000 	0.65056 	-0.15170 	-0.16085 	0.00472 	-0.12369 	0.03243 	0.10309 	-0.04376 	-0.04280 	-0.04289 	0.04915 	0.00000 	0.13334 	-0.05000 	-0.05302 	0.00223 	-0.04077 	0.01069 	0.10122 	0.01774	0.02339
Replication84	 -1.47528	0.99805	0.98067 	0.98550 	0.98843 	0.98789 	0.98849 	0.99877 	0.96914 	0.97566 	0.98814 	0.97080 	0.98564 	0.98921 	-0.14038 	-0.13853 	-0.13624 	0.05009 	0.00996 	0.52758 	-0.13838 	-0.14046 	0.00354 	-0.14853 	0.18115 	0.07743 	-0.04622 	-0.04561 	-0.04486 	0.04468 	0.00328 	0.11574 	-0.04556 	-0.04625 	0.00156 	-0.04891 	0.05965 	0.07594 	0.00724	0.02343
Replication85	 -1.42927	0.99784	0.97870 	0.98361 	0.98675 	0.98623 	0.98638 	0.99765 	0.96174 	0.97055 	0.98509 	0.96470 	0.98011 	0.98642 	-0.13882 	-0.14669 	-0.12804 	0.05393 	0.00000 	0.58185 	-0.17114 	-0.14186 	0.00400 	-0.15879 	0.16942 	0.08781 	-0.04573 	-0.04832 	-0.04218 	0.04794 	0.00000 	0.12564 	-0.05638 	-0.04673 	0.00181 	-0.05231 	0.05581 	0.08616 	0.01168	0.02572
Replication86	 -1.46492	0.99782	0.97589 	0.98171 	0.98525 	0.98435 	0.98464 	0.99722 	0.96523 	0.97245 	0.98579 	0.96761 	0.98396 	0.98696 	-0.16512 	-0.15645 	-0.16079 	0.05799 	0.00000 	0.59599 	-0.15826 	-0.15819 	0.00393 	-0.15003 	0.21259 	0.08584 	-0.05439 	-0.05154 	-0.05297 	0.05195 	0.00000 	0.13592 	-0.05214 	-0.05211 	0.00172 	-0.04943 	0.07003 	0.08418 	0.00751	0.03122
Replication87	 -1.47262	0.99778	0.97435 	0.98078 	0.98476 	0.98345 	0.98444 	0.99700 	0.96595 	0.97277 	0.98553 	0.96826 	0.98318 	0.98682 	-0.18189 	-0.16491 	-0.16566 	0.05997 	0.01458 	0.60598 	-0.14786 	-0.15349 	0.00398 	-0.13776 	0.18737 	0.08637 	-0.05992 	-0.05433 	-0.05458 	0.05383 	0.00480 	0.13852 	-0.04871 	-0.05057 	0.00173 	-0.04539 	0.06173 	0.08468 	0.00667	0.03180
Replication88	 -1.50269	0.99822	0.98007 	0.98557 	0.98939 	0.98771 	0.98823 	0.99945 	0.97505 	0.97982 	0.99130 	0.97655 	0.99450 	0.99178 	-0.15555 	-0.14114 	-0.13923 	0.05023 	0.00000 	0.48937 	-0.13953 	-0.18049 	0.00308 	-0.13691 	0.28627 	0.06788 	-0.05120 	-0.04646 	-0.04583 	0.04531 	0.00000 	0.11485 	-0.04593 	-0.05941 	0.00128 	-0.04507 	0.09423 	0.06653 	0.00399	0.02831
Replication89	 -1.51746	0.99862	0.98217 	0.98845 	0.99178 	0.98985 	0.99048 	1.00122 	0.98493 	0.98897 	0.99678 	0.98563 	1.00539 	0.99670 	-0.17103 	-0.11436 	-0.16003 	0.04510 	0.00000 	0.39702 	-0.13474 	-0.12320 	0.00224 	-0.15387 	0.36126 	0.04960 	-0.05625 	-0.03761 	-0.05263 	0.04128 	0.00000 	0.10588 	-0.04432 	-0.04052 	0.00084 	-0.05061 	0.11882 	0.04855 	0.00200	0.03342
Replication90	 -1.49099	0.99814	0.98031 	0.98541 	0.98881 	0.98769 	0.98806 	0.99909 	0.97225 	0.97788 	0.98989 	0.97344 	0.99088 	0.99060 	-0.14684 	-0.14064 	-0.14001 	0.05038 	0.00000 	0.50858 	-0.13924 	-0.15641 	0.00329 	-0.15738 	0.25130 	0.07229 	-0.04834 	-0.04630 	-0.04609 	0.04523 	0.00000 	0.11646 	-0.04584 	-0.05149 	0.00141 	-0.05181 	0.08273 	0.07088 	0.00532	0.02683
Replication91	 -1.45509	0.99777	0.97778 	0.98272 	0.98514 	0.98545 	0.98543 	0.99715 	0.96367 	0.97079 	0.98463 	0.96610 	0.98032 	0.98602 	-0.14511 	-0.14554 	-0.16439 	0.05569 	0.00000 	0.60280 	-0.14783 	-0.16335 	0.00409 	-0.13658 	0.15980 	0.08931 	-0.04781 	-0.04795 	-0.05416 	0.04952 	0.00000 	0.13327 	-0.04871 	-0.05382 	0.00183 	-0.04500 	0.05265 	0.08761 	0.00888	0.02744
Replication92	 -1.40238	0.99764	0.97410 	0.98081 	0.98474 	0.98331 	0.98364 	0.99647 	0.95805 	0.96698 	0.98274 	0.96125 	0.97687 	0.98425 	-0.17168 	-0.15207 	-0.12805 	0.06048 	0.00000 	0.63682 	-0.17511 	-0.16715 	0.00438 	-0.15547 	0.16598 	0.09589 	-0.05658 	-0.05012 	-0.04220 	0.05393 	0.00000 	0.13815 	-0.05771 	-0.05509 	0.00198 	-0.05124 	0.05470 	0.09409 	0.01401	0.02993
Replication93	 -1.45609	0.99777	0.97662 	0.98150 	0.98507 	0.98449 	0.98472 	0.99704 	0.96369 	0.97132 	0.98496 	0.96622 	0.98158 	0.98629 	-0.14966 	-0.16773 	-0.15585 	0.05776 	0.00000 	0.60625 	-0.15793 	-0.15165 	0.00405 	-0.14856 	0.18354 	0.08834 	-0.04931 	-0.05526 	-0.05135 	0.05159 	0.00000 	0.13610 	-0.05203 	-0.04996 	0.00179 	-0.04895 	0.06047 	0.08664 	0.00855	0.02974
Replication94	 -1.46955	0.99794	0.97560 	0.98254 	0.98664 	0.98469 	0.98522 	0.99787 	0.96850 	0.97454 	0.98753 	0.96952 	0.98756 	0.98845 	-0.18107 	-0.14520 	-0.14448 	0.05709 	0.00000 	0.56503 	-0.14240 	-0.16190 	0.00367 	-0.17120 	0.24718 	0.08031 	-0.05964 	-0.04782 	-0.04759 	0.05138 	0.00000 	0.12983 	-0.04690 	-0.05332 	0.00158 	-0.05639 	0.08141 	0.07874 	0.00703	0.03128
Replication95	 -1.43534	0.99771	0.97667 	0.98162 	0.98496 	0.98458 	0.98495 	0.99684 	0.96166 	0.96937 	0.98374 	0.96351 	0.97821 	0.98526 	-0.14781 	-0.16342 	-0.14777 	0.05765 	0.00542 	0.61837 	-0.14714 	-0.14526 	0.00422 	-0.16329 	0.14772 	0.09213 	-0.04870 	-0.05385 	-0.04869 	0.05130 	0.00179 	0.13540 	-0.04848 	-0.04786 	0.00190 	-0.05380 	0.04867 	0.09039 	0.01082	0.02806
Replication96	 -1.44742	0.99796	0.98133 	0.98582 	0.98776 	0.98840 	0.99004 	0.99844 	0.96417 	0.97261 	0.98618 	0.96742 	0.98064 	0.98752 	-0.13844 	-0.13698 	-0.14706 	0.04912 	0.04372 	0.54557 	-0.16195 	-0.13327 	0.00381 	-0.13487 	0.13681 	0.08369 	-0.04559 	-0.04511 	-0.04843 	0.04348 	0.01440 	0.11632 	-0.05334 	-0.04389 	0.00175 	-0.04442 	0.04506 	0.08215 	0.01016	0.02237
Replication97	 -1.51803	0.99833	0.98171 	0.98608 	0.99033 	0.98868 	0.99055 	1.00003 	0.97710 	0.98222 	0.99255 	0.97847 	0.99578 	0.99302 	-0.14809 	-0.16581 	-0.14039 	0.04801 	0.03194 	0.46175 	-0.13788 	-0.14391 	0.00288 	-0.14363 	0.27439 	0.06329 	-0.04873 	-0.05457 	-0.04620 	0.04338 	0.01051 	0.10945 	-0.04538 	-0.04736 	0.00119 	-0.04727 	0.09030 	0.06202 	0.00255	0.02734
Replication98	 -1.49659	0.99802	0.97977 	0.98423 	0.98716 	0.98704 	0.98847 	0.99843 	0.96993 	0.97646 	0.98813 	0.97223 	0.98668 	0.98920 	-0.14861 	-0.15927 	-0.16800 	0.05194 	0.03128 	0.53995 	-0.14401 	-0.13901 	0.00355 	-0.13119 	0.19061 	0.07751 	-0.04894 	-0.05245 	-0.05532 	0.04646 	0.01030 	0.12289 	-0.04742 	-0.04578 	0.00155 	-0.04320 	0.06277 	0.07600 	0.00475	0.02686
Replication99	 -1.45314	0.99790	0.97984 	0.98427 	0.98742 	0.98700 	0.98762 	0.99809 	0.96734 	0.97238 	0.98619 	0.96811 	0.98206 	0.98744 	-0.13449 	-0.15210 	-0.13175 	0.05219 	0.01146 	0.56228 	-0.11296 	-0.18444 	0.00384 	-0.13986 	0.15136 	0.08404 	-0.04430 	-0.05010 	-0.04339 	0.04638 	0.00378 	0.12008 	-0.03721 	-0.06075 	0.00172 	-0.04607 	0.04986 	0.08244 	0.00958	0.02244
Replication100	 -1.38110	0.99743	0.97243 	0.97946 	0.98224 	0.98203 	0.98202 	0.99528 	0.95372 	0.96298 	0.97959 	0.95670 	0.97063 	0.98152 	-0.17674 	-0.14296 	-0.15458 	0.06350 	0.00000 	0.69295 	-0.16615 	-0.16289 	0.00485 	-0.15804 	0.11001 	0.10604 	-0.05827 	-0.04713 	-0.05096 	0.05637 	0.00000 	0.15003 	-0.05478 	-0.05370 	0.00224 	-0.05210 	0.03627 	0.10408 	0.01600	0.03204
Replication101	 -1.49444	0.99796	0.97603 	0.98250 	0.98677 	0.98482 	0.98538 	0.99800 	0.97027 	0.97661 	0.98801 	0.97213 	0.98700 	0.98910 	-0.17637 	-0.15343 	-0.14742 	0.05679 	0.00000 	0.55901 	-0.13958 	-0.13220 	0.00360 	-0.14061 	0.19701 	0.07789 	-0.05809 	-0.05053 	-0.04855 	0.05114 	0.00000 	0.12854 	-0.04597 	-0.04354 	0.00153 	-0.04631 	0.06488 	0.07634 	0.00471	0.02946
Replication102	 -1.48491	0.99810	0.97814 	0.98330 	0.98848 	0.98596 	0.98672 	0.99876 	0.97131 	0.97801 	0.98988 	0.97290 	0.99156 	0.99057 	-0.15593 	-0.17383 	-0.12505 	0.05414 	0.00000 	0.52192 	-0.15704 	-0.13674 	0.00331 	-0.17221 	0.27460 	0.07241 	-0.05134 	-0.05723 	-0.04117 	0.04889 	0.00000 	0.12203 	-0.05171 	-0.04502 	0.00139 	-0.05670 	0.09041 	0.07097 	0.00556	0.03051
Replication103	 -1.46147	0.99790	0.97930 	0.98315 	0.98640 	0.98622 	0.98652 	0.99779 	0.96563 	0.97278 	0.98651 	0.96825 	0.98492 	0.98755 	-0.13126 	-0.16675 	-0.15308 	0.05386 	0.00340 	0.57104 	-0.16208 	-0.17247 	0.00380 	-0.14445 	0.22251 	0.08362 	-0.04323 	-0.05492 	-0.05042 	0.04805 	0.00112 	0.12847 	-0.05338 	-0.05681 	0.00168 	-0.04758 	0.07329 	0.08202 	0.00815	0.02828
Replication104	 -1.45478	0.99781	0.97800 	0.98318 	0.98530 	0.98575 	0.98568 	0.99728 	0.96260 	0.97127 	0.98487 	0.96565 	0.98050 	0.98626 	-0.14770 	-0.13700 	-0.16689 	0.05502 	0.00000 	0.59571 	-0.16860 	-0.12993 	0.00404 	-0.15180 	0.16755 	0.08841 	-0.04866 	-0.04513 	-0.05498 	0.04894 	0.00000 	0.13283 	-0.05554 	-0.04280 	0.00182 	-0.05001 	0.05520 	0.08674 	0.00881	0.02840
Replication105	 -1.46213	0.99785	0.97632 	0.98222 	0.98588 	0.98486 	0.98610 	0.99751 	0.96675 	0.97262 	0.98608 	0.96755 	0.98400 	0.98723 	-0.17004 	-0.15973 	-0.15554 	0.05685 	0.02260 	0.58385 	-0.13086 	-0.16509 	0.00388 	-0.16568 	0.20290 	0.08484 	-0.05601 	-0.05262 	-0.05124 	0.05091 	0.00744 	0.13128 	-0.04311 	-0.05438 	0.00170 	-0.05458 	0.06684 	0.08320 	0.00797	0.02945
Replication106	 -1.50083	0.99820	0.97841 	0.98525 	0.98879 	0.98698 	0.98750 	0.99922 	0.97313 	0.97969 	0.99100 	0.97573 	0.99414 	0.99152 	-0.17724 	-0.12529 	-0.14871 	0.05183 	0.00000 	0.49827 	-0.16704 	-0.15129 	0.00313 	-0.14376 	0.29513 	0.06886 	-0.05834 	-0.04124 	-0.04895 	0.04684 	0.00000 	0.11894 	-0.05498 	-0.04980 	0.00131 	-0.04732 	0.09715 	0.06749 	0.00390	0.03109
Replication107	 -1.40573	0.99762	0.97546 	0.98132 	0.98397 	0.98407 	0.98486 	0.99637 	0.95777 	0.96612 	0.98225 	0.96047 	0.97665 	0.98375 	-0.16309 	-0.15048 	-0.15943 	0.05885 	0.02000 	0.64091 	-0.16776 	-0.18157 	0.00444 	-0.16018 	0.17414 	0.09776 	-0.05375 	-0.04959 	-0.05254 	0.05227 	0.00659 	0.14001 	-0.05529 	-0.05984 	0.00203 	-0.05279 	0.05739 	0.09595 	0.01361	0.03047
Replication108	 -1.43269	0.99765	0.97547 	0.98047 	0.98407 	0.98358 	0.98377 	0.99642 	0.96090 	0.96853 	0.98326 	0.96253 	0.97855 	0.98474 	-0.15161 	-0.17175 	-0.15511 	0.05986 	0.00000 	0.63620 	-0.15015 	-0.15413 	0.00431 	-0.17354 	0.17263 	0.09409 	-0.04996 	-0.05660 	-0.05111 	0.05336 	0.00000 	0.14153 	-0.04948 	-0.05079 	0.00193 	-0.05719 	0.05689 	0.09231 	0.01081	0.03089
Replication109	 -1.52025	0.99825	0.98429 	0.98782 	0.98902 	0.99017 	0.99001 	0.99964 	0.97410 	0.98003 	0.99086 	0.97599 	0.99206 	0.99155 	-0.11843 	-0.11967 	-0.17656 	0.04492 	0.00000 	0.48108 	-0.14329 	-0.13655 	0.00312 	-0.13907 	0.23826 	0.06873 	-0.03898 	-0.03939 	-0.05811 	0.04008 	0.00000 	0.11236 	-0.04716 	-0.04495 	0.00135 	-0.04578 	0.07842 	0.06740 	0.00254	0.02524
Replication110	 -1.51594	0.99828	0.98165 	0.98641 	0.98967 	0.98864 	0.98903 	0.99974 	0.97600 	0.98120 	0.99197 	0.97755 	0.99535 	0.99243 	-0.14355 	-0.13884 	-0.14952 	0.04815 	0.00000 	0.47458 	-0.14262 	-0.15561 	0.00297 	-0.14275 	0.28441 	0.06547 	-0.04725 	-0.04570 	-0.04921 	0.04340 	0.00000 	0.11286 	-0.04694 	-0.05121 	0.00124 	-0.04698 	0.09361 	0.06417 	0.00269	0.02798
Replication111	 -1.48275	0.99798	0.97715 	0.98292 	0.98734 	0.98541 	0.98598 	0.99819 	0.96924 	0.97606 	0.98815 	0.97185 	0.98744 	0.98915 	-0.16324 	-0.15991 	-0.13630 	0.05549 	0.00000 	0.55099 	-0.15508 	-0.14896 	0.00357 	-0.13402 	0.21573 	0.07769 	-0.05376 	-0.05266 	-0.04489 	0.04991 	0.00000 	0.12551 	-0.05107 	-0.04906 	0.00153 	-0.04414 	0.07105 	0.07616 	0.00597	0.02858
Replication112	 -1.46439	0.99784	0.97597 	0.98201 	0.98537 	0.98452 	0.98480 	0.99732 	0.96497 	0.97269 	0.98601 	0.96754 	0.98448 	0.98714 	-0.16779 	-0.15034 	-0.16233 	0.05760 	0.00000 	0.59096 	-0.16672 	-0.14971 	0.00389 	-0.15672 	0.22349 	0.08518 	-0.05527 	-0.04953 	-0.05348 	0.05161 	0.00000 	0.13547 	-0.05492 	-0.04932 	0.00171 	-0.05163 	0.07362 	0.08353 	0.00750	0.03181
Replication113	 -1.51334	0.99813	0.98030 	0.98492 	0.98811 	0.98743 	0.98774 	0.99893 	0.97398 	0.97908 	0.99004 	0.97476 	0.99129 	0.99082 	-0.14417 	-0.14843 	-0.15995 	0.05095 	0.00000 	0.51362 	-0.12652 	-0.14139 	0.00327 	-0.15389 	0.23798 	0.07149 	-0.04746 	-0.04887 	-0.05266 	0.04578 	0.00000 	0.12020 	-0.04165 	-0.04655 	0.00138 	-0.05066 	0.07835 	0.07007 	0.00296	0.02792
Replication114	 -1.47927	0.99796	0.97887 	0.98314 	0.98667 	0.98609 	0.98653 	0.99801 	0.96726 	0.97494 	0.98751 	0.97011 	0.98667 	0.98852 	-0.14112 	-0.16659 	-0.15630 	0.05407 	0.00421 	0.55842 	-0.16828 	-0.14161 	0.00366 	-0.14761 	0.22736 	0.08003 	-0.04648 	-0.05487 	-0.05148 	0.04842 	0.00139 	0.12820 	-0.05542 	-0.04664 	0.00159 	-0.04862 	0.07488 	0.07848 	0.00623	0.02947
Replication115	 -1.53140	0.99823	0.98121 	0.98552 	0.98877 	0.98811 	0.98899 	0.99941 	0.97648 	0.98147 	0.99136 	0.97747 	0.99349 	0.99204 	-0.14442 	-0.15386 	-0.16579 	0.04936 	0.01350 	0.48973 	-0.12601 	-0.12815 	0.00307 	-0.14449 	0.24128 	0.06692 	-0.04754 	-0.05064 	-0.05457 	0.04446 	0.00444 	0.11672 	-0.04148 	-0.04218 	0.00128 	-0.04756 	0.07942 	0.06557 	0.00115	0.02792
Replication116	 -1.53489	0.99836	0.97958 	0.98433 	0.98973 	0.98697 	0.98788 	0.99983 	0.98049 	0.98455 	0.99391 	0.98141 	1.00092 	0.99409 	-0.15746 	-0.17938 	-0.14553 	0.05163 	0.00000 	0.46420 	-0.13572 	-0.15599 	0.00271 	-0.14684 	0.34319 	0.05934 	-0.05182 	-0.05903 	-0.04789 	0.04709 	0.00000 	0.11839 	-0.04466 	-0.05133 	0.00105 	-0.04832 	0.11294 	0.05809 	0.00014	0.03449
Replication117	 -1.43885	0.99782	0.98014 	0.98421 	0.98594 	0.98697 	0.98676 	0.99751 	0.96183 	0.97021 	0.98467 	0.96416 	0.97967 	0.98604 	-0.12499 	-0.13725 	-0.15774 	0.05237 	0.00000 	0.58700 	-0.16131 	-0.14019 	0.00406 	-0.16702 	0.16652 	0.08921 	-0.04118 	-0.04521 	-0.05196 	0.04634 	0.00000 	0.12819 	-0.05314 	-0.04618 	0.00185 	-0.05502 	0.05486 	0.08756 	0.01066	0.02610
Replication118	 -1.49108	0.99811	0.98152 	0.98597 	0.98777 	0.98832 	0.98828 	0.99883 	0.97010 	0.97677 	0.98906 	0.97139 	0.98970 	0.98983 	-0.13515 	-0.12694 	-0.17093 	0.04907 	0.00000 	0.51921 	-0.15151 	-0.13676 	0.00340 	-0.17737 	0.25698 	0.07515 	-0.04450 	-0.04179 	-0.05628 	0.04383 	0.00000 	0.12060 	-0.04989 	-0.04503 	0.00149 	-0.05840 	0.08461 	0.07371 	0.00515	0.02837
Replication119	 -1.47832	0.99815	0.98269 	0.98598 	0.98946 	0.98878 	0.98907 	0.99927 	0.97067 	0.97711 	0.98963 	0.97224 	0.98937 	0.99040 	-0.11533 	-0.15697 	-0.12564 	0.04804 	0.00000 	0.50221 	-0.14781 	-0.14888 	0.00331 	-0.16054 	0.23546 	0.07301 	-0.03797 	-0.05168 	-0.04136 	0.04292 	0.00000 	0.11214 	-0.04866 	-0.04901 	0.00144 	-0.05285 	0.07752 	0.07160 	0.00687	0.02408
Replication120	 -1.43645	0.99771	0.97782 	0.98265 	0.98480 	0.98542 	0.98529 	0.99688 	0.96132 	0.96888 	0.98346 	0.96371 	0.97754 	0.98501 	-0.14047 	-0.14297 	-0.16064 	0.05585 	0.00000 	0.61735 	-0.14831 	-0.16176 	0.00426 	-0.14305 	0.13750 	0.09308 	-0.04628 	-0.04711 	-0.05293 	0.04951 	0.00000 	0.13432 	-0.04887 	-0.05330 	0.00194 	-0.04713 	0.04531 	0.09134 	0.01084	0.02678
Replication121	 -1.50442	0.99806	0.97725 	0.98322 	0.98677 	0.98557 	0.98599 	0.99832 	0.97144 	0.97795 	0.98941 	0.97390 	0.99208 	0.99010 	-0.17105 	-0.14893 	-0.17222 	0.05505 	0.00000 	0.53883 	-0.16373 	-0.15281 	0.00338 	-0.14490 	0.28547 	0.07417 	-0.05632 	-0.04904 	-0.05671 	0.04968 	0.00000 	0.13002 	-0.05391 	-0.05032 	0.00142 	-0.04771 	0.09400 	0.07270 	0.00327	0.03381
Replication122	 -1.41611	0.99751	0.97461 	0.97944 	0.98300 	0.98278 	0.98290 	0.99574 	0.95787 	0.96610 	0.98113 	0.96078 	0.97298 	0.98302 	-0.14838 	-0.17825 	-0.15302 	0.06179 	0.00052 	0.67101 	-0.15067 	-0.15714 	0.00463 	-0.13399 	0.09564 	0.10050 	-0.04891 	-0.05876 	-0.05044 	0.05489 	0.00017 	0.14596 	-0.04967 	-0.05180 	0.00211 	-0.04417 	0.03153 	0.09861 	0.01264	0.02952
Replication123	 -1.43835	0.99800	0.97813 	0.98308 	0.98868 	0.98586 	0.98664 	0.99845 	0.96671 	0.97389 	0.98803 	0.96855 	0.98747 	0.98885 	-0.14588 	-0.17877 	-0.09348 	0.05450 	0.00000 	0.54186 	-0.16393 	-0.16930 	0.00358 	-0.17502 	0.25821 	0.07880 	-0.04804 	-0.05887 	-0.03079 	0.04896 	0.00000 	0.11997 	-0.05398 	-0.05575 	0.00155 	-0.05764 	0.08503 	0.07728 	0.01055	0.02772
Replication124	 -1.50996	0.99831	0.97958 	0.98576 	0.98998 	0.98765 	0.98834 	0.99980 	0.97656 	0.98193 	0.99258 	0.97751 	0.99703 	0.99292 	-0.16821 	-0.13799 	-0.13604 	0.05023 	0.00000 	0.47025 	-0.14499 	-0.14134 	0.00289 	-0.16927 	0.31385 	0.06364 	-0.05536 	-0.04542 	-0.04477 	0.04555 	0.00000 	0.11388 	-0.04772 	-0.04652 	0.00118 	-0.05571 	0.10329 	0.06236 	0.00301	0.03077
Replication125	 -1.54126	0.99834	0.98066 	0.98535 	0.99000 	0.98795 	0.98975 	0.99997 	0.97961 	0.98426 	0.99320 	0.98107 	0.99702 	0.99369 	-0.15754 	-0.17169 	-0.14871 	0.04956 	0.02701 	0.46181 	-0.12914 	-0.13035 	0.00280 	-0.12672 	0.26227 	0.06079 	-0.05184 	-0.05650 	-0.04894 	0.04497 	0.00889 	0.11243 	-0.04250 	-0.04290 	0.00112 	-0.04170 	0.08631 	0.05953 	0.00007	0.02886
Replication126	 -1.47946	0.99800	0.97769 	0.98319 	0.98692 	0.98571 	0.98611 	0.99816 	0.96953 	0.97553 	0.98829 	0.97062 	0.98943 	0.98907 	-0.15962 	-0.15417 	-0.15417 	0.05483 	0.00000 	0.55009 	-0.14673 	-0.16312 	0.00355 	-0.17231 	0.26967 	0.07798 	-0.05257 	-0.05077 	-0.05077 	0.04929 	0.00000 	0.12818 	-0.04832 	-0.05372 	0.00152 	-0.05674 	0.08881 	0.07646 	0.00602	0.03138
Replication127	 -1.34795	0.99738	0.97571 	0.98100 	0.98195 	0.98409 	0.98566 	0.99525 	0.95032 	0.96010 	0.97746 	0.95277 	0.96367 	0.97984 	-0.15447 	-0.14520 	-0.17341 	0.05915 	0.05310 	0.69837 	-0.14890 	-0.13899 	0.00512 	-0.16508 	0.01777 	0.11227 	-0.05093 	-0.04787 	-0.05718 	0.05190 	0.01751 	0.14664 	-0.04910 	-0.04583 	0.00247 	-0.05443 	0.00586 	0.11028 	0.01973	0.02933
Replication128	 -1.51040	0.99810	0.97830 	0.98356 	0.98738 	0.98610 	0.98656 	0.99858 	0.97214 	0.97890 	0.98988 	0.97491 	0.99212 	0.99060 	-0.15958 	-0.15788 	-0.16379 	0.05386 	0.00000 	0.52751 	-0.16469 	-0.13989 	0.00331 	-0.13713 	0.26884 	0.07230 	-0.05254 	-0.05198 	-0.05393 	0.04859 	0.00000 	0.12654 	-0.05422 	-0.04606 	0.00138 	-0.04515 	0.08851 	0.07085 	0.00285	0.03200
Replication129	 -1.42825	0.99771	0.97746 	0.98269 	0.98532 	0.98534 	0.98534 	0.99698 	0.96147 	0.96873 	0.98353 	0.96355 	0.97726 	0.98508 	-0.14500 	-0.14271 	-0.14465 	0.05602 	0.00000 	0.61370 	-0.14183 	-0.16697 	0.00425 	-0.14498 	0.13114 	0.09282 	-0.04778 	-0.04702 	-0.04766 	0.04969 	0.00000 	0.13176 	-0.04674 	-0.05502 	0.00193 	-0.04777 	0.04321 	0.09109 	0.01178	0.02568
Replication130	 -1.52745	0.99845	0.97943 	0.98553 	0.99077 	0.98756 	0.98889 	1.00034 	0.98008 	0.98540 	0.99482 	0.98277 	1.00239 	0.99486 	-0.17616 	-0.15694 	-0.13653 	0.05023 	0.00885 	0.44058 	-0.16618 	-0.15876 	0.00256 	-0.12568 	0.36245 	0.05646 	-0.05796 	-0.05164 	-0.04492 	0.04593 	0.00291 	0.11295 	-0.05468 	-0.05223 	0.00098 	-0.04135 	0.11925 	0.05528 	0.00089	0.03452
Replication131	 -1.46325	0.99796	0.98121 	0.98509 	0.98742 	0.98779 	0.98777 	0.99829 	0.96756 	0.97334 	0.98689 	0.96827 	0.98417 	0.98799 	-0.12282 	-0.14178 	-0.14743 	0.05041 	0.00000 	0.55027 	-0.12671 	-0.16451 	0.00373 	-0.16362 	0.18888 	0.08198 	-0.04045 	-0.04669 	-0.04856 	0.04477 	0.00000 	0.12052 	-0.04173 	-0.05418 	0.00166 	-0.05389 	0.06221 	0.08043 	0.00839	0.02409
Replication132	 -1.49853	0.99814	0.98012 	0.98452 	0.98867 	0.98724 	0.98807 	0.99903 	0.97274 	0.97858 	0.99011 	0.97449 	0.99142 	0.99083 	-0.14298 	-0.16569 	-0.13994 	0.05134 	0.00807 	0.51045 	-0.14485 	-0.15277 	0.00326 	-0.14462 	0.25076 	0.07144 	-0.04707 	-0.05455 	-0.04607 	0.04619 	0.00266 	0.11814 	-0.04769 	-0.05030 	0.00138 	-0.04761 	0.08256 	0.07003 	0.00447	0.02767
Replication133	 -1.49662	0.99816	0.98147 	0.98571 	0.98812 	0.98828 	0.98911 	0.99905 	0.97201 	0.97778 	0.98983 	0.97267 	0.99168 	0.99047 	-0.13981 	-0.14370 	-0.17074 	0.04910 	0.01817 	0.50800 	-0.14149 	-0.14726 	0.00329 	-0.18034 	0.27657 	0.07275 	-0.04603 	-0.04731 	-0.05621 	0.04399 	0.00598 	0.11938 	-0.04658 	-0.04848 	0.00142 	-0.05937 	0.09105 	0.07134 	0.00451	0.02919
Replication134	 -1.42540	0.99767	0.97761 	0.98264 	0.98425 	0.98533 	0.98507 	0.99663 	0.95965 	0.96741 	0.98270 	0.96226 	0.97658 	0.98426 	-0.14206 	-0.13425 	-0.16842 	0.05611 	0.00000 	0.62896 	-0.15422 	-0.17511 	0.00437 	-0.14339 	0.14407 	0.09584 	-0.04682 	-0.04424 	-0.05550 	0.04964 	0.00000 	0.13673 	-0.05082 	-0.05771 	0.00200 	-0.04725 	0.04748 	0.09406 	0.01188	0.02759
Replication135	 -1.48609	0.99824	0.98117 	0.98728 	0.99056 	0.98892 	0.98935 	0.99982 	0.97251 	0.97909 	0.99091 	0.97543 	0.99126 	0.99159 	-0.15437 	-0.11476 	-0.11652 	0.04761 	0.00000 	0.47691 	-0.15867 	-0.15635 	0.00312 	-0.12375 	0.23436 	0.06860 	-0.05081 	-0.03777 	-0.03835 	0.04274 	0.00000 	0.10609 	-0.05223 	-0.05146 	0.00134 	-0.04073 	0.07714 	0.06726 	0.00617	0.02321
Replication136	 -1.45694	0.99787	0.97851 	0.98293 	0.98645 	0.98584 	0.98608 	0.99769 	0.96628 	0.97234 	0.98614 	0.96734 	0.98370 	0.98728 	-0.13818 	-0.16285 	-0.14312 	0.05472 	0.00000 	0.57717 	-0.13474 	-0.17071 	0.00386 	-0.16205 	0.19999 	0.08464 	-0.04552 	-0.05364 	-0.04714 	0.04882 	0.00000 	0.12799 	-0.04438 	-0.05623 	0.00171 	-0.05338 	0.06588 	0.08302 	0.00872	0.02712
Replication137	 -1.52524	0.99823	0.98096 	0.98531 	0.98849 	0.98785 	0.98819 	0.99929 	0.97595 	0.98090 	0.99141 	0.97737 	0.99503 	0.99193 	-0.14261 	-0.15058 	-0.16864 	0.04993 	0.00020 	0.49384 	-0.13858 	-0.15561 	0.00307 	-0.14086 	0.28404 	0.06736 	-0.04694 	-0.04957 	-0.05551 	0.04501 	0.00006 	0.11953 	-0.04562 	-0.05122 	0.00127 	-0.04637 	0.09350 	0.06601 	0.00154	0.03016
Replication138	 -1.48056	0.99799	0.97661 	0.98288 	0.98681 	0.98519 	0.98568 	0.99808 	0.96863 	0.97579 	0.98820 	0.97096 	0.98888 	0.98906 	-0.17218 	-0.14983 	-0.15193 	0.05595 	0.00000 	0.55372 	-0.16526 	-0.14714 	0.00356 	-0.15804 	0.25896 	0.07803 	-0.05670 	-0.04934 	-0.05003 	0.05037 	0.00000 	0.12927 	-0.05442 	-0.04846 	0.00152 	-0.05204 	0.08528 	0.07650 	0.00585	0.03195
Replication139	 -1.52742	0.99825	0.98028 	0.98571 	0.98867 	0.98782 	0.98816 	0.99941 	0.97591 	0.98156 	0.99167 	0.97730 	0.99509 	0.99221 	-0.15785 	-0.13349 	-0.16888 	0.04996 	0.00000 	0.48797 	-0.14396 	-0.12762 	0.00303 	-0.15472 	0.28054 	0.06630 	-0.05196 	-0.04394 	-0.05559 	0.04511 	0.00000 	0.11871 	-0.04739 	-0.04200 	0.00125 	-0.05093 	0.09234 	0.06496 	0.00128	0.03058
Replication140	 -1.44862	0.99801	0.97985 	0.98495 	0.98799 	0.98729 	0.98751 	0.99848 	0.96524 	0.97364 	0.98764 	0.96839 	0.98656 	0.98851 	-0.14238 	-0.13718 	-0.13311 	0.05142 	0.00000 	0.53944 	-0.18401 	-0.15739 	0.00361 	-0.16047 	0.24955 	0.08004 	-0.04689 	-0.04517 	-0.04384 	0.04592 	0.00000 	0.12044 	-0.06060 	-0.05183 	0.00160 	-0.05284 	0.08218 	0.07853 	0.00953	0.02751
Replication141	 -1.45946	0.99794	0.97990 	0.98427 	0.98780 	0.98704 	0.98782 	0.99826 	0.96689 	0.97378 	0.98664 	0.96827 	0.98176 	0.98798 	-0.13520 	-0.15782 	-0.12575 	0.05206 	0.01293 	0.55360 	-0.13095 	-0.12601 	0.00377 	-0.15526 	0.13552 	0.08202 	-0.04453 	-0.05198 	-0.04142 	0.04635 	0.00426 	0.11906 	-0.04313 	-0.04150 	0.00168 	-0.05114 	0.04463 	0.08045 	0.00890	0.02275
Replication142	 -1.51419	0.99830	0.98165 	0.98580 	0.98978 	0.98836 	0.98888 	0.99976 	0.97655 	0.98160 	0.99231 	0.97703 	0.99640 	0.99270 	-0.13759 	-0.15808 	-0.14344 	0.04874 	0.00000 	0.47259 	-0.13648 	-0.14094 	0.00292 	-0.17446 	0.30496 	0.06448 	-0.04528 	-0.05203 	-0.04721 	0.04403 	0.00000 	0.11404 	-0.04492 	-0.04638 	0.00120 	-0.05742 	0.10037 	0.06318 	0.00271	0.02959
Replication143	 -1.44744	0.99772	0.97584 	0.98086 	0.98512 	0.98393 	0.98430 	0.99687 	0.96364 	0.97066 	0.98440 	0.96520 	0.97972 	0.98587 	-0.15204 	-0.17659 	-0.14042 	0.05902 	0.00000 	0.61581 	-0.13828 	-0.14732 	0.00414 	-0.15762 	0.15295 	0.08989 	-0.05010 	-0.05819 	-0.04627 	0.05272 	0.00000 	0.13604 	-0.04556 	-0.04854 	0.00183 	-0.05193 	0.05040 	0.08816 	0.00954	0.02857
Replication144	 -1.48082	0.99797	0.97788 	0.98354 	0.98696 	0.98594 	0.98626 	0.99811 	0.96839 	0.97516 	0.98768 	0.97138 	0.98675 	0.98868 	-0.15870 	-0.14566 	-0.15042 	0.05439 	0.00000 	0.55508 	-0.15805 	-0.16542 	0.00363 	-0.12250 	0.21444 	0.07942 	-0.05226 	-0.04797 	-0.04954 	0.04875 	0.00000 	0.12594 	-0.05205 	-0.05448 	0.00157 	-0.04034 	0.07062 	0.07788 	0.00621	0.02812
Replication145	 -1.49130	0.99814	0.98199 	0.98518 	0.98825 	0.98824 	0.98942 	0.99900 	0.96984 	0.97760 	0.98956 	0.97240 	0.99035 	0.99031 	-0.12660 	-0.16786 	-0.16053 	0.04920 	0.02462 	0.51078 	-0.17235 	-0.12577 	0.00332 	-0.16349 	0.26045 	0.07334 	-0.04168 	-0.05526 	-0.05285 	0.04405 	0.00810 	0.11914 	-0.05674 	-0.04141 	0.00144 	-0.05383 	0.08575 	0.07193 	0.00510	0.02866
Replication146	 -1.41011	0.99764	0.97520 	0.98060 	0.98451 	0.98357 	0.98383 	0.99644 	0.95855 	0.96730 	0.98280 	0.96098 	0.97714 	0.98432 	-0.15415 	-0.16842 	-0.13607 	0.05991 	0.00000 	0.63745 	-0.16741 	-0.15318 	0.00437 	-0.17387 	0.16891 	0.09564 	-0.05080 	-0.05550 	-0.04484 	0.05337 	0.00000 	0.13951 	-0.05517 	-0.05048 	0.00198 	-0.05730 	0.05566 	0.09385 	0.01318	0.03027
Replication147	 -1.48037	0.99796	0.97642 	0.98218 	0.98663 	0.98491 	0.98646 	0.99797 	0.96862 	0.97554 	0.98781 	0.97040 	0.98756 	0.98878 	-0.17313 	-0.17269 	-0.15229 	0.05659 	0.02478 	0.55965 	-0.15334 	-0.13714 	0.00362 	-0.16384 	0.23466 	0.07906 	-0.05702 	-0.05687 	-0.05015 	0.05094 	0.00816 	0.12962 	-0.05050 	-0.04517 	0.00156 	-0.05396 	0.07728 	0.07751 	0.00593	0.03140
Replication148	 -1.44926	0.99773	0.97634 	0.98152 	0.98463 	0.98439 	0.98451 	0.99683 	0.96252 	0.97024 	0.98422 	0.96506 	0.98002 	0.98564 	-0.15251 	-0.15862 	-0.16091 	0.05804 	0.00000 	0.61700 	-0.15650 	-0.15433 	0.00416 	-0.14774 	0.16992 	0.09075 	-0.05025 	-0.05227 	-0.05302 	0.05174 	0.00000 	0.13762 	-0.05157 	-0.05085 	0.00186 	-0.04868 	0.05599 	0.08902 	0.00925	0.02960
Replication149	 -1.53359	0.99832	0.97924 	0.98482 	0.98929 	0.98715 	0.98858 	0.99970 	0.97945 	0.98345 	0.99311 	0.98040 	0.99898 	0.99341 	-0.17126 	-0.16072 	-0.15949 	0.05128 	0.01751 	0.47181 	-0.13112 	-0.16076 	0.00282 	-0.14039 	0.31887 	0.06186 	-0.05636 	-0.05289 	-0.05249 	0.04664 	0.00576 	0.11803 	-0.04315 	-0.05291 	0.00112 	-0.04620 	0.10494 	0.06058 	0.00042	0.03306
Replication150	 -1.43830	0.99766	0.97766 	0.98183 	0.98377 	0.98494 	0.98472 	0.99647 	0.96015 	0.96817 	0.98278 	0.96264 	0.97684 	0.98438 	-0.13398 	-0.15380 	-0.17684 	0.05694 	0.00000 	0.63466 	-0.15417 	-0.15319 	0.00436 	-0.15027 	0.14132 	0.09541 	-0.04415 	-0.05069 	-0.05828 	0.05045 	0.00000 	0.14017 	-0.05081 	-0.05048 	0.00199 	-0.04952 	0.04657 	0.09362 	0.01044	0.02888
Replication151	 -1.44637	0.99783	0.97650 	0.98327 	0.98642 	0.98543 	0.98660 	0.99760 	0.96448 	0.97159 	0.98521 	0.96689 	0.97998 	0.98664 	-0.17507 	-0.13547 	-0.13968 	0.05566 	0.02291 	0.58422 	-0.14235 	-0.15486 	0.00399 	-0.13157 	0.13520 	0.08699 	-0.05767 	-0.04463 	-0.04602 	0.04964 	0.00755 	0.12608 	-0.04689 	-0.05101 	0.00179 	-0.04334 	0.04454 	0.08534 	0.00997	0.02538
Replication152	 -1.45398	0.99790	0.97836 	0.98365 	0.98664 	0.98622 	0.98713 	0.99786 	0.96530 	0.97241 	0.98620 	0.96729 	0.98337 	0.98735 	-0.15344 	-0.14784 	-0.14931 	0.05387 	0.01842 	0.56932 	-0.15166 	-0.15890 	0.00384 	-0.15633 	0.19670 	0.08437 	-0.05054 	-0.04870 	-0.04918 	0.04805 	0.00607 	0.12591 	-0.04996 	-0.05234 	0.00171 	-0.05149 	0.06479 	0.08277 	0.00903	0.02709
Replication153	 -1.49283	0.99808	0.97969 	0.98405 	0.98819 	0.98682 	0.98730 	0.99871 	0.97111 	0.97746 	0.98925 	0.97355 	0.98949 	0.99010 	-0.14005 	-0.16604 	-0.13778 	0.05233 	0.00000 	0.52637 	-0.15165 	-0.15420 	0.00340 	-0.13185 	0.23045 	0.07414 	-0.04611 	-0.05467 	-0.04537 	0.04700 	0.00000 	0.12043 	-0.04993 	-0.05077 	0.00145 	-0.04342 	0.07588 	0.07267 	0.00510	0.02715
Replication154	 -1.49363	0.99806	0.97909 	0.98457 	0.98832 	0.98696 	0.98821 	0.99876 	0.97137 	0.97741 	0.98874 	0.97325 	0.98667 	0.98984 	-0.15861 	-0.15076 	-0.13797 	0.05205 	0.02027 	0.52668 	-0.13102 	-0.13413 	0.00346 	-0.12794 	0.16814 	0.07511 	-0.05223 	-0.04964 	-0.04543 	0.04668 	0.00667 	0.11731 	-0.04314 	-0.04417 	0.00150 	-0.04213 	0.05537 	0.07363 	0.00529	0.02443
Replication155	 -1.48172	0.99808	0.98132 	0.98609 	0.98804 	0.98839 	0.98892 	0.99882 	0.96863 	0.97585 	0.98841 	0.97156 	0.98720 	0.98935 	-0.14019 	-0.12665 	-0.15949 	0.04898 	0.01353 	0.52307 	-0.16179 	-0.15181 	0.00349 	-0.13353 	0.21385 	0.07693 	-0.04616 	-0.04170 	-0.05252 	0.04365 	0.00446 	0.11739 	-0.05327 	-0.04998 	0.00155 	-0.04397 	0.07041 	0.07547 	0.00640	0.02533
Replication156	 -1.45395	0.99799	0.98051 	0.98477 	0.98746 	0.98754 	0.98874 	0.99837 	0.96553 	0.97323 	0.98720 	0.96823 	0.98570 	0.98814 	-0.13806 	-0.15224 	-0.15171 	0.05091 	0.02797 	0.54466 	-0.17070 	-0.16509 	0.00368 	-0.15573 	0.23393 	0.08140 	-0.04547 	-0.05014 	-0.04996 	0.04535 	0.00921 	0.12142 	-0.05621 	-0.05437 	0.00164 	-0.05129 	0.07704 	0.07988 	0.00903	0.02712
Replication157	 -1.52323	0.99835	0.98064 	0.98587 	0.99090 	0.98820 	0.98997 	1.00017 	0.97841 	0.98350 	0.99310 	0.97970 	0.99599 	0.99361 	-0.15981 	-0.16383 	-0.12268 	0.04900 	0.02340 	0.45530 	-0.13188 	-0.12629 	0.00281 	-0.14031 	0.25532 	0.06109 	-0.05259 	-0.05391 	-0.04037 	0.04444 	0.00770 	0.10749 	-0.04340 	-0.04156 	0.00114 	-0.04617 	0.08402 	0.05983 	0.00210	0.02661
Replication158	 -1.46776	0.99782	0.97815 	0.98228 	0.98532 	0.98537 	0.98547 	0.99730 	0.96490 	0.97241 	0.98552 	0.96671 	0.98237 	0.98682 	-0.13750 	-0.16588 	-0.16526 	0.05579 	0.00000 	0.59333 	-0.15015 	-0.13091 	0.00396 	-0.16594 	0.18362 	0.08635 	-0.04530 	-0.05464 	-0.05444 	0.04976 	0.00000 	0.13419 	-0.04946 	-0.04313 	0.00175 	-0.05467 	0.06049 	0.08470 	0.00742	0.02926
Replication159	 -1.47633	0.99793	0.97858 	0.98275 	0.98667 	0.98578 	0.98613 	0.99790 	0.96754 	0.97444 	0.98719 	0.97026 	0.98583 	0.98825 	-0.13844 	-0.17287 	-0.14711 	0.05477 	0.00000 	0.56527 	-0.15662 	-0.16108 	0.00371 	-0.13227 	0.21026 	0.08103 	-0.04560 	-0.05694 	-0.04845 	0.04902 	0.00000 	0.12799 	-0.05158 	-0.05305 	0.00161 	-0.04356 	0.06925 	0.07946 	0.00666	0.02815
Replication160	 -1.49434	0.99818	0.98029 	0.98507 	0.98926 	0.98754 	0.98809 	0.99926 	0.97311 	0.97891 	0.99060 	0.97475 	0.99244 	0.99123 	-0.14456 	-0.15582 	-0.13052 	0.05065 	0.00000 	0.49960 	-0.14703 	-0.15643 	0.00318 	-0.15055 	0.26643 	0.06996 	-0.04759 	-0.05130 	-0.04297 	0.04561 	0.00000 	0.11555 	-0.04840 	-0.05150 	0.00134 	-0.04956 	0.08771 	0.06857 	0.00491	0.02747
Replication161	 -1.50532	0.99829	0.98137 	0.98538 	0.98997 	0.98819 	0.98982 	0.99978 	0.97482 	0.98113 	0.99211 	0.97717 	0.99571 	0.99253 	-0.14248 	-0.17574 	-0.13646 	0.04910 	0.02473 	0.47268 	-0.16327 	-0.14726 	0.00295 	-0.14619 	0.30047 	0.06509 	-0.04689 	-0.05784 	-0.04491 	0.04437 	0.00814 	0.11281 	-0.05374 	-0.04847 	0.00122 	-0.04812 	0.09889 	0.06379 	0.00363	0.02927
Replication162	 -1.36550	0.99740	0.97358 	0.97918 	0.98238 	0.98229 	0.98228 	0.99519 	0.95118 	0.96205 	0.97894 	0.95544 	0.96839 	0.98102 	-0.15445 	-0.16428 	-0.14177 	0.06299 	0.00000 	0.69829 	-0.18699 	-0.14619 	0.00494 	-0.14986 	0.08713 	0.10789 	-0.05092 	-0.05417 	-0.04674 	0.05578 	0.00000 	0.14976 	-0.06165 	-0.04820 	0.00231 	-0.04941 	0.02873 	0.10591 	0.01768	0.03139
Replication163	 -1.48506	0.99821	0.98242 	0.98694 	0.98960 	0.98936 	0.99137 	0.99960 	0.97136 	0.97780 	0.99009 	0.97401 	0.99025 	0.99080 	-0.14406 	-0.14176 	-0.14754 	0.04671 	0.04577 	0.48654 	-0.15635 	-0.16456 	0.00323 	-0.12976 	0.23644 	0.07150 	-0.04742 	-0.04666 	-0.04857 	0.04175 	0.01507 	0.10902 	-0.05147 	-0.05417 	0.00142 	-0.04271 	0.07783 	0.07014 	0.00617	0.02422
Replication164	 -1.38633	0.99758	0.97516 	0.98139 	0.98437 	0.98392 	0.98398 	0.99626 	0.95619 	0.96503 	0.98143 	0.95868 	0.97338 	0.98315 	-0.15922 	-0.14171 	-0.13214 	0.05924 	0.00000 	0.64894 	-0.16154 	-0.16239 	0.00456 	-0.16674 	0.12688 	0.09996 	-0.05248 	-0.04671 	-0.04355 	0.05253 	0.00000 	0.13805 	-0.05324 	-0.05352 	0.00211 	-0.05496 	0.04182 	0.09812 	0.01584	0.02817
Replication165	 -1.45129	0.99781	0.97589 	0.98204 	0.98557 	0.98452 	0.98481 	0.99725 	0.96317 	0.97170 	0.98537 	0.96663 	0.98222 	0.98664 	-0.16666 	-0.14927 	-0.14871 	0.05765 	0.00000 	0.59640 	-0.17611 	-0.14677 	0.00398 	-0.14266 	0.19411 	0.08704 	-0.05490 	-0.04918 	-0.04899 	0.05157 	0.00000 	0.13382 	-0.05802 	-0.04835 	0.00176 	-0.04700 	0.06395 	0.08537 	0.00900	0.03003
Replication166	 -1.49022	0.99798	0.97921 	0.98316 	0.98682 	0.98619 	0.98650 	0.99812 	0.96959 	0.97590 	0.98798 	0.97078 	0.98750 	0.98896 	-0.13638 	-0.17108 	-0.15674 	0.05382 	0.00000 	0.55293 	-0.14027 	-0.13683 	0.00359 	-0.16549 	0.22324 	0.07838 	-0.04491 	-0.05634 	-0.05162 	0.04823 	0.00000 	0.12750 	-0.04620 	-0.04506 	0.00155 	-0.05450 	0.07352 	0.07685 	0.00517	0.02902
Replication167	 -1.47181	0.99809	0.98155 	0.98582 	0.98807 	0.98843 	0.98977 	0.99886 	0.96795 	0.97535 	0.98852 	0.97065 	0.98830 	0.98932 	-0.13910 	-0.14302 	-0.16145 	0.04886 	0.03280 	0.52003 	-0.16972 	-0.15981 	0.00347 	-0.15176 	0.24988 	0.07703 	-0.04580 	-0.04709 	-0.05316 	0.04358 	0.01080 	0.11785 	-0.05588 	-0.05262 	0.00154 	-0.04997 	0.08227 	0.07558 	0.00722	0.02712
Replication168	 -1.39695	0.99754	0.97470 	0.98126 	0.98367 	0.98388 	0.98543 	0.99610 	0.95732 	0.96527 	0.98070 	0.95921 	0.97039 	0.98273 	-0.17548 	-0.14432 	-0.15538 	0.05938 	0.04062 	0.65686 	-0.13193 	-0.14612 	0.00466 	-0.14906 	0.05405 	0.10156 	-0.05784 	-0.04757 	-0.05122 	0.05258 	0.01339 	0.13903 	-0.04349 	-0.04816 	0.00218 	-0.04913 	0.01781 	0.09969 	0.01484	0.02727
Replication169	 -1.43406	0.99774	0.97647 	0.98107 	0.98440 	0.98421 	0.98436 	0.99676 	0.96178 	0.96925 	0.98450 	0.96329 	0.98312 	0.98557 	-0.14656 	-0.17094 	-0.16566 	0.05838 	0.00000 	0.61693 	-0.16560 	-0.17851 	0.00412 	-0.19155 	0.25875 	0.09098 	-0.04829 	-0.05632 	-0.05458 	0.05214 	0.00000 	0.14126 	-0.05456 	-0.05881 	0.00183 	-0.06311 	0.08525 	0.08926 	0.01035	0.03407
Replication170	 -1.48189	0.99789	0.97490 	0.98172 	0.98553 	0.98403 	0.98447 	0.99749 	0.96842 	0.97467 	0.98714 	0.96952 	0.98735 	0.98812 	-0.18382 	-0.14990 	-0.16607 	0.05857 	0.00000 	0.58043 	-0.14383 	-0.14835 	0.00373 	-0.17179 	0.24504 	0.08153 	-0.06055 	-0.04937 	-0.05470 	0.05274 	0.00000 	0.13609 	-0.04737 	-0.04886 	0.00160 	-0.05659 	0.08071 	0.07993 	0.00555	0.03363
Replication171	 -1.48666	0.99795	0.98031 	0.98379 	0.98659 	0.98685 	0.98692 	0.99803 	0.96816 	0.97498 	0.98720 	0.96965 	0.98505 	0.98835 	-0.12523 	-0.16188 	-0.16361 	0.05245 	0.00000 	0.55856 	-0.14095 	-0.12653 	0.00370 	-0.16057 	0.18912 	0.08065 	-0.04125 	-0.05331 	-0.05388 	0.04678 	0.00000 	0.12676 	-0.04642 	-0.04167 	0.00162 	-0.05288 	0.06229 	0.07910 	0.00572	0.02713
Replication172	 0.00273	0.99711	0.97079 	0.97668 	0.97990 	0.98009 	0.97997 	0.99369 	0.94727 	0.95581 	0.97482 	0.94937 	0.96048 	0.97736 	-0.15897 	-0.17421 	-0.14206 	0.06809 	0.00000 	0.77175 	-0.13680 	-0.19757 	0.00557 	-0.15259 	0.01823 	0.12152 	-0.05244 	-0.05747 	-0.04687 	0.06009 	0.00000 	0.16246 	-0.04513 	-0.06518 	0.00264 	-0.05034 	0.00601 	0.11932 	0.02297	0.03310
Replication173	 -1.41733	0.99769	0.97551 	0.98226 	0.98472 	0.98446 	0.98449 	0.99673 	0.95888 	0.96791 	0.98319 	0.96221 	0.97769 	0.98467 	-0.16914 	-0.12687 	-0.15126 	0.05793 	0.00000 	0.62373 	-0.17680 	-0.15831 	0.00430 	-0.15334 	0.16796 	0.09433 	-0.05574 	-0.04181 	-0.04984 	0.05153 	0.00000 	0.13641 	-0.05826 	-0.05217 	0.00196 	-0.05053 	0.05535 	0.09257 	0.01252	0.02947
Replication174	 -1.50148	0.99807	0.97858 	0.98321 	0.98787 	0.98604 	0.98665 	0.99859 	0.97194 	0.97828 	0.98957 	0.97459 	0.99069 	0.99038 	-0.14916 	-0.17499 	-0.14167 	0.05401 	0.00000 	0.52983 	-0.15494 	-0.15135 	0.00336 	-0.12709 	0.24290 	0.07311 	-0.04911 	-0.05762 	-0.04665 	0.04867 	0.00000 	0.12367 	-0.05102 	-0.04983 	0.00141 	-0.04185 	0.07998 	0.07165 	0.00401	0.02931
Replication175	 -1.54219	0.99860	0.98476 	0.98880 	0.99261 	0.99091 	0.99152 	1.00137 	0.98330 	0.98745 	0.99625 	0.98437 	1.00332 	0.99624 	-0.13227 	-0.14045 	-0.13515 	0.04285 	0.00000 	0.39461 	-0.13599 	-0.14237 	0.00231 	-0.14252 	0.33768 	0.05128 	-0.04350 	-0.04620 	-0.04445 	0.03898 	0.00000 	0.09980 	-0.04473 	-0.04683 	0.00090 	-0.04688 	0.11107 	0.05022 	0.00003	0.02836
Replication176	 -1.44342	0.99772	0.97623 	0.98162 	0.98536 	0.98442 	0.98470 	0.99697 	0.96342 	0.97029 	0.98414 	0.96535 	0.97840 	0.98569 	-0.15318 	-0.16135 	-0.13803 	0.05796 	0.00000 	0.61332 	-0.13463 	-0.15607 	0.00417 	-0.13880 	0.12622 	0.09054 	-0.05047 	-0.05316 	-0.04548 	0.05166 	0.00000 	0.13318 	-0.04436 	-0.05142 	0.00186 	-0.04573 	0.04159 	0.08881 	0.01016	0.02647
Replication177	 -1.52674	0.99835	0.98282 	0.98698 	0.99023 	0.98932 	0.98971 	1.00009 	0.97795 	0.98265 	0.99285 	0.97935 	0.99684 	0.99324 	-0.13437 	-0.14251 	-0.14985 	0.04660 	0.00000 	0.45774 	-0.13612 	-0.15513 	0.00284 	-0.13620 	0.28624 	0.06245 	-0.04422 	-0.04690 	-0.04931 	0.04203 	0.00000 	0.10984 	-0.04479 	-0.05105 	0.00117 	-0.04482 	0.09420 	0.06119 	0.00168	0.02732
Replication178	 -1.49410	0.99806	0.97852 	0.98426 	0.98788 	0.98652 	0.98694 	0.99860 	0.96926 	0.97759 	0.98889 	0.97342 	0.98796 	0.98989 	-0.15989 	-0.14311 	-0.14412 	0.05301 	0.00000 	0.53131 	-0.17888 	-0.12088 	0.00345 	-0.11733 	0.20644 	0.07492 	-0.05265 	-0.04712 	-0.04746 	0.04763 	0.00000 	0.12178 	-0.05890 	-0.03980 	0.00148 	-0.03863 	0.06798 	0.07344 	0.00491	0.02775
Replication179	 -1.50145	0.99816	0.98032 	0.98622 	0.98867 	0.98807 	0.98828 	0.99918 	0.97143 	0.97876 	0.99000 	0.97428 	0.99035 	0.99081 	-0.15704 	-0.11638 	-0.15455 	0.04954 	0.00000 	0.50350 	-0.16408 	-0.12492 	0.00326 	-0.13978 	0.23319 	0.07151 	-0.05170 	-0.03831 	-0.05088 	0.04445 	0.00000 	0.11628 	-0.05402 	-0.04112 	0.00140 	-0.04602 	0.07677 	0.07012 	0.00425	0.02697
Replication180	 -1.47842	0.99792	0.97872 	0.98304 	0.98671 	0.98597 	0.98627 	0.99792 	0.96816 	0.97448 	0.98707 	0.96996 	0.98510 	0.98820 	-0.13920 	-0.16635 	-0.14794 	0.05437 	0.00000 	0.56483 	-0.13977 	-0.15357 	0.00373 	-0.14271 	0.19196 	0.08121 	-0.04585 	-0.05479 	-0.04873 	0.04862 	0.00000 	0.12697 	-0.04604 	-0.05058 	0.00162 	-0.04700 	0.06323 	0.07963 	0.00656	0.02709
Replication181	 -1.52163	0.99815	0.97866 	0.98366 	0.98740 	0.98627 	0.98672 	0.99873 	0.97404 	0.98020 	0.99060 	0.97543 	0.99396 	0.99123 	-0.15822 	-0.16029 	-0.17339 	0.05343 	0.00000 	0.51828 	-0.15065 	-0.12176 	0.00320 	-0.16716 	0.28814 	0.06996 	-0.05209 	-0.05277 	-0.05708 	0.04830 	0.00000 	0.12731 	-0.04960 	-0.04008 	0.00132 	-0.05503 	0.09486 	0.06855 	0.00155	0.03369
Replication182	 -1.44591	0.99805	0.98292 	0.98702 	0.98885 	0.98946 	0.99051 	0.99896 	0.96573 	0.97333 	0.98731 	0.96798 	0.98345 	0.98840 	-0.12505 	-0.12830 	-0.13602 	0.04671 	0.02902 	0.52167 	-0.15523 	-0.14995 	0.00363 	-0.15593 	0.17942 	0.08043 	-0.04118 	-0.04225 	-0.04479 	0.04132 	0.00956 	0.11095 	-0.05111 	-0.04938 	0.00166 	-0.05134 	0.05908 	0.07895 	0.01041	0.02147
Replication183	 -1.47611	0.99791	0.97618 	0.98221 	0.98667 	0.98473 	0.98528 	0.99781 	0.96819 	0.97491 	0.98722 	0.96981 	0.98553 	0.98835 	-0.16812 	-0.16134 	-0.13833 	0.05705 	0.00000 	0.56920 	-0.14325 	-0.13536 	0.00371 	-0.15712 	0.19950 	0.08065 	-0.05537 	-0.05314 	-0.04556 	0.05127 	0.00000 	0.12914 	-0.04718 	-0.04458 	0.00160 	-0.05175 	0.06571 	0.07907 	0.00658	0.02919
Replication184	 -1.47585	0.99808	0.97927 	0.98460 	0.98875 	0.98696 	0.98748 	0.99884 	0.96927 	0.97674 	0.98909 	0.97239 	0.98864 	0.98995 	-0.15035 	-0.15060 	-0.12256 	0.05204 	0.00000 	0.52199 	-0.16888 	-0.14740 	0.00341 	-0.13602 	0.23057 	0.07469 	-0.04950 	-0.04959 	-0.04035 	0.04672 	0.00000 	0.11744 	-0.05561 	-0.04853 	0.00147 	-0.04478 	0.07592 	0.07324 	0.00688	0.02641
Replication185	 -1.40057	0.99746	0.97490 	0.98037 	0.98232 	0.98329 	0.98303 	0.99550 	0.95566 	0.96401 	0.97993 	0.95843 	0.97068 	0.98191 	-0.15196 	-0.14611 	-0.17009 	0.06076 	0.00000 	0.68295 	-0.14985 	-0.16647 	0.00479 	-0.13943 	0.08503 	0.10460 	-0.05010 	-0.04817 	-0.05607 	0.05373 	0.00000 	0.14747 	-0.04940 	-0.05488 	0.00222 	-0.04597 	0.02803 	0.10267 	0.01424	0.02954
Replication186	 -1.53303	0.99854	0.98381 	0.98794 	0.99222 	0.99032 	0.99224 	1.00109 	0.98186 	0.98593 	0.99526 	0.98250 	1.00103 	0.99539 	-0.14243 	-0.15843 	-0.13340 	0.04421 	0.03108 	0.40948 	-0.12808 	-0.14370 	0.00246 	-0.14946 	0.31484 	0.05447 	-0.04685 	-0.05212 	-0.04388 	0.04015 	0.01022 	0.10058 	-0.04213 	-0.04727 	0.00098 	-0.04917 	0.10357 	0.05335 	0.00104	0.02743
Replication187	 -1.42651	0.99770	0.97779 	0.98252 	0.98453 	0.98542 	0.98596 	0.99679 	0.95986 	0.96789 	0.98309 	0.96269 	0.97737 	0.98459 	-0.14357 	-0.14832 	-0.16752 	0.05586 	0.01777 	0.62126 	-0.16045 	-0.17160 	0.00431 	-0.14451 	0.15391 	0.09461 	-0.04731 	-0.04887 	-0.05520 	0.04948 	0.00585 	0.13542 	-0.05287 	-0.05654 	0.00197 	-0.04762 	0.05072 	0.09286 	0.01174	0.02788
Replication188	 -1.49059	0.99804	0.98000 	0.98479 	0.98778 	0.98726 	0.98748 	0.99857 	0.97020 	0.97639 	0.98839 	0.97247 	0.98715 	0.98940 	-0.14203 	-0.14286 	-0.14925 	0.05146 	0.00000 	0.53458 	-0.14257 	-0.15457 	0.00352 	-0.12689 	0.19735 	0.07676 	-0.04677 	-0.04704 	-0.04915 	0.04602 	0.00000 	0.12023 	-0.04695 	-0.05090 	0.00153 	-0.04178 	0.06499 	0.07526 	0.00549	0.02543
Replication189	 -1.37075	0.99741	0.97416 	0.98057 	0.98267 	0.98315 	0.98294 	0.99539 	0.95301 	0.96245 	0.97876 	0.95651 	0.96627 	0.98104 	-0.16057 	-0.13340 	-0.14608 	0.06114 	0.00000 	0.69143 	-0.15373 	-0.14889 	0.00496 	-0.12865 	0.02347 	0.10782 	-0.05294 	-0.04398 	-0.04816 	0.05396 	0.00000 	0.14530 	-0.05068 	-0.04909 	0.00233 	-0.04242 	0.00774 	0.10585 	0.01749	0.02791
Replication190	 -1.50899	0.99816	0.97779 	0.98332 	0.98760 	0.98582 	0.98643 	0.99876 	0.97319 	0.97992 	0.99096 	0.97608 	0.99584 	0.99139 	-0.16741 	-0.16284 	-0.16533 	0.05436 	0.00000 	0.51534 	-0.17814 	-0.15333 	0.00315 	-0.14591 	0.33331 	0.06937 	-0.05511 	-0.05361 	-0.05443 	0.04927 	0.00000 	0.12819 	-0.05864 	-0.05048 	0.00129 	-0.04803 	0.10973 	0.06797 	0.00257	0.03615
Replication191	 -1.48503	0.99792	0.97857 	0.98280 	0.98647 	0.98580 	0.98609 	0.99786 	0.96875 	0.97475 	0.98714 	0.97083 	0.98554 	0.98826 	-0.13966 	-0.16934 	-0.15393 	0.05475 	0.00000 	0.56712 	-0.13877 	-0.16378 	0.00372 	-0.12842 	0.19316 	0.08099 	-0.04600 	-0.05578 	-0.05070 	0.04899 	0.00000 	0.12830 	-0.04571 	-0.05394 	0.00161 	-0.04230 	0.06362 	0.07941 	0.00585	0.02751
Replication192	 -1.48199	0.99784	0.97579 	0.98204 	0.98573 	0.98448 	0.98485 	0.99744 	0.96798 	0.97412 	0.98627 	0.96969 	0.98336 	0.98758 	-0.17122 	-0.15127 	-0.15535 	0.05767 	0.00000 	0.58686 	-0.13035 	-0.14433 	0.00386 	-0.13497 	0.16162 	0.08353 	-0.05640 	-0.04983 	-0.05117 	0.05170 	0.00000 	0.13239 	-0.04294 	-0.04754 	0.00168 	-0.04446 	0.05324 	0.08189 	0.00605	0.02854
Replication193	 -1.49402	0.99798	0.97528 	0.98151 	0.98636 	0.98409 	0.98478 	0.99791 	0.97119 	0.97690 	0.98875 	0.97270 	0.99116 	0.98949 	-0.17925 	-0.17067 	-0.15685 	0.05831 	0.00000 	0.55876 	-0.14807 	-0.16375 	0.00350 	-0.15547 	0.28128 	0.07643 	-0.05903 	-0.05621 	-0.05166 	0.05273 	0.00000 	0.13384 	-0.04876 	-0.05393 	0.00146 	-0.05120 	0.09263 	0.07490 	0.00422	0.03477
Replication194	 -1.46841	0.99795	0.97943 	0.98384 	0.98682 	0.98670 	0.98776 	0.99809 	0.96661 	0.97392 	0.98700 	0.96839 	0.98504 	0.98808 	-0.14355 	-0.15897 	-0.15810 	0.05277 	0.02290 	0.55672 	-0.15349 	-0.13839 	0.00372 	-0.16775 	0.20998 	0.08164 	-0.04728 	-0.05236 	-0.05207 	0.04711 	0.00754 	0.12541 	-0.05055 	-0.04558 	0.00165 	-0.05525 	0.06916 	0.08008 	0.00749	0.02787
Replication195	 -1.50757	0.99820	0.98075 	0.98612 	0.98883 	0.98832 	0.98977 	0.99938 	0.97343 	0.97932 	0.99055 	0.97576 	0.99203 	0.99123 	-0.15910 	-0.13538 	-0.16310 	0.04896 	0.03013 	0.49368 	-0.14909 	-0.15557 	0.00318 	-0.12822 	0.24819 	0.06994 	-0.05237 	-0.04457 	-0.05369 	0.04398 	0.00992 	0.11478 	-0.04908 	-0.05121 	0.00136 	-0.04221 	0.08170 	0.06857 	0.00361	0.02718
Replication196	 -1.44950	0.99781	0.97883 	0.98364 	0.98565 	0.98625 	0.98614 	0.99738 	0.96279 	0.97089 	0.98470 	0.96525 	0.97949 	0.98614 	-0.13907 	-0.13613 	-0.15989 	0.05393 	0.00000 	0.59273 	-0.15504 	-0.13509 	0.00406 	-0.15309 	0.14830 	0.08885 	-0.04582 	-0.04485 	-0.05267 	0.04785 	0.00000 	0.12998 	-0.05108 	-0.04450 	0.00184 	-0.05043 	0.04886 	0.08718 	0.00955	0.02635
Replication197	 -1.49516	0.99793	0.97695 	0.98225 	0.98600 	0.98498 	0.98536 	0.99776 	0.96968 	0.97573 	0.98759 	0.97127 	0.98732 	0.98862 	-0.16033 	-0.16304 	-0.16564 	0.05648 	0.00000 	0.56881 	-0.13990 	-0.14739 	0.00366 	-0.14782 	0.21998 	0.07968 	-0.05281 	-0.05370 	-0.05455 	0.05075 	0.00000 	0.13237 	-0.04608 	-0.04854 	0.00157 	-0.04869 	0.07245 	0.07810 	0.00449	0.03088
Replication198	 -1.44519	0.99756	0.97274 	0.97842 	0.98276 	0.98166 	0.98202 	0.99579 	0.96126 	0.96875 	0.98257 	0.96290 	0.97733 	0.98424 	-0.17001 	-0.18617 	-0.16446 	0.06410 	0.00000 	0.66373 	-0.14180 	-0.13803 	0.00443 	-0.16313 	0.14467 	0.09595 	-0.05603 	-0.06136 	-0.05421 	0.05735 	0.00000 	0.15001 	-0.04674 	-0.04550 	0.00197 	-0.05377 	0.04768 	0.09409 	0.00928	0.03350
Replication199	 -1.48988	0.99802	0.97976 	0.98478 	0.98683 	0.98714 	0.98715 	0.99832 	0.96870 	0.97565 	0.98805 	0.97148 	0.98792 	0.98896 	-0.14673 	-0.13058 	-0.17446 	0.05174 	0.00000 	0.54380 	-0.16195 	-0.15738 	0.00357 	-0.13613 	0.23500 	0.07838 	-0.04832 	-0.04300 	-0.05745 	0.04624 	0.00000 	0.12547 	-0.05333 	-0.05183 	0.00156 	-0.04483 	0.07739 	0.07687 	0.00523	0.02877
Replication200	 -1.39831	0.99755	0.97654 	0.98167 	0.98297 	0.98455 	0.98488 	0.99598 	0.95566 	0.96432 	0.98078 	0.95818 	0.97317 	0.98251 	-0.14845 	-0.13984 	-0.17900 	0.05793 	0.01785 	0.65978 	-0.16191 	-0.17069 	0.00465 	-0.16408 	0.13585 	0.10235 	-0.04893 	-0.04609 	-0.05900 	0.05114 	0.00588 	0.14325 	-0.05337 	-0.05626 	0.00217 	-0.05408 	0.04478 	0.10049 	0.01442	0.02997
Replication201	 -1.50586	0.99814	0.97808 	0.98410 	0.98807 	0.98634 	0.98719 	0.99886 	0.97345 	0.97920 	0.99029 	0.97461 	0.99256 	0.99096 	-0.17069 	-0.14907 	-0.15359 	0.05329 	0.00766 	0.51561 	-0.14228 	-0.13836 	0.00324 	-0.16284 	0.26948 	0.07095 	-0.05620 	-0.04908 	-0.05056 	0.04813 	0.00252 	0.12257 	-0.04684 	-0.04555 	0.00136 	-0.05361 	0.08872 	0.06954 	0.00340	0.03099
Replication202	 -1.50081	0.99803	0.97883 	0.98412 	0.98645 	0.98651 	0.98661 	0.99824 	0.96999 	0.97668 	0.98857 	0.97222 	0.98988 	0.98938 	-0.15585 	-0.13641 	-0.18440 	0.05307 	0.00000 	0.54419 	-0.15962 	-0.14815 	0.00350 	-0.15122 	0.26189 	0.07683 	-0.05132 	-0.04492 	-0.06072 	0.04762 	0.00000 	0.12916 	-0.05256 	-0.04878 	0.00150 	-0.04979 	0.08624 	0.07533 	0.00383	0.03175
Replication203	 -1.45417	0.99801	0.98015 	0.98562 	0.98839 	0.98780 	0.98862 	0.99863 	0.96658 	0.97384 	0.98730 	0.96917 	0.98385 	0.98843 	-0.14817 	-0.12920 	-0.12900 	0.05034 	0.01642 	0.53588 	-0.15333 	-0.15577 	0.00366 	-0.13781 	0.17605 	0.08035 	-0.04879 	-0.04255 	-0.04248 	0.04482 	0.00541 	0.11520 	-0.05049 	-0.05130 	0.00164 	-0.04538 	0.05797 	0.07884 	0.00943	0.02289
Replication204	 -1.50154	0.99821	0.98014 	0.98602 	0.98957 	0.98795 	0.98842 	0.99948 	0.97497 	0.97966 	0.99094 	0.97519 	0.99252 	0.99158 	-0.15817 	-0.13012 	-0.13437 	0.04974 	0.00000 	0.48981 	-0.12100 	-0.14898 	0.00313 	-0.16429 	0.24995 	0.06862 	-0.05207 	-0.04283 	-0.04423 	0.04479 	0.00000 	0.11269 	-0.03983 	-0.04904 	0.00132 	-0.05408 	0.08228 	0.06726 	0.00431	0.02625
Replication205	 -1.46474	0.99795	0.97889 	0.98394 	0.98731 	0.98648 	0.98675 	0.99814 	0.96670 	0.97403 	0.98709 	0.96895 	0.98461 	0.98820 	-0.14535 	-0.14800 	-0.13783 	0.05325 	0.00000 	0.55589 	-0.15432 	-0.14374 	0.00371 	-0.15212 	0.19532 	0.08120 	-0.04787 	-0.04874 	-0.04539 	0.04757 	0.00000 	0.12338 	-0.05082 	-0.04734 	0.00163 	-0.05010 	0.06433 	0.07964 	0.00802	0.02628
Replication206	 -1.46488	0.99780	0.97626 	0.98154 	0.98550 	0.98440 	0.98476 	0.99723 	0.96475 	0.97258 	0.98556 	0.96799 	0.98223 	0.98689 	-0.15670 	-0.16741 	-0.14951 	0.05790 	0.00000 	0.59738 	-0.16246 	-0.14570 	0.00396 	-0.12921 	0.17335 	0.08610 	-0.05162 	-0.05515 	-0.04925 	0.05182 	0.00000 	0.13420 	-0.05352 	-0.04800 	0.00174 	-0.04257 	0.05711 	0.08443 	0.00771	0.02919
Replication207	 -1.36864	0.99736	0.97558 	0.97996 	0.98174 	0.98336 	0.98345 	0.99507 	0.95309 	0.96089 	0.97808 	0.95460 	0.96647 	0.98028 	-0.13572 	-0.16049 	-0.16676 	0.06074 	0.01237 	0.70549 	-0.12919 	-0.17622 	0.00506 	-0.15838 	0.05005 	0.11066 	-0.04475 	-0.05292 	-0.05499 	0.05344 	0.00408 	0.14944 	-0.04260 	-0.05811 	0.00239 	-0.05222 	0.01650 	0.10866 	0.01760	0.02892
Replication208	 -1.49492	0.99808	0.98218 	0.98611 	0.98782 	0.98861 	0.98851 	0.99878 	0.96947 	0.97662 	0.98852 	0.97226 	0.98714 	0.98952 	-0.12530 	-0.12984 	-0.16665 	0.04850 	0.00000 	0.52389 	-0.15622 	-0.13677 	0.00348 	-0.13219 	0.19991 	0.07629 	-0.04126 	-0.04275 	-0.05487 	0.04318 	0.00000 	0.11858 	-0.05144 	-0.04503 	0.00153 	-0.04353 	0.06582 	0.07483 	0.00510	0.02506
Replication209	 -1.51527	0.99825	0.98388 	0.98707 	0.98946 	0.98969 	0.98978 	0.99967 	0.97525 	0.98003 	0.99114 	0.97669 	0.99297 	0.99175 	-0.11548 	-0.14160 	-0.15742 	0.04595 	0.00000 	0.48016 	-0.13100 	-0.16623 	0.00309 	-0.13048 	0.24812 	0.06798 	-0.03801 	-0.04661 	-0.05181 	0.04111 	0.00000 	0.11124 	-0.04312 	-0.05471 	0.00131 	-0.04295 	0.08167 	0.06665 	0.00308	0.02477
Replication210	 -1.49630	0.99839	0.98237 	0.98757 	0.99147 	0.98973 	0.99230 	1.00051 	0.97520 	0.98162 	0.99281 	0.97747 	0.99566 	0.99319 	-0.15798 	-0.14685 	-0.12670 	0.04567 	0.05031 	0.44124 	-0.16157 	-0.14385 	0.00282 	-0.14836 	0.28752 	0.06262 	-0.05198 	-0.04832 	-0.04169 	0.04122 	0.01655 	0.10226 	-0.05317 	-0.04733 	0.00119 	-0.04882 	0.09461 	0.06140 	0.00487	0.02592
Replication211	 -1.50961	0.99814	0.97695 	0.98296 	0.98796 	0.98539 	0.98617 	0.99877 	0.97405 	0.98008 	0.99087 	0.97631 	0.99470 	0.99141 	-0.17464 	-0.16669 	-0.14822 	0.05532 	0.00000 	0.51722 	-0.15937 	-0.15063 	0.00317 	-0.14250 	0.29981 	0.06928 	-0.05750 	-0.05488 	-0.04880 	0.05018 	0.00000 	0.12600 	-0.05247 	-0.04959 	0.00129 	-0.04691 	0.09870 	0.06787 	0.00274	0.03390
Replication212	 -1.44485	0.99784	0.97742 	0.98319 	0.98632 	0.98579 	0.98765 	0.99764 	0.96310 	0.97161 	0.98520 	0.96611 	0.97990 	0.98663 	-0.16631 	-0.15274 	-0.14799 	0.05488 	0.04180 	0.58138 	-0.16205 	-0.12961 	0.00399 	-0.14474 	0.14435 	0.08704 	-0.05479 	-0.05031 	-0.04875 	0.04891 	0.01377 	0.12668 	-0.05338 	-0.04270 	0.00180 	-0.04768 	0.04755 	0.08541 	0.01001	0.02651
Replication213	 -1.41083	0.99768	0.97649 	0.98217 	0.98460 	0.98494 	0.98654 	0.99672 	0.95834 	0.96714 	0.98258 	0.96098 	0.97565 	0.98420 	-0.16353 	-0.15032 	-0.15945 	0.05693 	0.04140 	0.62526 	-0.16315 	-0.14954 	0.00438 	-0.16255 	0.13779 	0.09609 	-0.05389 	-0.04954 	-0.05254 	0.05049 	0.01364 	0.13512 	-0.05376 	-0.04928 	0.00202 	-0.05356 	0.04540 	0.09432 	0.01329	0.02843
Replication214	 -1.47990	0.99798	0.98197 	0.98461 	0.98676 	0.98780 	0.98769 	0.99819 	0.96765 	0.97430 	0.98728 	0.96946 	0.98593 	0.98829 	-0.10930 	-0.15853 	-0.16967 	0.05038 	0.00000 	0.55135 	-0.14852 	-0.15555 	0.00367 	-0.15463 	0.21639 	0.08085 	-0.03600 	-0.05221 	-0.05588 	0.04478 	0.00000 	0.12502 	-0.04891 	-0.05123 	0.00163 	-0.05093 	0.07126 	0.07932 	0.00643	0.02686
Replication215	 -1.46761	0.99802	0.98125 	0.98572 	0.98765 	0.98825 	0.98932 	0.99858 	0.96798 	0.97414 	0.98749 	0.96882 	0.98547 	0.98849 	-0.13881 	-0.13542 	-0.16068 	0.04936 	0.02838 	0.53549 	-0.13446 	-0.15470 	0.00363 	-0.17117 	0.20613 	0.08010 	-0.04571 	-0.04459 	-0.05291 	0.04388 	0.00935 	0.11861 	-0.04428 	-0.05094 	0.00163 	-0.05637 	0.06788 	0.07860 	0.00784	0.02514
Replication216	 -1.41481	0.99761	0.97558 	0.98092 	0.98383 	0.98382 	0.98385 	0.99627 	0.95804 	0.96676 	0.98234 	0.96107 	0.97661 	0.98389 	-0.15237 	-0.15628 	-0.15640 	0.05940 	0.00000 	0.64495 	-0.17117 	-0.16640 	0.00443 	-0.15557 	0.16486 	0.09722 	-0.05022 	-0.05151 	-0.05154 	0.05279 	0.00000 	0.14174 	-0.05641 	-0.05484 	0.00202 	-0.05127 	0.05433 	0.09541 	0.01268	0.03050
Replication217	 -1.46972	0.99792	0.97881 	0.98411 	0.98620 	0.98665 	0.98806 	0.99792 	0.96674 	0.97315 	0.98641 	0.96812 	0.98400 	0.98755 	-0.15881 	-0.14089 	-0.17599 	0.05291 	0.03577 	0.56513 	-0.13876 	-0.15603 	0.00381 	-0.15823 	0.19483 	0.08362 	-0.05231 	-0.04641 	-0.05796 	0.04715 	0.01178 	0.12677 	-0.04570 	-0.05139 	0.00170 	-0.05211 	0.06417 	0.08204 	0.00737	0.02773
Replication218	 -1.46594	0.99794	0.97912 	0.98419 	0.98676 	0.98665 	0.98674 	0.99803 	0.96602 	0.97351 	0.98693 	0.96915 	0.98535 	0.98796 	-0.14557 	-0.13772 	-0.15614 	0.05289 	0.00000 	0.55970 	-0.16835 	-0.16651 	0.00373 	-0.13561 	0.21922 	0.08211 	-0.04795 	-0.04536 	-0.05142 	0.04720 	0.00000 	0.12581 	-0.05545 	-0.05484 	0.00165 	-0.04466 	0.07220 	0.08054 	0.00775	0.02772
Replication219	 -1.52789	0.99838	0.98292 	0.98638 	0.99056 	0.98908 	0.98967 	1.00020 	0.97884 	0.98349 	0.99350 	0.98043 	0.99852 	0.99378 	-0.12742 	-0.16538 	-0.14079 	0.04706 	0.00019 	0.45126 	-0.14092 	-0.15934 	0.00274 	-0.13374 	0.30734 	0.06044 	-0.04193 	-0.05442 	-0.04633 	0.04258 	0.00006 	0.10996 	-0.04637 	-0.05243 	0.00111 	-0.04401 	0.10113 	0.05921 	0.00144	0.02856
Replication220	 -1.43324	0.99780	0.97736 	0.98239 	0.98612 	0.98519 	0.98547 	0.99735 	0.96183 	0.97055 	0.98501 	0.96477 	0.98096 	0.98630 	-0.14604 	-0.16060 	-0.13260 	0.05621 	0.00000 	0.59372 	-0.17398 	-0.14564 	0.00403 	-0.16154 	0.18918 	0.08827 	-0.04811 	-0.05291 	-0.04369 	0.05013 	0.00000 	0.13057 	-0.05732 	-0.04798 	0.00180 	-0.05322 	0.06232 	0.08660 	0.01102	0.02821
Replication221	 -1.49433	0.99798	0.97734 	0.98264 	0.98657 	0.98531 	0.98575 	0.99802 	0.96976 	0.97639 	0.98820 	0.97194 	0.98849 	0.98914 	-0.15955 	-0.16277 	-0.15912 	0.05570 	0.00000 	0.55628 	-0.15340 	-0.14362 	0.00357 	-0.14612 	0.23585 	0.07775 	-0.05254 	-0.05361 	-0.05240 	0.05010 	0.00000 	0.12996 	-0.05052 	-0.04730 	0.00152 	-0.04812 	0.07767 	0.07621 	0.00456	0.03097
Replication222	 -1.43377	0.99794	0.98027 	0.98530 	0.98736 	0.98770 	0.98867 	0.99821 	0.96299 	0.97129 	0.98608 	0.96599 	0.98274 	0.98718 	-0.14325 	-0.13052 	-0.14585 	0.05065 	0.02548 	0.55497 	-0.17444 	-0.16606 	0.00383 	-0.15529 	0.20673 	0.08499 	-0.04718 	-0.04299 	-0.04804 	0.04494 	0.00839 	0.12048 	-0.05745 	-0.05469 	0.00175 	-0.05115 	0.06809 	0.08342 	0.01123	0.02557
Replication223	 -1.48879	0.99805	0.97988 	0.98450 	0.98733 	0.98707 	0.98725 	0.99848 	0.96953 	0.97627 	0.98865 	0.97188 	0.98932 	0.98945 	-0.14242 	-0.14579 	-0.16279 	0.05184 	0.00000 	0.53550 	-0.16018 	-0.15690 	0.00348 	-0.14805 	0.25408 	0.07655 	-0.04690 	-0.04801 	-0.05360 	0.04644 	0.00000 	0.12420 	-0.05275 	-0.05167 	0.00150 	-0.04875 	0.08366 	0.07506 	0.00530	0.02920
Replication224	 -1.43678	0.99789	0.98019 	0.98394 	0.98707 	0.98699 	0.98784 	0.99793 	0.96340 	0.97111 	0.98579 	0.96648 	0.98226 	0.98695 	-0.12679 	-0.16369 	-0.13642 	0.05224 	0.01864 	0.56803 	-0.16692 	-0.17950 	0.00389 	-0.13845 	0.19409 	0.08585 	-0.04176 	-0.05392 	-0.04493 	0.04639 	0.00614 	0.12304 	-0.05498 	-0.05912 	0.00176 	-0.04560 	0.06393 	0.08424 	0.01096	0.02518
Replication225	 -1.47491	0.99809	0.98068 	0.98659 	0.98803 	0.98850 	0.98980 	0.99891 	0.96902 	0.97534 	0.98844 	0.97095 	0.98794 	0.98927 	-0.16088 	-0.11073 	-0.16878 	0.04870 	0.03410 	0.51850 	-0.15016 	-0.17064 	0.00348 	-0.14860 	0.23481 	0.07720 	-0.05297 	-0.03646 	-0.05557 	0.04342 	0.01123 	0.11650 	-0.04944 	-0.05618 	0.00155 	-0.04893 	0.07731 	0.07575 	0.00700	0.02622
Replication226	 -1.52276	0.99820	0.97816 	0.98425 	0.98826 	0.98643 	0.98725 	0.99909 	0.97659 	0.98101 	0.99136 	0.97717 	0.99522 	0.99189 	-0.17393 	-0.14864 	-0.16138 	0.05300 	0.00560 	0.50262 	-0.12682 	-0.15119 	0.00309 	-0.15440 	0.28613 	0.06751 	-0.05725 	-0.04893 	-0.05312 	0.04800 	0.00184 	0.12229 	-0.04175 	-0.04977 	0.00126 	-0.05083 	0.09419 	0.06614 	0.00160	0.03207
Replication227	 -1.44711	0.99776	0.97679 	0.98249 	0.98545 	0.98502 	0.98515 	0.99714 	0.96290 	0.97063 	0.98445 	0.96617 	0.97920 	0.98594 	-0.15578 	-0.14376 	-0.14841 	0.05663 	0.00000 	0.60460 	-0.15619 	-0.15958 	0.00412 	-0.12070 	0.13919 	0.08964 	-0.05132 	-0.04737 	-0.04890 	0.05042 	0.00000 	0.13197 	-0.05146 	-0.05258 	0.00185 	-0.03977 	0.04586 	0.08793 	0.00977	0.02664
Replication228	 -1.50015	0.99813	0.97768 	0.98342 	0.98764 	0.98583 	0.98642 	0.99869 	0.97197 	0.97888 	0.99040 	0.97526 	0.99434 	0.99090 	-0.16807 	-0.15804 	-0.15807 	0.05438 	0.00000 	0.52108 	-0.18073 	-0.16297 	0.00323 	-0.13568 	0.31734 	0.07116 	-0.05533 	-0.05203 	-0.05204 	0.04921 	0.00000 	0.12699 	-0.05950 	-0.05366 	0.00134 	-0.04467 	0.10448 	0.06974 	0.00362	0.03452
Replication229	 -1.46193	0.99800	0.97940 	0.98439 	0.98797 	0.98696 	0.98794 	0.99846 	0.96789 	0.97437 	0.98765 	0.96934 	0.98578 	0.98865 	-0.14733 	-0.15289 	-0.13254 	0.05216 	0.01624 	0.54151 	-0.14285 	-0.15724 	0.00362 	-0.16059 	0.20875 	0.07952 	-0.04852 	-0.05035 	-0.04365 	0.04661 	0.00535 	0.11947 	-0.04704 	-0.05178 	0.00159 	-0.05288 	0.06875 	0.07800 	0.00837	0.02555
Replication230	 -1.50966	0.99817	0.98021 	0.98534 	0.98913 	0.98764 	0.98811 	0.99925 	0.97387 	0.97977 	0.99048 	0.97609 	0.99085 	0.99130 	-0.14930 	-0.14565 	-0.13683 	0.05046 	0.00000 	0.50074 	-0.14076 	-0.13819 	0.00320 	-0.12395 	0.21417 	0.06968 	-0.04915 	-0.04795 	-0.04505 	0.04539 	0.00000 	0.11470 	-0.04634 	-0.04549 	0.00135 	-0.04081 	0.07051 	0.06829 	0.00358	0.02546
Replication231	 -1.48692	0.99803	0.97704 	0.98350 	0.98722 	0.98564 	0.98611 	0.99833 	0.97079 	0.97669 	0.98879 	0.97114 	0.98989 	0.98959 	-0.17394 	-0.14168 	-0.15297 	0.05492 	0.00000 	0.54155 	-0.13721 	-0.13764 	0.00347 	-0.18900 	0.26170 	0.07605 	-0.05728 	-0.04665 	-0.05037 	0.04948 	0.00000 	0.12687 	-0.04518 	-0.04532 	0.00148 	-0.06224 	0.08618 	0.07455 	0.00526	0.03151
Replication232	 -1.49535	0.99804	0.97869 	0.98429 	0.98674 	0.98655 	0.98669 	0.99833 	0.97007 	0.97649 	0.98866 	0.97217 	0.99011 	0.98943 	-0.15924 	-0.13285 	-0.17745 	0.05297 	0.00000 	0.54091 	-0.15754 	-0.15891 	0.00348 	-0.15101 	0.26741 	0.07664 	-0.05244 	-0.04375 	-0.05843 	0.04754 	0.00000 	0.12764 	-0.05187 	-0.05233 	0.00150 	-0.04973 	0.08806 	0.07515 	0.00442	0.03135
Replication233	 -1.40296	0.99755	0.97607 	0.98067 	0.98388 	0.98387 	0.98389 	0.99608 	0.95747 	0.96578 	0.98121 	0.95938 	0.97217 	0.98311 	-0.13865 	-0.16786 	-0.14049 	0.05939 	0.00000 	0.65700 	-0.14227 	-0.14166 	0.00460 	-0.16283 	0.08684 	0.10012 	-0.04570 	-0.05533 	-0.04631 	0.05261 	0.00000 	0.14043 	-0.04689 	-0.04669 	0.00212 	-0.05367 	0.02862 	0.09826 	0.01420	0.02744
Replication234	 -1.43318	0.99794	0.97918 	0.98480 	0.98760 	0.98699 	0.98714 	0.99819 	0.96376 	0.97174 	0.98655 	0.96650 	0.98434 	0.98753 	-0.14761 	-0.12811 	-0.13011 	0.05216 	0.00000 	0.55508 	-0.17455 	-0.17400 	0.00378 	-0.16125 	0.23212 	0.08367 	-0.04861 	-0.04219 	-0.04285 	0.04647 	0.00000 	0.12148 	-0.05749 	-0.05731 	0.00169 	-0.05311 	0.07645 	0.08211 	0.01118	0.02664
Replication235	 -1.46832	0.99800	0.98058 	0.98527 	0.98850 	0.98770 	0.98794 	0.99862 	0.96728 	0.97519 	0.98749 	0.97067 	0.98292 	0.98878 	-0.13415 	-0.14107 	-0.12174 	0.05055 	0.00000 	0.53624 	-0.15577 	-0.12572 	0.00364 	-0.11772 	0.13483 	0.07904 	-0.04418 	-0.04646 	-0.04009 	0.04502 	0.00000 	0.11531 	-0.05130 	-0.04140 	0.00162 	-0.03877 	0.04440 	0.07752 	0.00812	0.02168
Replication236	 -1.45344	0.99774	0.97688 	0.98119 	0.98484 	0.98442 	0.98462 	0.99688 	0.96310 	0.97079 	0.98443 	0.96549 	0.98004 	0.98587 	-0.14134 	-0.17630 	-0.15467 	0.05796 	0.00000 	0.61457 	-0.15268 	-0.14429 	0.00413 	-0.14914 	0.16078 	0.08988 	-0.04657 	-0.05809 	-0.05096 	0.05168 	0.00000 	0.13701 	-0.05031 	-0.04754 	0.00184 	-0.04914 	0.05297 	0.08815 	0.00888	0.02905
Replication237	 -1.51227	0.99805	0.97750 	0.98279 	0.98695 	0.98545 	0.98597 	0.99833 	0.97190 	0.97865 	0.98945 	0.97471 	0.99115 	0.99027 	-0.16258 	-0.16596 	-0.16382 	0.05530 	0.00000 	0.53933 	-0.16151 	-0.13569 	0.00338 	-0.13197 	0.25262 	0.07354 	-0.05353 	-0.05465 	-0.05394 	0.04992 	0.00000 	0.12910 	-0.05318 	-0.04468 	0.00141 	-0.04345 	0.08318 	0.07206 	0.00264	0.03224
Replication238	 0.00093	0.99718	0.97127 	0.97673 	0.97945 	0.98026 	0.98005 	0.99385 	0.94907 	0.95886 	0.97613 	0.95233 	0.96370 	0.97857 	-0.15879 	-0.17606 	-0.17374 	0.06763 	0.00000 	0.75976 	-0.16032 	-0.15807 	0.00538 	-0.14765 	0.04302 	0.11702 	-0.05238 	-0.05807 	-0.05731 	0.05982 	0.00000 	0.16516 	-0.05288 	-0.05214 	0.00252 	-0.04870 	0.01419 	0.11487 	0.01817	0.03508
Replication239	 -1.43236	0.99779	0.98013 	0.98391 	0.98602 	0.98683 	0.98667 	0.99741 	0.96160 	0.96954 	0.98413 	0.96415 	0.97780 	0.98564 	-0.11973 	-0.14561 	-0.14596 	0.05273 	0.00000 	0.59415 	-0.15194 	-0.15322 	0.00414 	-0.14511 	0.13137 	0.09071 	-0.03944 	-0.04797 	-0.04809 	0.04659 	0.00000 	0.12710 	-0.05006 	-0.05048 	0.00190 	-0.04781 	0.04328 	0.08902 	0.01153	0.02404
Replication240	 -1.51760	0.99865	0.98614 	0.99050 	0.99390 	0.99239 	0.99443 	1.00189 	0.98103 	0.98610 	0.99606 	0.98248 	1.00161 	0.99607 	-0.13713 	-0.12994 	-0.12015 	0.03960 	0.03795 	0.37459 	-0.14768 	-0.14461 	0.00231 	-0.15014 	0.32615 	0.05192 	-0.04510 	-0.04273 	-0.03952 	0.03586 	0.01248 	0.08989 	-0.04857 	-0.04756 	0.00094 	-0.04938 	0.10727 	0.05089 	0.00288	0.02447
Replication241	 -1.38178	0.99764	0.97860 	0.98259 	0.98516 	0.98582 	0.98704 	0.99672 	0.95657 	0.96501 	0.98157 	0.95836 	0.97241 	0.98333 	-0.12979 	-0.16369 	-0.13495 	0.05508 	0.03369 	0.62940 	-0.14762 	-0.15853 	0.00451 	-0.17380 	0.10304 	0.09928 	-0.04277 	-0.05395 	-0.04447 	0.04854 	0.01110 	0.13118 	-0.04865 	-0.05224 	0.00212 	-0.05727 	0.03396 	0.09748 	0.01663	0.02503
Replication242	 -1.49108	0.99812	0.97796 	0.98498 	0.98894 	0.98678 	0.98805 	0.99904 	0.97218 	0.97828 	0.98962 	0.97370 	0.98887 	0.99055 	-0.18035 	-0.13252 	-0.12949 	0.05236 	0.01714 	0.51252 	-0.13556 	-0.13010 	0.00333 	-0.14679 	0.20239 	0.07249 	-0.05938 	-0.04363 	-0.04263 	0.04714 	0.00564 	0.11539 	-0.04463 	-0.04283 	0.00142 	-0.04833 	0.06663 	0.07106 	0.00540	0.02585
Replication243	 -1.42834	0.99773	0.97825 	0.98242 	0.98528 	0.98548 	0.98548 	0.99700 	0.96026 	0.96903 	0.98373 	0.96290 	0.97790 	0.98524 	-0.13121 	-0.15953 	-0.14650 	0.05570 	0.00000 	0.61134 	-0.16491 	-0.13840 	0.00421 	-0.16379 	0.15247 	0.09223 	-0.04323 	-0.05256 	-0.04827 	0.04942 	0.00000 	0.13325 	-0.05434 	-0.04560 	0.00192 	-0.05397 	0.05024 	0.09050 	0.01161	0.02735
Replication244	 -1.48316	0.99798	0.97847 	0.98286 	0.98716 	0.98582 	0.98628 	0.99814 	0.96973 	0.97581 	0.98795 	0.97006 	0.98701 	0.98897 	-0.14293 	-0.17454 	-0.14129 	0.05463 	0.00000 	0.55305 	-0.12965 	-0.12676 	0.00360 	-0.18371 	0.21518 	0.07835 	-0.04707 	-0.05748 	-0.04653 	0.04902 	0.00000 	0.12638 	-0.04270 	-0.04175 	0.00155 	-0.06050 	0.07087 	0.07681 	0.00593	0.02860
Replication245	 -1.49932	0.99826	0.98194 	0.98668 	0.99022 	0.98898 	0.99029 	0.99982 	0.97482 	0.97988 	0.99123 	0.97544 	0.99238 	0.99187 	-0.14432 	-0.14487 	-0.13213 	0.04745 	0.02211 	0.47513 	-0.12644 	-0.14619 	0.00307 	-0.15934 	0.24269 	0.06756 	-0.04750 	-0.04768 	-0.04349 	0.04262 	0.00728 	0.10793 	-0.04162 	-0.04812 	0.00131 	-0.05245 	0.07988 	0.06623 	0.00472	0.02440
Replication246	 -1.48909	0.99800	0.97998 	0.98479 	0.98704 	0.98723 	0.98726 	0.99832 	0.97016 	0.97543 	0.98782 	0.97078 	0.98677 	0.98883 	-0.14217 	-0.13452 	-0.16585 	0.05157 	0.00000 	0.54524 	-0.12274 	-0.15723 	0.00360 	-0.15779 	0.20652 	0.07888 	-0.04682 	-0.04430 	-0.05462 	0.04603 	0.00000 	0.12350 	-0.04042 	-0.05178 	0.00157 	-0.05196 	0.06801 	0.07736 	0.00553	0.02659
Replication247	 -1.36166	0.99744	0.97642 	0.98174 	0.98277 	0.98446 	0.98396 	0.99555 	0.95152 	0.96159 	0.97867 	0.95460 	0.96652 	0.98085 	-0.13972 	-0.12600 	-0.15673 	0.05829 	0.00000 	0.68364 	-0.16299 	-0.14293 	0.00495 	-0.15969 	0.05108 	0.10852 	-0.04606 	-0.04154 	-0.05167 	0.05120 	0.00000 	0.14380 	-0.05374 	-0.04712 	0.00236 	-0.05265 	0.01684 	0.10658 	0.01842	0.02800
Replication248	 -1.40942	0.99758	0.97625 	0.98095 	0.98342 	0.98405 	0.98392 	0.99608 	0.95610 	0.96598 	0.98156 	0.95996 	0.97429 	0.98328 	-0.14150 	-0.15782 	-0.16174 	0.05897 	0.00000 	0.65430 	-0.18283 	-0.14695 	0.00455 	-0.14958 	0.13636 	0.09950 	-0.04664 	-0.05202 	-0.05331 	0.05226 	0.00000 	0.14322 	-0.06026 	-0.04843 	0.00209 	-0.04930 	0.04494 	0.09766 	0.01326	0.03021
Replication249	 -1.54108	0.99852	0.98499 	0.98883 	0.99208 	0.99102 	0.99177 	1.00106 	0.98048 	0.98592 	0.99482 	0.98262 	0.99901 	0.99514 	-0.12788 	-0.13706 	-0.13888 	0.04273 	0.00786 	0.41249 	-0.14530 	-0.12155 	0.00252 	-0.12604 	0.27618 	0.05540 	-0.04207 	-0.04509 	-0.04569 	0.03862 	0.00259 	0.09971 	-0.04780 	-0.03999 	0.00102 	-0.04146 	0.09086 	0.05428 	0.00048	0.02497