
Replication	FitnessValue	Frequency	Bus1	Bus2	Bus3	Bus4	Bus5	Bus6	Bus7	Bus8	Bus9	Bus10	Bus11	Bus12	Bus1_P	Bus2_P	Bus3_P	Bus4_P	Bus5_P	Bus6_P	Bus7_P	Bus8_P	Bus9_P	Bus10_P	Bus11_P	Bus12_P	Bus1_Q	Bus2_Q	Bus3_Q	Bus4_Q	Bus5_Q	Bus6_Q	Bus7_Q	Bus8_Q	Bus9_Q	Bus10_Q	Bus11_Q	Bus12_Q	PLoss	QLoss
Replication0	 -1.48358	0.99682	0.96207 	0.96791 	0.97699 	0.96488 	0.97282 	0.99074 	0.96046 	0.96754 	0.98136 	0.96313 	0.98058 	0.97866 	-0.13117 	-0.15005 	-0.14374 	0.12539 	0.00000 	0.34524 	-0.16476 	-0.13725 	0.13742 	-0.14463 	0.25129 	0.01824 	-0.04330 	-0.04953 	-0.04745 	-0.08092 	0.00000 	0.33704 	-0.05439 	-0.04531 	-0.03629 	-0.04774 	0.08295 	0.01241 	0.00600	0.02748
Replication1	 -1.50020	0.99695	0.96302 	0.96905 	0.97782 	0.96602 	0.97374 	0.99136 	0.96416 	0.96973 	0.98281 	0.96587 	0.98377 	0.98014 	-0.13588 	-0.14354 	-0.15012 	0.12053 	0.00000 	0.33415 	-0.14572 	-0.15056 	0.13124 	-0.14398 	0.27074 	0.01739 	-0.04484 	-0.04737 	-0.04954 	-0.07718 	0.00000 	0.32630 	-0.04809 	-0.04968 	-0.03524 	-0.04751 	0.08935 	0.01181 	0.00427	0.02800
Replication2	 1.57338	0.99597	0.95313 	0.96084 	0.97029 	0.95658 	0.96583 	0.98650 	0.94742 	0.95458 	0.97228 	0.94830 	0.96252 	0.96934 	-0.14822 	-0.13684 	-0.14852 	0.15701 	0.00000 	0.42149 	-0.12767 	-0.14066 	0.17663 	-0.17246 	0.10974 	0.02357 	-0.04901 	-0.04525 	-0.04911 	-0.10435 	0.00000 	0.41111 	-0.04221 	-0.04651 	-0.04345 	-0.05703 	0.03629 	0.01619 	0.01407	0.02667
Replication3	 -1.53201	0.99739	0.96797 	0.97346 	0.98136 	0.97096 	0.97875 	0.99368 	0.97194 	0.97604 	0.98711 	0.97328 	0.99109 	0.98465 	-0.13616 	-0.14068 	-0.15472 	0.10388 	0.02345 	0.29246 	-0.13166 	-0.15392 	0.11168 	-0.12770 	0.29973 	0.01479 	-0.04490 	-0.04639 	-0.05101 	-0.06540 	0.00773 	0.28573 	-0.04341 	-0.05075 	-0.03086 	-0.04211 	0.09883 	0.01001 	0.00113	0.02747
Replication4	 1.57366	0.99612	0.95608 	0.96273 	0.97109 	0.95914 	0.96957 	0.98730 	0.94714 	0.95570 	0.97343 	0.95054 	0.96511 	0.97040 	-0.14496 	-0.14663 	-0.17316 	0.15080 	0.04461 	0.40711 	-0.16785 	-0.15727 	0.17044 	-0.13749 	0.14494 	0.02292 	-0.04792 	-0.04847 	-0.05724 	-0.10067 	0.01475 	0.39712 	-0.05548 	-0.05199 	-0.04131 	-0.04545 	0.04791 	0.01582 	0.01347	0.02708
Replication5	 -1.48644	0.99683	0.96229 	0.96820 	0.97726 	0.96518 	0.97340 	0.99090 	0.96151 	0.96781 	0.98147 	0.96340 	0.98026 	0.97883 	-0.13351 	-0.15015 	-0.14238 	0.12492 	0.00771 	0.34251 	-0.14779 	-0.13807 	0.13696 	-0.14712 	0.23462 	0.01815 	-0.04407 	-0.04956 	-0.04700 	-0.08074 	0.00255 	0.33434 	-0.04878 	-0.04558 	-0.03621 	-0.04856 	0.07745 	0.01234 	0.00584	0.02617
Replication6	 -1.49978	0.99676	0.96006 	0.96655 	0.97622 	0.96330 	0.97159 	0.99032 	0.96155 	0.96821 	0.98105 	0.96390 	0.97964 	0.97851 	-0.14422 	-0.15441 	-0.14768 	0.12809 	0.00000 	0.35273 	-0.15040 	-0.11920 	0.13959 	-0.13724 	0.21871 	0.01837 	-0.04761 	-0.05098 	-0.04876 	-0.08206 	0.00000 	0.34438 	-0.04965 	-0.03935 	-0.03735 	-0.04531 	0.07220 	0.01243 	0.00432	0.02795
Replication7	 -1.49085	0.99678	0.95932 	0.96540 	0.97651 	0.96245 	0.97112 	0.99031 	0.96188 	0.96822 	0.98150 	0.96422 	0.98179 	0.97883 	-0.14199 	-0.18133 	-0.13053 	0.12768 	0.00000 	0.35295 	-0.15653 	-0.14337 	0.13809 	-0.14055 	0.26239 	0.01818 	-0.04687 	-0.05986 	-0.04309 	-0.08081 	0.00000 	0.34467 	-0.05167 	-0.04733 	-0.03746 	-0.04640 	0.08662 	0.01230 	0.00500	0.03010
Replication8	 -1.46189	0.99662	0.95868 	0.96521 	0.97585 	0.96209 	0.97220 	0.98983 	0.95748 	0.96469 	0.97932 	0.95994 	0.97592 	0.97664 	-0.15040 	-0.17557 	-0.12944 	0.13321 	0.03511 	0.36167 	-0.15600 	-0.13522 	0.14645 	-0.14471 	0.20375 	0.01941 	-0.04967 	-0.05798 	-0.04274 	-0.08599 	0.01159 	0.35297 	-0.05151 	-0.04465 	-0.03812 	-0.04779 	0.06728 	0.01322 	0.00827	0.02661
Replication9	 -1.52387	0.99707	0.96537 	0.97077 	0.97896 	0.96799 	0.97532 	0.99213 	0.96757 	0.97236 	0.98406 	0.96899 	0.98456 	0.98164 	-0.12620 	-0.14041 	-0.15349 	0.11576 	0.00000 	0.32035 	-0.12623 	-0.13582 	0.12584 	-0.12678 	0.23259 	0.01655 	-0.04164 	-0.04632 	-0.05064 	-0.07436 	0.00000 	0.31280 	-0.04165 	-0.04481 	-0.03424 	-0.04183 	0.07674 	0.01119 	0.00217	0.02524
Replication10	 -1.47944	0.99692	0.96106 	0.96910 	0.97828 	0.96533 	0.97362 	0.99138 	0.96352 	0.96850 	0.98242 	0.96411 	0.98258 	0.97971 	-0.16300 	-0.12453 	-0.12934 	0.12181 	0.00720 	0.33374 	-0.13123 	-0.15889 	0.13271 	-0.16383 	0.26421 	0.01763 	-0.05379 	-0.04110 	-0.04269 	-0.07778 	0.00238 	0.32581 	-0.04331 	-0.05244 	-0.03534 	-0.05407 	0.08720 	0.01199 	0.00647	0.02687
Replication11	 -1.50468	0.99674	0.95893 	0.96483 	0.97508 	0.96197 	0.97114 	0.98984 	0.96255 	0.96801 	0.98093 	0.96352 	0.98152 	0.97824 	-0.14649 	-0.18089 	-0.16553 	0.12947 	0.01584 	0.36128 	-0.13667 	-0.13384 	0.14040 	-0.16068 	0.26198 	0.01852 	-0.04836 	-0.05972 	-0.05465 	-0.08213 	0.00523 	0.35287 	-0.04512 	-0.04419 	-0.03777 	-0.05305 	0.08649 	0.01255 	0.00341	0.03216
Replication12	 -1.47294	0.99694	0.96054 	0.96866 	0.97853 	0.96489 	0.97308 	0.99139 	0.96275 	0.96861 	0.98264 	0.96399 	0.98324 	0.97990 	-0.16340 	-0.13161 	-0.11659 	0.12153 	0.00000 	0.33358 	-0.14849 	-0.15259 	0.13191 	-0.16711 	0.28225 	0.01752 	-0.05392 	-0.04343 	-0.03848 	-0.07706 	0.00000 	0.32569 	-0.04900 	-0.05036 	-0.03530 	-0.05515 	0.09315 	0.01192 	0.00701	0.02806
Replication13	 -1.44804	0.99653	0.95764 	0.96524 	0.97529 	0.96155 	0.97121 	0.98946 	0.95613 	0.96270 	0.97835 	0.95876 	0.97450 	0.97554 	-0.15876 	-0.14974 	-0.12971 	0.13638 	0.02413 	0.36828 	-0.15210 	-0.17257 	0.15060 	-0.12803 	0.20125 	0.02003 	-0.05244 	-0.04946 	-0.04284 	-0.08862 	0.00797 	0.35934 	-0.05024 	-0.05700 	-0.03886 	-0.04229 	0.06647 	0.01368 	0.00977	0.02572
Replication14	 -1.42302	0.99630	0.95423 	0.96271 	0.97370 	0.95859 	0.96873 	0.98829 	0.95189 	0.95947 	0.97603 	0.95466 	0.96970 	0.97319 	-0.16900 	-0.15280 	-0.11694 	0.14515 	0.02023 	0.38936 	-0.15677 	-0.15732 	0.16087 	-0.13844 	0.16653 	0.02139 	-0.05584 	-0.05049 	-0.03864 	-0.09448 	0.00668 	0.37984 	-0.05180 	-0.05198 	-0.04091 	-0.04575 	0.05503 	0.01462 	0.01226	0.02628
Replication15	 -1.48339	0.99677	0.96116 	0.96704 	0.97668 	0.96402 	0.97219 	0.99050 	0.96077 	0.96718 	0.98109 	0.96317 	0.98037 	0.97838 	-0.13312 	-0.15862 	-0.13957 	0.12718 	0.00000 	0.34956 	-0.15586 	-0.15134 	0.13905 	-0.13816 	0.24848 	0.01841 	-0.04395 	-0.05236 	-0.04608 	-0.08186 	0.00000 	0.34125 	-0.05145 	-0.04996 	-0.03697 	-0.04561 	0.08203 	0.01251 	0.00601	0.02755
Replication16	 1.57653	0.99591	0.95261 	0.96047 	0.96998 	0.95611 	0.96544 	0.98623 	0.94427 	0.95316 	0.97153 	0.94760 	0.96099 	0.96852 	-0.14837 	-0.13507 	-0.14352 	0.15917 	0.00000 	0.42638 	-0.16332 	-0.15138 	0.17958 	-0.13884 	0.10703 	0.02403 	-0.04907 	-0.04467 	-0.04746 	-0.10605 	0.00000 	0.41585 	-0.05401 	-0.05006 	-0.04373 	-0.04591 	0.03540 	0.01654 	0.01570	0.02682
Replication17	 -1.48473	0.99664	0.95492 	0.96291 	0.97416 	0.95933 	0.96942 	0.98915 	0.96039 	0.96624 	0.97994 	0.96094 	0.98059 	0.97712 	-0.17962 	-0.17569 	-0.15624 	0.13391 	0.02304 	0.37368 	-0.14197 	-0.13207 	0.14479 	-0.18512 	0.28122 	0.01916 	-0.05931 	-0.05801 	-0.05159 	-0.08396 	0.00761 	0.36503 	-0.04688 	-0.04361 	-0.03866 	-0.06113 	0.09286 	0.01300 	0.00509	0.03534
Replication18	 -1.41070	0.99623	0.95653 	0.96349 	0.97318 	0.95983 	0.96983 	0.98812 	0.95057 	0.95747 	0.97490 	0.95206 	0.96701 	0.97198 	-0.14436 	-0.15217 	-0.13210 	0.14687 	0.02857 	0.39252 	-0.13668 	-0.16166 	0.16482 	-0.15712 	0.14301 	0.02204 	-0.04771 	-0.05029 	-0.04366 	-0.09741 	0.00944 	0.38281 	-0.04517 	-0.05343 	-0.04087 	-0.05193 	0.04726 	0.01514 	0.01373	0.02419
Replication19	 -1.49538	0.99712	0.96254 	0.97029 	0.97899 	0.96673 	0.97437 	0.99206 	0.96601 	0.97136 	0.98447 	0.96774 	0.98819 	0.98168 	-0.16192 	-0.12227 	-0.14566 	0.11456 	0.00000 	0.32158 	-0.15675 	-0.16851 	0.12356 	-0.15198 	0.33532 	0.01648 	-0.05342 	-0.04034 	-0.04805 	-0.07190 	0.00000 	0.31418 	-0.05171 	-0.05559 	-0.03343 	-0.05014 	0.11062 	0.01122 	0.00441	0.03144
Replication20	 -1.50659	0.99717	0.96610 	0.97229 	0.98079 	0.96926 	0.97653 	0.99292 	0.96766 	0.97269 	0.98501 	0.96971 	0.98580 	0.98256 	-0.13354 	-0.12932 	-0.12473 	0.11170 	0.00000 	0.30613 	-0.13794 	-0.15553 	0.12126 	-0.11812 	0.24819 	0.01601 	-0.04405 	-0.04266 	-0.04114 	-0.07154 	0.00000 	0.29885 	-0.04550 	-0.05130 	-0.03303 	-0.03896 	0.08187 	0.01083 	0.00409	0.02336
Replication21	 -1.50414	0.99710	0.96396 	0.97051 	0.97857 	0.96745 	0.97563 	0.99201 	0.96638 	0.97110 	0.98412 	0.96804 	0.98725 	0.98135 	-0.14953 	-0.13378 	-0.16442 	0.11502 	0.02000 	0.32236 	-0.14561 	-0.17880 	0.12487 	-0.13679 	0.31372 	0.01666 	-0.04933 	-0.04414 	-0.05424 	-0.07307 	0.00660 	0.31489 	-0.04804 	-0.05899 	-0.03350 	-0.04513 	0.10350 	0.01135 	0.00368	0.02990
Replication22	 -1.48438	0.99717	0.96601 	0.97142 	0.98003 	0.96899 	0.97816 	0.99266 	0.96540 	0.97087 	0.98451 	0.96656 	0.98676 	0.98175 	-0.13733 	-0.15810 	-0.14330 	0.11195 	0.04769 	0.31090 	-0.14957 	-0.16054 	0.12223 	-0.16695 	0.31250 	0.01640 	-0.04530 	-0.05215 	-0.04727 	-0.07152 	0.01573 	0.30361 	-0.04934 	-0.05296 	-0.03225 	-0.05507 	0.10308 	0.01123 	0.00588	0.02780
Replication23	 -1.53412	0.99700	0.95897 	0.96636 	0.97712 	0.96307 	0.97159 	0.99104 	0.97074 	0.97298 	0.98407 	0.96971 	0.98793 	0.98152 	-0.16889 	-0.16652 	-0.15456 	0.12031 	0.00000 	0.33977 	-0.09230 	-0.15634 	0.12761 	-0.15498 	0.28952 	0.01667 	-0.05573 	-0.05495 	-0.05100 	-0.07404 	0.00000 	0.33205 	-0.03046 	-0.05159 	-0.03604 	-0.05114 	0.09553 	0.01118 	0.00029	0.03382
Replication24	 -1.48996	0.99669	0.95853 	0.96571 	0.97572 	0.96249 	0.97326 	0.99009 	0.96198 	0.96673 	0.98016 	0.96261 	0.97775 	0.97758 	-0.16865 	-0.16845 	-0.15535 	0.13067 	0.05608 	0.35698 	-0.11401 	-0.14395 	0.14298 	-0.14296 	0.19317 	0.01888 	-0.05568 	-0.05562 	-0.05129 	-0.08383 	0.01852 	0.34846 	-0.03764 	-0.04753 	-0.03763 	-0.04720 	0.06378 	0.01282 	0.00539	0.02715
Replication25	 -1.43905	0.99629	0.95366 	0.96192 	0.97210 	0.95776 	0.96696 	0.98772 	0.95143 	0.95979 	0.97596 	0.95414 	0.97182 	0.97298 	-0.16580 	-0.14543 	-0.15055 	0.14598 	0.00000 	0.39944 	-0.17366 	-0.13672 	0.16133 	-0.16604 	0.22004 	0.02150 	-0.05479 	-0.04806 	-0.04975 	-0.09449 	0.00000 	0.38988 	-0.05738 	-0.04518 	-0.04115 	-0.05487 	0.07271 	0.01471 	0.01009	0.03164
Replication26	 -1.50652	0.99701	0.96151 	0.96860 	0.97790 	0.96527 	0.97321 	0.99143 	0.96532 	0.97111 	0.98356 	0.96666 	0.98583 	0.98091 	-0.15537 	-0.14190 	-0.14976 	0.11885 	0.00000 	0.33281 	-0.14911 	-0.13079 	0.12819 	-0.16338 	0.29683 	0.01696 	-0.05127 	-0.04682 	-0.04941 	-0.07476 	0.00000 	0.32512 	-0.04920 	-0.04316 	-0.03483 	-0.05391 	0.09794 	0.01149 	0.00332	0.03120
Replication27	 -1.45322	0.99612	0.95289 	0.96056 	0.97074 	0.95651 	0.96589 	0.98697 	0.95181 	0.95905 	0.97439 	0.95426 	0.96707 	0.97167 	-0.15705 	-0.15369 	-0.15965 	0.15223 	0.00000 	0.41289 	-0.14038 	-0.13051 	0.16885 	-0.12967 	0.12364 	0.02230 	-0.05191 	-0.05080 	-0.05278 	-0.09950 	0.00000 	0.40289 	-0.04640 	-0.04314 	-0.04311 	-0.04286 	0.04087 	0.01519 	0.00897	0.02845
Replication28	 -1.52570	0.99712	0.96164 	0.96871 	0.97900 	0.96553 	0.97364 	0.99198 	0.96840 	0.97388 	0.98494 	0.97058 	0.98765 	0.98252 	-0.15872 	-0.15637 	-0.13589 	0.11533 	0.00000 	0.32297 	-0.14732 	-0.12843 	0.12289 	-0.12748 	0.27841 	0.01608 	-0.05236 	-0.05158 	-0.04483 	-0.07149 	0.00000 	0.31554 	-0.04860 	-0.04237 	-0.03442 	-0.04206 	0.09185 	0.01080 	0.00147	0.03047
Replication29	 -1.46213	0.99650	0.95563 	0.96411 	0.97411 	0.95997 	0.96886 	0.98893 	0.95689 	0.96318 	0.97831 	0.95892 	0.97603 	0.97545 	-0.16967 	-0.13720 	-0.14474 	0.13813 	0.00000 	0.37777 	-0.14966 	-0.16406 	0.15149 	-0.14450 	0.23029 	0.02010 	-0.05604 	-0.04532 	-0.04781 	-0.08882 	0.00000 	0.36875 	-0.04943 	-0.05419 	-0.03961 	-0.04773 	0.07607 	0.01369 	0.00795	0.02956
Replication30	 -1.48952	0.99725	0.96720 	0.97278 	0.98086 	0.97025 	0.97887 	0.99316 	0.96572 	0.97201 	0.98527 	0.96833 	0.98757 	0.98257 	-0.13620 	-0.14388 	-0.14163 	0.10872 	0.04072 	0.30191 	-0.16795 	-0.15872 	0.11871 	-0.14130 	0.30917 	0.01593 	-0.04492 	-0.04745 	-0.04671 	-0.06954 	0.01343 	0.29482 	-0.05539 	-0.05235 	-0.03139 	-0.04660 	0.10197 	0.01090 	0.00547	0.02676
Replication31	 -1.42128	0.99613	0.95127 	0.96020 	0.97087 	0.95582 	0.96615 	0.98693 	0.95011 	0.95700 	0.97429 	0.95176 	0.96912 	0.97119 	-0.17895 	-0.15088 	-0.15046 	0.15220 	0.01790 	0.41371 	-0.14964 	-0.17220 	0.16871 	-0.16410 	0.20311 	0.02252 	-0.05915 	-0.04987 	-0.04973 	-0.09879 	0.00592 	0.40374 	-0.04946 	-0.05692 	-0.04263 	-0.05424 	0.06714 	0.01544 	0.01192	0.03142
Replication32	 -1.44380	0.99615	0.95375 	0.96111 	0.97044 	0.95715 	0.96623 	0.98697 	0.95113 	0.95803 	0.97449 	0.95279 	0.96936 	0.97146 	-0.15214 	-0.14628 	-0.17542 	0.15097 	0.00000 	0.41290 	-0.14621 	-0.15541 	0.16789 	-0.16066 	0.19167 	0.02237 	-0.05029 	-0.04835 	-0.05798 	-0.09887 	0.00000 	0.40298 	-0.04833 	-0.05137 	-0.04249 	-0.05310 	0.06335 	0.01532 	0.00968	0.03086
Replication33	 -1.48051	0.99654	0.95627 	0.96472 	0.97461 	0.96060 	0.96940 	0.98926 	0.95921 	0.96489 	0.97889 	0.96097 	0.97587 	0.97624 	-0.16958 	-0.13524 	-0.14525 	0.13640 	0.00000 	0.37185 	-0.13236 	-0.14986 	0.14927 	-0.12985 	0.19124 	0.01967 	-0.05601 	-0.04467 	-0.04797 	-0.08771 	0.00000 	0.36295 	-0.04371 	-0.04949 	-0.03943 	-0.04289 	0.06316 	0.01334 	0.00630	0.02757
Replication34	 -1.48109	0.99681	0.96193 	0.96832 	0.97694 	0.96504 	0.97289 	0.99075 	0.96077 	0.96710 	0.98124 	0.96302 	0.98056 	0.97849 	-0.13732 	-0.13631 	-0.14734 	0.12555 	0.00000 	0.34507 	-0.15523 	-0.15511 	0.13783 	-0.14208 	0.25290 	0.01833 	-0.04533 	-0.04500 	-0.04864 	-0.08123 	0.00000 	0.33686 	-0.05124 	-0.05120 	-0.03628 	-0.04690 	0.08348 	0.01249 	0.00629	0.02702
Replication35	 -1.46212	0.99620	0.95201 	0.95942 	0.97086 	0.95566 	0.96536 	0.98705 	0.95328 	0.96048 	0.97555 	0.95548 	0.97137 	0.97271 	-0.16087 	-0.17929 	-0.15696 	0.14994 	0.00000 	0.41148 	-0.15174 	-0.13442 	0.16452 	-0.14985 	0.19314 	0.02171 	-0.05317 	-0.05926 	-0.05188 	-0.09637 	0.00000 	0.40169 	-0.05015 	-0.04443 	-0.04288 	-0.04952 	0.06383 	0.01476 	0.00765	0.03263
Replication36	 1.57649	0.99583	0.95102 	0.95901 	0.96932 	0.95470 	0.96497 	0.98579 	0.94431 	0.95264 	0.97082 	0.94698 	0.95931 	0.96788 	-0.15616 	-0.15102 	-0.14184 	0.16236 	0.01413 	0.43416 	-0.14697 	-0.14575 	0.18293 	-0.14021 	0.07970 	0.02441 	-0.05165 	-0.04995 	-0.04691 	-0.10785 	0.00467 	0.42342 	-0.04861 	-0.04821 	-0.04459 	-0.04637 	0.02636 	0.01678 	0.01574	0.02709
Replication37	 -1.46049	0.99668	0.96223 	0.96757 	0.97633 	0.96460 	0.97251 	0.99025 	0.95803 	0.96447 	0.97975 	0.95997 	0.97733 	0.97692 	-0.11869 	-0.14827 	-0.13992 	0.13007 	0.00000 	0.35419 	-0.15113 	-0.16230 	0.14409 	-0.15039 	0.23169 	0.01922 	-0.03919 	-0.04896 	-0.04620 	-0.08531 	0.00000 	0.34563 	-0.04990 	-0.05359 	-0.03727 	-0.04966 	0.07650 	0.01314 	0.00856	0.02520
Replication38	 -1.47210	0.99669	0.95885 	0.96577 	0.97580 	0.96234 	0.97085 	0.98993 	0.95915 	0.96568 	0.98023 	0.96165 	0.97958 	0.97740 	-0.14861 	-0.15420 	-0.13850 	0.13085 	0.00000 	0.35976 	-0.16102 	-0.16259 	0.14296 	-0.14119 	0.26053 	0.01897 	-0.04907 	-0.05091 	-0.04573 	-0.08387 	0.00000 	0.35123 	-0.05317 	-0.05368 	-0.03784 	-0.04662 	0.08602 	0.01291 	0.00697	0.02928
Replication39	 -1.43007	0.99653	0.96105 	0.96756 	0.97488 	0.96415 	0.97348 	0.98958 	0.95360 	0.96061 	0.97751 	0.95509 	0.97289 	0.97450 	-0.13983 	-0.12485 	-0.16371 	0.13512 	0.03968 	0.36622 	-0.15125 	-0.16208 	0.15209 	-0.17291 	0.21261 	0.02053 	-0.04619 	-0.04123 	-0.05407 	-0.08992 	0.01310 	0.35728 	-0.04995 	-0.05353 	-0.03739 	-0.05711 	0.07022 	0.01418 	0.01163	0.02538
Replication40	 1.57430	0.99594	0.95377 	0.96020 	0.96862 	0.95643 	0.96569 	0.98601 	0.94649 	0.95433 	0.97205 	0.94917 	0.96452 	0.96890 	-0.13663 	-0.14644 	-0.19280 	0.15782 	0.00734 	0.43025 	-0.15802 	-0.16451 	0.17766 	-0.14568 	0.15919 	0.02381 	-0.04518 	-0.04842 	-0.06375 	-0.10502 	0.00243 	0.41980 	-0.05225 	-0.05440 	-0.04365 	-0.04817 	0.05264 	0.01639 	0.01199	0.03041
Replication41	 -1.49125	0.99677	0.95846 	0.96583 	0.97570 	0.96251 	0.97249 	0.99017 	0.96196 	0.96746 	0.98098 	0.96303 	0.98119 	0.97823 	-0.16956 	-0.16171 	-0.16167 	0.12818 	0.03789 	0.35546 	-0.13862 	-0.14554 	0.13945 	-0.15964 	0.26213 	0.01849 	-0.05598 	-0.05338 	-0.05337 	-0.08136 	0.01251 	0.34714 	-0.04576 	-0.04805 	-0.03698 	-0.05270 	0.08654 	0.01258 	0.00485	0.03118
Replication42	 -1.44012	0.99642	0.95759 	0.96466 	0.97383 	0.96094 	0.96963 	0.98874 	0.95274 	0.96095 	0.97705 	0.95539 	0.97250 	0.97414 	-0.14474 	-0.13940 	-0.14620 	0.14014 	0.00339 	0.38121 	-0.16959 	-0.13707 	0.15582 	-0.16234 	0.20833 	0.02081 	-0.04782 	-0.04605 	-0.04830 	-0.09178 	0.00112 	0.37200 	-0.05602 	-0.04528 	-0.03947 	-0.05363 	0.06882 	0.01426 	0.01036	0.02785
Replication43	 -1.45883	0.99641	0.95501 	0.96253 	0.97312 	0.95896 	0.96956 	0.98844 	0.95619 	0.96201 	0.97735 	0.95722 	0.97430 	0.97447 	-0.16821 	-0.17108 	-0.15552 	0.14139 	0.03677 	0.38663 	-0.13462 	-0.15895 	0.15551 	-0.16017 	0.21582 	0.02066 	-0.05557 	-0.05652 	-0.05138 	-0.09108 	0.01215 	0.37739 	-0.04447 	-0.05251 	-0.04024 	-0.05291 	0.07130 	0.01409 	0.00822	0.03024
Replication44	 -1.49484	0.99669	0.95838 	0.96591 	0.97476 	0.96219 	0.97048 	0.98971 	0.96094 	0.96663 	0.98026 	0.96224 	0.98021 	0.97747 	-0.15996 	-0.13463 	-0.17235 	0.13086 	0.00000 	0.36373 	-0.14180 	-0.14551 	0.14285 	-0.15605 	0.25842 	0.01893 	-0.05282 	-0.04445 	-0.05691 	-0.08373 	0.00000 	0.35520 	-0.04682 	-0.04805 	-0.03783 	-0.05153 	0.08533 	0.01288 	0.00448	0.03127
Replication45	 -1.47511	0.99663	0.95784 	0.96589 	0.97512 	0.96194 	0.97038 	0.98966 	0.95940 	0.96507 	0.97959 	0.96069 	0.97821 	0.97678 	-0.16305 	-0.12978 	-0.15168 	0.13287 	0.00000 	0.36473 	-0.13918 	-0.15863 	0.14562 	-0.15367 	0.24015 	0.01933 	-0.05384 	-0.04286 	-0.05009 	-0.08550 	0.00000 	0.35605 	-0.04596 	-0.05238 	-0.03825 	-0.05074 	0.07930 	0.01316 	0.00671	0.02889
Replication46	 1.57407	0.99591	0.95295 	0.95994 	0.96922 	0.95593 	0.96519 	0.98607 	0.94673 	0.95505 	0.97179 	0.94960 	0.96125 	0.96899 	-0.14111 	-0.14668 	-0.16690 	0.15916 	0.00000 	0.42923 	-0.14643 	-0.12493 	0.17903 	-0.13224 	0.07932 	0.02380 	-0.04666 	-0.04851 	-0.05519 	-0.10586 	0.00000 	0.41870 	-0.04842 	-0.04131 	-0.04412 	-0.04373 	0.02623 	0.01632 	0.01225	0.02743
Replication47	 -1.48208	0.99694	0.96030 	0.96741 	0.97733 	0.96408 	0.97230 	0.99096 	0.96277 	0.96894 	0.98273 	0.96435 	0.98554 	0.97985 	-0.15549 	-0.15151 	-0.14115 	0.12180 	0.00000 	0.34131 	-0.16357 	-0.15463 	0.13164 	-0.17328 	0.33290 	0.01754 	-0.05131 	-0.05000 	-0.04658 	-0.07654 	0.00000 	0.33343 	-0.05398 	-0.05103 	-0.03536 	-0.05719 	0.10986 	0.01194 	0.00557	0.03325
Replication48	 -1.42725	0.99634	0.95756 	0.96537 	0.97377 	0.96145 	0.97171 	0.98873 	0.95288 	0.95922 	0.97585 	0.95414 	0.96830 	0.97303 	-0.16011 	-0.12818 	-0.15199 	0.14246 	0.04603 	0.38144 	-0.12695 	-0.15713 	0.16009 	-0.14943 	0.13447 	0.02142 	-0.05290 	-0.04235 	-0.05022 	-0.09460 	0.01521 	0.37202 	-0.04195 	-0.05192 	-0.03952 	-0.04937 	0.04443 	0.01473 	0.01210	0.02355
Replication49	 1.58360	0.99554	0.94788 	0.95593 	0.96646 	0.95140 	0.96177 	0.98405 	0.93719 	0.94746 	0.96752 	0.94063 	0.95409 	0.96432 	-0.15321 	-0.15474 	-0.14773 	0.17340 	0.00495 	0.46548 	-0.17296 	-0.13915 	0.19668 	-0.15932 	0.07973 	0.02642 	-0.05070 	-0.05121 	-0.04889 	-0.11563 	0.00164 	0.45400 	-0.05724 	-0.04605 	-0.04669 	-0.05272 	0.02639 	0.01826 	0.01954	0.03113
Replication50	 -1.45336	0.99630	0.95581 	0.96307 	0.97244 	0.95922 	0.96805 	0.98802 	0.95304 	0.96052 	0.97611 	0.95581 	0.97085 	0.97328 	-0.14912 	-0.14305 	-0.15852 	0.14483 	0.00000 	0.39407 	-0.15629 	-0.14384 	0.16071 	-0.13690 	0.17576 	0.02134 	-0.04927 	-0.04727 	-0.05238 	-0.09478 	0.00000 	0.38455 	-0.05165 	-0.04753 	-0.04104 	-0.04524 	0.05808 	0.01457 	0.00899	0.02805
Replication51	 1.57508	0.99583	0.95199 	0.95858 	0.96889 	0.95474 	0.96437 	0.98567 	0.94571 	0.95338 	0.97109 	0.94874 	0.96061 	0.96815 	-0.13553 	-0.16602 	-0.15218 	0.16245 	0.00000 	0.43633 	-0.14459 	-0.16322 	0.18255 	-0.11814 	0.08790 	0.02428 	-0.04483 	-0.05491 	-0.05033 	-0.10798 	0.00000 	0.42559 	-0.04782 	-0.05398 	-0.04516 	-0.03908 	0.02907 	0.01665 	0.01384	0.02721
Replication52	 -1.46965	0.99651	0.95447 	0.96210 	0.97260 	0.95841 	0.96750 	0.98833 	0.95731 	0.96356 	0.97858 	0.95865 	0.97983 	0.97548 	-0.16724 	-0.16437 	-0.17097 	0.13841 	0.00000 	0.38831 	-0.16042 	-0.16405 	0.15061 	-0.17956 	0.31559 	0.02007 	-0.05524 	-0.05429 	-0.05647 	-0.08756 	0.00000 	0.37933 	-0.05298 	-0.05418 	-0.03966 	-0.05931 	0.10424 	0.01369 	0.00639	0.03756
Replication53	 -1.46921	0.99684	0.96014 	0.96806 	0.97753 	0.96436 	0.97317 	0.99092 	0.96157 	0.96701 	0.98155 	0.96259 	0.98135 	0.97875 	-0.16368 	-0.13406 	-0.13109 	0.12491 	0.01562 	0.34200 	-0.14052 	-0.16542 	0.13647 	-0.16267 	0.26770 	0.01818 	-0.05403 	-0.04425 	-0.04327 	-0.07992 	0.00516 	0.33386 	-0.04638 	-0.05460 	-0.03600 	-0.05369 	0.08836 	0.01239 	0.00743	0.02763
Replication54	 -1.42538	0.99616	0.95336 	0.96148 	0.97175 	0.95728 	0.96670 	0.98736 	0.95096 	0.95760 	0.97467 	0.95306 	0.96867 	0.97167 	-0.15998 	-0.14578 	-0.14115 	0.15040 	0.00240 	0.40604 	-0.14505 	-0.17917 	0.16713 	-0.14087 	0.17562 	0.02225 	-0.05288 	-0.04818 	-0.04665 	-0.09844 	0.00079 	0.39615 	-0.04794 	-0.05922 	-0.04239 	-0.04656 	0.05805 	0.01523 	0.01185	0.02795
Replication55	 -1.48122	0.99653	0.95563 	0.96363 	0.97408 	0.95974 	0.96873 	0.98897 	0.95797 	0.96492 	0.97880 	0.96064 	0.97640 	0.97612 	-0.16669 	-0.15198 	-0.14776 	0.13731 	0.00000 	0.37696 	-0.15547 	-0.13412 	0.14984 	-0.13406 	0.21221 	0.01975 	-0.05506 	-0.05020 	-0.04880 	-0.08777 	0.00000 	0.36802 	-0.05135 	-0.04430 	-0.03967 	-0.04428 	0.07009 	0.01339 	0.00597	0.03008
Replication56	 -1.44022	0.99628	0.95393 	0.96297 	0.97241 	0.95843 	0.96745 	0.98791 	0.95422 	0.95946 	0.97584 	0.95413 	0.97100 	0.97289 	-0.17257 	-0.12244 	-0.15112 	0.14606 	0.00000 	0.39610 	-0.11637 	-0.16630 	0.16188 	-0.17590 	0.18939 	0.02155 	-0.05702 	-0.04046 	-0.04994 	-0.09522 	0.00000 	0.38652 	-0.03845 	-0.05495 	-0.04127 	-0.05813 	0.06258 	0.01474 	0.01029	0.02839
Replication57	 -1.45688	0.99671	0.95867 	0.96577 	0.97635 	0.96231 	0.97094 	0.99007 	0.95777 	0.96532 	0.98037 	0.96084 	0.97984 	0.97749 	-0.15044 	-0.15818 	-0.12231 	0.13011 	0.00000 	0.35726 	-0.17959 	-0.15806 	0.14208 	-0.14988 	0.27856 	0.01891 	-0.04967 	-0.05223 	-0.04038 	-0.08310 	0.00000 	0.34879 	-0.05929 	-0.05219 	-0.03744 	-0.04949 	0.09197 	0.01289 	0.00845	0.02987
Replication58	 -1.46789	0.99639	0.95593 	0.96355 	0.97249 	0.95961 	0.96829 	0.98827 	0.95515 	0.96195 	0.97710 	0.95745 	0.97403 	0.97420 	-0.15749 	-0.13552 	-0.17423 	0.14174 	0.00000 	0.38962 	-0.15366 	-0.15271 	0.15652 	-0.14382 	0.21604 	0.02081 	-0.05203 	-0.04477 	-0.05756 	-0.09207 	0.00000 	0.38034 	-0.05077 	-0.05045 	-0.04035 	-0.04752 	0.07137 	0.01420 	0.00729	0.03039
Replication59	 -1.44026	0.99648	0.95831 	0.96533 	0.97437 	0.96163 	0.97006 	0.98906 	0.95416 	0.96129 	0.97769 	0.95662 	0.97448 	0.97469 	-0.14267 	-0.13622 	-0.14437 	0.13796 	0.00000 	0.37553 	-0.16365 	-0.17226 	0.15313 	-0.15178 	0.23421 	0.02049 	-0.04713 	-0.04499 	-0.04769 	-0.09028 	0.00000 	0.36646 	-0.05406 	-0.05690 	-0.03905 	-0.05013 	0.07736 	0.01404 	0.01036	0.02764
Replication60	 -1.44434	0.99660	0.96273 	0.96816 	0.97653 	0.96503 	0.97285 	0.99019 	0.95578 	0.96294 	0.97869 	0.95837 	0.97331 	0.97597 	-0.11327 	-0.13639 	-0.12768 	0.13242 	0.00000 	0.35525 	-0.15202 	-0.15337 	0.14811 	-0.13555 	0.17331 	0.01976 	-0.03741 	-0.04504 	-0.04216 	-0.08809 	0.00000 	0.34649 	-0.05020 	-0.05065 	-0.03757 	-0.04476 	0.05724 	0.01353 	0.01058	0.02137
Replication61	 -1.47918	0.99652	0.95938 	0.96602 	0.97345 	0.96242 	0.97036 	0.98906 	0.95776 	0.96331 	0.97825 	0.95918 	0.97621 	0.97534 	-0.14079 	-0.12285 	-0.19001 	0.13609 	0.00000 	0.37544 	-0.13719 	-0.16849 	0.15089 	-0.14592 	0.22901 	0.02013 	-0.04650 	-0.04058 	-0.06276 	-0.08918 	0.00000 	0.36649 	-0.04531 	-0.05565 	-0.03880 	-0.04820 	0.07564 	0.01377 	0.00630	0.02892
Replication62	 1.57580	0.99610	0.95584 	0.96301 	0.97183 	0.95909 	0.96872 	0.98737 	0.94500 	0.95447 	0.97316 	0.94863 	0.96410 	0.97007 	-0.14194 	-0.13540 	-0.14253 	0.15140 	0.02144 	0.40586 	-0.18044 	-0.15502 	0.17139 	-0.15164 	0.15001 	0.02309 	-0.04692 	-0.04476 	-0.04712 	-0.10121 	0.00709 	0.39583 	-0.05965 	-0.05124 	-0.04130 	-0.05013 	0.04959 	0.01596 	0.01624	0.02614
Replication63	 -1.46849	0.99682	0.96287 	0.96794 	0.97724 	0.96521 	0.97312 	0.99079 	0.96012 	0.96645 	0.98130 	0.96243 	0.98130 	0.97843 	-0.11873 	-0.16069 	-0.13596 	0.12523 	0.00000 	0.34439 	-0.16192 	-0.17318 	0.13753 	-0.14701 	0.27949 	0.01835 	-0.03919 	-0.05304 	-0.04488 	-0.08109 	0.00000 	0.33619 	-0.05345 	-0.05716 	-0.03619 	-0.04853 	0.09226 	0.01253 	0.00752	0.02745
Replication64	 1.57544	0.99588	0.95071 	0.95872 	0.96946 	0.95441 	0.96422 	0.98589 	0.94536 	0.95394 	0.97164 	0.94842 	0.96184 	0.96869 	-0.15627 	-0.15522 	-0.14064 	0.16081 	0.00000 	0.43234 	-0.15837 	-0.14407 	0.18005 	-0.14044 	0.11206 	0.02397 	-0.05168 	-0.05133 	-0.04651 	-0.10601 	0.00000 	0.42174 	-0.05237 	-0.04765 	-0.04462 	-0.04644 	0.03706 	0.01643 	0.01421	0.02860
Replication65	 -1.44593	0.99630	0.95593 	0.96340 	0.97237 	0.95943 	0.96815 	0.98800 	0.95192 	0.95997 	0.97586 	0.95460 	0.97029 	0.97299 	-0.15046 	-0.13408 	-0.16064 	0.14495 	0.00000 	0.39452 	-0.16199 	-0.13294 	0.16133 	-0.15189 	0.17943 	0.02148 	-0.04972 	-0.04431 	-0.05308 	-0.09510 	0.00000 	0.38499 	-0.05353 	-0.04393 	-0.04079 	-0.05019 	0.05929 	0.01471 	0.00972	0.02834
Replication66	 -1.51841	0.99704	0.96484 	0.97119 	0.97831 	0.96810 	0.97626 	0.99196 	0.96512 	0.97139 	0.98334 	0.96762 	0.98293 	0.98089 	-0.14476 	-0.12194 	-0.17441 	0.11672 	0.02588 	0.32334 	-0.14780 	-0.11881 	0.12796 	-0.12482 	0.22436 	0.01695 	-0.04776 	-0.04024 	-0.05755 	-0.07542 	0.00854 	0.31571 	-0.04877 	-0.03920 	-0.03383 	-0.04119 	0.07403 	0.01152 	0.00266	0.02584
Replication67	 -1.46370	0.99667	0.95897 	0.96686 	0.97601 	0.96308 	0.97232 	0.99010 	0.95866 	0.96471 	0.97972 	0.96093 	0.97752 	0.97691 	-0.16341 	-0.13343 	-0.14322 	0.13116 	0.02331 	0.35689 	-0.14869 	-0.17328 	0.14443 	-0.13199 	0.22710 	0.01923 	-0.05396 	-0.04406 	-0.04729 	-0.08491 	0.00770 	0.34830 	-0.04910 	-0.05722 	-0.03750 	-0.04358 	0.07499 	0.01313 	0.00810	0.02651
Replication68	 -1.49308	0.99689	0.96033 	0.96689 	0.97729 	0.96376 	0.97212 	0.99084 	0.96201 	0.96945 	0.98234 	0.96463 	0.98295 	0.97972 	-0.14781 	-0.16385 	-0.13397 	0.12365 	0.00000 	0.34340 	-0.17100 	-0.11472 	0.13375 	-0.15655 	0.27417 	0.01766 	-0.04879 	-0.05408 	-0.04422 	-0.07807 	0.00000 	0.33539 	-0.05644 	-0.03786 	-0.03609 	-0.05167 	0.09049 	0.01196 	0.00472	0.03063
Replication69	 1.57984	0.99579	0.95107 	0.95931 	0.96951 	0.95486 	0.96521 	0.98573 	0.94096 	0.95100 	0.96998 	0.94460 	0.95654 	0.96703 	-0.15555 	-0.14373 	-0.12819 	0.16365 	0.01659 	0.43545 	-0.16742 	-0.12876 	0.18557 	-0.14388 	0.06003 	0.02487 	-0.05145 	-0.04754 	-0.04240 	-0.10930 	0.00549 	0.42460 	-0.05538 	-0.04259 	-0.04426 	-0.04759 	0.01986 	0.01716 	0.01865	0.02659
Replication70	 -1.44141	0.99655	0.96137 	0.96755 	0.97525 	0.96414 	0.97238 	0.98969 	0.95474 	0.96176 	0.97800 	0.95645 	0.97345 	0.97511 	-0.12837 	-0.12525 	-0.15191 	0.13454 	0.01080 	0.36432 	-0.15023 	-0.15325 	0.15074 	-0.16414 	0.20309 	0.02022 	-0.04240 	-0.04137 	-0.05017 	-0.08934 	0.00357 	0.35543 	-0.04962 	-0.05062 	-0.03776 	-0.05421 	0.06708 	0.01390 	0.01056	0.02449
Replication71	 -1.49823	0.99680	0.95932 	0.96648 	0.97582 	0.96321 	0.97291 	0.99035 	0.96223 	0.96804 	0.98130 	0.96427 	0.98181 	0.97857 	-0.16603 	-0.15600 	-0.17004 	0.12670 	0.03637 	0.35230 	-0.14935 	-0.15131 	0.13793 	-0.13810 	0.26342 	0.01829 	-0.05481 	-0.05150 	-0.05613 	-0.08058 	0.01201 	0.34407 	-0.04930 	-0.04995 	-0.03660 	-0.04559 	0.08695 	0.01244 	0.00417	0.03101
Replication72	 -1.48782	0.99670	0.95983 	0.96666 	0.97496 	0.96316 	0.97118 	0.98984 	0.95946 	0.96611 	0.98010 	0.96140 	0.97953 	0.97729 	-0.14719 	-0.13294 	-0.17398 	0.13018 	0.00000 	0.36143 	-0.15631 	-0.13775 	0.14296 	-0.15813 	0.25797 	0.01902 	-0.04860 	-0.04389 	-0.05745 	-0.08401 	0.00000 	0.35292 	-0.05161 	-0.04548 	-0.03739 	-0.05221 	0.08518 	0.01297 	0.00527	0.03043
Replication73	 -1.47851	0.99670	0.96169 	0.96811 	0.97632 	0.96470 	0.97253 	0.99037 	0.95994 	0.96573 	0.98003 	0.96167 	0.97711 	0.97736 	-0.13428 	-0.12817 	-0.14973 	0.12941 	0.00000 	0.35200 	-0.13540 	-0.15326 	0.14307 	-0.13526 	0.19946 	0.01898 	-0.04434 	-0.04232 	-0.04944 	-0.08475 	0.00000 	0.34349 	-0.04470 	-0.05060 	-0.03725 	-0.04466 	0.06586 	0.01294 	0.00683	0.02422
Replication74	 -1.48305	0.99665	0.95894 	0.96586 	0.97453 	0.96234 	0.97057 	0.98955 	0.95907 	0.96539 	0.97971 	0.96073 	0.97931 	0.97683 	-0.14953 	-0.13842 	-0.17254 	0.13203 	0.00051 	0.36657 	-0.15284 	-0.14849 	0.14488 	-0.16102 	0.26524 	0.01928 	-0.04938 	-0.04571 	-0.05697 	-0.08505 	0.00017 	0.35795 	-0.05047 	-0.04903 	-0.03791 	-0.05317 	0.08758 	0.01315 	0.00568	0.03116
Replication75	 1.57191	0.99607	0.95157 	0.96022 	0.96989 	0.95574 	0.96514 	0.98655 	0.94888 	0.95711 	0.97368 	0.95251 	0.96742 	0.97069 	-0.16985 	-0.13655 	-0.16982 	0.15423 	0.00000 	0.42041 	-0.16994 	-0.15487 	0.17147 	-0.12793 	0.17048 	0.02282 	-0.05615 	-0.04514 	-0.05614 	-0.10075 	0.00000 	0.41028 	-0.05618 	-0.05120 	-0.04322 	-0.04229 	0.05636 	0.01562 	0.01046	0.03118
Replication76	 1.57098	0.99614	0.95372 	0.96175 	0.97144 	0.95757 	0.96718 	0.98728 	0.94982 	0.95783 	0.97418 	0.95244 	0.96611 	0.97137 	-0.15976 	-0.14100 	-0.15092 	0.15108 	0.01093 	0.40746 	-0.15135 	-0.13160 	0.16869 	-0.14293 	0.12841 	0.02243 	-0.05281 	-0.04661 	-0.04989 	-0.09940 	0.00361 	0.39751 	-0.05003 	-0.04350 	-0.04222 	-0.04725 	0.04245 	0.01535 	0.01144	0.02722
Replication77	 1.57521	0.99592	0.95456 	0.96045 	0.96998 	0.95694 	0.96670 	0.98632 	0.94558 	0.95309 	0.97163 	0.94725 	0.96154 	0.96857 	-0.12534 	-0.16354 	-0.15135 	0.15834 	0.01518 	0.42465 	-0.13912 	-0.16101 	0.17904 	-0.15961 	0.11420 	0.02399 	-0.04145 	-0.05408 	-0.05005 	-0.10603 	0.00502 	0.41415 	-0.04600 	-0.05324 	-0.04356 	-0.05278 	0.03776 	0.01653 	0.01544	0.02625
Replication78	 1.57791	0.99580	0.94961 	0.95799 	0.96883 	0.95353 	0.96385 	0.98545 	0.94289 	0.95142 	0.97056 	0.94554 	0.96066 	0.96740 	-0.16171 	-0.15484 	-0.13826 	0.16398 	0.00877 	0.44039 	-0.16090 	-0.16556 	0.18426 	-0.15685 	0.13278 	0.02468 	-0.05349 	-0.05122 	-0.04573 	-0.10832 	0.00290 	0.42957 	-0.05322 	-0.05476 	-0.04502 	-0.05188 	0.04392 	0.01699 	0.01674	0.02973
Replication79	 -1.49038	0.99669	0.95836 	0.96562 	0.97497 	0.96216 	0.97139 	0.98978 	0.96041 	0.96650 	0.98019 	0.96194 	0.97964 	0.97744 	-0.16203 	-0.15061 	-0.16774 	0.13083 	0.02086 	0.36252 	-0.14590 	-0.13873 	0.14292 	-0.15635 	0.25024 	0.01895 	-0.05350 	-0.04973 	-0.05538 	-0.08367 	0.00689 	0.35400 	-0.04817 	-0.04581 	-0.03768 	-0.05162 	0.08263 	0.01289 	0.00497	0.03085
Replication80	 -1.45925	0.99633	0.95602 	0.96314 	0.97270 	0.95937 	0.96821 	0.98816 	0.95457 	0.96115 	0.97645 	0.95640 	0.97136 	0.97366 	-0.14791 	-0.14746 	-0.15583 	0.14402 	0.00000 	0.39153 	-0.13896 	-0.14497 	0.15949 	-0.14379 	0.17120 	0.02113 	-0.04887 	-0.04872 	-0.05149 	-0.09411 	0.00000 	0.38208 	-0.04591 	-0.04790 	-0.04102 	-0.04751 	0.05657 	0.01441 	0.00845	0.02751
Replication81	 -1.44442	0.99614	0.95097 	0.95991 	0.97091 	0.95546 	0.96518 	0.98694 	0.95163 	0.95897 	0.97469 	0.95363 	0.96869 	0.97186 	-0.17698 	-0.15149 	-0.14783 	0.15204 	0.00000 	0.41341 	-0.14627 	-0.13319 	0.16772 	-0.15285 	0.16289 	0.02218 	-0.05850 	-0.05008 	-0.04886 	-0.09828 	0.00000 	0.40347 	-0.04835 	-0.04402 	-0.04305 	-0.05052 	0.05384 	0.01512 	0.00963	0.03075
Replication82	 -1.51652	0.99723	0.96622 	0.97214 	0.98012 	0.96925 	0.97636 	0.99282 	0.96814 	0.97353 	0.98549 	0.97005 	0.98835 	0.98293 	-0.13410 	-0.13036 	-0.14974 	0.10998 	0.00000 	0.30786 	-0.14936 	-0.14452 	0.11895 	-0.13853 	0.29671 	0.01577 	-0.04423 	-0.04300 	-0.04939 	-0.06981 	0.00000 	0.30072 	-0.04926 	-0.04767 	-0.03243 	-0.04569 	0.09786 	0.01070 	0.00265	0.02781
Replication83	 -1.48489	0.99673	0.96152 	0.96831 	0.97632 	0.96490 	0.97359 	0.99051 	0.95955 	0.96651 	0.98028 	0.96254 	0.97718 	0.97768 	-0.14695 	-0.12905 	-0.16063 	0.12807 	0.02253 	0.34945 	-0.15442 	-0.13490 	0.14159 	-0.12133 	0.19296 	0.01879 	-0.04852 	-0.04261 	-0.05303 	-0.08361 	0.00744 	0.34104 	-0.05098 	-0.04454 	-0.03664 	-0.04006 	0.06371 	0.01282 	0.00611	0.02502
Replication84	 1.57299	0.99601	0.95491 	0.96131 	0.97034 	0.95755 	0.96652 	0.98667 	0.94781 	0.95483 	0.97274 	0.94961 	0.96447 	0.96969 	-0.13027 	-0.14710 	-0.16001 	0.15519 	0.00000 	0.41835 	-0.14042 	-0.17094 	0.17468 	-0.15061 	0.14117 	0.02337 	-0.04307 	-0.04864 	-0.05290 	-0.10348 	0.00000 	0.40807 	-0.04643 	-0.05652 	-0.04313 	-0.04980 	0.04667 	0.01606 	0.01339	0.02684
Replication85	 -1.44486	0.99647	0.95685 	0.96429 	0.97414 	0.96050 	0.96925 	0.98886 	0.95334 	0.96199 	0.97768 	0.95645 	0.97401 	0.97480 	-0.15191 	-0.14534 	-0.13873 	0.13886 	0.00000 	0.37906 	-0.18005 	-0.13006 	0.15345 	-0.16099 	0.22498 	0.02045 	-0.05018 	-0.04801 	-0.04583 	-0.09007 	0.00000 	0.36997 	-0.05947 	-0.04296 	-0.03931 	-0.05318 	0.07432 	0.01398 	0.00973	0.02926
Replication86	 -1.45214	0.99636	0.95837 	0.96394 	0.97319 	0.96074 	0.96928 	0.98844 	0.95350 	0.96085 	0.97657 	0.95622 	0.97135 	0.97374 	-0.12364 	-0.15850 	-0.15395 	0.14238 	0.00000 	0.38671 	-0.15534 	-0.14944 	0.15846 	-0.13625 	0.17780 	0.02106 	-0.04085 	-0.05237 	-0.05086 	-0.09382 	0.00000 	0.37733 	-0.05132 	-0.04938 	-0.04042 	-0.04502 	0.05874 	0.01440 	0.00928	0.02642
Replication87	 -1.46353	0.99626	0.95275 	0.96111 	0.97103 	0.95693 	0.96632 	0.98738 	0.95506 	0.96040 	0.97603 	0.95634 	0.97345 	0.97301 	-0.17256 	-0.14672 	-0.17633 	0.14730 	0.00345 	0.40546 	-0.13421 	-0.18177 	0.16198 	-0.14544 	0.22483 	0.02151 	-0.05702 	-0.04848 	-0.05827 	-0.09498 	0.00114 	0.39583 	-0.04435 	-0.06007 	-0.04202 	-0.04806 	0.07430 	0.01467 	0.00750	0.03267
Replication88	 -1.45714	0.99642	0.95787 	0.96401 	0.97349 	0.96066 	0.96927 	0.98864 	0.95503 	0.96177 	0.97736 	0.95705 	0.97385 	0.97447 	-0.13420 	-0.15674 	-0.15432 	0.14025 	0.00000 	0.38302 	-0.15095 	-0.15667 	0.15524 	-0.15068 	0.21301 	0.02065 	-0.04433 	-0.05178 	-0.05098 	-0.09161 	0.00000 	0.37381 	-0.04987 	-0.05176 	-0.04000 	-0.04978 	0.07037 	0.01410 	0.00860	0.02817
Replication89	 1.57328	0.99599	0.95191 	0.95903 	0.96939 	0.95514 	0.96470 	0.98616 	0.94751 	0.95561 	0.97296 	0.95068 	0.96666 	0.96986 	-0.14897 	-0.16489 	-0.16385 	0.15687 	0.00000 	0.42746 	-0.16849 	-0.16487 	0.17471 	-0.14167 	0.18208 	0.02330 	-0.04926 	-0.05452 	-0.05417 	-0.10279 	0.00000 	0.41715 	-0.05571 	-0.05451 	-0.04393 	-0.04684 	0.06020 	0.01596 	0.01168	0.03158
Replication90	 -1.52738	0.99716	0.96135 	0.96866 	0.97830 	0.96550 	0.97413 	0.99188 	0.96963 	0.97386 	0.98520 	0.97072 	0.99017 	0.98257 	-0.16974 	-0.15371 	-0.16322 	0.11402 	0.01685 	0.32466 	-0.13713 	-0.15441 	0.12131 	-0.14374 	0.32998 	0.01601 	-0.05599 	-0.05070 	-0.05384 	-0.07015 	0.00556 	0.31735 	-0.04523 	-0.05094 	-0.03376 	-0.04742 	0.10885 	0.01081 	0.00089	0.03452
Replication91	 -1.52074	0.99714	0.96516 	0.96998 	0.97854 	0.96755 	0.97493 	0.99203 	0.96689 	0.97290 	0.98478 	0.96923 	0.98848 	0.98213 	-0.12420 	-0.15828 	-0.16567 	0.11351 	0.00000 	0.32195 	-0.16293 	-0.13811 	0.12249 	-0.14299 	0.31982 	0.01624 	-0.04097 	-0.05221 	-0.05465 	-0.07167 	0.00000 	0.31460 	-0.05375 	-0.04556 	-0.03343 	-0.04717 	0.10550 	0.01101 	0.00184	0.03170
Replication92	 -1.51453	0.99691	0.95926 	0.96678 	0.97657 	0.96329 	0.97160 	0.99071 	0.96399 	0.97078 	0.98271 	0.96651 	0.98441 	0.98013 	-0.16523 	-0.14853 	-0.15858 	0.12308 	0.00000 	0.34563 	-0.16380 	-0.11365 	0.13243 	-0.14578 	0.27933 	0.01743 	-0.05453 	-0.04902 	-0.05234 	-0.07704 	0.00000 	0.33768 	-0.05406 	-0.03751 	-0.03608 	-0.04811 	0.09219 	0.01178 	0.00234	0.03297
Replication93	 1.58943	0.99521	0.94444 	0.95314 	0.96417 	0.94814 	0.95889 	0.98241 	0.93136 	0.94208 	0.96372 	0.93490 	0.94551 	0.96049 	-0.15569 	-0.15228 	-0.13470 	0.18564 	0.00000 	0.49491 	-0.16297 	-0.14062 	0.21234 	-0.15042 	0.00000 	0.02859 	-0.05156 	-0.05043 	-0.04461 	-0.12467 	0.00000 	0.48258 	-0.05397 	-0.04657 	-0.04894 	-0.04981 	0.00000 	0.01983 	0.02480	0.03187
Replication94	 -1.49635	0.99659	0.95645 	0.96359 	0.97390 	0.96009 	0.96893 	0.98907 	0.95942 	0.96624 	0.97951 	0.96199 	0.97871 	0.97681 	-0.15853 	-0.16366 	-0.16331 	0.13512 	0.00000 	0.37522 	-0.15816 	-0.12984 	0.14688 	-0.13881 	0.23997 	0.01935 	-0.05235 	-0.05405 	-0.05393 	-0.08592 	0.00000 	0.36644 	-0.05223 	-0.04288 	-0.03924 	-0.04584 	0.07925 	0.01311 	0.00422	0.03235
Replication95	 -1.48503	0.99682	0.96207 	0.96726 	0.97644 	0.96452 	0.97247 	0.99054 	0.96126 	0.96744 	0.98147 	0.96282 	0.98237 	0.97863 	-0.12524 	-0.16250 	-0.15495 	0.12535 	0.00000 	0.34879 	-0.15566 	-0.15048 	0.13703 	-0.16595 	0.29092 	0.01824 	-0.04134 	-0.05364 	-0.05115 	-0.08051 	0.00000 	0.34061 	-0.05138 	-0.04967 	-0.03631 	-0.05478 	0.09603 	0.01243 	0.00557	0.03030
Replication96	 -1.46771	0.99658	0.95638 	0.96461 	0.97455 	0.96062 	0.96939 	0.98924 	0.95668 	0.96445 	0.97904 	0.95981 	0.97729 	0.97623 	-0.16754 	-0.14001 	-0.14642 	0.13528 	0.00000 	0.37214 	-0.17442 	-0.13881 	0.14807 	-0.14492 	0.24426 	0.01965 	-0.05533 	-0.04624 	-0.04836 	-0.08660 	0.00000 	0.36333 	-0.05760 	-0.04584 	-0.03876 	-0.04786 	0.08067 	0.01338 	0.00727	0.03078
Replication97	 -1.48359	0.99688	0.96327 	0.96899 	0.97762 	0.96618 	0.97526 	0.99121 	0.96215 	0.96780 	0.98172 	0.96336 	0.98072 	0.97903 	-0.13688 	-0.15312 	-0.15105 	0.12286 	0.03465 	0.33680 	-0.13773 	-0.14795 	0.13520 	-0.15499 	0.24037 	0.01800 	-0.04518 	-0.05054 	-0.04986 	-0.07967 	0.01144 	0.32875 	-0.04546 	-0.04883 	-0.03534 	-0.05116 	0.07934 	0.01228 	0.00616	0.02578
Replication98	 -1.46551	0.99646	0.95653 	0.96354 	0.97281 	0.95991 	0.96857 	0.98846 	0.95565 	0.96237 	0.97775 	0.95774 	0.97637 	0.97474 	-0.15093 	-0.14853 	-0.17276 	0.13956 	0.00000 	0.38622 	-0.16039 	-0.16243 	0.15366 	-0.15724 	0.25970 	0.02049 	-0.04986 	-0.04906 	-0.05707 	-0.09019 	0.00000 	0.37709 	-0.05298 	-0.05366 	-0.03979 	-0.05194 	0.08579 	0.01400 	0.00733	0.03233
Replication99	 -1.42233	0.99623	0.95737 	0.96410 	0.97275 	0.96043 	0.96993 	0.98808 	0.95040 	0.95799 	0.97480 	0.95237 	0.96636 	0.97197 	-0.13944 	-0.13946 	-0.15090 	0.14650 	0.02378 	0.39312 	-0.14248 	-0.13851 	0.16493 	-0.15283 	0.12576 	0.02204 	-0.04608 	-0.04609 	-0.04987 	-0.09764 	0.00786 	0.38342 	-0.04709 	-0.04578 	-0.04064 	-0.05051 	0.04156 	0.01515 	0.01253	0.02429
Replication100	 -1.46677	0.99665	0.95753 	0.96483 	0.97427 	0.96124 	0.96973 	0.98930 	0.95817 	0.96458 	0.97966 	0.95923 	0.98078 	0.97659 	-0.15723 	-0.14729 	-0.16561 	0.13262 	0.00000 	0.37093 	-0.16014 	-0.15632 	0.14500 	-0.19119 	0.31679 	0.01940 	-0.05192 	-0.04864 	-0.05469 	-0.08456 	0.00000 	0.36230 	-0.05288 	-0.05162 	-0.03787 	-0.06313 	0.10460 	0.01327 	0.00695	0.03488
Replication101	 -1.47425	0.99669	0.95954 	0.96646 	0.97576 	0.96297 	0.97125 	0.99000 	0.95868 	0.96567 	0.98010 	0.96138 	0.97882 	0.97731 	-0.14672 	-0.14280 	-0.14650 	0.13050 	0.00000 	0.35858 	-0.16424 	-0.14954 	0.14315 	-0.14192 	0.24732 	0.01901 	-0.04845 	-0.04715 	-0.04837 	-0.08414 	0.00000 	0.35005 	-0.05423 	-0.04938 	-0.03758 	-0.04686 	0.08166 	0.01295 	0.00683	0.02852
Replication102	 -1.46996	0.99654	0.95832 	0.96451 	0.97436 	0.96126 	0.96985 	0.98916 	0.95721 	0.96388 	0.97869 	0.95934 	0.97650 	0.97586 	-0.13793 	-0.16180 	-0.15037 	0.13620 	0.00000 	0.37369 	-0.15373 	-0.15079 	0.14973 	-0.14873 	0.23109 	0.01986 	-0.04556 	-0.05344 	-0.04967 	-0.08815 	0.00000 	0.36478 	-0.05077 	-0.04980 	-0.03917 	-0.04912 	0.07632 	0.01353 	0.00722	0.02895
Replication103	 1.57931	0.99561	0.94471 	0.95343 	0.96601 	0.94889 	0.95980 	0.98389 	0.94148 	0.95072 	0.96922 	0.94502 	0.96020 	0.96602 	-0.17498 	-0.18462 	-0.15202 	0.17223 	0.00000 	0.46824 	-0.17570 	-0.15367 	0.19166 	-0.14783 	0.14587 	0.02552 	-0.05790 	-0.06109 	-0.05030 	-0.11199 	0.00000 	0.45695 	-0.05814 	-0.05085 	-0.04766 	-0.04892 	0.04827 	0.01749 	0.01470	0.03586
Replication104	 -1.44907	0.99618	0.95193 	0.95989 	0.97083 	0.95586 	0.96546 	0.98702 	0.95252 	0.95924 	0.97524 	0.95450 	0.97138 	0.97225 	-0.16555 	-0.16454 	-0.15779 	0.15036 	0.00000 	0.41195 	-0.15037 	-0.16190 	0.16550 	-0.15151 	0.21087 	0.02195 	-0.05472 	-0.05438 	-0.05215 	-0.09700 	0.00000 	0.40212 	-0.04970 	-0.05351 	-0.04277 	-0.05008 	0.06969 	0.01497 	0.00899	0.03248
Replication105	 -1.46705	0.99656	0.95707 	0.96468 	0.97474 	0.96091 	0.96965 	0.98929 	0.95677 	0.96432 	0.97893 	0.95960 	0.97653 	0.97616 	-0.15769 	-0.14760 	-0.14145 	0.13553 	0.00000 	0.37130 	-0.16698 	-0.13673 	0.14860 	-0.14586 	0.22867 	0.01969 	-0.05208 	-0.04875 	-0.04672 	-0.08714 	0.00000 	0.36246 	-0.05515 	-0.04516 	-0.03890 	-0.04817 	0.07552 	0.01341 	0.00748	0.02933
Replication106	 -1.44487	0.99656	0.95958 	0.96661 	0.97524 	0.96291 	0.97109 	0.98958 	0.95686 	0.96222 	0.97844 	0.95702 	0.97549 	0.97548 	-0.14119 	-0.12758 	-0.14231 	0.13485 	0.00000 	0.36622 	-0.12796 	-0.17329 	0.14972 	-0.17990 	0.23144 	0.02003 	-0.04663 	-0.04213 	-0.04700 	-0.08843 	0.00000 	0.35735 	-0.04226 	-0.05723 	-0.03828 	-0.05941 	0.07644 	0.01373 	0.01005	0.02614
Replication107	 1.58368	0.99563	0.95107 	0.95818 	0.96719 	0.95391 	0.96349 	0.98464 	0.93712 	0.94810 	0.96810 	0.94140 	0.95462 	0.96492 	-0.13528 	-0.14003 	-0.15983 	0.16931 	0.00221 	0.45488 	-0.18623 	-0.13516 	0.19325 	-0.15031 	0.08052 	0.02605 	-0.04476 	-0.04633 	-0.05288 	-0.11402 	0.00073 	0.44363 	-0.06162 	-0.04472 	-0.04532 	-0.04973 	0.02664 	0.01805 	0.01939	0.02965
Replication108	 -1.47891	0.99652	0.95857 	0.96563 	0.97409 	0.96192 	0.97018 	0.98918 	0.95763 	0.96394 	0.97833 	0.95957 	0.97478 	0.97562 	-0.14675 	-0.13065 	-0.16684 	0.13652 	0.00000 	0.37328 	-0.14011 	-0.14202 	0.15090 	-0.13797 	0.19015 	0.02000 	-0.04847 	-0.04315 	-0.05511 	-0.08912 	0.00000 	0.36432 	-0.04628 	-0.04691 	-0.03909 	-0.04557 	0.06281 	0.01363 	0.00651	0.02705
Replication109	 -1.42697	0.99622	0.95304 	0.96162 	0.97214 	0.95731 	0.96680 	0.98757 	0.95037 	0.95860 	0.97527 	0.95355 	0.96979 	0.97231 	-0.16825 	-0.14490 	-0.13743 	0.14836 	0.00281 	0.40219 	-0.17130 	-0.15335 	0.16436 	-0.14529 	0.19246 	0.02189 	-0.05560 	-0.04789 	-0.04542 	-0.09642 	0.00093 	0.39246 	-0.05661 	-0.05068 	-0.04175 	-0.04802 	0.06360 	0.01498 	0.01152	0.02958
Replication110	 -1.42801	0.99679	0.96673 	0.97073 	0.97848 	0.96857 	0.97854 	0.99145 	0.95612 	0.96358 	0.97987 	0.95822 	0.97444 	0.97711 	-0.10764 	-0.15943 	-0.13211 	0.12449 	0.06986 	0.33277 	-0.15443 	-0.14796 	0.14082 	-0.15908 	0.18608 	0.01902 	-0.03553 	-0.05263 	-0.04361 	-0.08365 	0.02306 	0.32450 	-0.05098 	-0.04884 	-0.03444 	-0.05252 	0.06143 	0.01315 	0.01238	0.01993
Replication111	 1.57388	0.99592	0.95274 	0.96019 	0.96997 	0.95603 	0.96541 	0.98627 	0.94692 	0.95376 	0.97193 	0.94847 	0.96247 	0.96891 	-0.14489 	-0.14511 	-0.14636 	0.15872 	0.00000 	0.42558 	-0.13206 	-0.17106 	0.17845 	-0.14952 	0.11697 	0.02383 	-0.04791 	-0.04799 	-0.04840 	-0.10552 	0.00000 	0.41508 	-0.04367 	-0.05657 	-0.04404 	-0.04944 	0.03868 	0.01637 	0.01454	0.02658
Replication112	 -1.47029	0.99680	0.95917 	0.96687 	0.97748 	0.96322 	0.97178 	0.99069 	0.96186 	0.96714 	0.98141 	0.96245 	0.98086 	0.97868 	-0.15837 	-0.14900 	-0.11349 	0.12684 	0.00000 	0.34627 	-0.13280 	-0.15519 	0.13787 	-0.16859 	0.25557 	0.01824 	-0.05228 	-0.04919 	-0.03746 	-0.08073 	0.00000 	0.33803 	-0.04384 	-0.05123 	-0.03691 	-0.05565 	0.08437 	0.01238 	0.00734	0.02748
Replication113	 -1.47682	0.99662	0.95990 	0.96608 	0.97547 	0.96283 	0.97113 	0.98979 	0.95887 	0.96523 	0.97950 	0.96052 	0.97679 	0.97681 	-0.13535 	-0.15187 	-0.14555 	0.13263 	0.00000 	0.36230 	-0.14218 	-0.13750 	0.14595 	-0.15108 	0.21009 	0.01932 	-0.04469 	-0.05015 	-0.04806 	-0.08612 	0.00000 	0.35361 	-0.04695 	-0.04540 	-0.03824 	-0.04989 	0.06938 	0.01314 	0.00676	0.02660
Replication114	 -1.48369	0.99677	0.95951 	0.96734 	0.97634 	0.96353 	0.97170 	0.99040 	0.95984 	0.96717 	0.98092 	0.96311 	0.98005 	0.97822 	-0.16017 	-0.12734 	-0.14851 	0.12759 	0.00000 	0.35145 	-0.17099 	-0.13996 	0.13948 	-0.13163 	0.24745 	0.01850 	-0.05288 	-0.04204 	-0.04903 	-0.08178 	0.00000 	0.34313 	-0.05645 	-0.04620 	-0.03681 	-0.04345 	0.08169 	0.01258 	0.00586	0.02876
Replication115	 -1.45777	0.99654	0.95671 	0.96459 	0.97515 	0.96072 	0.96962 	0.98933 	0.95652 	0.96374 	0.97870 	0.95939 	0.97544 	0.97596 	-0.15950 	-0.14878 	-0.12446 	0.13648 	0.00000 	0.37060 	-0.16092 	-0.14920 	0.14972 	-0.13526 	0.21011 	0.01982 	-0.05268 	-0.04914 	-0.04111 	-0.08791 	0.00000 	0.36169 	-0.05315 	-0.04928 	-0.03921 	-0.04467 	0.06939 	0.01348 	0.00861	0.02741
Replication116	 -1.44525	0.99622	0.95490 	0.96223 	0.97206 	0.95832 	0.96738 	0.98767 	0.95199 	0.95946 	0.97525 	0.95472 	0.96855 	0.97247 	-0.14912 	-0.14823 	-0.14958 	0.14806 	0.00000 	0.40048 	-0.14991 	-0.14187 	0.16456 	-0.13184 	0.14555 	0.02181 	-0.04928 	-0.04899 	-0.04943 	-0.09712 	0.00000 	0.39074 	-0.04955 	-0.04689 	-0.04188 	-0.04357 	0.04810 	0.01489 	0.00992	0.02702
Replication117	 1.57527	0.99598	0.95051 	0.95849 	0.97025 	0.95445 	0.96525 	0.98625 	0.94553 	0.95402 	0.97257 	0.94784 	0.96528 	0.96940 	-0.16378 	-0.17653 	-0.12907 	0.15772 	0.01985 	0.42593 	-0.16791 	-0.15989 	0.17583 	-0.17571 	0.18534 	0.02354 	-0.05415 	-0.05837 	-0.04268 	-0.10296 	0.00656 	0.41558 	-0.05552 	-0.05287 	-0.04367 	-0.05810 	0.06128 	0.01618 	0.01532	0.03127
Replication118	 1.57394	0.99584	0.95015 	0.95777 	0.96783 	0.95362 	0.96371 	0.98536 	0.94686 	0.95416 	0.97131 	0.94920 	0.96273 	0.96831 	-0.15783 	-0.15945 	-0.17886 	0.16273 	0.00868 	0.44194 	-0.14216 	-0.15610 	0.18193 	-0.13618 	0.12265 	0.02420 	-0.05220 	-0.05274 	-0.05916 	-0.10716 	0.00287 	0.43121 	-0.04702 	-0.05163 	-0.04533 	-0.04504 	0.04056 	0.01658 	0.01155	0.03095
Replication119	 -1.43583	0.99621	0.95246 	0.96073 	0.97116 	0.95654 	0.96596 	0.98719 	0.95088 	0.95864 	0.97520 	0.95318 	0.97117 	0.97213 	-0.16714 	-0.15135 	-0.15579 	0.14929 	0.00000 	0.40895 	-0.16609 	-0.15208 	0.16496 	-0.16685 	0.22442 	0.02199 	-0.05524 	-0.05002 	-0.05149 	-0.09659 	0.00000 	0.39919 	-0.05489 	-0.05026 	-0.04207 	-0.05514 	0.07417 	0.01505 	0.01031	0.03269
Replication120	 -1.47847	0.99647	0.95528 	0.96298 	0.97310 	0.95917 	0.96813 	0.98854 	0.95666 	0.96385 	0.97819 	0.95982 	0.97636 	0.97537 	-0.16351 	-0.15342 	-0.16249 	0.13938 	0.00000 	0.38478 	-0.16626 	-0.14789 	0.15242 	-0.12964 	0.23254 	0.02016 	-0.05401 	-0.05068 	-0.05368 	-0.08927 	0.00000 	0.37570 	-0.05492 	-0.04885 	-0.04010 	-0.04282 	0.07681 	0.01371 	0.00607	0.03189
Replication121	 -1.46958	0.99643	0.95556 	0.96276 	0.97247 	0.95909 	0.96795 	0.98824 	0.95408 	0.96279 	0.97756 	0.95798 	0.97547 	0.97466 	-0.15579 	-0.15447 	-0.17158 	0.14068 	0.00000 	0.39003 	-0.18927 	-0.13006 	0.15460 	-0.14259 	0.24473 	0.02054 	-0.05147 	-0.05103 	-0.05668 	-0.09050 	0.00000 	0.38085 	-0.06252 	-0.04297 	-0.04005 	-0.04710 	0.08085 	0.01402 	0.00682	0.03339
Replication122	 -1.44508	0.99622	0.95497 	0.96239 	0.97225 	0.95855 	0.96839 	0.98779 	0.95233 	0.95963 	0.97520 	0.95464 	0.96755 	0.97250 	-0.15507 	-0.15253 	-0.15013 	0.14773 	0.01943 	0.39827 	-0.13967 	-0.13008 	0.16448 	-0.13490 	0.12071 	0.02179 	-0.05125 	-0.05041 	-0.04962 	-0.09702 	0.00642 	0.38855 	-0.04616 	-0.04299 	-0.04160 	-0.04458 	0.03989 	0.01488 	0.01003	0.02611
Replication123	 -1.43637	0.99642	0.95769 	0.96433 	0.97435 	0.96092 	0.97060 	0.98889 	0.95388 	0.96088 	0.97706 	0.95552 	0.97181 	0.97422 	-0.14361 	-0.16086 	-0.13281 	0.14030 	0.02327 	0.37851 	-0.14589 	-0.14860 	0.15592 	-0.16203 	0.18598 	0.02078 	-0.04744 	-0.05314 	-0.04388 	-0.09192 	0.00769 	0.36928 	-0.04820 	-0.04909 	-0.03961 	-0.05353 	0.06144 	0.01422 	0.01094	0.02582
Replication124	 -1.48619	0.99688	0.96166 	0.96915 	0.97809 	0.96549 	0.97341 	0.99127 	0.96203 	0.96857 	0.98199 	0.96478 	0.98050 	0.97943 	-0.15187 	-0.12456 	-0.13034 	0.12317 	0.00000 	0.33577 	-0.15414 	-0.14183 	0.13469 	-0.12507 	0.22238 	0.01781 	-0.05013 	-0.04111 	-0.04302 	-0.07930 	0.00000 	0.32772 	-0.05087 	-0.04681 	-0.03579 	-0.04128 	0.07340 	0.01209 	0.00599	0.02490
Replication125	 1.57245	0.99617	0.95881 	0.96294 	0.97229 	0.96022 	0.96944 	0.98770 	0.94834 	0.95627 	0.97413 	0.95064 	0.96610 	0.97113 	-0.10067 	-0.17787 	-0.14410 	0.14878 	0.01531 	0.40004 	-0.15516 	-0.15782 	0.16794 	-0.15759 	0.15266 	0.02252 	-0.03327 	-0.05879 	-0.04763 	-0.09971 	0.00506 	0.39017 	-0.05129 	-0.05216 	-0.04129 	-0.05209 	0.05046 	0.01550 	0.01403	0.02496
Replication126	 -1.51130	0.99672	0.95789 	0.96486 	0.97524 	0.96150 	0.97017 	0.98984 	0.96272 	0.96867 	0.98094 	0.96433 	0.98052 	0.97840 	-0.15691 	-0.16437 	-0.15618 	0.13018 	0.00000 	0.36144 	-0.13896 	-0.11640 	0.14079 	-0.14493 	0.22977 	0.01845 	-0.05181 	-0.05427 	-0.05156 	-0.08237 	0.00000 	0.35300 	-0.04588 	-0.03843 	-0.03818 	-0.04785 	0.07586 	0.01245 	0.00286	0.03095
Replication127	 1.57354	0.99603	0.94815 	0.95754 	0.96952 	0.95302 	0.96374 	0.98605 	0.94726 	0.95591 	0.97344 	0.95084 	0.96891 	0.97024 	-0.18894 	-0.16789 	-0.14726 	0.15682 	0.01178 	0.42936 	-0.18668 	-0.16953 	0.17294 	-0.15085 	0.22948 	0.02308 	-0.06247 	-0.05551 	-0.04869 	-0.10066 	0.00390 	0.41913 	-0.06172 	-0.05605 	-0.04386 	-0.04987 	0.07587 	0.01581 	0.01231	0.03588
Replication128	 -1.50937	0.99698	0.95966 	0.96718 	0.97674 	0.96373 	0.97191 	0.99090 	0.96676 	0.97063 	0.98337 	0.96755 	0.98783 	0.98053 	-0.16620 	-0.14631 	-0.16499 	0.12083 	0.00000 	0.34219 	-0.13446 	-0.18371 	0.12954 	-0.14807 	0.33667 	0.01718 	-0.05485 	-0.04828 	-0.05444 	-0.07522 	0.00000 	0.33440 	-0.04437 	-0.06062 	-0.03553 	-0.04886 	0.11110 	0.01164 	0.00265	0.03497
Replication129	 -1.46591	0.99668	0.95934 	0.96704 	0.97634 	0.96322 	0.97152 	0.99019 	0.95961 	0.96516 	0.98001 	0.96085 	0.97797 	0.97723 	-0.15424 	-0.12985 	-0.13325 	0.13063 	0.00000 	0.35529 	-0.13588 	-0.16487 	0.14353 	-0.15112 	0.22861 	0.01906 	-0.05093 	-0.04287 	-0.04400 	-0.08452 	0.00000 	0.34675 	-0.04486 	-0.05444 	-0.03762 	-0.04990 	0.07549 	0.01299 	0.00792	0.02608
Replication130	 1.57222	0.99603	0.95353 	0.96013 	0.97045 	0.95643 	0.96581 	0.98664 	0.94857 	0.95617 	0.97328 	0.95048 	0.96557 	0.97032 	-0.13824 	-0.16587 	-0.14969 	0.15493 	0.00000 	0.41892 	-0.14667 	-0.14512 	0.17305 	-0.15934 	0.14718 	0.02303 	-0.04570 	-0.05484 	-0.04949 	-0.10212 	0.00000 	0.40871 	-0.04849 	-0.04798 	-0.04339 	-0.05268 	0.04866 	0.01577 	0.01219	0.02845
Replication131	 -1.46509	0.99636	0.95665 	0.96321 	0.97324 	0.95970 	0.96858 	0.98840 	0.95557 	0.96212 	0.97690 	0.95721 	0.97151 	0.97423 	-0.14074 	-0.15992 	-0.14738 	0.14270 	0.00000 	0.38728 	-0.13362 	-0.13074 	0.15773 	-0.14510 	0.15692 	0.02082 	-0.04650 	-0.05284 	-0.04869 	-0.09312 	0.00000 	0.37791 	-0.04415 	-0.04320 	-0.04084 	-0.04794 	0.05184 	0.01416 	0.00795	0.02663
Replication132	 -1.51360	0.99721	0.96171 	0.96947 	0.97914 	0.96606 	0.97396 	0.99219 	0.96782 	0.97389 	0.98556 	0.97000 	0.99043 	0.98291 	-0.16906 	-0.14065 	-0.14545 	0.11218 	0.00000 	0.31917 	-0.16733 	-0.13455 	0.11938 	-0.15370 	0.34648 	0.01581 	-0.05576 	-0.04639 	-0.04797 	-0.06887 	0.00000 	0.31198 	-0.05519 	-0.04438 	-0.03307 	-0.05069 	0.11428 	0.01069 	0.00226	0.03461
Replication133	 -1.51617	0.99700	0.96043 	0.96754 	0.97795 	0.96428 	0.97259 	0.99135 	0.96694 	0.97187 	0.98378 	0.96888 	0.98619 	0.98122 	-0.15871 	-0.15910 	-0.13920 	0.11979 	0.00000 	0.33431 	-0.14142 	-0.15333 	0.12819 	-0.12464 	0.27969 	0.01682 	-0.05237 	-0.05250 	-0.04593 	-0.07472 	0.00000 	0.32659 	-0.04667 	-0.05060 	-0.03559 	-0.04113 	0.09229 	0.01133 	0.00240	0.03070
Replication134	 -1.49900	0.99703	0.96103 	0.96868 	0.97842 	0.96535 	0.97473 	0.99166 	0.96505 	0.97088 	0.98357 	0.96701 	0.98520 	0.98095 	-0.17086 	-0.14974 	-0.14234 	0.11838 	0.03274 	0.32874 	-0.15189 	-0.14389 	0.12781 	-0.14399 	0.28232 	0.01693 	-0.05638 	-0.04941 	-0.04697 	-0.07437 	0.01080 	0.32109 	-0.05012 	-0.04748 	-0.03449 	-0.04751 	0.09315 	0.01149 	0.00421	0.02982
Replication135	 -1.43836	0.99630	0.95332 	0.96107 	0.97294 	0.95722 	0.96685 	0.98791 	0.95321 	0.96030 	0.97648 	0.95613 	0.97275 	0.97354 	-0.16051 	-0.17392 	-0.12255 	0.14582 	0.00000 	0.39606 	-0.16268 	-0.17477 	0.16005 	-0.13395 	0.21557 	0.02121 	-0.05304 	-0.05747 	-0.04049 	-0.09379 	0.00000 	0.38654 	-0.05375 	-0.05775 	-0.04171 	-0.04426 	0.07123 	0.01445 	0.01033	0.02995
Replication136	 1.57512	0.99593	0.95084 	0.95882 	0.96928 	0.95465 	0.96509 	0.98599 	0.94568 	0.95435 	0.97206 	0.94899 	0.96368 	0.96901 	-0.16290 	-0.15961 	-0.15695 	0.15919 	0.01814 	0.43066 	-0.16782 	-0.15203 	0.17806 	-0.14176 	0.14465 	0.02377 	-0.05387 	-0.05278 	-0.05190 	-0.10463 	0.00600 	0.42018 	-0.05549 	-0.05027 	-0.04408 	-0.04688 	0.04783 	0.01632 	0.01340	0.03042
Replication137	 -1.45149	0.99650	0.95968 	0.96607 	0.97550 	0.96268 	0.97157 	0.98957 	0.95672 	0.96272 	0.97800 	0.95782 	0.97206 	0.97535 	-0.13472 	-0.14830 	-0.12828 	0.13665 	0.01238 	0.36645 	-0.12345 	-0.14350 	0.15193 	-0.14855 	0.14898 	0.02014 	-0.04450 	-0.04898 	-0.04237 	-0.09001 	0.00409 	0.35744 	-0.04078 	-0.04740 	-0.03893 	-0.04907 	0.04921 	0.01374 	0.00974	0.02245
Replication138	 -1.44156	0.99616	0.95598 	0.96289 	0.97078 	0.95909 	0.96850 	0.98732 	0.95013 	0.95783 	0.97414 	0.95255 	0.96669 	0.97125 	-0.14612 	-0.13322 	-0.18851 	0.14958 	0.02167 	0.40667 	-0.14917 	-0.13673 	0.16813 	-0.14457 	0.14004 	0.02246 	-0.04830 	-0.04403 	-0.06231 	-0.09940 	0.00716 	0.39678 	-0.04931 	-0.04519 	-0.04152 	-0.04778 	0.04629 	0.01543 	0.01021	0.02781
Replication139	 -1.48837	0.99669	0.95876 	0.96558 	0.97571 	0.96220 	0.97075 	0.98993 	0.96055 	0.96686 	0.98034 	0.96218 	0.97878 	0.97771 	-0.14884 	-0.15770 	-0.14196 	0.13096 	0.00000 	0.35983 	-0.14332 	-0.12742 	0.14280 	-0.15268 	0.22493 	0.01882 	-0.04914 	-0.05207 	-0.04687 	-0.08384 	0.00000 	0.35129 	-0.04732 	-0.04207 	-0.03807 	-0.05041 	0.07427 	0.01276 	0.00541	0.02851
Replication140	 -1.50042	0.99704	0.96170 	0.96830 	0.97903 	0.96525 	0.97350 	0.99176 	0.96719 	0.97142 	0.98408 	0.96778 	0.98639 	0.98147 	-0.14828 	-0.16521 	-0.11854 	0.11801 	0.00000 	0.32687 	-0.12702 	-0.16179 	0.12656 	-0.15165 	0.28855 	0.01666 	-0.04892 	-0.05451 	-0.03911 	-0.07390 	0.00000 	0.31925 	-0.04191 	-0.05338 	-0.03504 	-0.05004 	0.09521 	0.01124 	0.00416	0.02888
Replication141	 -1.50094	0.99684	0.95942 	0.96603 	0.97654 	0.96303 	0.97264 	0.99056 	0.96342 	0.96922 	0.98192 	0.96440 	0.98235 	0.97931 	-0.15825 	-0.17605 	-0.14912 	0.12545 	0.02786 	0.34844 	-0.13889 	-0.12122 	0.13572 	-0.16644 	0.25853 	0.01790 	-0.05223 	-0.05811 	-0.04922 	-0.07916 	0.00919 	0.34031 	-0.04585 	-0.04001 	-0.03656 	-0.05494 	0.08533 	0.01212 	0.00391	0.03088
Replication142	 -1.45261	0.99645	0.95405 	0.96277 	0.97398 	0.95859 	0.96793 	0.98863 	0.95510 	0.96267 	0.97786 	0.95811 	0.97478 	0.97504 	-0.17428 	-0.15233 	-0.12660 	0.14054 	0.00000 	0.38312 	-0.16750 	-0.14806 	0.15374 	-0.14055 	0.22044 	0.02035 	-0.05757 	-0.05032 	-0.04182 	-0.08987 	0.00000 	0.37397 	-0.05533 	-0.04891 	-0.04026 	-0.04643 	0.07282 	0.01384 	0.00886	0.03011
Replication143	 1.57642	0.99585	0.94874 	0.95789 	0.96788 	0.95312 	0.96295 	0.98532 	0.94437 	0.95352 	0.97137 	0.94856 	0.96382 	0.96821 	-0.17633 	-0.13823 	-0.17329 	0.16238 	0.00000 	0.44253 	-0.18348 	-0.16091 	0.18132 	-0.13160 	0.16623 	0.02423 	-0.05832 	-0.04572 	-0.05731 	-0.10631 	0.00000 	0.43186 	-0.06068 	-0.05322 	-0.04493 	-0.04352 	0.05498 	0.01664 	0.01285	0.03346
Replication144	 -1.49090	0.99679	0.96015 	0.96716 	0.97675 	0.96371 	0.97196 	0.99056 	0.96118 	0.96804 	0.98127 	0.96368 	0.98005 	0.97869 	-0.14972 	-0.14517 	-0.13986 	0.12685 	0.00000 	0.34852 	-0.15643 	-0.12590 	0.13831 	-0.14003 	0.23041 	0.01825 	-0.04942 	-0.04792 	-0.04617 	-0.08122 	0.00000 	0.34026 	-0.05164 	-0.04156 	-0.03688 	-0.04623 	0.07606 	0.01238 	0.00524	0.02765
Replication145	 -1.45829	0.99635	0.95452 	0.96314 	0.97203 	0.95880 	0.96760 	0.98798 	0.95361 	0.96097 	0.97658 	0.95646 	0.97348 	0.97361 	-0.17090 	-0.12403 	-0.17494 	0.14353 	0.00000 	0.39475 	-0.16579 	-0.15717 	0.15860 	-0.14209 	0.22504 	0.02114 	-0.05646 	-0.04098 	-0.05780 	-0.09306 	0.00000 	0.38535 	-0.05478 	-0.05193 	-0.04061 	-0.04695 	0.07435 	0.01446 	0.00814	0.03159
Replication146	 -1.48517	0.99665	0.96017 	0.96668 	0.97579 	0.96329 	0.97149 	0.99001 	0.95978 	0.96614 	0.97975 	0.96123 	0.97624 	0.97720 	-0.13938 	-0.14288 	-0.14617 	0.13155 	0.00000 	0.35848 	-0.13397 	-0.11778 	0.14478 	-0.15019 	0.18249 	0.01910 	-0.04602 	-0.04718 	-0.04827 	-0.08551 	0.00000 	0.34986 	-0.04424 	-0.03889 	-0.03798 	-0.04959 	0.06026 	0.01297 	0.00604	0.02542
Replication147	 -1.46689	0.99648	0.95564 	0.96370 	0.97353 	0.95978 	0.96919 	0.98873 	0.95584 	0.96316 	0.97799 	0.95872 	0.97531 	0.97516 	-0.16878 	-0.14602 	-0.15811 	0.13893 	0.01353 	0.38130 	-0.16404 	-0.14575 	0.15265 	-0.13916 	0.22256 	0.02026 	-0.05575 	-0.04823 	-0.05223 	-0.08943 	0.00447 	0.37223 	-0.05418 	-0.04814 	-0.03964 	-0.04597 	0.07352 	0.01381 	0.00738	0.03045
Replication148	 -1.53070	0.99723	0.96127 	0.96811 	0.97924 	0.96519 	0.97347 	0.99221 	0.97237 	0.97632 	0.98637 	0.97338 	0.99167 	0.98395 	-0.16288 	-0.17596 	-0.13981 	0.11179 	0.00000 	0.31867 	-0.12893 	-0.13596 	0.11725 	-0.13562 	0.31562 	0.01527 	-0.05372 	-0.05804 	-0.04611 	-0.06762 	0.00000 	0.31154 	-0.04252 	-0.04484 	-0.03381 	-0.04473 	0.10410 	0.01021 	0.00057	0.03445
Replication149	 -1.46923	0.99662	0.95798 	0.96597 	0.97520 	0.96214 	0.97138 	0.98969 	0.95741 	0.96478 	0.97924 	0.95983 	0.97641 	0.97651 	-0.16637 	-0.13537 	-0.15121 	0.13313 	0.02026 	0.36410 	-0.15927 	-0.12895 	0.14654 	-0.15153 	0.21658 	0.01947 	-0.05494 	-0.04470 	-0.04993 	-0.08595 	0.00669 	0.35539 	-0.05260 	-0.04258 	-0.03793 	-0.05004 	0.07152 	0.01328 	0.00737	0.02821
Replication150	 -1.52859	0.99730	0.96396 	0.97185 	0.98052 	0.96833 	0.97577 	0.99303 	0.97037 	0.97562 	0.98649 	0.97219 	0.99028 	0.98405 	-0.16654 	-0.11933 	-0.14398 	0.10793 	0.00000 	0.30407 	-0.14664 	-0.12853 	0.11509 	-0.13737 	0.30135 	0.01516 	-0.05492 	-0.03935 	-0.04748 	-0.06686 	0.00000 	0.29713 	-0.04836 	-0.04239 	-0.03208 	-0.04530 	0.09938 	0.01022 	0.00122	0.02998
Replication151	 -1.47948	0.99686	0.95992 	0.96695 	0.97689 	0.96367 	0.97252 	0.99069 	0.96200 	0.96784 	0.98195 	0.96364 	0.98365 	0.97908 	-0.15666 	-0.15636 	-0.14366 	0.12445 	0.01383 	0.34607 	-0.15646 	-0.16534 	0.13509 	-0.16042 	0.30746 	0.01799 	-0.05171 	-0.05161 	-0.04742 	-0.07879 	0.00457 	0.33799 	-0.05164 	-0.05457 	-0.03604 	-0.05295 	0.10148 	0.01225 	0.00600	0.03158
Replication152	 1.58259	0.99538	0.94468 	0.95315 	0.96465 	0.94851 	0.95994 	0.98304 	0.93821 	0.94664 	0.96616 	0.94054 	0.95160 	0.96306 	-0.16657 	-0.17262 	-0.15701 	0.18014 	0.01603 	0.48353 	-0.13698 	-0.14940 	0.20356 	-0.14301 	0.03359 	0.02719 	-0.05514 	-0.05714 	-0.05198 	-0.11953 	0.00531 	0.47163 	-0.04535 	-0.04946 	-0.04876 	-0.04734 	0.01112 	0.01873 	0.01846	0.03208
Replication153	 -1.49508	0.99703	0.96096 	0.96801 	0.97741 	0.96489 	0.97394 	0.99127 	0.96398 	0.97038 	0.98346 	0.96582 	0.98706 	0.98062 	-0.16444 	-0.15480 	-0.16248 	0.11855 	0.02659 	0.33557 	-0.16874 	-0.14225 	0.12796 	-0.17131 	0.34235 	0.01709 	-0.05426 	-0.05108 	-0.05361 	-0.07409 	0.00877 	0.32792 	-0.05568 	-0.04694 	-0.03424 	-0.05652 	0.11296 	0.01165 	0.00410	0.03489
Replication154	 -1.51195	0.99694	0.96308 	0.96896 	0.97710 	0.96596 	0.97359 	0.99116 	0.96438 	0.97002 	0.98269 	0.96653 	0.98393 	0.98003 	-0.13572 	-0.13953 	-0.17060 	0.12094 	0.00135 	0.33761 	-0.14908 	-0.14893 	0.13178 	-0.13222 	0.26992 	0.01746 	-0.04479 	-0.04605 	-0.05630 	-0.07753 	0.00044 	0.32973 	-0.04920 	-0.04915 	-0.03534 	-0.04363 	0.08908 	0.01186 	0.00298	0.02913
Replication155	 -1.49584	0.99701	0.96245 	0.96887 	0.97884 	0.96595 	0.97494 	0.99177 	0.96515 	0.97066 	0.98347 	0.96603 	0.98419 	0.98090 	-0.14943 	-0.16238 	-0.13058 	0.11848 	0.02478 	0.32684 	-0.13702 	-0.13108 	0.12832 	-0.16488 	0.26471 	0.01696 	-0.04931 	-0.05358 	-0.04309 	-0.07505 	0.00818 	0.31915 	-0.04521 	-0.04325 	-0.03463 	-0.05440 	0.08735 	0.01150 	0.00474	0.02766
Replication156	 -1.50190	0.99689	0.96116 	0.96791 	0.97760 	0.96463 	0.97276 	0.99107 	0.96428 	0.96971 	0.98235 	0.96516 	0.98197 	0.97983 	-0.14722 	-0.14894 	-0.13705 	0.12328 	0.00000 	0.33937 	-0.12991 	-0.12463 	0.13379 	-0.15712 	0.23499 	0.01760 	-0.04859 	-0.04916 	-0.04523 	-0.07856 	0.00000 	0.33135 	-0.04288 	-0.04113 	-0.03616 	-0.05186 	0.07756 	0.01190 	0.00418	0.02725
Replication157	 -1.45332	0.99635	0.95685 	0.96390 	0.97293 	0.96013 	0.96876 	0.98834 	0.95343 	0.96087 	0.97658 	0.95657 	0.97185 	0.97371 	-0.14511 	-0.13930 	-0.15907 	0.14271 	0.00000 	0.38842 	-0.16143 	-0.15628 	0.15848 	-0.12835 	0.18790 	0.02108 	-0.04795 	-0.04603 	-0.05256 	-0.09355 	0.00000 	0.37904 	-0.05334 	-0.05164 	-0.04046 	-0.04241 	0.06208 	0.01441 	0.00904	0.02761
Replication158	 -1.42702	0.99631	0.95815 	0.96519 	0.97391 	0.96131 	0.96976 	0.98861 	0.95275 	0.95908 	0.97582 	0.95445 	0.96831 	0.97300 	-0.13597 	-0.12642 	-0.13439 	0.14361 	0.00000 	0.38363 	-0.13036 	-0.16800 	0.16107 	-0.13708 	0.13467 	0.02147 	-0.04493 	-0.04177 	-0.04441 	-0.09562 	0.00000 	0.37413 	-0.04308 	-0.05551 	-0.04037 	-0.04529 	0.04450 	0.01472 	0.01224	0.02237
Replication159	 -1.48485	0.99730	0.96739 	0.97344 	0.98226 	0.97079 	0.97963 	0.99370 	0.96704 	0.97273 	0.98587 	0.96888 	0.98730 	0.98330 	-0.14118 	-0.14489 	-0.11364 	0.10679 	0.04281 	0.29226 	-0.15097 	-0.15466 	0.11625 	-0.14614 	0.28410 	0.01553 	-0.04656 	-0.04778 	-0.03748 	-0.06814 	0.01412 	0.28531 	-0.04979 	-0.05100 	-0.03104 	-0.04819 	0.09369 	0.01059 	0.00624	0.02373
Replication160	 -1.48161	0.99642	0.95896 	0.96434 	0.97296 	0.96123 	0.96955 	0.98860 	0.95664 	0.96294 	0.97741 	0.95881 	0.97337 	0.97468 	-0.12463 	-0.15536 	-0.17774 	0.14000 	0.00000 	0.38364 	-0.13936 	-0.14575 	0.15517 	-0.12889 	0.17857 	0.02055 	-0.04117 	-0.05132 	-0.05872 	-0.09193 	0.00000 	0.37443 	-0.04604 	-0.04815 	-0.04011 	-0.04258 	0.05899 	0.01400 	0.00620	0.02740
Replication161	 -1.48705	0.99680	0.95784 	0.96599 	0.97687 	0.96223 	0.97097 	0.99046 	0.96319 	0.96821 	0.98160 	0.96391 	0.98171 	0.97895 	-0.16928 	-0.15178 	-0.12428 	0.12741 	0.00000 	0.35029 	-0.12978 	-0.14917 	0.13758 	-0.15799 	0.25435 	0.01812 	-0.05588 	-0.05010 	-0.04103 	-0.08032 	0.00000 	0.34204 	-0.04284 	-0.04924 	-0.03732 	-0.05215 	0.08396 	0.01225 	0.00546	0.02937
Replication162	 1.57191	0.99628	0.95810 	0.96429 	0.97289 	0.96088 	0.97034 	0.98819 	0.94888 	0.95720 	0.97518 	0.95199 	0.96914 	0.97205 	-0.13292 	-0.14610 	-0.15337 	0.14468 	0.02575 	0.39111 	-0.17504 	-0.17304 	0.16291 	-0.15280 	0.20055 	0.02196 	-0.04392 	-0.04828 	-0.05068 	-0.09626 	0.00851 	0.38154 	-0.05784 	-0.05718 	-0.03997 	-0.05049 	0.06627 	0.01515 	0.01369	0.02685
Replication163	 1.57763	0.99570	0.95039 	0.95846 	0.96679 	0.95388 	0.96352 	0.98481 	0.94316 	0.95053 	0.96930 	0.94501 	0.95846 	0.96613 	-0.15514 	-0.12568 	-0.19096 	0.16713 	0.00649 	0.45178 	-0.13607 	-0.16762 	0.18930 	-0.14832 	0.09854 	0.02539 	-0.05132 	-0.04158 	-0.06317 	-0.11182 	0.00215 	0.44070 	-0.04502 	-0.05545 	-0.04558 	-0.04907 	0.03260 	0.01751 	0.01486	0.02994
Replication164	 1.57311	0.99606	0.95654 	0.96321 	0.97254 	0.95933 	0.96819 	0.98750 	0.94769 	0.95472 	0.97293 	0.94876 	0.96145 	0.97008 	-0.12565 	-0.13729 	-0.11687 	0.15269 	0.00000 	0.40374 	-0.12188 	-0.15151 	0.17299 	-0.15844 	0.07571 	0.02313 	-0.04154 	-0.04539 	-0.03864 	-0.10274 	0.00000 	0.39360 	-0.04029 	-0.05009 	-0.04209 	-0.05238 	0.02503 	0.01592 	0.01662	0.02139
Replication165	 -1.46801	0.99642	0.95686 	0.96358 	0.97245 	0.96001 	0.96856 	0.98831 	0.95399 	0.96225 	0.97727 	0.95714 	0.97453 	0.97436 	-0.14587 	-0.14635 	-0.17908 	0.14063 	0.00000 	0.38893 	-0.17708 	-0.13016 	0.15544 	-0.15247 	0.23244 	0.02070 	-0.04819 	-0.04835 	-0.05916 	-0.09135 	0.00000 	0.37971 	-0.05850 	-0.04300 	-0.03988 	-0.05037 	0.07679 	0.01415 	0.00713	0.03185
Replication166	 -1.49035	0.99683	0.96191 	0.96775 	0.97718 	0.96475 	0.97278 	0.99082 	0.96292 	0.96809 	0.98166 	0.96367 	0.98119 	0.97899 	-0.13234 	-0.15511 	-0.14025 	0.12508 	0.00000 	0.34377 	-0.12984 	-0.14709 	0.13658 	-0.15864 	0.24515 	0.01806 	-0.04368 	-0.05120 	-0.04629 	-0.08048 	0.00000 	0.33560 	-0.04286 	-0.04855 	-0.03650 	-0.05237 	0.08092 	0.01226 	0.00538	0.02686
Replication167	 -1.49315	0.99678	0.96142 	0.96743 	0.97648 	0.96432 	0.97233 	0.99052 	0.96217 	0.96763 	0.98117 	0.96331 	0.98048 	0.97850 	-0.13505 	-0.14935 	-0.15183 	0.12675 	0.00000 	0.34914 	-0.13457 	-0.14471 	0.13866 	-0.15270 	0.24033 	0.01835 	-0.04458 	-0.04930 	-0.05012 	-0.08172 	0.00000 	0.34086 	-0.04442 	-0.04777 	-0.03687 	-0.05041 	0.07934 	0.01246 	0.00504	0.02745
Replication168	 1.57911	0.99569	0.94614 	0.95451 	0.96675 	0.95012 	0.96077 	0.98432 	0.94169 	0.95058 	0.96991 	0.94510 	0.96260 	0.96653 	-0.16854 	-0.18217 	-0.14996 	0.16908 	0.00000 	0.46049 	-0.18262 	-0.18331 	0.18829 	-0.15572 	0.19485 	0.02520 	-0.05576 	-0.06027 	-0.04961 	-0.11005 	0.00000 	0.44940 	-0.06042 	-0.06065 	-0.04674 	-0.05152 	0.06446 	0.01732 	0.01559	0.03617
Replication169	 -1.48331	0.99659	0.95744 	0.96459 	0.97431 	0.96101 	0.96963 	0.98925 	0.95835 	0.96525 	0.97925 	0.96068 	0.97773 	0.97650 	-0.15402 	-0.15131 	-0.15875 	0.13477 	0.00000 	0.37204 	-0.15731 	-0.13505 	0.14744 	-0.14770 	0.23611 	0.01951 	-0.05087 	-0.04997 	-0.05243 	-0.08648 	0.00000 	0.36325 	-0.05195 	-0.04460 	-0.03886 	-0.04878 	0.07798 	0.01326 	0.00572	0.03054
Replication170	 -1.49870	0.99703	0.96262 	0.96870 	0.97961 	0.96583 	0.97404 	0.99195 	0.96646 	0.97140 	0.98393 	0.96792 	0.98456 	0.98146 	-0.13801 	-0.17027 	-0.10502 	0.11817 	0.00000 	0.32353 	-0.13284 	-0.15078 	0.12719 	-0.13345 	0.24946 	0.01668 	-0.04554 	-0.05618 	-0.03465 	-0.07463 	0.00000 	0.31587 	-0.04383 	-0.04975 	-0.03515 	-0.04403 	0.08231 	0.01124 	0.00466	0.02565
Replication171	 -1.48065	0.99692	0.96030 	0.96693 	0.97747 	0.96381 	0.97218 	0.99092 	0.96302 	0.96877 	0.98268 	0.96475 	0.98537 	0.97981 	-0.14906 	-0.16543 	-0.13154 	0.12253 	0.00000 	0.34192 	-0.15990 	-0.16961 	0.13224 	-0.15962 	0.32668 	0.01758 	-0.04919 	-0.05460 	-0.04341 	-0.07700 	0.00000 	0.33399 	-0.05277 	-0.05598 	-0.03577 	-0.05268 	0.10781 	0.01195 	0.00580	0.03236
Replication172	 1.57926	0.99579	0.94902 	0.95805 	0.96824 	0.95327 	0.96313 	0.98523 	0.94154 	0.95115 	0.97038 	0.94486 	0.96103 	0.96713 	-0.16888 	-0.13716 	-0.15105 	0.16434 	0.00000 	0.44414 	-0.18044 	-0.15426 	0.18478 	-0.16404 	0.15432 	0.02481 	-0.05586 	-0.04537 	-0.04996 	-0.10842 	0.00000 	0.43330 	-0.05969 	-0.05103 	-0.04488 	-0.05426 	0.05104 	0.01711 	0.01656	0.03198
Replication173	 -1.46144	0.99671	0.95966 	0.96674 	0.97691 	0.96352 	0.97413 	0.99047 	0.95972 	0.96542 	0.98007 	0.96064 	0.97676 	0.97741 	-0.16070 	-0.16466 	-0.12829 	0.12960 	0.05400 	0.35013 	-0.12839 	-0.14672 	0.14268 	-0.15692 	0.19881 	0.01895 	-0.05306 	-0.05436 	-0.04236 	-0.08379 	0.01783 	0.34165 	-0.04239 	-0.04844 	-0.03699 	-0.05181 	0.06564 	0.01293 	0.00849	0.02485
Replication174	 -1.52566	0.99674	0.95715 	0.96394 	0.97381 	0.96068 	0.96929 	0.98939 	0.96269 	0.96935 	0.98113 	0.96527 	0.98320 	0.97846 	-0.16094 	-0.16766 	-0.19141 	0.13001 	0.00000 	0.36922 	-0.16332 	-0.11551 	0.13997 	-0.14185 	0.28391 	0.01841 	-0.05313 	-0.05535 	-0.06319 	-0.08140 	0.00000 	0.36082 	-0.05392 	-0.03814 	-0.03804 	-0.04683 	0.09373 	0.01244 	0.00082	0.03700
Replication175	 -1.50953	0.99680	0.96028 	0.96600 	0.97657 	0.96314 	0.97161 	0.99048 	0.96502 	0.96918 	0.98178 	0.96613 	0.98184 	0.97923 	-0.13676 	-0.17758 	-0.14102 	0.12691 	0.00000 	0.34989 	-0.11857 	-0.16151 	0.13723 	-0.12352 	0.23028 	0.01798 	-0.04515 	-0.05862 	-0.04655 	-0.08072 	0.00000 	0.34164 	-0.03914 	-0.05332 	-0.03760 	-0.04077 	0.07602 	0.01212 	0.00334	0.02792
Replication176	 -1.44093	0.99611	0.95118 	0.95899 	0.97040 	0.95500 	0.96481 	0.98666 	0.95099 	0.95829 	0.97445 	0.95283 	0.96934 	0.97150 	-0.16319 	-0.17281 	-0.15084 	0.15321 	0.00000 	0.41843 	-0.15081 	-0.14319 	0.16894 	-0.16287 	0.19058 	0.02239 	-0.05394 	-0.05713 	-0.04986 	-0.09899 	0.00000 	0.40841 	-0.04985 	-0.04733 	-0.04342 	-0.05384 	0.06300 	0.01527 	0.00983	0.03231
Replication177	 -1.48439	0.99663	0.95866 	0.96612 	0.97505 	0.96238 	0.97074 	0.98969 	0.95829 	0.96581 	0.97953 	0.96103 	0.97685 	0.97689 	-0.15514 	-0.13290 	-0.15790 	0.13258 	0.00142 	0.36409 	-0.16078 	-0.11667 	0.14567 	-0.14259 	0.20880 	0.01927 	-0.05123 	-0.04389 	-0.05214 	-0.08564 	0.00047 	0.35542 	-0.05309 	-0.03853 	-0.03807 	-0.04708 	0.06895 	0.01311 	0.00583	0.02828
Replication178	 1.57678	0.99598	0.95384 	0.96018 	0.97082 	0.95656 	0.96628 	0.98657 	0.94402 	0.95384 	0.97229 	0.94821 	0.96268 	0.96926 	-0.13107 	-0.17058 	-0.12753 	0.15676 	0.00686 	0.42030 	-0.18439 	-0.14957 	0.17640 	-0.13916 	0.13440 	0.02361 	-0.04334 	-0.05640 	-0.04217 	-0.10409 	0.00227 	0.40994 	-0.06097 	-0.04946 	-0.04324 	-0.04601 	0.04444 	0.01624 	0.01601	0.02721
Replication179	 -1.45409	0.99639	0.95704 	0.96429 	0.97436 	0.96050 	0.96934 	0.98884 	0.95491 	0.96222 	0.97708 	0.95762 	0.97021 	0.97452 	-0.14618 	-0.14726 	-0.12674 	0.14129 	0.00000 	0.37942 	-0.14333 	-0.12720 	0.15654 	-0.12409 	0.12623 	0.02065 	-0.04829 	-0.04865 	-0.04187 	-0.09250 	0.00000 	0.37013 	-0.04735 	-0.04202 	-0.04031 	-0.04100 	0.04170 	0.01405 	0.00933	0.02389
Replication180	 -1.51507	0.99691	0.96090 	0.96718 	0.97603 	0.96411 	0.97205 	0.99062 	0.96470 	0.97005 	0.98257 	0.96612 	0.98549 	0.97981 	-0.14716 	-0.15103 	-0.17959 	0.12276 	0.00000 	0.34724 	-0.14776 	-0.14632 	0.13274 	-0.15455 	0.30826 	0.01759 	-0.04857 	-0.04984 	-0.05927 	-0.07752 	0.00000 	0.33929 	-0.04876 	-0.04829 	-0.03590 	-0.05101 	0.10174 	0.01194 	0.00220	0.03380
Replication181	 -1.50503	0.99688	0.96040 	0.96643 	0.97635 	0.96357 	0.97241 	0.99059 	0.96404 	0.96938 	0.98229 	0.96564 	0.98441 	0.97954 	-0.14716 	-0.17209 	-0.16136 	0.12412 	0.01459 	0.34780 	-0.14697 	-0.15464 	0.13417 	-0.14695 	0.29410 	0.01775 	-0.04857 	-0.05680 	-0.05326 	-0.07836 	0.00482 	0.33975 	-0.04851 	-0.05104 	-0.03632 	-0.04850 	0.09707 	0.01204 	0.00335	0.03232
Replication182	 -1.46015	0.99637	0.95748 	0.96383 	0.97240 	0.96032 	0.96878 	0.98822 	0.95342 	0.96122 	0.97664 	0.95553 	0.97257 	0.97375 	-0.13732 	-0.14392 	-0.17642 	0.14208 	0.00000 	0.39048 	-0.16028 	-0.12537 	0.15791 	-0.16800 	0.20791 	0.02105 	-0.04537 	-0.04755 	-0.05829 	-0.09311 	0.00000 	0.38113 	-0.05295 	-0.04142 	-0.04012 	-0.05551 	0.06869 	0.01441 	0.00812	0.02992
Replication183	 -1.44077	0.99630	0.95600 	0.96354 	0.97315 	0.95957 	0.96843 	0.98824 	0.95245 	0.96004 	0.97604 	0.95555 	0.96986 	0.97324 	-0.14978 	-0.13951 	-0.14063 	0.14464 	0.00000 	0.39025 	-0.15728 	-0.15227 	0.16080 	-0.12717 	0.16006 	0.02136 	-0.04949 	-0.04610 	-0.04647 	-0.09493 	0.00000 	0.38073 	-0.05197 	-0.05032 	-0.04091 	-0.04202 	0.05289 	0.01460 	0.01048	0.02601
Replication184	 -1.44091	0.99677	0.96649 	0.97174 	0.97806 	0.96872 	0.97654 	0.99132 	0.95734 	0.96394 	0.97981 	0.95817 	0.97440 	0.97708 	-0.11052 	-0.10996 	-0.14248 	0.12500 	0.02280 	0.33510 	-0.13411 	-0.13826 	0.14142 	-0.17493 	0.17799 	0.01905 	-0.03649 	-0.03630 	-0.04704 	-0.08432 	0.00753 	0.32678 	-0.04427 	-0.04564 	-0.03483 	-0.05775 	0.05876 	0.01314 	0.01110	0.01958
Replication185	 -1.44743	0.99636	0.95444 	0.96232 	0.97310 	0.95853 	0.96887 	0.98826 	0.95345 	0.96116 	0.97675 	0.95638 	0.97229 	0.97391 	-0.16853 	-0.16478 	-0.14300 	0.14331 	0.02731 	0.38982 	-0.16386 	-0.14465 	0.15802 	-0.14122 	0.19606 	0.02098 	-0.05568 	-0.05444 	-0.04725 	-0.09257 	0.00902 	0.38045 	-0.05414 	-0.04779 	-0.04060 	-0.04666 	0.06478 	0.01432 	0.00946	0.02944
Replication186	 -1.52239	0.99715	0.96398 	0.96947 	0.97920 	0.96707 	0.97634 	0.99226 	0.96743 	0.97348 	0.98487 	0.97026 	0.98704 	0.98241 	-0.14458 	-0.17718 	-0.15018 	0.11365 	0.03818 	0.31796 	-0.15752 	-0.13009 	0.12224 	-0.11995 	0.27329 	0.01610 	-0.04769 	-0.05845 	-0.04954 	-0.07133 	0.01259 	0.31061 	-0.05196 	-0.04291 	-0.03351 	-0.03957 	0.09015 	0.01088 	0.00192	0.02926
Replication187	 -1.51863	0.99708	0.96307 	0.96935 	0.97862 	0.96648 	0.97514 	0.99192 	0.96796 	0.97225 	0.98424 	0.96917 	0.98647 	0.98168 	-0.14976 	-0.15625 	-0.15294 	0.11623 	0.02232 	0.32402 	-0.12855 	-0.15735 	0.12529 	-0.13135 	0.27418 	0.01653 	-0.04941 	-0.05155 	-0.05046 	-0.07333 	0.00737 	0.31649 	-0.04241 	-0.05191 	-0.03432 	-0.04334 	0.09046 	0.01117 	0.00235	0.02875
Replication188	 1.57453	0.99600	0.95422 	0.96191 	0.97081 	0.95763 	0.96663 	0.98680 	0.94627 	0.95427 	0.97247 	0.94855 	0.96283 	0.96946 	-0.14490 	-0.12657 	-0.14685 	0.15531 	0.00000 	0.41619 	-0.14972 	-0.15548 	0.17529 	-0.15311 	0.12140 	0.02348 	-0.04791 	-0.04185 	-0.04855 	-0.10368 	0.00000 	0.40590 	-0.04950 	-0.05141 	-0.04278 	-0.05062 	0.04014 	0.01617 	0.01504	0.02591
Replication189	 1.57183	0.99600	0.95404 	0.96026 	0.96981 	0.95663 	0.96581 	0.98646 	0.94897 	0.95627 	0.97293 	0.95142 	0.96466 	0.97004 	-0.13283 	-0.16047 	-0.16803 	0.15593 	0.00000 	0.42214 	-0.14231 	-0.15085 	0.17459 	-0.13245 	0.12212 	0.02320 	-0.04392 	-0.05306 	-0.05556 	-0.10332 	0.00000 	0.41184 	-0.04705 	-0.04988 	-0.04370 	-0.04379 	0.04038 	0.01588 	0.01103	0.02782
Replication190	 -1.49175	0.99668	0.95921 	0.96517 	0.97545 	0.96214 	0.97068 	0.98983 	0.96190 	0.96680 	0.98041 	0.96228 	0.97979 	0.97771 	-0.13844 	-0.17151 	-0.14733 	0.13108 	0.00000 	0.36151 	-0.12332 	-0.14696 	0.14274 	-0.16265 	0.24105 	0.01883 	-0.04571 	-0.05663 	-0.04864 	-0.08390 	0.00000 	0.35297 	-0.04072 	-0.04852 	-0.03827 	-0.05371 	0.07959 	0.01276 	0.00500	0.02921
Replication191	 1.57801	0.99568	0.94810 	0.95591 	0.96696 	0.95161 	0.96182 	0.98455 	0.94279 	0.95117 	0.96963 	0.94545 	0.95964 	0.96650 	-0.15651 	-0.16834 	-0.15898 	0.16877 	0.00000 	0.45647 	-0.15559 	-0.15483 	0.18915 	-0.14980 	0.11918 	0.02522 	-0.05178 	-0.05570 	-0.05260 	-0.11121 	0.00000 	0.44535 	-0.05148 	-0.05123 	-0.04660 	-0.04956 	0.03943 	0.01732 	0.01474	0.03194
Replication192	 -1.50520	0.99684	0.95953 	0.96745 	0.97711 	0.96370 	0.97200 	0.99082 	0.96494 	0.96943 	0.98206 	0.96583 	0.98181 	0.97952 	-0.16439 	-0.13615 	-0.14149 	0.12506 	0.00000 	0.34390 	-0.11955 	-0.14864 	0.13542 	-0.13621 	0.22808 	0.01779 	-0.05426 	-0.04494 	-0.04670 	-0.07943 	0.00000 	0.33578 	-0.03946 	-0.04906 	-0.03677 	-0.04496 	0.07528 	0.01202 	0.00382	0.02750
Replication193	 1.57129	0.99596	0.95051 	0.95801 	0.96804 	0.95397 	0.96361 	0.98569 	0.94951 	0.95682 	0.97285 	0.95241 	0.96701 	0.96986 	-0.15971 	-0.16219 	-0.19271 	0.15863 	0.00000 	0.43579 	-0.15409 	-0.15493 	0.17589 	-0.12811 	0.16654 	0.02333 	-0.05281 	-0.05363 	-0.06372 	-0.10340 	0.00000 	0.42538 	-0.05095 	-0.05123 	-0.04474 	-0.04236 	0.05507 	0.01593 	0.00843	0.03352
Replication194	 -1.46029	0.99636	0.95610 	0.96370 	0.97283 	0.95979 	0.96891 	0.98833 	0.95474 	0.96141 	0.97666 	0.95651 	0.97173 	0.97387 	-0.15685 	-0.13845 	-0.16290 	0.14273 	0.00989 	0.38856 	-0.14026 	-0.14101 	0.15821 	-0.14812 	0.17550 	0.02100 	-0.05182 	-0.04574 	-0.05382 	-0.09324 	0.00327 	0.37919 	-0.04634 	-0.04659 	-0.04048 	-0.04894 	0.05798 	0.01434 	0.00832	0.02780
Replication195	 1.57486	0.99592	0.94879 	0.95706 	0.96867 	0.95280 	0.96296 	0.98560 	0.94594 	0.95559 	0.97233 	0.94958 	0.96492 	0.96936 	-0.16882 	-0.17246 	-0.15361 	0.16039 	0.00000 	0.43755 	-0.18140 	-0.11825 	0.17781 	-0.15388 	0.16067 	0.02361 	-0.05583 	-0.05703 	-0.05080 	-0.10400 	0.00000 	0.42705 	-0.05999 	-0.03910 	-0.04480 	-0.05089 	0.05313 	0.01614 	0.01161	0.03388
Replication196	 1.57881	0.99585	0.95438 	0.96134 	0.96963 	0.95718 	0.96609 	0.98609 	0.94199 	0.95092 	0.97054 	0.94508 	0.95911 	0.96738 	-0.12995 	-0.12536 	-0.15223 	0.16037 	0.00000 	0.42893 	-0.16352 	-0.16659 	0.18278 	-0.14807 	0.10701 	0.02464 	-0.04298 	-0.04146 	-0.05035 	-0.10831 	0.00000 	0.41825 	-0.05408 	-0.05509 	-0.04345 	-0.04897 	0.03539 	0.01705 	0.01800	0.02600
Replication197	 -1.51678	0.99698	0.96037 	0.96752 	0.97745 	0.96432 	0.97333 	0.99122 	0.96735 	0.97137 	0.98340 	0.96751 	0.98560 	0.98081 	-0.16461 	-0.15888 	-0.15464 	0.12044 	0.02007 	0.33661 	-0.11788 	-0.14532 	0.12941 	-0.15629 	0.27634 	0.01704 	-0.05432 	-0.05243 	-0.05103 	-0.07541 	0.00662 	0.32883 	-0.03890 	-0.04795 	-0.03549 	-0.05157 	0.09119 	0.01151 	0.00230	0.03105
Replication198	 -1.46587	0.99655	0.95549 	0.96324 	0.97438 	0.95957 	0.96914 	0.98903 	0.95724 	0.96425 	0.97892 	0.95958 	0.97743 	0.97609 	-0.16669 	-0.16775 	-0.13761 	0.13675 	0.01084 	0.37592 	-0.16184 	-0.14605 	0.14909 	-0.15285 	0.24784 	0.01974 	-0.05505 	-0.05540 	-0.04545 	-0.08704 	0.00358 	0.36703 	-0.05345 	-0.04824 	-0.03935 	-0.05048 	0.08185 	0.01342 	0.00739	0.03143
Replication199	 -1.51254	0.99701	0.96062 	0.96753 	0.97778 	0.96438 	0.97277 	0.99132 	0.96694 	0.97159 	0.98383 	0.96853 	0.98711 	0.98117 	-0.15761 	-0.16131 	-0.14555 	0.11931 	0.00379 	0.33475 	-0.14139 	-0.16407 	0.12773 	-0.13440 	0.30455 	0.01683 	-0.05201 	-0.05323 	-0.04803 	-0.07434 	0.00125 	0.32706 	-0.04665 	-0.05414 	-0.03533 	-0.04435 	0.10049 	0.01136 	0.00262	0.03208
Replication200	 -1.49980	0.99700	0.96149 	0.96889 	0.97862 	0.96544 	0.97349 	0.99163 	0.96524 	0.97073 	0.98347 	0.96741 	0.98467 	0.98089 	-0.15657 	-0.14036 	-0.12963 	0.11930 	0.00000 	0.32932 	-0.14773 	-0.15544 	0.12879 	-0.12841 	0.26808 	0.01699 	-0.05167 	-0.04631 	-0.04277 	-0.07537 	0.00000 	0.32159 	-0.04875 	-0.05129 	-0.03513 	-0.04237 	0.08846 	0.01149 	0.00432	0.02787
Replication201	 -1.48009	0.99649	0.95908 	0.96550 	0.97441 	0.96202 	0.97037 	0.98922 	0.95819 	0.96403 	0.97808 	0.95999 	0.97281 	0.97553 	-0.13625 	-0.14231 	-0.15411 	0.13752 	0.00000 	0.37255 	-0.12399 	-0.13813 	0.15223 	-0.12174 	0.14084 	0.02007 	-0.04500 	-0.04701 	-0.05091 	-0.09023 	0.00000 	0.36351 	-0.04096 	-0.04563 	-0.03954 	-0.04021 	0.04652 	0.01364 	0.00668	0.02419
Replication202	 1.58373	0.99549	0.95106 	0.95790 	0.96661 	0.95374 	0.96432 	0.98424 	0.93707 	0.94570 	0.96633 	0.93881 	0.94932 	0.96322 	-0.13298 	-0.14300 	-0.15925 	0.17373 	0.02734 	0.46221 	-0.12896 	-0.14610 	0.20003 	-0.15804 	0.00010 	0.02700 	-0.04401 	-0.04733 	-0.05271 	-0.11828 	0.00905 	0.45061 	-0.04268 	-0.04835 	-0.04584 	-0.05231 	0.00003 	0.01875 	0.02208	0.02693
Replication203	 -1.47234	0.99690	0.96162 	0.96861 	0.97792 	0.96550 	0.97563 	0.99130 	0.96124 	0.96771 	0.98193 	0.96334 	0.98145 	0.97919 	-0.16132 	-0.15403 	-0.14201 	0.12226 	0.05394 	0.33527 	-0.15708 	-0.15202 	0.13403 	-0.15101 	0.26121 	0.01790 	-0.05324 	-0.05084 	-0.04687 	-0.07840 	0.01780 	0.32730 	-0.05184 	-0.05017 	-0.03492 	-0.04984 	0.08621 	0.01224 	0.00714	0.02743
Replication204	 -1.47671	0.99642	0.95662 	0.96300 	0.97242 	0.95960 	0.96831 	0.98826 	0.95551 	0.96287 	0.97743 	0.95762 	0.97472 	0.97459 	-0.14329 	-0.15932 	-0.17627 	0.14095 	0.00000 	0.38970 	-0.15785 	-0.12498 	0.15527 	-0.16083 	0.22231 	0.02059 	-0.04734 	-0.05263 	-0.05823 	-0.09127 	0.00000 	0.38047 	-0.05215 	-0.04129 	-0.04026 	-0.05313 	0.07344 	0.01404 	0.00627	0.03165
Replication205	 -1.49826	0.99661	0.95741 	0.96398 	0.97413 	0.96069 	0.96940 	0.98922 	0.95988 	0.96652 	0.97969 	0.96180 	0.97880 	0.97702 	-0.15008 	-0.16725 	-0.16423 	0.13410 	0.00000 	0.37250 	-0.15095 	-0.12011 	0.14595 	-0.15296 	0.23787 	0.01923 	-0.04956 	-0.05523 	-0.05423 	-0.08549 	0.00000 	0.36377 	-0.04985 	-0.03966 	-0.03895 	-0.05051 	0.07855 	0.01303 	0.00408	0.03186
Replication206	 -1.44448	0.99626	0.95601 	0.96222 	0.97177 	0.95877 	0.96764 	0.98766 	0.95160 	0.95939 	0.97560 	0.95386 	0.97089 	0.97263 	-0.13559 	-0.15989 	-0.16340 	0.14645 	0.00000 	0.40056 	-0.16154 	-0.14132 	0.16279 	-0.16378 	0.20373 	0.02170 	-0.04481 	-0.05284 	-0.05400 	-0.09595 	0.00000 	0.39093 	-0.05338 	-0.04670 	-0.04131 	-0.05412 	0.06733 	0.01486 	0.00970	0.03000
Replication207	 -1.48476	0.99699	0.96307 	0.97033 	0.97855 	0.96694 	0.97559 	0.99176 	0.96324 	0.96907 	0.98282 	0.96511 	0.98308 	0.98011 	-0.15621 	-0.12547 	-0.14716 	0.11887 	0.02737 	0.32691 	-0.14967 	-0.15756 	0.13020 	-0.14501 	0.26632 	0.01737 	-0.05155 	-0.04140 	-0.04856 	-0.07642 	0.00903 	0.31915 	-0.04939 	-0.05199 	-0.03423 	-0.04785 	0.08788 	0.01186 	0.00597	0.02653
Replication208	 -1.50534	0.99682	0.95806 	0.96654 	0.97606 	0.96260 	0.97100 	0.99038 	0.96357 	0.96903 	0.98181 	0.96581 	0.98299 	0.97914 	-0.17581 	-0.13227 	-0.15832 	0.12635 	0.00000 	0.35174 	-0.14762 	-0.15676 	0.13648 	-0.12579 	0.26740 	0.01800 	-0.05803 	-0.04366 	-0.05226 	-0.07963 	0.00000 	0.34356 	-0.04873 	-0.05174 	-0.03696 	-0.04152 	0.08826 	0.01219 	0.00341	0.03148
Replication209	 -1.53018	0.99705	0.96144 	0.96790 	0.97706 	0.96488 	0.97277 	0.99125 	0.96711 	0.97272 	0.98415 	0.96973 	0.98841 	0.98150 	-0.15310 	-0.15390 	-0.17652 	0.11777 	0.00000 	0.33587 	-0.16081 	-0.14549 	0.12607 	-0.12633 	0.32039 	0.01663 	-0.05051 	-0.05078 	-0.05824 	-0.07329 	0.00000 	0.32828 	-0.05306 	-0.04800 	-0.03480 	-0.04168 	0.10571 	0.01124 	0.00058	0.03487
Replication210	 -1.44521	0.99635	0.95524 	0.96230 	0.97266 	0.95875 	0.96863 	0.98811 	0.95466 	0.96042 	0.97661 	0.95486 	0.97335 	0.97361 	-0.15508 	-0.16749 	-0.15311 	0.14359 	0.01990 	0.39255 	-0.13091 	-0.16107 	0.15859 	-0.18580 	0.22728 	0.02114 	-0.05124 	-0.05534 	-0.05059 	-0.09308 	0.00657 	0.38315 	-0.04325 	-0.05322 	-0.04069 	-0.06139 	0.07510 	0.01446 	0.00958	0.03047
Replication211	 -1.44961	0.99623	0.95539 	0.96207 	0.97178 	0.95846 	0.96765 	0.98764 	0.95349 	0.95944 	0.97549 	0.95456 	0.97032 	0.97258 	-0.14325 	-0.15782 	-0.16112 	0.14742 	0.00523 	0.40093 	-0.12954 	-0.16122 	0.16366 	-0.15470 	0.17802 	0.02174 	-0.04734 	-0.05216 	-0.05325 	-0.09661 	0.00173 	0.39124 	-0.04281 	-0.05328 	-0.04181 	-0.05112 	0.05883 	0.01486 	0.00935	0.02827
Replication212	 -1.45596	0.99662	0.96037 	0.96728 	0.97662 	0.96383 	0.97318 	0.99024 	0.95866 	0.96410 	0.97911 	0.95973 	0.97395 	0.97649 	-0.14579 	-0.14367 	-0.12503 	0.13241 	0.02753 	0.35442 	-0.11920 	-0.15562 	0.14687 	-0.13950 	0.15747 	0.01948 	-0.04814 	-0.04744 	-0.04129 	-0.08690 	0.00909 	0.34571 	-0.03936 	-0.05139 	-0.03780 	-0.04607 	0.05200 	0.01329 	0.00936	0.02169
Replication213	 -1.47126	0.99664	0.95834 	0.96492 	0.97510 	0.96169 	0.97080 	0.98960 	0.95812 	0.96515 	0.97972 	0.96051 	0.97885 	0.97687 	-0.14883 	-0.16637 	-0.14748 	0.13258 	0.01247 	0.36571 	-0.16493 	-0.14743 	0.14505 	-0.15429 	0.26120 	0.01927 	-0.04915 	-0.05494 	-0.04870 	-0.08496 	0.00412 	0.35707 	-0.05446 	-0.04868 	-0.03812 	-0.05095 	0.08625 	0.01313 	0.00693	0.03061
Replication214	 1.57384	0.99595	0.94856 	0.95811 	0.96930 	0.95332 	0.96340 	0.98589 	0.94696 	0.95478 	0.97253 	0.94932 	0.96587 	0.96940 	-0.18289 	-0.14828 	-0.14607 	0.15931 	0.00000 	0.43239 	-0.15991 	-0.16377 	0.17677 	-0.15897 	0.18095 	0.02356 	-0.06048 	-0.04903 	-0.04830 	-0.10344 	0.00000 	0.42195 	-0.05288 	-0.05416 	-0.04446 	-0.05257 	0.05984 	0.01614 	0.01308	0.03262
Replication215	 -1.51109	0.99726	0.96631 	0.97138 	0.97996 	0.96891 	0.97612 	0.99274 	0.96706 	0.97372 	0.98582 	0.97016 	0.99018 	0.98314 	-0.12576 	-0.15194 	-0.15044 	0.10901 	0.00000 	0.30933 	-0.18003 	-0.14291 	0.11743 	-0.13958 	0.34208 	0.01564 	-0.04148 	-0.05011 	-0.04961 	-0.06851 	0.00000 	0.30228 	-0.05937 	-0.04713 	-0.03205 	-0.04604 	0.11282 	0.01063 	0.00283	0.03143
Replication216	 -1.47339	0.99710	0.96470 	0.97233 	0.97993 	0.96885 	0.97753 	0.99252 	0.96286 	0.96954 	0.98359 	0.96509 	0.98370 	0.98088 	-0.15980 	-0.11012 	-0.13926 	0.11432 	0.03713 	0.31331 	-0.16276 	-0.14826 	0.12580 	-0.15448 	0.27446 	0.01689 	-0.05272 	-0.03633 	-0.04594 	-0.07375 	0.01225 	0.30584 	-0.05370 	-0.04891 	-0.03256 	-0.05096 	0.09055 	0.01159 	0.00724	0.02535
Replication217	 -1.48965	0.99678	0.96102 	0.96608 	0.97629 	0.96345 	0.97182 	0.99033 	0.96076 	0.96775 	0.98126 	0.96343 	0.98134 	0.97855 	-0.12610 	-0.18048 	-0.14435 	0.12721 	0.00161 	0.35266 	-0.16644 	-0.13644 	0.13852 	-0.14528 	0.26591 	0.01832 	-0.04163 	-0.05958 	-0.04765 	-0.08132 	0.00053 	0.34438 	-0.05494 	-0.04504 	-0.03706 	-0.04796 	0.08778 	0.01243 	0.00514	0.02993
Replication218	 1.57350	0.99596	0.95224 	0.95979 	0.96948 	0.95564 	0.96503 	0.98618 	0.94729 	0.95515 	0.97235 	0.94882 	0.96370 	0.96939 	-0.15071 	-0.14724 	-0.16219 	0.15777 	0.00000 	0.42716 	-0.14290 	-0.12937 	0.17675 	-0.17191 	0.13156 	0.02356 	-0.04984 	-0.04869 	-0.05363 	-0.10418 	0.00000 	0.41675 	-0.04725 	-0.04278 	-0.04381 	-0.05684 	0.04350 	0.01616 	0.01246	0.02939
Replication219	 1.57563	0.99592	0.94886 	0.95840 	0.96921 	0.95368 	0.96451 	0.98584 	0.94517 	0.95333 	0.97186 	0.94748 	0.96428 	0.96866 	-0.18553 	-0.14746 	-0.14916 	0.16010 	0.02165 	0.43321 	-0.16259 	-0.16634 	0.17876 	-0.16675 	0.17502 	0.02395 	-0.06135 	-0.04876 	-0.04932 	-0.10459 	0.00716 	0.42270 	-0.05377 	-0.05501 	-0.04411 	-0.05514 	0.05788 	0.01648 	0.01487	0.03215
Replication220	 -1.50779	0.99699	0.96180 	0.96798 	0.97779 	0.96502 	0.97306 	0.99131 	0.96558 	0.97090 	0.98344 	0.96726 	0.98580 	0.98078 	-0.14343 	-0.16045 	-0.14599 	0.11982 	0.00000 	0.33492 	-0.14684 	-0.15087 	0.12912 	-0.14378 	0.29369 	0.01705 	-0.04733 	-0.05295 	-0.04817 	-0.07548 	0.00000 	0.32716 	-0.04845 	-0.04978 	-0.03533 	-0.04745 	0.09691 	0.01153 	0.00324	0.03066
Replication221	 -1.48107	0.99689	0.96339 	0.96884 	0.97762 	0.96598 	0.97369 	0.99115 	0.96235 	0.96779 	0.98212 	0.96433 	0.98307 	0.97928 	-0.12488 	-0.14914 	-0.14489 	0.12237 	0.00000 	0.33793 	-0.15175 	-0.18337 	0.13399 	-0.13875 	0.28686 	0.01787 	-0.04122 	-0.04922 	-0.04782 	-0.07898 	0.00000 	0.32994 	-0.05008 	-0.06052 	-0.03554 	-0.04579 	0.09468 	0.01218 	0.00624	0.02762
Replication222	 -1.48355	0.99687	0.96073 	0.96755 	0.97705 	0.96424 	0.97236 	0.99079 	0.96157 	0.96816 	0.98197 	0.96379 	0.98303 	0.97918 	-0.14826 	-0.14709 	-0.14327 	0.12404 	0.00000 	0.34437 	-0.16481 	-0.14898 	0.13493 	-0.15541 	0.29225 	0.01794 	-0.04894 	-0.04855 	-0.04729 	-0.07893 	0.00000 	0.33631 	-0.05440 	-0.04917 	-0.03597 	-0.05130 	0.09646 	0.01221 	0.00570	0.03043
Replication223	 -1.42172	0.99643	0.95846 	0.96515 	0.97450 	0.96162 	0.97072 	0.98896 	0.95066 	0.96013 	0.97681 	0.95430 	0.97100 	0.97391 	-0.13886 	-0.14601 	-0.13165 	0.13969 	0.01487 	0.37735 	-0.18738 	-0.12998 	0.15614 	-0.15809 	0.19538 	0.02092 	-0.04587 	-0.04823 	-0.04349 	-0.09200 	0.00491 	0.36814 	-0.06190 	-0.04294 	-0.03895 	-0.05222 	0.06454 	0.01438 	0.01238	0.02635
Replication224	 -1.51105	0.99732	0.96767 	0.97348 	0.98103 	0.97065 	0.97747 	0.99335 	0.96902 	0.97400 	0.98623 	0.97028 	0.98979 	0.98361 	-0.13044 	-0.12273 	-0.14651 	0.10640 	0.00000 	0.29842 	-0.14466 	-0.15181 	0.11522 	-0.15315 	0.31712 	0.01536 	-0.04301 	-0.04047 	-0.04831 	-0.06761 	0.00000 	0.29150 	-0.04770 	-0.05006 	-0.03129 	-0.05050 	0.10457 	0.01045 	0.00322	0.02756
Replication225	 -1.44748	0.99641	0.95797 	0.96434 	0.97363 	0.96087 	0.96943 	0.98866 	0.95441 	0.96108 	0.97708 	0.95574 	0.97298 	0.97417 	-0.13505 	-0.14938 	-0.14972 	0.14060 	0.00000 	0.38268 	-0.14446 	-0.15179 	0.15611 	-0.16840 	0.20826 	0.02081 	-0.04462 	-0.04935 	-0.04946 	-0.09217 	0.00000 	0.37344 	-0.04772 	-0.05015 	-0.03988 	-0.05563 	0.06880 	0.01424 	0.00965	0.02749
Replication226	 -1.49825	0.99721	0.96521 	0.97105 	0.98054 	0.96829 	0.97584 	0.99276 	0.96808 	0.97271 	0.98550 	0.96904 	0.98900 	0.98282 	-0.13399 	-0.15227 	-0.12299 	0.11087 	0.00000 	0.30901 	-0.14069 	-0.16606 	0.11930 	-0.15638 	0.32179 	0.01584 	-0.04419 	-0.05022 	-0.04057 	-0.06975 	0.00000 	0.30183 	-0.04640 	-0.05477 	-0.03278 	-0.05158 	0.10614 	0.01074 	0.00442	0.02843
Replication227	 -1.47092	0.99689	0.96191 	0.96802 	0.97791 	0.96500 	0.97308 	0.99110 	0.96066 	0.96789 	0.98214 	0.96310 	0.98265 	0.97935 	-0.13581 	-0.15736 	-0.12502 	0.12281 	0.00000 	0.33888 	-0.17300 	-0.14351 	0.13392 	-0.16280 	0.29117 	0.01783 	-0.04482 	-0.05193 	-0.04126 	-0.07844 	0.00000 	0.33089 	-0.05710 	-0.04737 	-0.03554 	-0.05373 	0.09610 	0.01215 	0.00713	0.02895
Replication228	 -1.44854	0.99664	0.96048 	0.96719 	0.97634 	0.96369 	0.97187 	0.99009 	0.95668 	0.96380 	0.97928 	0.95814 	0.97578 	0.97648 	-0.13687 	-0.13679 	-0.12671 	0.13178 	0.00000 	0.35707 	-0.15137 	-0.13620 	0.14598 	-0.17538 	0.21877 	0.01947 	-0.04519 	-0.04517 	-0.04184 	-0.08613 	0.00000 	0.34841 	-0.04998 	-0.04498 	-0.03750 	-0.05791 	0.07224 	0.01331 	0.00976	0.02527
Replication229	 -1.48883	0.99681	0.96054 	0.96690 	0.97641 	0.96373 	0.97191 	0.99047 	0.96143 	0.96780 	0.98150 	0.96375 	0.98223 	0.97872 	-0.14273 	-0.15422 	-0.15049 	0.12607 	0.00000 	0.34999 	-0.16068 	-0.15233 	0.13726 	-0.14575 	0.27986 	0.01821 	-0.04712 	-0.05091 	-0.04968 	-0.08046 	0.00000 	0.34178 	-0.05304 	-0.05028 	-0.03664 	-0.04811 	0.09238 	0.01238 	0.00518	0.03031
Replication230	 -1.51567	0.99728	0.96548 	0.97075 	0.98010 	0.96834 	0.97623 	0.99278 	0.96906 	0.97438 	0.98614 	0.97039 	0.99086 	0.98351 	-0.13425 	-0.16527 	-0.14518 	0.10875 	0.01087 	0.30860 	-0.15226 	-0.13963 	0.11641 	-0.16201 	0.34085 	0.01545 	-0.04428 	-0.05451 	-0.04788 	-0.06769 	0.00358 	0.30159 	-0.05021 	-0.04605 	-0.03216 	-0.05343 	0.11241 	0.01046 	0.00233	0.03185
Replication231	 -1.48185	0.99638	0.95492 	0.96190 	0.97294 	0.95835 	0.96762 	0.98825 	0.95778 	0.96351 	0.97742 	0.95911 	0.97324 	0.97481 	-0.15282 	-0.17374 	-0.14760 	0.14292 	0.00000 	0.39001 	-0.12387 	-0.13371 	0.15643 	-0.13739 	0.16531 	0.02053 	-0.05049 	-0.05740 	-0.04877 	-0.09201 	0.00000 	0.38068 	-0.04093 	-0.04418 	-0.04138 	-0.04539 	0.05461 	0.01389 	0.00605	0.02865
Replication232	 1.57352	0.99604	0.95402 	0.95935 	0.96976 	0.95617 	0.96552 	0.98637 	0.94728 	0.95605 	0.97324 	0.94963 	0.96675 	0.97017 	-0.12387 	-0.18573 	-0.16277 	0.15502 	0.00000 	0.42365 	-0.16901 	-0.12967 	0.17309 	-0.17852 	0.18643 	0.02310 	-0.04095 	-0.06140 	-0.05381 	-0.10196 	0.00000 	0.41344 	-0.05588 	-0.04287 	-0.04329 	-0.05902 	0.06163 	0.01585 	0.01173	0.03174
Replication233	 -1.43803	0.99632	0.95653 	0.96368 	0.97321 	0.95986 	0.96865 	0.98828 	0.95198 	0.95999 	0.97610 	0.95482 	0.97004 	0.97327 	-0.14420 	-0.14284 	-0.14142 	0.14405 	0.00000 	0.38943 	-0.16146 	-0.13944 	0.16033 	-0.14514 	0.17008 	0.02133 	-0.04765 	-0.04720 	-0.04673 	-0.09462 	0.00000 	0.37995 	-0.05335 	-0.04608 	-0.04063 	-0.04796 	0.05620 	0.01459 	0.01070	0.02653
Replication234	 1.57630	0.99579	0.94817 	0.95702 	0.96862 	0.95254 	0.96373 	0.98532 	0.94449 	0.95164 	0.97070 	0.94623 	0.96163 	0.96750 	-0.17517 	-0.16661 	-0.13811 	0.16471 	0.02283 	0.44258 	-0.14246 	-0.18535 	0.18423 	-0.15643 	0.14129 	0.02463 	-0.05794 	-0.05511 	-0.04568 	-0.10807 	0.00755 	0.43174 	-0.04712 	-0.06131 	-0.04545 	-0.05174 	0.04673 	0.01693 	0.01614	0.03053
Replication235	 -1.45792	0.99639	0.95522 	0.96214 	0.97342 	0.95862 	0.96790 	0.98837 	0.95601 	0.96209 	0.97745 	0.95791 	0.97446 	0.97459 	-0.14974 	-0.17577 	-0.13439 	0.14223 	0.00000 	0.38779 	-0.14403 	-0.16866 	0.15590 	-0.14105 	0.21552 	0.02061 	-0.04947 	-0.05807 	-0.04440 	-0.09159 	0.00000 	0.37850 	-0.04759 	-0.05572 	-0.04098 	-0.04660 	0.07120 	0.01401 	0.00841	0.02930
Replication236	 -1.49240	0.99676	0.95896 	0.96645 	0.97608 	0.96283 	0.97120 	0.99024 	0.96197 	0.96762 	0.98104 	0.96328 	0.98071 	0.97836 	-0.15856 	-0.14254 	-0.14844 	0.12832 	0.00000 	0.35415 	-0.13914 	-0.14192 	0.13959 	-0.15304 	0.24806 	0.01844 	-0.05235 	-0.04706 	-0.04901 	-0.08182 	0.00000 	0.34581 	-0.04593 	-0.04685 	-0.03734 	-0.05052 	0.08189 	0.01251 	0.00492	0.02934
Replication237	 -1.51036	0.99704	0.96167 	0.96924 	0.97845 	0.96573 	0.97362 	0.99171 	0.96663 	0.97160 	0.98388 	0.96802 	0.98590 	0.98130 	-0.16060 	-0.13289 	-0.14419 	0.11781 	0.00000 	0.32787 	-0.13812 	-0.14810 	0.12693 	-0.14173 	0.27940 	0.01675 	-0.05299 	-0.04385 	-0.04758 	-0.07416 	0.00000 	0.32025 	-0.04557 	-0.04886 	-0.03471 	-0.04676 	0.09219 	0.01133 	0.00312	0.02927
Replication238	 -1.46291	0.99636	0.95633 	0.96348 	0.97269 	0.95970 	0.96842 	0.98825 	0.95413 	0.96158 	0.97673 	0.95704 	0.97221 	0.97392 	-0.14899 	-0.14281 	-0.16371 	0.14278 	0.00000 	0.38990 	-0.15847 	-0.14189 	0.15809 	-0.13344 	0.18554 	0.02097 	-0.04922 	-0.04718 	-0.05409 	-0.09319 	0.00000 	0.38052 	-0.05236 	-0.04688 	-0.04060 	-0.04409 	0.06130 	0.01431 	0.00798	0.02852
Replication239	 -1.50343	0.99711	0.96599 	0.97110 	0.97951 	0.96862 	0.97696 	0.99240 	0.96555 	0.97153 	0.98419 	0.96765 	0.98520 	0.98162 	-0.12797 	-0.15339 	-0.14806 	0.11396 	0.02662 	0.31558 	-0.15190 	-0.13944 	0.12435 	-0.14028 	0.26814 	0.01652 	-0.04222 	-0.05060 	-0.04884 	-0.07317 	0.00878 	0.30815 	-0.05011 	-0.04600 	-0.03322 	-0.04628 	0.08846 	0.01124 	0.00413	0.02618
Replication240	 -1.46743	0.99649	0.95693 	0.96398 	0.97342 	0.96039 	0.96927 	0.98875 	0.95612 	0.96297 	0.97807 	0.95849 	0.97612 	0.97516 	-0.15232 	-0.15032 	-0.16493 	0.13831 	0.00595 	0.38102 	-0.15979 	-0.15679 	0.15224 	-0.14813 	0.24180 	0.02025 	-0.05031 	-0.04965 	-0.05448 	-0.08941 	0.00196 	0.37197 	-0.05278 	-0.05179 	-0.03951 	-0.04893 	0.07987 	0.01382 	0.00730	0.03077
Replication241	 -1.48706	0.99699	0.96463 	0.97001 	0.97859 	0.96722 	0.97472 	0.99171 	0.96296 	0.96934 	0.98299 	0.96509 	0.98368 	0.98028 	-0.12325 	-0.14490 	-0.14034 	0.11866 	0.00000 	0.32788 	-0.15932 	-0.14814 	0.12985 	-0.15134 	0.27932 	0.01729 	-0.04067 	-0.04781 	-0.04631 	-0.07649 	0.00000 	0.32012 	-0.05257 	-0.04888 	-0.03448 	-0.04994 	0.09217 	0.01178 	0.00570	0.02692
Replication242	 -1.42673	0.99621	0.95245 	0.96062 	0.97206 	0.95654 	0.96635 	0.98744 	0.95289 	0.95839 	0.97541 	0.95320 	0.97118 	0.97234 	-0.16545 	-0.16456 	-0.13060 	0.14914 	0.00392 	0.40452 	-0.12791 	-0.18193 	0.16447 	-0.17567 	0.21368 	0.02188 	-0.05468 	-0.05439 	-0.04316 	-0.09645 	0.00129 	0.39476 	-0.04227 	-0.06013 	-0.04232 	-0.05806 	0.07062 	0.01495 	0.01149	0.03017
Replication243	 -1.46676	0.99643	0.95547 	0.96299 	0.97281 	0.95923 	0.96841 	0.98838 	0.95528 	0.96251 	0.97762 	0.95843 	0.97557 	0.97469 	-0.16066 	-0.15292 	-0.16580 	0.14061 	0.00701 	0.38761 	-0.16909 	-0.16060 	0.15449 	-0.13344 	0.23952 	0.02053 	-0.05308 	-0.05052 	-0.05477 	-0.09056 	0.00232 	0.37843 	-0.05586 	-0.05305 	-0.04016 	-0.04408 	0.07913 	0.01400 	0.00726	0.03179
Replication244	 1.57197	0.99605	0.95393 	0.96146 	0.97170 	0.95736 	0.96667 	0.98710 	0.94882 	0.95568 	0.97322 	0.94961 	0.96355 	0.97036 	-0.14507 	-0.14671 	-0.12472 	0.15398 	0.00000 	0.41082 	-0.12342 	-0.14478 	0.17274 	-0.16825 	0.10684 	0.02300 	-0.04796 	-0.04850 	-0.04123 	-0.10209 	0.00000 	0.40064 	-0.04080 	-0.04787 	-0.04288 	-0.05562 	0.03532 	0.01577 	0.01443	0.02477
Replication245	 1.57653	0.99596	0.95519 	0.96076 	0.97128 	0.95745 	0.96746 	0.98674 	0.94426 	0.95312 	0.97193 	0.94745 	0.96076 	0.96895 	-0.11931 	-0.17705 	-0.11982 	0.15689 	0.01761 	0.41720 	-0.16115 	-0.15626 	0.17751 	-0.14154 	0.09953 	0.02377 	-0.03945 	-0.05854 	-0.03962 	-0.10508 	0.00582 	0.40679 	-0.05328 	-0.05167 	-0.04308 	-0.04680 	0.03291 	0.01638 	0.01738	0.02437
Replication246	 -1.45707	0.99639	0.95660 	0.96344 	0.97291 	0.95998 	0.96992 	0.98842 	0.95410 	0.96133 	0.97693 	0.95743 	0.97309 	0.97403 	-0.15339 	-0.15937 	-0.16678 	0.14161 	0.03004 	0.38686 	-0.16408 	-0.16610 	0.15687 	-0.12196 	0.20394 	0.02089 	-0.05068 	-0.05265 	-0.05510 	-0.09231 	0.00993 	0.37757 	-0.05421 	-0.05488 	-0.04009 	-0.04029 	0.06738 	0.01429 	0.00853	0.02896
Replication247	 -1.43704	0.99615	0.95408 	0.96179 	0.97121 	0.95767 	0.96674 	0.98725 	0.95086 	0.95808 	0.97446 	0.95259 	0.96772 	0.97157 	-0.15371 	-0.13938 	-0.15931 	0.15049 	0.00000 	0.40800 	-0.14267 	-0.14110 	0.16773 	-0.15755 	0.15583 	0.02231 	-0.05081 	-0.04607 	-0.05266 	-0.09891 	0.00000 	0.39810 	-0.04716 	-0.04664 	-0.04226 	-0.05208 	0.05151 	0.01527 	0.01063	0.02830
Replication248	 -1.45837	0.99673	0.96122 	0.96790 	0.97603 	0.96443 	0.97225 	0.99024 	0.95714 	0.96470 	0.98010 	0.95987 	0.97931 	0.97714 	-0.13923 	-0.12639 	-0.15435 	0.12847 	0.00000 	0.35420 	-0.17749 	-0.15685 	0.14204 	-0.16071 	0.27964 	0.01906 	-0.04597 	-0.04173 	-0.05096 	-0.08354 	0.00000 	0.34578 	-0.05860 	-0.05179 	-0.03647 	-0.05306 	0.09232 	0.01308 	0.00838	0.02906
Replication249	 1.57565	0.99579	0.94840 	0.95667 	0.96844 	0.95230 	0.96260 	0.98524 	0.94515 	0.95275 	0.97102 	0.94807 	0.96236 	0.96792 	-0.16357 	-0.17084 	-0.13917 	0.16474 	0.00000 	0.44396 	-0.15415 	-0.18146 	0.18357 	-0.13061 	0.13750 	0.02443 	-0.05411 	-0.05651 	-0.04603 	-0.10786 	0.00000 	0.43313 	-0.05099 	-0.06002 	-0.04596 	-0.04320 	0.04548 	0.01673 	0.01440	0.03066