
Replication	FitnessValue	Frequency	Bus1	Bus2	Bus3	Bus4	Bus5	Bus6	Bus1_P	Bus2_P	Bus3_P	Bus4_P	Bus5_P	Bus6_P	Bus1_Q	Bus2_Q	Bus3_Q	Bus4_Q	Bus5_Q	Bus6_Q	PLoss	QLoss
Replication0	 -1.52639	0.99976	0.98699 	0.99771 	1.00126 	0.99766 	1.00067 	1.00959 	-0.22205 	-0.06694 	-0.12614 	0.04259 	0.05228 	0.32360 	-0.07287 	-0.02197 	-0.04139 	0.04236 	0.01716 	0.08774 	0.00334	0.01103
Replication1	 -1.48735	0.99963	0.98013 	0.98954 	0.99677 	0.99173 	0.99328 	1.00934 	-0.21702 	-0.18897 	-0.16229 	0.06306 	0.00000 	0.51146 	-0.07124 	-0.06203 	-0.05327 	0.06269 	0.00000 	0.14502 	0.00625	0.02118
Replication2	 -1.47355	0.99961	0.97834 	0.98655 	0.99690 	0.98990 	0.99197 	1.00931 	-0.21187 	-0.26078 	-0.12927 	0.06936 	0.00000 	0.53986 	-0.06955 	-0.08560 	-0.04243 	0.06898 	0.00000 	0.15312 	0.00730	0.02451
Replication3	 -1.54444	0.99982	0.99198 	1.00018 	1.00417 	1.00009 	1.00108 	1.00969 	-0.16335 	-0.05729 	-0.05939 	0.03418 	0.00000 	0.24784 	-0.05360 	-0.01880 	-0.01949 	0.03400 	0.00000 	0.06430 	0.00199	0.00641
Replication4	 -1.53340	0.99980	0.98883 	0.99701 	1.00474 	0.99785 	1.00029 	1.00966 	-0.18279 	-0.13055 	-0.01401 	0.04189 	0.01964 	0.26866 	-0.05998 	-0.04284 	-0.00460 	0.04169 	0.00644 	0.06836 	0.00283	0.00908
Replication5	 -1.51845	0.99967	0.99027 	0.99362 	0.99638 	0.99663 	0.99770 	1.00941 	-0.11105 	-0.17567 	-0.22611 	0.04616 	0.01235 	0.45817 	-0.03645 	-0.05766 	-0.07421 	0.04583 	0.00405 	0.13240 	0.00384	0.01396
Replication6	 -1.53522	0.99974	0.99341 	0.99535 	1.00057 	0.99838 	0.99940 	1.00954 	-0.08401 	-0.19016 	-0.12326 	0.04012 	0.00000 	0.35996 	-0.02757 	-0.06240 	-0.04045 	0.03986 	0.00000 	0.09974 	0.00264	0.00917
Replication7	 -1.48718	0.99963	0.98003 	0.99103 	0.99537 	0.99230 	0.99337 	1.00933 	-0.23257 	-0.13049 	-0.21516 	0.06107 	0.00000 	0.52338 	-0.07634 	-0.04283 	-0.07062 	0.06070 	0.00000 	0.15057 	0.00623	0.02148
Replication8	 -1.53949	0.99976	0.99270 	0.99706 	1.00163 	0.99892 	0.99989 	1.00959 	-0.11510 	-0.13915 	-0.10674 	0.03824 	0.00000 	0.32509 	-0.03777 	-0.04566 	-0.03503 	0.03800 	0.00000 	0.08846 	0.00233	0.00800
Replication9	 -1.51646	0.99972	0.98570 	0.99308 	1.00108 	0.99504 	0.99672 	1.00951 	-0.17730 	-0.17975 	-0.07727 	0.05160 	0.00000 	0.38681 	-0.05819 	-0.05899 	-0.02536 	0.05132 	0.00000 	0.10475 	0.00409	0.01353
Replication10	 -1.49056	0.99963	0.98118 	0.99008 	0.99622 	0.99227 	0.99368 	1.00934 	-0.20691 	-0.17984 	-0.18455 	0.06118 	0.00158 	0.51453 	-0.06792 	-0.05903 	-0.06058 	0.06081 	0.00052 	0.14675 	0.00599	0.02055
Replication11	 -1.53316	0.99978	0.98871 	0.99722 	1.00350 	0.99787 	0.99994 	1.00963 	-0.18448 	-0.11110 	-0.05172 	0.04183 	0.01682 	0.29148 	-0.06054 	-0.03646 	-0.01697 	0.04162 	0.00552 	0.07604 	0.00284	0.00921
Replication12	 -1.48758	0.99964	0.98117 	0.98790 	0.99839 	0.99138 	0.99345 	1.00937 	-0.18608 	-0.26377 	-0.10241 	0.06426 	0.00000 	0.49426 	-0.06108 	-0.08658 	-0.03362 	0.06390 	0.00000 	0.13827 	0.00625	0.02089
Replication13	 -1.51490	0.99967	0.98919 	0.99201 	0.99734 	0.99558 	0.99662 	1.00941 	-0.10796 	-0.21791 	-0.18059 	0.04979 	0.00000 	0.46080 	-0.03543 	-0.07152 	-0.05927 	0.04946 	0.00000 	0.13134 	0.00414	0.01458
Replication14	 -1.50848	0.99966	0.98611 	0.99304 	0.99593 	0.99505 	0.99575 	1.00938 	-0.16403 	-0.14050 	-0.22569 	0.05162 	0.00000 	0.48319 	-0.05384 	-0.04612 	-0.07408 	0.05128 	0.00000 	0.13916 	0.00460	0.01641
Replication15	 -1.50562	0.99966	0.98509 	0.99139 	0.99726 	0.99409 	0.99569 	1.00939 	-0.16574 	-0.19368 	-0.17370 	0.05490 	0.00914 	0.47392 	-0.05440 	-0.06357 	-0.05701 	0.05456 	0.00300 	0.13422 	0.00485	0.01680
Replication16	 -1.51441	0.99969	0.98774 	0.99134 	0.99973 	0.99490 	0.99653 	1.00946 	-0.12592 	-0.24304 	-0.10370 	0.05212 	0.00000 	0.42476 	-0.04133 	-0.07977 	-0.03404 	0.05181 	0.00000 	0.11758 	0.00422	0.01427
Replication17	 -1.53322	0.99975	0.99197 	0.99464 	1.00223 	0.99769 	0.99941 	1.00957 	-0.10227 	-0.21221 	-0.06808 	0.04248 	0.00625 	0.33665 	-0.03356 	-0.06964 	-0.02234 	0.04223 	0.00205 	0.09070 	0.00281	0.00944
Replication18	 -1.52814	0.99972	0.98988 	0.99544 	0.99932 	0.99730 	0.99818 	1.00950 	-0.13738 	-0.13801 	-0.15507 	0.04382 	0.00000 	0.38980 	-0.04509 	-0.04529 	-0.05089 	0.04354 	0.00000 	0.10878 	0.00316	0.01105
Replication19	 -1.54217	0.99981	0.99140 	0.99910 	1.00423 	0.99952 	1.00136 	1.00968 	-0.16507 	-0.08903 	-0.05095 	0.03614 	0.01667 	0.25441 	-0.05416 	-0.02921 	-0.01672 	0.03595 	0.00547 	0.06568 	0.00216	0.00701
Replication20	 -1.53094	0.99973	0.99015 	0.99583 	1.00028 	0.99758 	0.99856 	1.00953 	-0.13869 	-0.13744 	-0.13137 	0.04288 	0.00000 	0.36758 	-0.04551 	-0.04510 	-0.04311 	0.04261 	0.00000 	0.10133 	0.00297	0.01022
Replication21	 -1.52602	0.99972	0.98816 	0.99584 	0.99980 	0.99696 	0.99791 	1.00951 	-0.16849 	-0.11088 	-0.14241 	0.04500 	0.00000 	0.38011 	-0.05529 	-0.03639 	-0.04674 	0.04473 	0.00000 	0.10511 	0.00334	0.01142
Replication22	 -1.54841	0.99982	0.99444 	0.99963 	1.00410 	1.00076 	1.00311 	1.00970 	-0.12917 	-0.11002 	-0.06723 	0.03188 	0.03474 	0.24147 	-0.04238 	-0.03610 	-0.02206 	0.03170 	0.01140 	0.06305 	0.00168	0.00561
Replication23	 -1.51668	0.99966	0.99305 	0.99231 	0.99602 	0.99686 	0.99750 	1.00939 	-0.05010 	-0.23917 	-0.22616 	0.04537 	0.00000 	0.47404 	-0.01644 	-0.07850 	-0.07423 	0.04503 	0.00000 	0.13851 	0.00398	0.01437
Replication24	 -1.54236	0.99975	0.99799 	0.99714 	1.00001 	1.00055 	1.00105 	1.00956 	-0.03194 	-0.18026 	-0.16155 	0.03265 	0.00000 	0.34318 	-0.01048 	-0.05915 	-0.05301 	0.03241 	0.00000 	0.09776 	0.00209	0.00752
Replication25	 -1.56340	0.99988	1.00179 	1.00368 	1.00592 	1.00466 	1.00514 	1.00980 	-0.05318 	-0.07165 	-0.05293 	0.01843 	0.00000 	0.15987 	-0.01745 	-0.02351 	-0.01737 	0.01832 	0.00000 	0.04190 	0.00055	0.00189
Replication26	 -1.52121	0.99971	0.98746 	0.99546 	0.99839 	0.99662 	0.99797 	1.00948 	-0.17707 	-0.10651 	-0.18185 	0.04619 	0.01500 	0.40792 	-0.05811 	-0.03496 	-0.05968 	0.04590 	0.00492 	0.11476 	0.00368	0.01283
Replication27	 -1.50256	0.99965	0.98392 	0.99178 	0.99666 	0.99386 	0.99504 	1.00938 	-0.18493 	-0.16201 	-0.19107 	0.05572 	0.00222 	0.48516 	-0.06070 	-0.05318 	-0.06272 	0.05537 	0.00073 	0.13812 	0.00507	0.01762
Replication28	 -1.48408	0.99960	0.98085 	0.99018 	0.99389 	0.99216 	0.99306 	1.00928 	-0.20935 	-0.15259 	-0.25091 	0.06158 	0.00000 	0.55770 	-0.06872 	-0.05009 	-0.08236 	0.06118 	0.00000 	0.16266 	0.00643	0.02267
Replication29	 -1.53227	0.99973	0.99062 	0.99738 	0.99922 	0.99836 	0.99890 	1.00952 	-0.14705 	-0.08558 	-0.17612 	0.04017 	0.00000 	0.37143 	-0.04826 	-0.02808 	-0.05780 	0.03990 	0.00000 	0.10431 	0.00285	0.01007
Replication30	 -1.54296	0.99980	0.99297 	0.99765 	1.00402 	0.99930 	1.00062 	1.00966 	-0.12060 	-0.14492 	-0.04273 	0.03691 	0.00000 	0.27344 	-0.03957 	-0.04755 	-0.01402 	0.03671 	0.00000 	0.07135 	0.00209	0.00691
Replication31	 -1.53280	0.99973	0.99299 	0.99591 	0.99889 	0.99860 	1.00055 	1.00951 	-0.10343 	-0.16270 	-0.18305 	0.03936 	0.03363 	0.37899 	-0.03394 	-0.05340 	-0.06007 	0.03909 	0.01104 	0.10733 	0.00280	0.01004
Replication32	 -1.52439	0.99971	0.98965 	0.99363 	0.99977 	0.99647 	0.99770 	1.00949 	-0.12179 	-0.19474 	-0.12569 	0.04671 	0.00000 	0.39897 	-0.03997 	-0.06391 	-0.04125 	0.04642 	0.00000 	0.11059 	0.00346	0.01188
Replication33	 -1.48849	0.99963	0.98181 	0.98834 	0.99687 	0.99178 	0.99404 	1.00934 	-0.18287 	-0.24840 	-0.15400 	0.06286 	0.01393 	0.51463 	-0.06002 	-0.08154 	-0.05055 	0.06249 	0.00457 	0.14603 	0.00615	0.02098
Replication34	 -1.53246	0.99975	0.98977 	0.99824 	0.99986 	0.99849 	0.99903 	1.00955 	-0.17009 	-0.05520 	-0.16410 	0.03974 	0.00000 	0.35251 	-0.05582 	-0.01812 	-0.05385 	0.03949 	0.00000 	0.09815 	0.00285	0.00985
Replication35	 -1.51582	0.99967	0.98905 	0.99238 	0.99735 	0.99570 	0.99669 	1.00941 	-0.11409 	-0.20519 	-0.18331 	0.04937 	0.00000 	0.45728 	-0.03745 	-0.06735 	-0.06016 	0.04904 	0.00000 	0.13027 	0.00407	0.01436
Replication36	 -1.49727	0.99966	0.98138 	0.99139 	0.99795 	0.99296 	0.99472 	1.00940 	-0.22174 	-0.15875 	-0.14825 	0.05881 	0.00763 	0.46782 	-0.07278 	-0.05211 	-0.04866 	0.05847 	0.00250 	0.13113 	0.00551	0.01855
Replication37	 -1.52828	0.99973	0.98947 	0.99487 	1.00069 	0.99696 	0.99819 	1.00953 	-0.13922 	-0.16292 	-0.10988 	0.04499 	0.00000 	0.37020 	-0.04569 	-0.05347 	-0.03606 	0.04472 	0.00000 	0.10129 	0.00317	0.01079
Replication38	 -1.52050	0.99970	0.98750 	0.99431 	0.99893 	0.99608 	0.99712 	1.00947 	-0.16058 	-0.14326 	-0.15298 	0.04804 	0.00000 	0.41253 	-0.05270 	-0.04702 	-0.05021 	0.04774 	0.00000 	0.11510 	0.00374	0.01291
Replication39	 -1.53974	0.99975	0.99308 	0.99822 	1.00020 	0.99951 	1.00002 	1.00957 	-0.11998 	-0.09505 	-0.15893 	0.03622 	0.00000 	0.34003 	-0.03937 	-0.03119 	-0.05216 	0.03598 	0.00000 	0.09490 	0.00229	0.00816
Replication40	 -1.52995	0.99972	0.99028 	0.99677 	0.99878 	0.99799 	0.99854 	1.00950 	-0.14502 	-0.09659 	-0.18302 	0.04145 	0.00000 	0.38619 	-0.04759 	-0.03170 	-0.06006 	0.04117 	0.00000 	0.10889 	0.00302	0.01071
Replication41	 -1.52418	0.99970	0.99132 	0.99380 	0.99825 	0.99719 	0.99967 	1.00947 	-0.10693 	-0.20548 	-0.18181 	0.04422 	0.04065 	0.41280 	-0.03509 	-0.06744 	-0.05967 	0.04392 	0.01334 	0.11713 	0.00345	0.01219
Replication42	 -1.55252	0.99982	0.99759 	0.99961 	1.00369 	1.00156 	1.00239 	1.00968 	-0.07052 	-0.13212 	-0.07636 	0.02911 	0.00000 	0.25124 	-0.02314 	-0.04335 	-0.02505 	0.02893 	0.00000 	0.06728 	0.00136	0.00467
Replication43	 -1.50195	0.99966	0.98422 	0.99047 	0.99768 	0.99340 	0.99487 	1.00939 	-0.16700 	-0.21348 	-0.15015 	0.05729 	0.00000 	0.47848 	-0.05481 	-0.07007 	-0.04928 	0.05695 	0.00000 	0.13480 	0.00514	0.01758
Replication44	 -1.48498	0.99963	0.97931 	0.99256 	0.99471 	0.99281 	0.99435 	1.00933 	-0.26393 	-0.07540 	-0.25052 	0.05932 	0.02031 	0.51662 	-0.08663 	-0.02475 	-0.08223 	0.05896 	0.00667 	0.15008 	0.00639	0.02209
Replication45	 -1.52898	0.99977	0.98857 	0.99507 	1.00390 	0.99684 	0.99866 	1.00961 	-0.15930 	-0.17464 	-0.01692 	0.04539 	0.00000 	0.30863 	-0.05227 	-0.05731 	-0.00555 	0.04516 	0.00000 	0.08022 	0.00316	0.01025
Replication46	 -1.50607	0.99969	0.98433 	0.99077 	1.00001 	0.99361 	0.99547 	1.00945 	-0.17173 	-0.22554 	-0.08579 	0.05656 	0.00000 	0.43136 	-0.05636 	-0.07402 	-0.02816 	0.05625 	0.00000 	0.11850 	0.00486	0.01620
Replication47	 -1.49901	0.99966	0.98186 	0.99252 	0.99702 	0.99359 	0.99513 	1.00939 	-0.22649 	-0.12219 	-0.18622 	0.05664 	0.01107 	0.47255 	-0.07434 	-0.04010 	-0.06112 	0.05630 	0.00363 	0.13393 	0.00536	0.01830
Replication48	 -1.48228	0.99962	0.97881 	0.98977 	0.99595 	0.99142 	0.99293 	1.00932 	-0.23868 	-0.16114 	-0.18644 	0.06413 	0.00278 	0.52597 	-0.07835 	-0.05289 	-0.06120 	0.06375 	0.00091 	0.15029 	0.00662	0.02252
Replication49	 -1.54393	0.99977	0.99663 	0.99750 	1.00102 	1.00042 	1.00219 	1.00959 	-0.06615 	-0.17057 	-0.13944 	0.03307 	0.02777 	0.31730 	-0.02171 	-0.05597 	-0.04576 	0.03285 	0.00911 	0.08850 	0.00198	0.00702
Replication50	 -1.51894	0.99969	0.98815 	0.99418 	0.99757 	0.99620 	0.99698 	1.00944 	-0.14754 	-0.14248 	-0.19166 	0.04764 	0.00000 	0.43788 	-0.04842 	-0.04676 	-0.06290 	0.04733 	0.00000 	0.12433 	0.00383	0.01357
Replication51	 -1.52385	0.99971	0.99242 	0.99232 	0.99989 	0.99675 	0.99814 	1.00948 	-0.06515 	-0.26562 	-0.11447 	0.04572 	0.00000 	0.40303 	-0.02138 	-0.08718 	-0.03757 	0.04543 	0.00000 	0.11263 	0.00350	0.01194
Replication52	 -1.52105	0.99969	0.98834 	0.99480 	0.99785 	0.99653 	0.99726 	1.00945 	-0.15188 	-0.12783 	-0.18943 	0.04650 	0.00000 	0.42631 	-0.04985 	-0.04195 	-0.06217 	0.04620 	0.00000 	0.12078 	0.00368	0.01300
Replication53	 -1.51160	0.99969	0.98450 	0.99370 	0.99866 	0.99489 	0.99605 	1.00945 	-0.19881 	-0.12665 	-0.15104 	0.05214 	0.00000 	0.42879 	-0.06525 	-0.04157 	-0.04957 	0.05183 	0.00000 	0.11957 	0.00443	0.01501
Replication54	 -1.51311	0.99974	0.98506 	0.99212 	1.00336 	0.99448 	0.99674 	1.00955 	-0.17966 	-0.22129 	-0.00118 	0.05352 	0.00000 	0.35298 	-0.05896 	-0.07262 	-0.00039 	0.05326 	0.00000 	0.09283 	0.00436	0.01411
Replication55	 -1.51400	0.99970	0.98584 	0.99303 	0.99903 	0.99517 	0.99784 	1.00947 	-0.18144 	-0.17424 	-0.14373 	0.05118 	0.03505 	0.41742 	-0.05955 	-0.05718 	-0.04717 	0.05088 	0.01150 	0.11600 	0.00424	0.01447
Replication56	 -1.55374	0.99985	0.99835 	0.99941 	1.00631 	1.00179 	1.00336 	1.00975 	-0.06175 	-0.17108 	0.00000 	0.02831 	0.00618 	0.19961 	-0.02026 	-0.05613 	0.00000 	0.02816 	0.00203 	0.05040 	0.00129	0.00420
Replication57	 -1.51915	0.99969	0.98782 	0.99615 	0.99682 	0.99693 	0.99728 	1.00944 	-0.17287 	-0.07171 	-0.22994 	0.04514 	0.00000 	0.43319 	-0.05674 	-0.02353 	-0.07547 	0.04483 	0.00000 	0.12456 	0.00380	0.01365
Replication58	 -1.52003	0.99975	0.98738 	0.99269 	1.00313 	0.99546 	0.99777 	1.00956 	-0.15236 	-0.22889 	-0.01775 	0.05015 	0.00627 	0.34641 	-0.05000 	-0.07511 	-0.00583 	0.04990 	0.00206 	0.09150 	0.00383	0.01252
Replication59	 -1.50954	0.99970	0.98351 	0.99517 	0.99830 	0.99537 	0.99775 	1.00947 	-0.23894 	-0.07741 	-0.18104 	0.05049 	0.03778 	0.41369 	-0.07842 	-0.02540 	-0.05942 	0.05019 	0.01240 	0.11615 	0.00458	0.01550
Replication60	 -1.48808	0.99964	0.97974 	0.99259 	0.99527 	0.99288 	0.99371 	1.00934 	-0.25330 	-0.07860 	-0.23138 	0.05908 	0.00000 	0.51037 	-0.08314 	-0.02580 	-0.07595 	0.05871 	0.00000 	0.14737 	0.00617	0.02120
Replication61	 -1.53555	0.99974	0.99235 	0.99704 	0.99958 	0.99885 	1.00028 	1.00954 	-0.12301 	-0.12394 	-0.16970 	0.03850 	0.02109 	0.35966 	-0.04037 	-0.04067 	-0.05569 	0.03824 	0.00692 	0.10084 	0.00260	0.00927
Replication62	 -1.54820	0.99979	0.99748 	1.00156 	1.00006 	1.00247 	1.00394 	1.00963 	-0.09995 	-0.04999 	-0.20677 	0.02602 	0.04171 	0.29063 	-0.03280 	-0.01640 	-0.06785 	0.02582 	0.01368 	0.08375 	0.00164	0.00620
Replication63	 -1.51019	0.99965	0.98856 	0.99189 	0.99586 	0.99530 	0.99610 	1.00937 	-0.11418 	-0.20197 	-0.22092 	0.05075 	0.00000 	0.49080 	-0.03748 	-0.06629 	-0.07251 	0.05040 	0.00000 	0.14192 	0.00446	0.01603
Replication64	 -1.51728	0.99969	0.98878 	0.99260 	0.99804 	0.99579 	0.99757 	1.00944 	-0.12620 	-0.20624 	-0.16894 	0.04903 	0.01745 	0.43887 	-0.04142 	-0.06769 	-0.05545 	0.04872 	0.00573 	0.12400 	0.00397	0.01389
Replication65	 -1.54678	0.99981	0.99315 	1.00042 	1.00366 	1.00054 	1.00137 	1.00968 	-0.14751 	-0.05823 	-0.07815 	0.03263 	0.00000 	0.25307 	-0.04840 	-0.01910 	-0.02564 	0.03244 	0.00000 	0.06666 	0.00181	0.00595
Replication66	 -1.48676	0.99965	0.97878 	0.99012 	0.99818 	0.99159 	0.99340 	1.00938 	-0.24536 	-0.16906 	-0.12511 	0.06351 	0.00117 	0.48118 	-0.08053 	-0.05549 	-0.04106 	0.06316 	0.00038 	0.13450 	0.00633	0.02096
Replication67	 -1.52600	0.99972	0.98880 	0.99686 	0.99839 	0.99761 	0.99847 	1.00950 	-0.17024 	-0.07682 	-0.19475 	0.04279 	0.00918 	0.39316 	-0.05587 	-0.02521 	-0.06391 	0.04251 	0.00301 	0.11117 	0.00331	0.01169
Replication68	 -1.52167	0.99969	0.98950 	0.99496 	0.99704 	0.99694 	0.99746 	1.00944 	-0.13487 	-0.12859 	-0.21571 	0.04510 	0.00000 	0.43768 	-0.04426 	-0.04220 	-0.07080 	0.04479 	0.00000 	0.12553 	0.00361	0.01305
Replication69	 -1.51434	0.99968	0.98700 	0.99247 	0.99834 	0.99512 	0.99634 	1.00943 	-0.14744 	-0.18892 	-0.15281 	0.05134 	0.00000 	0.44204 	-0.04839 	-0.06201 	-0.05015 	0.05102 	0.00000 	0.12404 	0.00420	0.01451
Replication70	 -1.48310	0.99963	0.97919 	0.99035 	0.99558 	0.99200 	0.99547 	1.00934 	-0.25299 	-0.15878 	-0.21378 	0.06212 	0.05663 	0.51336 	-0.08304 	-0.05212 	-0.07017 	0.06175 	0.01859 	0.14746 	0.00655	0.02246
Replication71	 -1.51918	0.99968	0.99048 	0.99293 	0.99728 	0.99637 	0.99722 	1.00942 	-0.09805 	-0.20355 	-0.19230 	0.04706 	0.00000 	0.45064 	-0.03218 	-0.06681 	-0.06311 	0.04674 	0.00000 	0.12894 	0.00381	0.01357
Replication72	 -1.51353	0.99970	0.98467 	0.99410 	0.99917 	0.99513 	0.99632 	1.00947 	-0.20139 	-0.12036 	-0.14037 	0.05133 	0.00000 	0.41509 	-0.06610 	-0.03950 	-0.04607 	0.05103 	0.00000 	0.11509 	0.00429	0.01445
Replication73	 -1.52569	0.99972	0.98861 	0.99620 	0.99878 	0.99723 	0.99792 	1.00949 	-0.16409 	-0.09593 	-0.17555 	0.04406 	0.00000 	0.39485 	-0.05385 	-0.03148 	-0.05761 	0.04378 	0.00000 	0.11086 	0.00334	0.01169
Replication74	 -1.51739	0.99969	0.98792 	0.99264 	0.99886 	0.99549 	0.99675 	1.00945 	-0.13618 	-0.19810 	-0.14074 	0.05008 	0.00000 	0.42892 	-0.04470 	-0.06502 	-0.04619 	0.04977 	0.00000 	0.11983 	0.00398	0.01370
Replication75	 -1.47703	0.99962	0.97761 	0.98928 	0.99582 	0.99088 	0.99296 	1.00932 	-0.25437 	-0.16491 	-0.18661 	0.06596 	0.01501 	0.53195 	-0.08350 	-0.05413 	-0.06126 	0.06558 	0.00493 	0.15217 	0.00702	0.02379
Replication76	 -1.48608	0.99964	0.98033 	0.98813 	0.99831 	0.99121 	0.99326 	1.00937 	-0.20099 	-0.24708 	-0.10561 	0.06482 	0.00000 	0.49522 	-0.06597 	-0.08110 	-0.03466 	0.06447 	0.00000 	0.13852 	0.00637	0.02125
Replication77	 -1.49938	0.99965	0.98477 	0.98946 	0.99733 	0.99313 	0.99467 	1.00937 	-0.14745 	-0.24685 	-0.15213 	0.05824 	0.00000 	0.49352 	-0.04840 	-0.08102 	-0.04994 	0.05788 	0.00000 	0.13975 	0.00533	0.01828
Replication78	 -1.49638	0.99965	0.98224 	0.99082 	0.99681 	0.99292 	0.99423 	1.00936 	-0.19925 	-0.17374 	-0.17547 	0.05894 	0.00000 	0.49508 	-0.06540 	-0.05703 	-0.05760 	0.05858 	0.00000 	0.14048 	0.00555	0.01904
Replication79	 -1.55816	0.99986	0.99908 	1.00146 	1.00555 	1.00288 	1.00398 	1.00976 	-0.07199 	-0.10953 	-0.04163 	0.02456 	0.00641 	0.19314 	-0.02362 	-0.03594 	-0.01366 	0.02441 	0.00210 	0.04988 	0.00095	0.00317
Replication80	 -1.50123	0.99966	0.98251 	0.99291 	0.99687 	0.99392 	0.99511 	1.00939 	-0.21894 	-0.11465 	-0.19350 	0.05549 	0.00463 	0.47215 	-0.07186 	-0.03763 	-0.06351 	0.05515 	0.00152 	0.13414 	0.00519	0.01781
Replication81	 -1.54689	0.99979	0.99585 	0.99996 	1.00103 	1.00130 	1.00330 	1.00963 	-0.10905 	-0.09068 	-0.16280 	0.03003 	0.04272 	0.29154 	-0.03578 	-0.02975 	-0.05342 	0.02982 	0.01402 	0.08147 	0.00176	0.00634
Replication82	 -1.52993	0.99972	0.99016 	0.99750 	0.99853 	0.99826 	0.99866 	1.00951 	-0.15444 	-0.07057 	-0.19647 	0.04052 	0.00000 	0.38398 	-0.05068 	-0.02316 	-0.06448 	0.04025 	0.00000 	0.10882 	0.00301	0.01075
Replication83	 -1.46216	0.99961	0.97390 	0.98827 	0.99619 	0.98926 	0.99105 	1.00930 	-0.29446 	-0.15397 	-0.15865 	0.07157 	0.00000 	0.54371 	-0.09666 	-0.05054 	-0.05208 	0.07118 	0.00000 	0.15520 	0.00820	0.02710
Replication84	 -1.51893	0.99971	0.98609 	0.99516 	0.99918 	0.99602 	0.99701 	1.00949 	-0.19136 	-0.10372 	-0.15145 	0.04825 	0.00000 	0.40215 	-0.06280 	-0.03404 	-0.04970 	0.04796 	0.00000 	0.11176 	0.00387	0.01317
Replication85	 -1.53562	0.99980	0.98903 	0.99986 	1.00315 	0.99918 	1.00157 	1.00966 	-0.21300 	-0.03549 	-0.09015 	0.03732 	0.03716 	0.26682 	-0.06989 	-0.01165 	-0.02958 	0.03712 	0.01219 	0.07035 	0.00266	0.00855
Replication86	 -1.53460	0.99974	0.99132 	0.99785 	0.99942 	0.99879 	0.99927 	1.00954 	-0.14166 	-0.08061 	-0.17550 	0.03871 	0.00000 	0.36173 	-0.04649 	-0.02645 	-0.05759 	0.03845 	0.00000 	0.10157 	0.00267	0.00949
Replication87	 -1.51497	0.99968	0.98701 	0.99380 	0.99719 	0.99568 	0.99648 	1.00942 	-0.16033 	-0.13813 	-0.19765 	0.04944 	0.00000 	0.45079 	-0.05262 	-0.04534 	-0.06487 	0.04912 	0.00000 	0.12828 	0.00413	0.01458
Replication88	 -1.51937	0.99970	0.98788 	0.99359 	0.99869 	0.99588 	0.99697 	1.00946 	-0.14689 	-0.16714 	-0.15403 	0.04872 	0.00000 	0.42316 	-0.04821 	-0.05486 	-0.05055 	0.04842 	0.00000 	0.11844 	0.00382	0.01324
Replication89	 -1.51848	0.99972	0.98646 	0.99308 	1.00139 	0.99529 	0.99699 	1.00952 	-0.16643 	-0.19046 	-0.06936 	0.05077 	0.00000 	0.37942 	-0.05462 	-0.06251 	-0.02276 	0.05049 	0.00000 	0.10243 	0.00393	0.01302
Replication90	 -1.52439	0.99972	0.98830 	0.99450 	1.00008 	0.99643 	0.99763 	1.00951 	-0.15214 	-0.15604 	-0.12265 	0.04681 	0.00000 	0.38748 	-0.04993 	-0.05121 	-0.04025 	0.04653 	0.00000 	0.10666 	0.00346	0.01180
Replication91	 -1.46519	0.99959	0.97612 	0.98854 	0.99361 	0.99006 	0.99187 	1.00925 	-0.26535 	-0.15222 	-0.24063 	0.06881 	0.01482 	0.58246 	-0.08711 	-0.04997 	-0.07899 	0.06840 	0.00487 	0.16996 	0.00788	0.02715
Replication92	 -1.53556	0.99975	0.99220 	0.99567 	1.00144 	0.99816 	0.99933 	1.00956 	-0.10727 	-0.17477 	-0.09909 	0.04085 	0.00000 	0.34291 	-0.03520 	-0.05735 	-0.03252 	0.04060 	0.00000 	0.09345 	0.00263	0.00897
Replication93	 -1.52732	0.99975	0.98741 	0.99605 	1.00210 	0.99687 	0.99823 	1.00957 	-0.18499 	-0.11639 	-0.07651 	0.04531 	0.00000 	0.33586 	-0.06071 	-0.03820 	-0.02511 	0.04506 	0.00000 	0.08968 	0.00328	0.01073
Replication94	 -1.51197	0.99971	0.98416 	0.99479 	0.99880 	0.99544 	0.99816 	1.00948 	-0.22734 	-0.10172 	-0.16539 	0.05024 	0.04292 	0.40569 	-0.07461 	-0.03338 	-0.05428 	0.04995 	0.01409 	0.11312 	0.00440	0.01488
Replication95	 -1.51314	0.99968	0.98825 	0.99125 	0.99842 	0.99499 	0.99637 	1.00942 	-0.11546 	-0.24004 	-0.14150 	0.05182 	0.00000 	0.44947 	-0.03789 	-0.07878 	-0.04644 	0.05150 	0.00000 	0.12641 	0.00429	0.01478
Replication96	 -1.51949	0.99971	0.98688 	0.99391 	0.99966 	0.99573 	0.99699 	1.00948 	-0.16664 	-0.15498 	-0.12746 	0.04923 	0.00000 	0.40368 	-0.05469 	-0.05086 	-0.04183 	0.04894 	0.00000 	0.11147 	0.00383	0.01302
Replication97	 -1.50946	0.99969	0.98425 	0.99263 	0.99906 	0.99446 	0.99679 	1.00946 	-0.19779 	-0.16637 	-0.13458 	0.05362 	0.02340 	0.42632 	-0.06492 	-0.05460 	-0.04417 	0.05331 	0.00768 	0.11821 	0.00459	0.01551
Replication98	 -1.53791	0.99976	0.99231 	0.99686 	1.00119 	0.99870 	0.99963 	1.00957 	-0.11832 	-0.13725 	-0.11724 	0.03900 	0.00000 	0.33625 	-0.03883 	-0.04504 	-0.03847 	0.03875 	0.00000 	0.09203 	0.00245	0.00844
Replication99	 -1.52455	0.99974	0.98922 	0.99308 	1.00254 	0.99616 	0.99801 	1.00955 	-0.12609 	-0.23049 	-0.03976 	0.04775 	0.00000 	0.35206 	-0.04138 	-0.07564 	-0.01305 	0.04750 	0.00000 	0.09405 	0.00348	0.01148
Replication100	 -1.52674	0.99974	0.98924 	0.99388 	1.00216 	0.99650 	0.99815 	1.00955 	-0.13405 	-0.20314 	-0.05794 	0.04658 	0.00000 	0.35186 	-0.04399 	-0.06667 	-0.01902 	0.04633 	0.00000 	0.09433 	0.00331	0.01099
Replication101	 -1.47696	0.99961	0.98054 	0.98615 	0.99645 	0.99047 	0.99322 	1.00930 	-0.17924 	-0.29823 	-0.14574 	0.06739 	0.01930 	0.54354 	-0.05884 	-0.09790 	-0.04784 	0.06701 	0.00634 	0.15508 	0.00703	0.02385
Replication102	 -1.55898	0.99987	0.99978 	1.00143 	1.00695 	1.00309 	1.00418 	1.00979 	-0.06099 	-0.12846 	0.00000 	0.02384 	0.00000 	0.16651 	-0.02001 	-0.04215 	0.00000 	0.02371 	0.00000 	0.04135 	0.00089	0.00291
Replication103	 -1.52377	0.99974	0.98747 	0.99458 	1.00125 	0.99639 	0.99930 	1.00955 	-0.17725 	-0.16464 	-0.09620 	0.04695 	0.03764 	0.35703 	-0.05817 	-0.05403 	-0.03157 	0.04669 	0.01235 	0.09654 	0.00353	0.01180
Replication104	 -1.48584	0.99960	0.98218 	0.99093 	0.99284 	0.99287 	0.99342 	1.00927 	-0.19614 	-0.13534 	-0.28881 	0.05915 	0.00000 	0.56740 	-0.06439 	-0.04443 	-0.09481 	0.05875 	0.00000 	0.16745 	0.00626	0.02258
Replication105	 -1.51302	0.99967	0.98702 	0.99300 	0.99702 	0.99533 	0.99622 	1.00941 	-0.15116 	-0.16143 	-0.19533 	0.05063 	0.00000 	0.46157 	-0.04961 	-0.05299 	-0.06411 	0.05030 	0.00000 	0.13150 	0.00428	0.01509
Replication106	 -1.49010	0.99961	0.98260 	0.99008 	0.99448 	0.99266 	0.99364 	1.00930 	-0.18297 	-0.17999 	-0.23559 	0.05984 	0.00000 	0.54469 	-0.06006 	-0.05908 	-0.07733 	0.05945 	0.00000 	0.15815 	0.00598	0.02112
Replication107	 -1.55683	0.99982	1.00370 	1.00211 	1.00180 	1.00448 	1.00438 	1.00968 	0.00000 	-0.10493 	-0.16160 	0.01908 	0.00000 	0.24846 	0.00000 	-0.03443 	-0.05302 	0.01890 	0.00000 	0.07240 	0.00101	0.00385
Replication108	 -1.50308	0.99964	0.98630 	0.99034 	0.99632 	0.99398 	0.99545 	1.00936 	-0.13422 	-0.23033 	-0.19232 	0.05529 	0.00709 	0.49951 	-0.04406 	-0.07560 	-0.06313 	0.05493 	0.00233 	0.14314 	0.00502	0.01761
Replication109	 -1.50990	0.99966	0.98756 	0.99137 	0.99706 	0.99480 	0.99593 	1.00939 	-0.12538 	-0.21730 	-0.18067 	0.05248 	0.00000 	0.47538 	-0.04115 	-0.07132 	-0.05930 	0.05214 	0.00000 	0.13546 	0.00451	0.01583
Replication110	 -1.52848	0.99972	0.99003 	0.99583 	0.99898 	0.99752 	0.99826 	1.00950 	-0.13892 	-0.12451 	-0.16865 	0.04310 	0.00000 	0.39211 	-0.04559 	-0.04086 	-0.05535 	0.04281 	0.00000 	0.11002 	0.00313	0.01103
Replication111	 -1.49776	0.99963	0.98446 	0.99108 	0.99483 	0.99367 	0.99451 	1.00932 	-0.16623 	-0.17294 	-0.23714 	0.05636 	0.00000 	0.52534 	-0.05456 	-0.05677 	-0.07784 	0.05599 	0.00000 	0.15241 	0.00539	0.01922
Replication112	 -1.49819	0.99963	0.98543 	0.98999 	0.99534 	0.99352 	0.99459 	1.00932 	-0.14047 	-0.22100 	-0.21439 	0.05690 	0.00000 	0.52433 	-0.04611 	-0.07254 	-0.07037 	0.05653 	0.00000 	0.15149 	0.00537	0.01900
Replication113	 -1.53124	0.99971	0.99476 	0.99589 	0.99736 	0.99904 	1.00008 	1.00947 	-0.06985 	-0.16560 	-0.22594 	0.03786 	0.01919 	0.40723 	-0.02292 	-0.05435 	-0.07415 	0.03757 	0.00630 	0.11825 	0.00289	0.01070
Replication114	 -1.50786	0.99965	0.98643 	0.99321 	0.99533 	0.99520 	0.99576 	1.00937 	-0.16008 	-0.13390 	-0.24447 	0.05108 	0.00000 	0.49199 	-0.05254 	-0.04395 	-0.08024 	0.05073 	0.00000 	0.14271 	0.00463	0.01671
Replication115	 -1.55631	0.99982	1.00002 	1.00204 	1.00232 	1.00333 	1.00345 	1.00968 	-0.05762 	-0.07155 	-0.14096 	0.02304 	0.00000 	0.24814 	-0.01891 	-0.02348 	-0.04625 	0.02286 	0.00000 	0.06972 	0.00105	0.00395
Replication116	 -1.55561	0.99982	0.99988 	1.00051 	1.00341 	1.00266 	1.00340 	1.00969 	-0.04559 	-0.12827 	-0.09643 	0.02533 	0.00429 	0.24179 	-0.01496 	-0.04209 	-0.03164 	0.02515 	0.00141 	0.06608 	0.00112	0.00396
Replication117	 -1.55023	0.99980	0.99683 	0.99954 	1.00241 	1.00127 	1.00189 	1.00965 	-0.07980 	-0.11486 	-0.11190 	0.03014 	0.00000 	0.27793 	-0.02618 	-0.03769 	-0.03672 	0.02994 	0.00000 	0.07601 	0.00152	0.00536
Replication118	 -1.53738	0.99975	0.99306 	0.99735 	0.99976 	0.99924 	1.00092 	1.00955 	-0.11788 	-0.12554 	-0.16979 	0.03716 	0.02849 	0.35002 	-0.03868 	-0.04120 	-0.05572 	0.03691 	0.00935 	0.09815 	0.00246	0.00880
Replication119	 -1.51961	0.99975	0.98470 	0.99579 	1.00249 	0.99593 	0.99748 	1.00958 	-0.22336 	-0.09765 	-0.05912 	0.04852 	0.00000 	0.33548 	-0.07330 	-0.03205 	-0.01940 	0.04828 	0.00000 	0.08888 	0.00388	0.01241
Replication120	 -1.46990	0.99965	0.97410 	0.99059 	0.99828 	0.99035 	0.99219 	1.00938 	-0.31867 	-0.10345 	-0.11947 	0.06778 	0.00000 	0.48148 	-0.10460 	-0.03396 	-0.03921 	0.06743 	0.00000 	0.13496 	0.00766	0.02462
Replication121	 -1.54318	0.99980	0.99235 	0.99836 	1.00418 	0.99942 	1.00068 	1.00967 	-0.13806 	-0.11751 	-0.04348 	0.03648 	0.00000 	0.26464 	-0.04530 	-0.03856 	-0.01427 	0.03629 	0.00000 	0.06864 	0.00208	0.00681
Replication122	 -1.54937	0.99980	0.99714 	0.99838 	1.00342 	1.00089 	1.00186 	1.00966 	-0.06361 	-0.16275 	-0.07271 	0.03146 	0.00000 	0.26922 	-0.02087 	-0.05340 	-0.02386 	0.03126 	0.00000 	0.07232 	0.00160	0.00544
Replication123	 -1.49815	0.99964	0.98292 	0.99263 	0.99531 	0.99388 	0.99462 	1.00935 	-0.20658 	-0.11279 	-0.23510 	0.05565 	0.00000 	0.50421 	-0.06781 	-0.03702 	-0.07717 	0.05529 	0.00000 	0.14564 	0.00538	0.01894
Replication124	 -1.50938	0.99965	0.98833 	0.99136 	0.99628 	0.99501 	0.99598 	1.00937 	-0.11259 	-0.21898 	-0.20401 	0.05173 	0.00000 	0.48839 	-0.03696 	-0.07187 	-0.06696 	0.05139 	0.00000 	0.14053 	0.00454	0.01612
Replication125	 -1.52457	0.99971	0.99205 	0.99279 	0.99946 	0.99683 	0.99807 	1.00948 	-0.07538 	-0.24377 	-0.13049 	0.04545 	0.00000 	0.40764 	-0.02474 	-0.08000 	-0.04283 	0.04515 	0.00000 	0.11427 	0.00344	0.01185
Replication126	 -1.53488	0.99974	0.99261 	0.99629 	0.99987 	0.99868 	1.00087 	1.00954 	-0.11560 	-0.15619 	-0.15809 	0.03909 	0.03642 	0.35702 	-0.03794 	-0.05126 	-0.05188 	0.03883 	0.01195 	0.09967 	0.00266	0.00938
Replication127	 -1.51696	0.99970	0.98655 	0.99420 	0.99831 	0.99579 	0.99733 	1.00946 	-0.17703 	-0.13436 	-0.17169 	0.04904 	0.01461 	0.42343 	-0.05810 	-0.04410 	-0.05635 	0.04873 	0.00480 	0.11888 	0.00400	0.01387
Replication128	 -1.52275	0.99971	0.98949 	0.99309 	0.99983 	0.99620 	0.99760 	1.00949 	-0.11899 	-0.21024 	-0.11954 	0.04764 	0.00189 	0.40281 	-0.03905 	-0.06900 	-0.03923 	0.04735 	0.00062 	0.11157 	0.00358	0.01226
Replication129	 -1.52724	0.99972	0.99042 	0.99417 	0.99993 	0.99694 	0.99810 	1.00950 	-0.11617 	-0.18799 	-0.12708 	0.04509 	0.00000 	0.38940 	-0.03813 	-0.06170 	-0.04171 	0.04480 	0.00000 	0.10790 	0.00324	0.01117
Replication130	 -1.51236	0.99966	0.98848 	0.99266 	0.99597 	0.99564 	0.99659 	1.00938 	-0.12568 	-0.18033 	-0.22554 	0.04959 	0.00631 	0.47995 	-0.04125 	-0.05919 	-0.07403 	0.04925 	0.00207 	0.13865 	0.00430	0.01550
Replication131	 -1.49982	0.99965	0.98410 	0.99078 	0.99631 	0.99355 	0.99546 	1.00936 	-0.17535 	-0.19589 	-0.19581 	0.05679 	0.01872 	0.49681 	-0.05756 	-0.06430 	-0.06427 	0.05643 	0.00615 	0.14193 	0.00527	0.01839
Replication132	 -1.51948	0.99973	0.98556 	0.99474 	1.00111 	0.99572 	0.99717 	1.00953 	-0.19760 	-0.12762 	-0.09117 	0.04928 	0.00050 	0.37048 	-0.06485 	-0.04188 	-0.02992 	0.04901 	0.00017 	0.10020 	0.00386	0.01272
Replication133	 -1.52290	0.99971	0.98947 	0.99345 	0.99928 	0.99636 	0.99784 	1.00948 	-0.12411 	-0.19588 	-0.13972 	0.04708 	0.00782 	0.40837 	-0.04073 	-0.06429 	-0.04586 	0.04679 	0.00257 	0.11384 	0.00356	0.01232
Replication134	 -1.50309	0.99968	0.98232 	0.99246 	0.99856 	0.99369 	0.99508 	1.00943 	-0.21802 	-0.13967 	-0.13977 	0.05629 	0.00000 	0.44625 	-0.07156 	-0.04584 	-0.04587 	0.05597 	0.00000 	0.12432 	0.00508	0.01702
Replication135	 -1.54056	0.99975	0.99537 	0.99823 	0.99906 	1.00019 	1.00042 	1.00954 	-0.08335 	-0.10990 	-0.19480 	0.03388 	0.00000 	0.35637 	-0.02735 	-0.03606 	-0.06393 	0.03363 	0.00000 	0.10190 	0.00221	0.00819
Replication136	 -1.50638	0.99967	0.98420 	0.99335 	0.99676 	0.99461 	0.99548 	1.00940 	-0.19718 	-0.11723 	-0.20216 	0.05312 	0.00000 	0.46823 	-0.06472 	-0.03848 	-0.06635 	0.05278 	0.00000 	0.13341 	0.00479	0.01665
Replication137	 -1.53068	0.99977	0.98818 	0.99659 	1.00301 	0.99735 	0.99879 	1.00961 	-0.18059 	-0.11606 	-0.05617 	0.04363 	0.00020 	0.31202 	-0.05926 	-0.03809 	-0.01843 	0.04340 	0.00007 	0.08215 	0.00303	0.00984
Replication138	 -1.53888	0.99974	0.99460 	0.99775 	0.99905 	0.99975 	1.00007 	1.00953 	-0.08987 	-0.11623 	-0.18993 	0.03541 	0.00000 	0.36295 	-0.02949 	-0.03814 	-0.06233 	0.03515 	0.00000 	0.10340 	0.00233	0.00858
Replication139	 -1.54754	0.99980	0.99695 	0.99814 	1.00261 	1.00087 	1.00317 	1.00965 	-0.07281 	-0.17069 	-0.10142 	0.03153 	0.03674 	0.27838 	-0.02389 	-0.05601 	-0.03328 	0.03133 	0.01206 	0.07577 	0.00173	0.00597
Replication140	 -1.52036	0.99968	0.99300 	0.99266 	0.99705 	0.99702 	0.99780 	1.00942 	-0.05605 	-0.23688 	-0.20005 	0.04481 	0.00000 	0.45188 	-0.01840 	-0.07775 	-0.06566 	0.04449 	0.00000 	0.13059 	0.00372	0.01328
Replication141	 -1.54631	0.99978	0.99682 	0.99828 	1.00132 	1.00079 	1.00220 	1.00961 	-0.07023 	-0.14930 	-0.13656 	0.03180 	0.02041 	0.30567 	-0.02305 	-0.04899 	-0.04481 	0.03158 	0.00670 	0.08500 	0.00181	0.00643
Replication142	 -1.53459	0.99977	0.98957 	0.99764 	1.00194 	0.99825 	0.99963 	1.00960 	-0.17178 	-0.09206 	-0.10035 	0.04054 	0.00892 	0.31745 	-0.05637 	-0.03021 	-0.03293 	0.04030 	0.00293 	0.08533 	0.00272	0.00905
Replication143	 -1.48383	0.99961	0.98033 	0.98943 	0.99496 	0.99174 	0.99335 	1.00930 	-0.21309 	-0.18146 	-0.21520 	0.06301 	0.00958 	0.54363 	-0.06995 	-0.05957 	-0.07064 	0.06262 	0.00315 	0.15685 	0.00647	0.02246
Replication144	 -1.56327	0.99988	1.00522 	1.00396 	1.00466 	1.00598 	1.00764 	1.00979 	-0.01172 	-0.10012 	-0.10543 	0.01390 	0.04028 	0.16364 	-0.00385 	-0.03285 	-0.03459 	0.01379 	0.01322 	0.04625 	0.00056	0.00197
Replication145	 -1.55680	0.99985	0.99761 	1.00284 	1.00431 	1.00297 	1.00341 	1.00974 	-0.10650 	-0.03773 	-0.08690 	0.02425 	0.00000 	0.20793 	-0.03494 	-0.01238 	-0.02851 	0.02409 	0.00000 	0.05529 	0.00104	0.00355
Replication146	 -1.52507	0.99971	0.98901 	0.99460 	0.99945 	0.99668 	0.99773 	1.00949 	-0.14167 	-0.15524 	-0.14263 	0.04596 	0.00000 	0.39698 	-0.04650 	-0.05095 	-0.04681 	0.04568 	0.00000 	0.11033 	0.00340	0.01175
Replication147	 -1.50155	0.99963	0.98923 	0.98956 	0.99521 	0.99462 	0.99679 	1.00933 	-0.08568 	-0.28170 	-0.22583 	0.05311 	0.02939 	0.51582 	-0.02812 	-0.09247 	-0.07413 	0.05274 	0.00965 	0.15047 	0.00512	0.01815
Replication148	 -1.50010	0.99964	0.98463 	0.99053 	0.99619 	0.99352 	0.99469 	1.00935 	-0.15948 	-0.20337 	-0.19393 	0.05689 	0.00000 	0.50513 	-0.05235 	-0.06675 	-0.06365 	0.05653 	0.00000 	0.14457 	0.00525	0.01834
Replication149	 -1.49567	0.99966	0.98127 	0.99103 	0.99764 	0.99273 	0.99419 	1.00939 	-0.21711 	-0.16376 	-0.15217 	0.05959 	0.00000 	0.47909 	-0.07126 	-0.05375 	-0.04995 	0.05924 	0.00000 	0.13472 	0.00563	0.01900
Replication150	 -1.50973	0.99967	0.98679 	0.99138 	0.99766 	0.99457 	0.99584 	1.00940 	-0.13805 	-0.21373 	-0.16252 	0.05324 	0.00000 	0.46559 	-0.04531 	-0.07015 	-0.05334 	0.05291 	0.00000 	0.13164 	0.00454	0.01574
Replication151	 -1.53545	0.99973	0.99252 	0.99722 	0.99918 	0.99888 	0.99938 	1.00953 	-0.11627 	-0.11094 	-0.17841 	0.03838 	0.00000 	0.36983 	-0.03816 	-0.03641 	-0.05855 	0.03812 	0.00000 	0.10435 	0.00260	0.00936
Replication152	 -1.51772	0.99968	0.99087 	0.99189 	0.99790 	0.99605 	0.99717 	1.00942 	-0.08157 	-0.24481 	-0.16563 	0.04815 	0.00000 	0.44780 	-0.02677 	-0.08035 	-0.05436 	0.04783 	0.00000 	0.12742 	0.00394	0.01376
Replication153	 -1.53322	0.99979	0.98832 	0.99928 	1.00264 	0.99855 	0.99949 	1.00963 	-0.20694 	-0.03106 	-0.09109 	0.03952 	0.00000 	0.29241 	-0.06790 	-0.01019 	-0.02989 	0.03930 	0.00000 	0.07780 	0.00285	0.00912
Replication154	 -1.49444	0.99967	0.98029 	0.99114 	0.99865 	0.99250 	0.99416 	1.00941 	-0.23426 	-0.15822 	-0.12256 	0.06038 	0.00000 	0.46040 	-0.07689 	-0.05193 	-0.04023 	0.06005 	0.00000 	0.12804 	0.00575	0.01905
Replication155	 -1.51794	0.99974	0.98448 	0.99595 	1.00113 	0.99590 	0.99718 	1.00954 	-0.22663 	-0.07845 	-0.09979 	0.04864 	0.00000 	0.36024 	-0.07437 	-0.02575 	-0.03275 	0.04837 	0.00000 	0.09746 	0.00399	0.01296
Replication156	 -1.48233	0.99966	0.97765 	0.98920 	0.99971 	0.99088 	0.99309 	1.00941 	-0.25392 	-0.19730 	-0.07086 	0.06597 	0.00000 	0.46280 	-0.08334 	-0.06476 	-0.02326 	0.06563 	0.00000 	0.12750 	0.00669	0.02177
Replication157	 -1.52437	0.99972	0.98819 	0.99429 	1.00063 	0.99632 	0.99765 	1.00952 	-0.15231 	-0.16613 	-0.10467 	0.04722 	0.00000 	0.37937 	-0.04999 	-0.05452 	-0.03435 	0.04694 	0.00000 	0.10364 	0.00347	0.01172
Replication158	 -1.49348	0.99965	0.98136 	0.99023 	0.99730 	0.99241 	0.99392 	1.00937 	-0.20677 	-0.18626 	-0.15481 	0.06071 	0.00000 	0.49292 	-0.06787 	-0.06114 	-0.05081 	0.06035 	0.00000 	0.13908 	0.00579	0.01962
Replication159	 -1.53344	0.99973	0.99130 	0.99662 	0.99968 	0.99826 	0.99898 	1.00953 	-0.12906 	-0.12039 	-0.15711 	0.04053 	0.00000 	0.36880 	-0.04235 	-0.03951 	-0.05156 	0.04026 	0.00000 	0.10289 	0.00276	0.00973
Replication160	 -1.51696	0.99971	0.98576 	0.99409 	0.99956 	0.99553 	0.99740 	1.00949 	-0.18975 	-0.14044 	-0.13388 	0.04992 	0.01616 	0.40201 	-0.06227 	-0.04609 	-0.04394 	0.04963 	0.00530 	0.11099 	0.00403	0.01362
Replication161	 -1.52688	0.99974	0.98783 	0.99564 	1.00130 	0.99689 	0.99897 	1.00956 	-0.17872 	-0.13203 	-0.10121 	0.04523 	0.02058 	0.34944 	-0.05865 	-0.04333 	-0.03321 	0.04498 	0.00675 	0.09447 	0.00329	0.01101
Replication162	 -1.52518	0.99971	0.99117 	0.99374 	0.99878 	0.99706 	0.99901 	1.00948 	-0.10500 	-0.20581 	-0.16230 	0.04466 	0.02424 	0.40759 	-0.03446 	-0.06755 	-0.05327 	0.04437 	0.00796 	0.11481 	0.00338	0.01186
Replication163	 -1.49125	0.99963	0.98129 	0.99121 	0.99535 	0.99282 	0.99432 	1.00933 	-0.21901 	-0.14211 	-0.22164 	0.05930 	0.01241 	0.51697 	-0.07189 	-0.04665 	-0.07275 	0.05893 	0.00407 	0.14885 	0.00591	0.02057
Replication164	 -1.46192	0.99958	0.97642 	0.98638 	0.99398 	0.98921 	0.99110 	1.00923 	-0.23674 	-0.22188 	-0.21000 	0.07176 	0.00747 	0.59753 	-0.07772 	-0.07284 	-0.06894 	0.07133 	0.00245 	0.17364 	0.00814	0.02793
Replication165	 -1.49840	0.99966	0.98229 	0.99072 	0.99801 	0.99292 	0.99447 	1.00939 	-0.19916 	-0.18743 	-0.14030 	0.05894 	0.00000 	0.47337 	-0.06537 	-0.06152 	-0.04605 	0.05860 	0.00000 	0.13266 	0.00542	0.01832
Replication166	 -1.53084	0.99973	0.99121 	0.99490 	1.00033 	0.99750 	0.99861 	1.00952 	-0.11247 	-0.17797 	-0.12308 	0.04313 	0.00000 	0.37337 	-0.03691 	-0.05841 	-0.04039 	0.04286 	0.00000 	0.10310 	0.00297	0.01025
Replication167	 -1.52397	0.99969	0.99153 	0.99459 	0.99697 	0.99740 	0.99791 	1.00944 	-0.09972 	-0.16171 	-0.21702 	0.04352 	0.00000 	0.43836 	-0.03273 	-0.05307 	-0.07123 	0.04321 	0.00000 	0.12634 	0.00343	0.01252
Replication168	 -1.50529	0.99966	0.98516 	0.99241 	0.99609 	0.99462 	0.99669 	1.00938 	-0.17999 	-0.15916 	-0.22040 	0.05310 	0.03084 	0.48045 	-0.05908 	-0.05224 	-0.07234 	0.05276 	0.01012 	0.13791 	0.00485	0.01714
Replication169	 -1.49876	0.99963	0.98771 	0.98874 	0.99600 	0.99376 	0.99573 	1.00934 	-0.09747 	-0.29357 	-0.19110 	0.05607 	0.01634 	0.51508 	-0.03199 	-0.09636 	-0.06273 	0.05570 	0.00536 	0.14867 	0.00535	0.01866
Replication170	 -1.52287	0.99975	0.98635 	0.99495 	1.00228 	0.99607 	0.99767 	1.00956 	-0.18945 	-0.13983 	-0.05999 	0.04805 	0.00000 	0.34483 	-0.06217 	-0.04589 	-0.01969 	0.04779 	0.00000 	0.09174 	0.00362	0.01179
Replication171	 -1.55114	0.99981	0.99634 	1.00016 	1.00289 	1.00140 	1.00203 	1.00966 	-0.09478 	-0.09452 	-0.10262 	0.02968 	0.00000 	0.26369 	-0.03110 	-0.03101 	-0.03367 	0.02949 	0.00000 	0.07137 	0.00146	0.00508
Replication172	 -1.53176	0.99974	0.99143 	1.00003 	0.99774 	0.99973 	0.99965 	1.00952 	-0.16195 	0.00000 	-0.24319 	0.03545 	0.00239 	0.37016 	-0.05315 	0.00000 	-0.07981 	0.03519 	0.00078 	0.10746 	0.00286	0.01047
Replication173	 -1.55153	0.99980	0.99865 	0.99988 	1.00178 	1.00196 	1.00236 	1.00964 	-0.05446 	-0.11871 	-0.13556 	0.02775 	0.00000 	0.28239 	-0.01787 	-0.03895 	-0.04448 	0.02755 	0.00000 	0.07889 	0.00141	0.00513
Replication174	 -1.52553	0.99972	0.98810 	0.99674 	0.99901 	0.99731 	0.99797 	1.00951 	-0.17797 	-0.07561 	-0.17315 	0.04379 	0.00000 	0.38631 	-0.05841 	-0.02482 	-0.05683 	0.04352 	0.00000 	0.10818 	0.00336	0.01165
Replication175	 -1.49904	0.99964	0.98471 	0.98990 	0.99646 	0.99328 	0.99460 	1.00935 	-0.15196 	-0.22548 	-0.18064 	0.05771 	0.00000 	0.50570 	-0.04988 	-0.07401 	-0.05929 	0.05735 	0.00000 	0.14437 	0.00533	0.01854
Replication176	 -1.50849	0.99967	0.98571 	0.99174 	0.99759 	0.99444 	0.99606 	1.00941 	-0.16079 	-0.19298 	-0.16816 	0.05369 	0.00984 	0.46303 	-0.05277 	-0.06334 	-0.05519 	0.05336 	0.00323 	0.13077 	0.00463	0.01605
Replication177	 -1.51766	0.99971	0.98573 	0.99455 	0.99954 	0.99565 	0.99681 	1.00949 	-0.19076 	-0.12165 	-0.13505 	0.04952 	0.00000 	0.40192 	-0.06260 	-0.03993 	-0.04432 	0.04922 	0.00000 	0.11105 	0.00398	0.01342
Replication178	 -1.53024	0.99971	0.99205 	0.99533 	0.99869 	0.99791 	0.99862 	1.00949 	-0.10207 	-0.15971 	-0.17529 	0.04173 	0.00000 	0.39833 	-0.03350 	-0.05241 	-0.05753 	0.04144 	0.00000 	0.11268 	0.00299	0.01068
Replication179	 -1.51471	0.99970	0.98523 	0.99477 	0.99857 	0.99573 	0.99810 	1.00948 	-0.20892 	-0.11050 	-0.17172 	0.04926 	0.03598 	0.41008 	-0.06857 	-0.03626 	-0.05636 	0.04897 	0.01181 	0.11472 	0.00418	0.01431
Replication180	 -1.51459	0.99971	0.98491 	0.99333 	1.00059 	0.99490 	0.99646 	1.00950 	-0.19135 	-0.15899 	-0.09275 	0.05211 	0.00000 	0.39521 	-0.06280 	-0.05218 	-0.03044 	0.05182 	0.00000 	0.10760 	0.00423	0.01401
Replication181	 -1.50839	0.99965	0.98671 	0.99283 	0.99556 	0.99513 	0.99578 	1.00937 	-0.15211 	-0.15045 	-0.23495 	0.05132 	0.00000 	0.49079 	-0.04993 	-0.04938 	-0.07712 	0.05097 	0.00000 	0.14198 	0.00460	0.01653
Replication182	 -1.51322	0.99967	0.98855 	0.99151 	0.99773 	0.99517 	0.99638 	1.00941 	-0.11266 	-0.22970 	-0.16397 	0.05117 	0.00000 	0.45944 	-0.03698 	-0.07539 	-0.05382 	0.05084 	0.00000 	0.13024 	0.00427	0.01490
Replication183	 -1.55108	0.99979	0.99944 	1.00044 	1.00077 	1.00242 	1.00252 	1.00962 	-0.04690 	-0.10122 	-0.17070 	0.02617 	0.00000 	0.29408 	-0.01539 	-0.03321 	-0.05601 	0.02596 	0.00000 	0.08406 	0.00143	0.00540
Replication184	 -1.55662	0.99987	0.99696 	1.00231 	1.00620 	1.00258 	1.00348 	1.00978 	-0.11324 	-0.06384 	-0.02588 	0.02559 	0.00000 	0.17846 	-0.03715 	-0.02095 	-0.00849 	0.02545 	0.00000 	0.04458 	0.00107	0.00345
Replication185	 -1.51791	0.99969	0.98799 	0.99319 	0.99829 	0.99580 	0.99747 	1.00945 	-0.14442 	-0.18112 	-0.16532 	0.04900 	0.01521 	0.43057 	-0.04740 	-0.05944 	-0.05426 	0.04869 	0.00499 	0.12110 	0.00393	0.01369
Replication186	 -1.52392	0.99971	0.98813 	0.99484 	0.99956 	0.99652 	0.99757 	1.00950 	-0.15780 	-0.13915 	-0.14045 	0.04654 	0.00000 	0.39436 	-0.05179 	-0.04567 	-0.04609 	0.04625 	0.00000 	0.10929 	0.00349	0.01199
Replication187	 -1.53402	0.99975	0.99142 	0.99563 	1.00124 	0.99790 	0.99906 	1.00956 	-0.11858 	-0.16564 	-0.10357 	0.04176 	0.00000 	0.34878 	-0.03891 	-0.05436 	-0.03399 	0.04150 	0.00000 	0.09512 	0.00274	0.00936
Replication188	 -1.48795	0.99962	0.98055 	0.99086 	0.99516 	0.99239 	0.99343 	1.00932 	-0.22282 	-0.13945 	-0.22049 	0.06079 	0.00000 	0.52814 	-0.07314 	-0.04577 	-0.07238 	0.06041 	0.00000 	0.15226 	0.00617	0.02138
Replication189	 -1.51377	0.99969	0.98576 	0.99312 	0.99869 	0.99505 	0.99643 	1.00945 	-0.17493 	-0.15939 	-0.14766 	0.05159 	0.00417 	0.43047 	-0.05741 	-0.05231 	-0.04846 	0.05128 	0.00137 	0.12009 	0.00425	0.01455
Replication190	 -1.49292	0.99963	0.98232 	0.99112 	0.99494 	0.99304 	0.99395 	1.00932 	-0.19891 	-0.14915 	-0.23135 	0.05854 	0.00000 	0.52663 	-0.06529 	-0.04896 	-0.07594 	0.05817 	0.00000 	0.15232 	0.00577	0.02030
Replication191	 -1.50901	0.99967	0.98592 	0.99129 	0.99836 	0.99430 	0.99584 	1.00942 	-0.15192 	-0.21384 	-0.14082 	0.05420 	0.00286 	0.45413 	-0.04986 	-0.07019 	-0.04622 	0.05387 	0.00094 	0.12724 	0.00461	0.01578
Replication192	 -1.54129	0.99979	0.99136 	0.99929 	1.00285 	0.99949 	1.00039 	1.00964 	-0.16135 	-0.06638 	-0.08921 	0.03626 	0.00000 	0.28291 	-0.05295 	-0.02178 	-0.02927 	0.03605 	0.00000 	0.07528 	0.00222	0.00732
Replication193	 -1.52045	0.99973	0.98634 	0.99843 	0.99857 	0.99749 	0.99786 	1.00951 	-0.22189 	0.00000 	-0.19804 	0.04319 	0.00000 	0.38050 	-0.07282 	0.00000 	-0.06499 	0.04291 	0.00000 	0.10767 	0.00376	0.01277
Replication194	 -1.52552	0.99971	0.98965 	0.99440 	0.99930 	0.99685 	0.99847 	1.00949 	-0.13356 	-0.17105 	-0.14917 	0.04538 	0.01484 	0.39692 	-0.04383 	-0.05614 	-0.04896 	0.04509 	0.00487 	0.11065 	0.00336	0.01169
Replication195	 -1.50242	0.99968	0.98210 	0.99180 	0.99952 	0.99335 	0.99503 	1.00945 	-0.21555 	-0.16564 	-0.10585 	0.05743 	0.00000 	0.43476 	-0.07074 	-0.05437 	-0.03474 	0.05712 	0.00000 	0.11978 	0.00514	0.01704
Replication196	 -1.53239	0.99974	0.99302 	0.99409 	1.00166 	0.99774 	0.99916 	1.00955 	-0.07773 	-0.23356 	-0.07993 	0.04231 	0.00000 	0.35178 	-0.02551 	-0.07665 	-0.02623 	0.04205 	0.00000 	0.09602 	0.00287	0.00969
Replication197	 -1.48507	0.99964	0.97910 	0.98919 	0.99783 	0.99128 	0.99311 	1.00936 	-0.23006 	-0.19730 	-0.12715 	0.06459 	0.00000 	0.49636 	-0.07551 	-0.06476 	-0.04173 	0.06423 	0.00000 	0.13927 	0.00644	0.02149
Replication198	 -1.48481	0.99961	0.98127 	0.98890 	0.99489 	0.99176 	0.99303 	1.00929 	-0.19074 	-0.20470 	-0.21179 	0.06295 	0.00000 	0.55067 	-0.06261 	-0.06720 	-0.06952 	0.06256 	0.00000 	0.15904 	0.00639	0.02227
Replication199	 -1.53839	0.99976	0.99416 	0.99586 	1.00136 	0.99887 	1.00021 	1.00957 	-0.08099 	-0.19142 	-0.10721 	0.03840 	0.00678 	0.33685 	-0.02658 	-0.06282 	-0.03518 	0.03816 	0.00222 	0.09250 	0.00241	0.00830