
Replication	FitnessValue	Frequency	PLoss	QLoss
Replication0	 -1.45376	0.99936	0.00918	0.02576
Replication1	 0.00151	0.99937	0.96577 	0.97084 	0.97568 	0.97581 	0.97261 	0.98798 	0.96079 	0.95321 	0.96897 	0.95303 	0.97111 	0.96802 	-0.15597 	-0.15387 	-0.16907 	0.35861 	0.01262 	0.20609 	-0.14163 	-0.13586 	0.02293 	-0.15006 	0.25240 	0.03773 	-0.05122 	-0.05053 	-0.05553 	-0.03864 	0.00414 	0.20576 	-0.04651 	-0.04462 	0.02314 	-0.04928 	0.08289 	0.03787 	0.00911	0.02581
Replication2	 0.00252	0.99934	0.96820 	0.97193 	0.97593 	0.97682 	0.97236 	0.98820 	0.95721 	0.94854 	0.96461 	0.94849 	0.96439 	0.96407 	-0.12168 	-0.14126 	-0.17284 	0.35340 	0.00135 	0.20406 	-0.11828 	-0.13705 	0.02538 	-0.14363 	0.19382 	0.04128 	-0.03996 	-0.04639 	-0.05676 	-0.04295 	0.00044 	0.20373 	-0.03885 	-0.04501 	0.02559 	-0.04717 	0.06365 	0.04142 	0.01084	0.03030
Replication3	 0.01547	0.99929	0.96364 	0.96966 	0.97473 	0.97445 	0.97030 	0.98723 	0.95645 	0.94781 	0.96557 	0.94748 	0.96827 	0.96448 	-0.16715 	-0.14384 	-0.16441 	0.37123 	0.00000 	0.21308 	-0.15795 	-0.15230 	0.02483 	-0.17493 	0.29201 	0.04092 	-0.05490 	-0.04724 	-0.05400 	-0.03861 	0.00000 	0.21274 	-0.05188 	-0.05002 	0.02505 	-0.05745 	0.09591 	0.04106 	0.01271	0.03596
Replication4	 0.01269	0.99932	0.96202 	0.96706 	0.97242 	0.97227 	0.96631 	0.98562 	0.94454 	0.93453 	0.95344 	0.93489 	0.95250 	0.95289 	-0.14381 	-0.15183 	-0.16724 	0.39914 	0.00000 	0.22821 	-0.16502 	-0.16422 	0.03164 	-0.15116 	0.21085 	0.05134 	-0.04724 	-0.04987 	-0.05493 	-0.04611 	0.00000 	0.22784 	-0.05420 	-0.05394 	0.03187 	-0.04965 	0.06926 	0.05150 	0.01245	0.03503
Replication5	 0.01066	0.99934	0.96309 	0.96859 	0.97440 	0.97358 	0.96842 	0.98677 	0.94853 	0.93773 	0.95766 	0.93731 	0.95822 	0.95687 	-0.15412 	-0.15328 	-0.14936 	0.38212 	0.00472 	0.21739 	-0.14838 	-0.16655 	0.02927 	-0.19323 	0.26278 	0.04776 	-0.05062 	-0.05034 	-0.04906 	-0.04129 	0.00155 	0.21703 	-0.04873 	-0.05470 	0.02950 	-0.06346 	0.08631 	0.04791 	0.01158	0.03269
Replication6	 0.00533	0.99934	0.96464 	0.97009 	0.97509 	0.97472 	0.96932 	0.98733 	0.94950 	0.93958 	0.95823 	0.93934 	0.95833 	0.95754 	-0.14677 	-0.13439 	-0.15405 	0.37254 	0.00000 	0.21220 	-0.15196 	-0.15587 	0.02896 	-0.17279 	0.23575 	0.04716 	-0.04820 	-0.04414 	-0.05059 	-0.04239 	0.00000 	0.21186 	-0.04991 	-0.05119 	0.02918 	-0.05675 	0.07743 	0.04731 	0.01085	0.03023
Replication7	 0.00282	0.99936	0.96451 	0.96885 	0.97500 	0.97429 	0.96999 	0.98719 	0.95433 	0.94467 	0.96310 	0.94538 	0.96458 	0.96221 	-0.14236 	-0.17675 	-0.14807 	0.37438 	0.00141 	0.21350 	-0.14764 	-0.17655 	0.02622 	-0.14773 	0.26195 	0.04296 	-0.04676 	-0.05805 	-0.04863 	-0.04023 	0.00046 	0.21315 	-0.04849 	-0.05799 	0.02644 	-0.04852 	0.08604 	0.04310 	0.00946	0.02667
Replication8	 -1.47415	0.99949	0.96534 	0.97091 	0.97726 	0.97560 	0.97157 	0.98847 	0.95638 	0.94724 	0.96389 	0.94718 	0.96363 	0.96335 	-0.15724 	-0.15631 	-0.12599 	0.36075 	0.00000 	0.20157 	-0.11364 	-0.14272 	0.02578 	-0.15012 	0.19943 	0.04193 	-0.05164 	-0.05134 	-0.04138 	-0.03883 	0.00000 	0.20123 	-0.03732 	-0.04687 	0.02599 	-0.04930 	0.06550 	0.04208 	0.00759	0.02102
Replication9	 0.00452	0.99933	0.97288 	0.97811 	0.98278 	0.98204 	0.98072 	0.99243 	0.97020 	0.96310 	0.97829 	0.96331 	0.98276 	0.97701 	-0.15433 	-0.13325 	-0.12757 	0.29015 	0.04175 	0.16444 	-0.14929 	-0.14705 	0.01772 	-0.14352 	0.30043 	0.02965 	-0.05067 	-0.04375 	-0.04188 	-0.02848 	0.01371 	0.16418 	-0.04902 	-0.04828 	0.01789 	-0.04712 	0.09864 	0.02976 	0.01019	0.02862
Replication10	 0.00236	0.99936	0.96341 	0.96930 	0.97569 	0.97413 	0.96975 	0.98748 	0.95340 	0.94550 	0.96169 	0.94548 	0.96204 	0.96100 	-0.16380 	-0.15744 	-0.13498 	0.37615 	0.00000 	0.21078 	-0.15754 	-0.13534 	0.02701 	-0.14053 	0.21345 	0.04405 	-0.05380 	-0.05171 	-0.04433 	-0.04048 	0.00000 	0.21043 	-0.05174 	-0.04445 	0.02723 	-0.04616 	0.07010 	0.04420 	0.00937	0.02643
Replication11	 0.02094	0.99928	0.96676 	0.97165 	0.97666 	0.97631 	0.97196 	0.98839 	0.95653 	0.94764 	0.96418 	0.94789 	0.96423 	0.96358 	-0.14174 	-0.14228 	-0.15020 	0.35610 	0.00000 	0.20231 	-0.12518 	-0.14758 	0.02562 	-0.13961 	0.20483 	0.04172 	-0.04655 	-0.04673 	-0.04933 	-0.04080 	0.00000 	0.20197 	-0.04111 	-0.04847 	0.02583 	-0.04585 	0.06727 	0.04186 	0.01335	0.03810
Replication12	 -1.46041	0.99939	0.96097 	0.96700 	0.97364 	0.97183 	0.96530 	0.98596 	0.93950 	0.92906 	0.94745 	0.92927 	0.94342 	0.94744 	-0.15484 	-0.14885 	-0.13135 	0.40336 	0.00000 	0.22505 	-0.14579 	-0.14876 	0.03499 	-0.14047 	0.12722 	0.05625 	-0.05086 	-0.04889 	-0.04315 	-0.04622 	0.00000 	0.22467 	-0.04789 	-0.04886 	0.03523 	-0.04614 	0.04179 	0.05641 	0.00865	0.02436
Replication13	 -1.46483	0.99943	0.96725 	0.97320 	0.97822 	0.97737 	0.97366 	0.98935 	0.96061 	0.95277 	0.96828 	0.95216 	0.96945 	0.96752 	-0.15914 	-0.12930 	-0.13992 	0.34245 	0.00000 	0.19330 	-0.12617 	-0.12414 	0.02332 	-0.15909 	0.22589 	0.03818 	-0.05226 	-0.04246 	-0.04595 	-0.03716 	0.00000 	0.19298 	-0.04143 	-0.04077 	0.02352 	-0.05224 	0.07418 	0.03832 	0.00833	0.02305
Replication14	 0.00146	0.99935	0.97094 	0.97501 	0.98047 	0.97954 	0.97614 	0.99068 	0.96373 	0.95528 	0.97172 	0.95586 	0.97430 	0.97073 	-0.12888 	-0.15085 	-0.12126 	0.31938 	0.00000 	0.18083 	-0.13390 	-0.16124 	0.02140 	-0.13856 	0.26486 	0.03530 	-0.04232 	-0.04953 	-0.03982 	-0.03435 	0.00000 	0.18053 	-0.04397 	-0.05295 	0.02159 	-0.04550 	0.08697 	0.03542 	0.01012	0.02839
Replication15	 0.02301	0.99928	0.96524 	0.97007 	0.97463 	0.97510 	0.97092 	0.98732 	0.95739 	0.94860 	0.96585 	0.94854 	0.96760 	0.96494 	-0.14685 	-0.14852 	-0.17493 	0.36725 	0.00000 	0.21229 	-0.13843 	-0.15176 	0.02468 	-0.16055 	0.25888 	0.04050 	-0.04823 	-0.04878 	-0.05745 	-0.04067 	0.00000 	0.21195 	-0.04546 	-0.04984 	0.02489 	-0.05273 	0.08502 	0.04064 	0.01419	0.04060
Replication16	 0.00840	0.99935	0.96109 	0.96741 	0.97254 	0.97199 	0.96499 	0.98558 	0.93852 	0.92699 	0.94720 	0.92749 	0.94420 	0.94697 	-0.15437 	-0.12323 	-0.15920 	0.40268 	0.00000 	0.22859 	-0.15437 	-0.17481 	0.03514 	-0.15359 	0.17253 	0.05667 	-0.05071 	-0.04048 	-0.05229 	-0.04697 	0.00000 	0.22821 	-0.05071 	-0.05742 	0.03538 	-0.05045 	0.05667 	0.05683 	0.01039	0.02959
Replication17	 0.00982	0.99932	0.96625 	0.97138 	0.97647 	0.97596 	0.97167 	0.98825 	0.95034 	0.94176 	0.95815 	0.94160 	0.95681 	0.95775 	-0.14575 	-0.14030 	-0.15030 	0.36145 	0.03266 	0.20359 	-0.15413 	-0.13116 	0.02900 	-0.14228 	0.17294 	0.04698 	-0.04787 	-0.04608 	-0.04936 	-0.04288 	0.01072 	0.20325 	-0.05062 	-0.04307 	0.02922 	-0.04673 	0.05680 	0.04712 	0.01117	0.03168
Replication18	 -1.45678	0.99937	0.00894	0.02508
Replication19	 -1.46216	0.99939	0.96380 	0.96937 	0.97420 	0.97409 	0.96884 	0.98685 	0.95009 	0.94089 	0.95840 	0.94018 	0.95790 	0.95784 	-0.15122 	-0.13520 	-0.16478 	0.37973 	0.00000 	0.21668 	-0.14262 	-0.13398 	0.02886 	-0.17346 	0.20983 	0.04689 	-0.04967 	-0.04441 	-0.05412 	-0.04367 	0.00000 	0.21632 	-0.04684 	-0.04401 	0.02908 	-0.05697 	0.06892 	0.04704 	0.00853	0.02380
Replication20	 0.00432	0.99933	0.96682 	0.97149 	0.97683 	0.97642 	0.97295 	0.98853 	0.95989 	0.95177 	0.96769 	0.95173 	0.96889 	0.96691 	-0.14602 	-0.15780 	-0.15090 	0.35305 	0.00813 	0.20097 	-0.12915 	-0.13876 	0.02365 	-0.14599 	0.22861 	0.03873 	-0.04796 	-0.05182 	-0.04956 	-0.03879 	0.00267 	0.20064 	-0.04241 	-0.04557 	0.02386 	-0.04795 	0.07508 	0.03887 	0.01016	0.02871
Replication21	 -1.46211	0.99943	0.96732 	0.97244 	0.97806 	0.97710 	0.97374 	0.98919 	0.96208 	0.95434 	0.96990 	0.95448 	0.97174 	0.96903 	-0.15160 	-0.15295 	-0.13656 	0.34435 	0.00000 	0.19477 	-0.13186 	-0.14059 	0.02241 	-0.13894 	0.23953 	0.03682 	-0.04978 	-0.05023 	-0.04485 	-0.03652 	0.00000 	0.19445 	-0.04330 	-0.04617 	0.02261 	-0.04563 	0.07866 	0.03696 	0.00853	0.02380
Replication22	 0.00193	0.99936	0.96349 	0.96934 	0.97444 	0.97413 	0.96974 	0.98703 	0.95469 	0.94568 	0.96280 	0.94667 	0.96319 	0.96212 	-0.16243 	-0.14333 	-0.16454 	0.37738 	0.00000 	0.21503 	-0.13830 	-0.16644 	0.02639 	-0.12242 	0.21742 	0.04304 	-0.05335 	-0.04708 	-0.05404 	-0.04173 	0.00000 	0.21468 	-0.04542 	-0.05467 	0.02661 	-0.04021 	0.07141 	0.04318 	0.00968	0.02719
Replication23	 0.00859	0.99934	0.97014 	0.97500 	0.98027 	0.97946 	0.97746 	0.99074 	0.96316 	0.95536 	0.97136 	0.95560 	0.97419 	0.97032 	-0.15107 	-0.15137 	-0.13447 	0.31945 	0.04599 	0.18027 	-0.15583 	-0.14914 	0.02160 	-0.14359 	0.26929 	0.03567 	-0.04961 	-0.04971 	-0.04416 	-0.03365 	0.01510 	0.17998 	-0.05117 	-0.04897 	0.02178 	-0.04715 	0.08843 	0.03579 	0.01031	0.02941
Replication24	 0.01939	0.99929	0.96577 	0.97104 	0.97607 	0.97571 	0.97138 	0.98803 	0.95619 	0.94807 	0.96444 	0.94842 	0.96549 	0.96365 	-0.14954 	-0.14175 	-0.15394 	0.36139 	0.00000 	0.20565 	-0.15252 	-0.14772 	0.02547 	-0.13519 	0.22985 	0.04166 	-0.04911 	-0.04655 	-0.05056 	-0.04052 	0.00000 	0.20532 	-0.05009 	-0.04851 	0.02568 	-0.04440 	0.07549 	0.04180 	0.01306	0.03726
Replication25	 0.00835	0.99933	0.96523 	0.97045 	0.97564 	0.97510 	0.97009 	0.98766 	0.95167 	0.94164 	0.95891 	0.94141 	0.95689 	0.95865 	-0.14456 	-0.13934 	-0.15006 	0.36977 	0.00000 	0.20914 	-0.10340 	-0.14136 	0.02858 	-0.15557 	0.16280 	0.04616 	-0.04748 	-0.04576 	-0.04929 	-0.04319 	0.00000 	0.20880 	-0.03396 	-0.04643 	0.02879 	-0.05109 	0.05347 	0.04631 	0.01098	0.03099
Replication26	 -1.44889	0.99937	0.96193 	0.96717 	0.97313 	0.97226 	0.96612 	0.98587 	0.94205 	0.93061 	0.95012 	0.93110 	0.94701 	0.94996 	-0.14514 	-0.15345 	-0.15039 	0.39936 	0.00404 	0.22582 	-0.13059 	-0.17035 	0.03350 	-0.14915 	0.15976 	0.05398 	-0.04767 	-0.05040 	-0.04940 	-0.04625 	0.00133 	0.22544 	-0.04289 	-0.05595 	0.03373 	-0.04899 	0.05248 	0.05414 	0.00959	0.02664
Replication27	 0.02605	0.99929	0.96318 	0.96938 	0.97525 	0.97399 	0.96907 	0.98726 	0.95064 	0.94172 	0.95909 	0.94165 	0.95900 	0.95846 	-0.16392 	-0.14265 	-0.14166 	0.37844 	0.00000 	0.21284 	-0.15435 	-0.14519 	0.02847 	-0.15310 	0.21570 	0.04634 	-0.05384 	-0.04685 	-0.04653 	-0.04151 	0.00000 	0.21248 	-0.05070 	-0.04769 	0.02869 	-0.05028 	0.07084 	0.04648 	0.01446	0.04161
Replication28	 -1.47043	0.99944	0.96699 	0.97075 	0.97619 	0.97605 	0.97214 	0.98811 	0.95878 	0.95060 	0.96721 	0.95061 	0.96926 	0.96626 	-0.13100 	-0.16981 	-0.15323 	0.35700 	0.00000 	0.20491 	-0.14709 	-0.14715 	0.02392 	-0.15243 	0.25932 	0.03932 	-0.04302 	-0.05577 	-0.05032 	-0.03936 	0.00000 	0.20458 	-0.04831 	-0.04833 	0.02413 	-0.05006 	0.08517 	0.03946 	0.00789	0.02178
Replication29	 0.00860	0.99935	0.96280 	0.96852 	0.97395 	0.97295 	0.96531 	0.98628 	0.93530 	0.92395 	0.94311 	0.92425 	0.93765 	0.94332 	-0.13688 	-0.12126 	-0.13943 	0.39468 	0.00000 	0.22202 	-0.14466 	-0.15411 	0.03743 	-0.14090 	0.09951 	0.05996 	-0.04496 	-0.03983 	-0.04580 	-0.04802 	0.00000 	0.22165 	-0.04752 	-0.05062 	0.03767 	-0.04628 	0.03269 	0.06012 	0.01076	0.03027
Replication30	 0.03895	0.99922	0.96935 	0.97378 	0.97816 	0.97884 	0.97733 	0.98978 	0.97619 	0.97035 	0.98424 	0.97020 	0.99019 	0.98274 	-0.15359 	-0.16251 	-0.17007 	0.32041 	0.00000 	0.18923 	-0.12178 	-0.13148 	0.01437 	-0.14675 	0.32492 	0.02448 	-0.05043 	-0.05336 	-0.05585 	-0.02880 	0.00000 	0.18893 	-0.03999 	-0.04317 	0.01456 	-0.04819 	0.10669 	0.02461 	0.01870	0.05384
Replication31	 0.02250	0.99929	0.96678 	0.97129 	0.97655 	0.97599 	0.97071 	0.98817 	0.95077 	0.94140 	0.95924 	0.94200 	0.95922 	0.95859 	-0.12989 	-0.14243 	-0.14108 	0.36043 	0.00000 	0.20432 	-0.16032 	-0.16338 	0.02839 	-0.13836 	0.21859 	0.04621 	-0.04266 	-0.04678 	-0.04634 	-0.04223 	0.00000 	0.20398 	-0.05265 	-0.05366 	0.02860 	-0.04544 	0.07179 	0.04636 	0.01362	0.03896
Replication32	 0.00475	0.99943	0.95838 	0.96347 	0.96969 	0.96894 	0.96027 	0.98351 	0.92393 	0.91105 	0.93269 	0.91124 	0.92574 	0.93304 	-0.13349 	-0.15363 	-0.15608 	0.43552 	0.01606 	0.24795 	-0.16693 	-0.16787 	0.04328 	-0.15993 	0.09453 	0.06921 	-0.04385 	-0.05047 	-0.05127 	-0.05128 	0.00528 	0.24755 	-0.05484 	-0.05515 	0.04353 	-0.05254 	0.03105 	0.06938 	0.00947	0.02707
Replication33	 0.02440	0.99926	0.96252 	0.96760 	0.97384 	0.97257 	0.96578 	0.98616 	0.93911 	0.92750 	0.94691 	0.92761 	0.94251 	0.94696 	-0.13663 	-0.15027 	-0.13584 	0.39702 	0.00000 	0.22315 	-0.12745 	-0.15830 	0.03530 	-0.15505 	0.12839 	0.05668 	-0.04488 	-0.04936 	-0.04462 	-0.04675 	0.00000 	0.22278 	-0.04186 	-0.05199 	0.03553 	-0.05093 	0.04217 	0.05683 	0.01453	0.04148
Replication34	 0.00828	0.99932	0.97003 	0.97605 	0.98098 	0.97972 	0.97690 	0.99109 	0.95485 	0.94598 	0.96249 	0.94525 	0.96207 	0.96196 	-0.15831 	-0.11903 	-0.12489 	0.32003 	0.06511 	0.17700 	-0.14815 	-0.12685 	0.02658 	-0.16722 	0.19838 	0.04319 	-0.05198 	-0.03909 	-0.04101 	-0.03670 	0.02138 	0.17670 	-0.04865 	-0.04166 	0.02677 	-0.05491 	0.06514 	0.04331 	0.01124	0.03174
Replication35	 0.02279	0.99923	0.96062 	0.96592 	0.97177 	0.97111 	0.96412 	0.98500 	0.93754 	0.92591 	0.94605 	0.92560 	0.94248 	0.94592 	-0.14309 	-0.15023 	-0.15677 	0.41178 	0.00000 	0.23397 	-0.14211 	-0.15748 	0.03578 	-0.17611 	0.16163 	0.05761 	-0.04700 	-0.04935 	-0.05149 	-0.04788 	0.00000 	0.23359 	-0.04668 	-0.05173 	0.03602 	-0.05785 	0.05309 	0.05777 	0.01465	0.04158
Replication36	 0.00964	0.99933	0.96297 	0.96894 	0.97431 	0.97372 	0.96885 	0.98683 	0.95145 	0.94172 	0.96002 	0.94177 	0.96038 	0.95931 	-0.16189 	-0.14318 	-0.15793 	0.38124 	0.00000 	0.21686 	-0.14267 	-0.15926 	0.02795 	-0.16220 	0.23597 	0.04556 	-0.05317 	-0.04703 	-0.05187 	-0.04176 	0.00000 	0.21651 	-0.04686 	-0.05231 	0.02817 	-0.05327 	0.07750 	0.04571 	0.01144	0.03217
Replication37	 -1.45160	0.99935	0.95745 	0.96345 	0.96995 	0.96893 	0.96220 	0.98380 	0.93691 	0.92726 	0.94604 	0.92721 	0.94341 	0.94573 	-0.16242 	-0.16365 	-0.16253 	0.43286 	0.00000 	0.24528 	-0.18382 	-0.14650 	0.03578 	-0.15169 	0.17224 	0.05779 	-0.05336 	-0.05376 	-0.05339 	-0.04858 	0.00000 	0.24487 	-0.06039 	-0.04813 	0.03603 	-0.04983 	0.05658 	0.05796 	0.00937	0.02606
Replication38	 0.03424	0.99924	0.96388 	0.96960 	0.97573 	0.97439 	0.96984 	0.98755 	0.94935 	0.94036 	0.95829 	0.94059 	0.95874 	0.95754 	-0.15881 	-0.15345 	-0.13765 	0.37418 	0.01894 	0.21017 	-0.17790 	-0.15633 	0.02892 	-0.14981 	0.23532 	0.04716 	-0.05216 	-0.05040 	-0.04521 	-0.04095 	0.00622 	0.20982 	-0.05843 	-0.05135 	0.02914 	-0.04920 	0.07729 	0.04731 	0.01708	0.04938
Replication39	 0.00270	0.99935	0.96549 	0.96931 	0.97512 	0.97490 	0.97124 	0.98742 	0.95917 	0.95122 	0.96742 	0.95251 	0.96925 	0.96651 	-0.13765 	-0.18225 	-0.15819 	0.36859 	0.00000 	0.21133 	-0.14880 	-0.16662 	0.02380 	-0.10824 	0.24214 	0.03908 	-0.04521 	-0.05985 	-0.05195 	-0.04014 	0.00000 	0.21099 	-0.04887 	-0.05472 	0.02401 	-0.03555 	0.07953 	0.03923 	0.00992	0.02781
Replication40	 -1.44992	0.99935	0.95831 	0.96582 	0.97155 	0.97005 	0.96128 	0.98462 	0.92687 	0.91576 	0.93481 	0.91635 	0.92723 	0.93532 	-0.16312 	-0.10690 	-0.14255 	0.42379 	0.00000 	0.23758 	-0.16694 	-0.14790 	0.04209 	-0.11882 	0.04700 	0.06716 	-0.05358 	-0.03511 	-0.04683 	-0.04992 	0.00000 	0.23718 	-0.05484 	-0.04858 	0.04234 	-0.03903 	0.01544 	0.06733 	0.00950	0.02649
Replication41	 0.02783	0.99920	0.96609 	0.97027 	0.97565 	0.97550 	0.97166 	0.98779 	0.95586 	0.94753 	0.96413 	0.94730 	0.96511 	0.96335 	-0.13867 	-0.16600 	-0.15815 	0.36381 	0.01556 	0.20785 	-0.14832 	-0.13899 	0.02565 	-0.15544 	0.23376 	0.04194 	-0.04554 	-0.05452 	-0.05194 	-0.04096 	0.00511 	0.20751 	-0.04871 	-0.04565 	0.02586 	-0.05105 	0.07677 	0.04208 	0.01591	0.04532
Replication42	 0.00504	0.99934	0.96455 	0.97008 	0.97533 	0.97503 	0.97151 	0.98763 	0.96030 	0.95300 	0.96889 	0.95336 	0.97166 	0.96783 	-0.16304 	-0.15463 	-0.16246 	0.36533 	0.00000 	0.20934 	-0.15788 	-0.14727 	0.02297 	-0.13539 	0.26831 	0.03790 	-0.05355 	-0.05078 	-0.05336 	-0.03813 	0.00000 	0.20901 	-0.05185 	-0.04837 	0.02318 	-0.04447 	0.08812 	0.03804 	0.00987	0.02781
Replication43	 0.03454	0.99926	0.95526 	0.96111 	0.96843 	0.96706 	0.96004 	0.98270 	0.93343 	0.92226 	0.94227 	0.92217 	0.93814 	0.94220 	-0.16447 	-0.18353 	-0.16076 	0.45138 	0.00000 	0.25556 	-0.15623 	-0.15556 	0.03789 	-0.16244 	0.14753 	0.06096 	-0.05403 	-0.06029 	-0.05281 	-0.04962 	0.00000 	0.25514 	-0.05133 	-0.05111 	0.03816 	-0.05337 	0.04847 	0.06114 	0.01701	0.04915
Replication44	 -1.45828	0.99939	0.96553 	0.97037 	0.97602 	0.97521 	0.97049 	0.98782 	0.95298 	0.94532 	0.96092 	0.94496 	0.96053 	0.96036 	-0.14144 	-0.15199 	-0.14292 	0.36792 	0.00000 	0.20757 	-0.15398 	-0.12138 	0.02745 	-0.14252 	0.18950 	0.04462 	-0.04645 	-0.04992 	-0.04694 	-0.04241 	0.00000 	0.20722 	-0.05057 	-0.03987 	0.02766 	-0.04681 	0.06224 	0.04477 	0.00884	0.02459
Replication45	 0.00006	0.99936	0.95868 	0.96657 	0.97302 	0.97060 	0.96200 	0.98533 	0.92730 	0.91608 	0.93487 	0.91546 	0.92673 	0.93549 	-0.16867 	-0.10881 	-0.12007 	0.41658 	0.00000 	0.23089 	-0.14754 	-0.12246 	0.04205 	-0.15264 	0.03551 	0.06701 	-0.05541 	-0.03574 	-0.03944 	-0.04789 	0.00000 	0.23050 	-0.04846 	-0.04023 	0.04230 	-0.05014 	0.01167 	0.06717 	0.01005	0.02783
Replication46	 -1.47049	0.99946	0.96796 	0.97261 	0.97856 	0.97732 	0.97351 	0.98938 	0.95936 	0.95182 	0.96748 	0.95215 	0.96913 	0.96661 	-0.14059 	-0.15646 	-0.12524 	0.34326 	0.00000 	0.19304 	-0.15457 	-0.14255 	0.02377 	-0.13108 	0.23667 	0.03900 	-0.04617 	-0.05138 	-0.04113 	-0.03741 	0.00000 	0.19272 	-0.05076 	-0.04681 	0.02397 	-0.04305 	0.07772 	0.03913 	0.00787	0.02192
Replication47	 -1.44406	0.99933	0.96541 	0.97000 	0.97600 	0.97522 	0.97129 	0.98785 	0.95744 	0.95013 	0.96645 	0.94994 	0.96919 	0.96535 	-0.14607 	-0.17042 	-0.14452 	0.36396 	0.00000 	0.20733 	-0.17575 	-0.13898 	0.02434 	-0.15430 	0.27709 	0.04013 	-0.04797 	-0.05597 	-0.04746 	-0.03849 	0.00000 	0.20700 	-0.05772 	-0.04565 	0.02456 	-0.05068 	0.09100 	0.04027 	0.00995	0.02789
Replication48	 0.00308	0.99941	0.97185 	0.97628 	0.97995 	0.98080 	0.97985 	0.99104 	0.97063 	0.96355 	0.97871 	0.96375 	0.98327 	0.97741 	-0.14906 	-0.14332 	-0.17000 	0.30448 	0.05374 	0.17743 	-0.14317 	-0.14688 	0.01748 	-0.14414 	0.30241 	0.02928 	-0.04895 	-0.04706 	-0.05582 	-0.03128 	0.01764 	0.17715 	-0.04701 	-0.04823 	0.01766 	-0.04733 	0.09930 	0.02940 	0.00953	0.02690
Replication49	 -1.45974	0.99944	0.96225 	0.96878 	0.97427 	0.97363 	0.96990 	0.98690 	0.95778 	0.95085 	0.96651 	0.95102 	0.96884 	0.96550 	-0.18020 	-0.14976 	-0.16386 	0.37949 	0.00000 	0.21619 	-0.16813 	-0.13805 	0.02430 	-0.13536 	0.25713 	0.04000 	-0.05919 	-0.04919 	-0.05382 	-0.03912 	0.00000 	0.21584 	-0.05522 	-0.04534 	0.02453 	-0.04446 	0.08445 	0.04014 	0.00872	0.02429
Replication50	 0.01312	0.99931	0.96917 	0.97449 	0.97965 	0.97862 	0.97500 	0.99019 	0.95698 	0.94692 	0.96490 	0.94748 	0.96558 	0.96420 	-0.14672 	-0.13176 	-0.12809 	0.33046 	0.02569 	0.18541 	-0.13052 	-0.17113 	0.02522 	-0.14870 	0.23420 	0.04118 	-0.04818 	-0.04327 	-0.04206 	-0.03685 	0.00844 	0.18511 	-0.04286 	-0.05620 	0.02542 	-0.04883 	0.07691 	0.04131 	0.01183	0.03354
Replication51	 0.00730	0.99932	0.97031 	0.97585 	0.98078 	0.97971 	0.97601 	0.99090 	0.96235 	0.95328 	0.97054 	0.95431 	0.97313 	0.96953 	-0.14679 	-0.12124 	-0.12160 	0.31716 	0.00000 	0.17878 	-0.13891 	-0.17771 	0.02206 	-0.13341 	0.27207 	0.03638 	-0.04820 	-0.03981 	-0.03993 	-0.03377 	0.00000 	0.17848 	-0.04561 	-0.05836 	0.02225 	-0.04381 	0.08934 	0.03650 	0.01071	0.03005
Replication52	 -1.45260	0.99937	0.96288 	0.96854 	0.97418 	0.97334 	0.96773 	0.98661 	0.94670 	0.93701 	0.95505 	0.93688 	0.95370 	0.95461 	-0.15209 	-0.14359 	-0.14994 	0.38728 	0.00000 	0.21890 	-0.14883 	-0.14722 	0.03074 	-0.15740 	0.19189 	0.04980 	-0.04995 	-0.04716 	-0.04925 	-0.04425 	0.00000 	0.21854 	-0.04889 	-0.04835 	0.03096 	-0.05170 	0.06303 	0.04995 	0.00928	0.02595
Replication53	 -1.45341	0.99935	0.96355 	0.96856 	0.97508 	0.97375 	0.96906 	0.98708 	0.95142 	0.94270 	0.95979 	0.94309 	0.95976 	0.95915 	-0.14970 	-0.16983 	-0.13743 	0.38116 	0.00000 	0.21451 	-0.15514 	-0.15144 	0.02808 	-0.13636 	0.21147 	0.04571 	-0.04917 	-0.05578 	-0.04514 	-0.04191 	0.00000 	0.21416 	-0.05096 	-0.04974 	0.02830 	-0.04479 	0.06946 	0.04586 	0.00922	0.02576
Replication54	 0.00039	0.99937	0.96592 	0.97159 	0.97676 	0.97614 	0.97228 	0.98845 	0.95897 	0.95123 	0.96737 	0.95218 	0.96942 	0.96642 	-0.15821 	-0.14093 	-0.14912 	0.35511 	0.00000 	0.20172 	-0.15959 	-0.15932 	0.02383 	-0.11795 	0.24937 	0.03917 	-0.05196 	-0.04628 	-0.04897 	-0.03828 	0.00000 	0.20139 	-0.05241 	-0.05232 	0.02404 	-0.03874 	0.08190 	0.03931 	0.00939	0.02633
Replication55	 -1.46311	0.99939	0.96557 	0.97021 	0.97563 	0.97536 	0.97168 	0.98778 	0.95949 	0.95146 	0.96757 	0.95225 	0.96919 	0.96671 	-0.14741 	-0.16379 	-0.15793 	0.36369 	0.00000 	0.20798 	-0.14019 	-0.15639 	0.02371 	-0.12263 	0.23765 	0.03891 	-0.04841 	-0.05379 	-0.05187 	-0.03957 	0.00000 	0.20764 	-0.04604 	-0.05136 	0.02393 	-0.04027 	0.07805 	0.03905 	0.00845	0.02356
Replication56	 0.00057	0.99937	0.96701 	0.97152 	0.97624 	0.97635 	0.97214 	0.98823 	0.95777 	0.94981 	0.96590 	0.94961 	0.96716 	0.96509 	-0.13742 	-0.14593 	-0.15976 	0.35542 	0.00000 	0.20373 	-0.14492 	-0.13580 	0.02465 	-0.15059 	0.23433 	0.04036 	-0.04513 	-0.04792 	-0.05247 	-0.04054 	0.00000 	0.20340 	-0.04759 	-0.04460 	0.02486 	-0.04946 	0.07696 	0.04050 	0.00957	0.02694
Replication57	 0.01439	0.99928	0.96701 	0.97222 	0.97695 	0.97694 	0.97388 	0.98877 	0.96478 	0.95820 	0.97297 	0.95815 	0.97617 	0.97186 	-0.15597 	-0.14681 	-0.16095 	0.34546 	0.00000 	0.19870 	-0.14697 	-0.13105 	0.02069 	-0.13945 	0.26748 	0.03427 	-0.05122 	-0.04821 	-0.05286 	-0.03614 	0.00000 	0.19838 	-0.04827 	-0.04304 	0.02089 	-0.04580 	0.08784 	0.03440 	0.01245	0.03506
Replication58	 -1.44896	0.99934	0.96650 	0.97195 	0.97626 	0.97640 	0.97214 	0.98830 	0.95775 	0.94943 	0.96601 	0.94945 	0.96751 	0.96516 	-0.15030 	-0.12827 	-0.16350 	0.35426 	0.00000 	0.20310 	-0.14484 	-0.14581 	0.02459 	-0.15008 	0.24447 	0.04030 	-0.04936 	-0.04213 	-0.05369 	-0.03986 	0.00000 	0.20277 	-0.04757 	-0.04789 	0.02480 	-0.04929 	0.08029 	0.04044 	0.00955	0.02696
Replication59	 0.01394	0.99930	0.96098 	0.96567 	0.97252 	0.97138 	0.96597 	0.98543 	0.94567 	0.93569 	0.95425 	0.93561 	0.95305 	0.95377 	-0.14699 	-0.18457 	-0.14875 	0.40629 	0.00000 	0.23001 	-0.14740 	-0.15302 	0.03118 	-0.16138 	0.20161 	0.05055 	-0.04828 	-0.06063 	-0.04886 	-0.04493 	0.00000 	0.22963 	-0.04842 	-0.05026 	0.03142 	-0.05301 	0.06622 	0.05071 	0.01204	0.03409
Replication60	 0.00159	0.99934	0.96412 	0.96975 	0.97429 	0.97465 	0.97087 	0.98714 	0.95931 	0.95102 	0.96730 	0.95088 	0.96872 	0.96648 	-0.16290 	-0.14409 	-0.17939 	0.37109 	0.00000 	0.21392 	-0.12407 	-0.14097 	0.02386 	-0.15281 	0.23900 	0.03911 	-0.05350 	-0.04732 	-0.05892 	-0.04027 	0.00000 	0.21358 	-0.04075 	-0.04630 	0.02408 	-0.05019 	0.07849 	0.03926 	0.01004	0.02797
Replication61	 0.00812	0.99936	0.96350 	0.96802 	0.97335 	0.97322 	0.96737 	0.98620 	0.94587 	0.93606 	0.95430 	0.93629 	0.95288 	0.95387 	-0.13398 	-0.15342 	-0.16184 	0.39027 	0.00000 	0.22274 	-0.15374 	-0.15533 	0.03115 	-0.14791 	0.19085 	0.05047 	-0.04401 	-0.05039 	-0.05316 	-0.04608 	0.00000 	0.22237 	-0.05050 	-0.05102 	0.03138 	-0.04858 	0.06269 	0.05062 	0.01056	0.02988
Replication62	 0.01657	0.99932	0.96443 	0.96948 	0.97568 	0.97464 	0.97070 	0.98760 	0.95671 	0.94841 	0.96527 	0.94876 	0.96702 	0.96436 	-0.15423 	-0.16937 	-0.14315 	0.36991 	0.00000 	0.20969 	-0.15309 	-0.15413 	0.02500 	-0.14256 	0.25327 	0.04103 	-0.05065 	-0.05563 	-0.04701 	-0.03902 	0.00000 	0.20935 	-0.05028 	-0.05062 	0.02522 	-0.04682 	0.08318 	0.04117 	0.01222	0.03485
Replication63	 0.01855	0.99928	0.96515 	0.97151 	0.97744 	0.97573 	0.97115 	0.98857 	0.95175 	0.94188 	0.95983 	0.94245 	0.95939 	0.95928 	-0.16332 	-0.13391 	-0.12517 	0.36014 	0.00947 	0.20057 	-0.14050 	-0.16515 	0.02806 	-0.14111 	0.20777 	0.04560 	-0.05364 	-0.04398 	-0.04111 	-0.03949 	0.00311 	0.20023 	-0.04614 	-0.05424 	0.02827 	-0.04634 	0.06824 	0.04574 	0.01328	0.03766
Replication64	 0.00892	0.99933	0.96481 	0.96966 	0.97540 	0.97451 	0.96917 	0.98736 	0.94393 	0.93398 	0.95202 	0.93343 	0.94945 	0.95178 	-0.13830 	-0.14978 	-0.14197 	0.37677 	0.02715 	0.21189 	-0.15232 	-0.13591 	0.03244 	-0.16599 	0.16354 	0.05235 	-0.04542 	-0.04920 	-0.04663 	-0.04467 	0.00892 	0.21154 	-0.05003 	-0.04464 	0.03266 	-0.05452 	0.05371 	0.05250 	0.01078	0.03030
Replication65	 0.00548	0.99936	0.96027 	0.96665 	0.97308 	0.97152 	0.96534 	0.98571 	0.94147 	0.93145 	0.95032 	0.93184 	0.94845 	0.94992 	-0.16415 	-0.14824 	-0.14124 	0.40509 	0.00000 	0.22738 	-0.17114 	-0.16095 	0.03339 	-0.14519 	0.18777 	0.05402 	-0.05392 	-0.04869 	-0.04639 	-0.04505 	0.00000 	0.22700 	-0.05621 	-0.05287 	0.03362 	-0.04769 	0.06168 	0.05418 	0.01068	0.03018
Replication66	 -1.45973	0.99940	0.96507 	0.96923 	0.97542 	0.97448 	0.96947 	0.98734 	0.95054 	0.94108 	0.95867 	0.94163 	0.95798 	0.95815 	-0.13220 	-0.16928 	-0.13906 	0.37536 	0.00000 	0.21210 	-0.14418 	-0.15901 	0.02870 	-0.13606 	0.19844 	0.04661 	-0.04342 	-0.05560 	-0.04567 	-0.04299 	0.00000 	0.21175 	-0.04735 	-0.05223 	0.02893 	-0.04469 	0.06518 	0.04676 	0.00870	0.02450
Replication67	 -1.46403	0.99951	0.96572 	0.97131 	0.97562 	0.97583 	0.97156 	0.98792 	0.95403 	0.94461 	0.96265 	0.94452 	0.96379 	0.96182 	-0.15407 	-0.12931 	-0.16838 	0.36043 	0.01771 	0.20668 	-0.14995 	-0.15677 	0.02648 	-0.16684 	0.25314 	0.04331 	-0.05060 	-0.04247 	-0.05530 	-0.04064 	0.00582 	0.20634 	-0.04925 	-0.05149 	0.02669 	-0.05479 	0.08314 	0.04345 	0.00842	0.02296
Replication68	 0.01918	0.99930	0.96843 	0.97263 	0.97813 	0.97770 	0.97571 	0.98944 	0.96138 	0.95241 	0.96896 	0.95317 	0.97018 	0.96820 	-0.14672 	-0.17209 	-0.14981 	0.33915 	0.04920 	0.19242 	-0.12389 	-0.16289 	0.02294 	-0.13034 	0.22993 	0.03757 	-0.04818 	-0.05651 	-0.04920 	-0.03688 	0.01616 	0.19211 	-0.04068 	-0.05349 	0.02314 	-0.04280 	0.07551 	0.03771 	0.01293	0.03684
Replication69	 -1.46694	0.99941	0.97324 	0.97831 	0.98312 	0.98231 	0.98042 	0.99256 	0.97382 	0.96578 	0.98247 	0.96606 	0.98891 	0.98086 	-0.14920 	-0.13418 	-0.11930 	0.28343 	0.00750 	0.16327 	-0.13466 	-0.17029 	0.01537 	-0.16543 	0.36607 	0.02618 	-0.04899 	-0.04406 	-0.03917 	-0.02434 	0.00246 	0.16301 	-0.04421 	-0.05591 	0.01554 	-0.05432 	0.12019 	0.02629 	0.00814	0.02279
Replication70	 0.00140	0.99934	0.96323 	0.96857 	0.97440 	0.97333 	0.96689 	0.98661 	0.94187 	0.93082 	0.95013 	0.93148 	0.94731 	0.94991 	-0.14069 	-0.14157 	-0.13943 	0.38867 	0.00000 	0.21889 	-0.14719 	-0.17103 	0.03349 	-0.14167 	0.16484 	0.05402 	-0.04621 	-0.04650 	-0.04580 	-0.04553 	0.00000 	0.21852 	-0.04835 	-0.05618 	0.03372 	-0.04653 	0.05414 	0.05418 	0.00941	0.02651
Replication71	 0.00060	0.99936	0.96994 	0.97384 	0.97879 	0.97864 	0.97568 	0.98985 	0.96341 	0.95591 	0.97098 	0.95502 	0.97271 	0.97014 	-0.13171 	-0.15579 	-0.14608 	0.33024 	0.01517 	0.18858 	-0.12461 	-0.11703 	0.02181 	-0.16591 	0.23616 	0.03582 	-0.04325 	-0.05116 	-0.04797 	-0.03682 	0.00498 	0.18827 	-0.04092 	-0.03843 	0.02200 	-0.05448 	0.07755 	0.03595 	0.01002	0.02795
Replication72	 0.02877	0.99921	0.96500 	0.97009 	0.97502 	0.97495 	0.97059 	0.98743 	0.95566 	0.94860 	0.96370 	0.94923 	0.96422 	0.96300 	-0.14850 	-0.14618 	-0.16406 	0.37050 	0.00000 	0.21125 	-0.16257 	-0.13706 	0.02588 	-0.11006 	0.20168 	0.04224 	-0.04877 	-0.04801 	-0.05388 	-0.04253 	0.00000 	0.21090 	-0.05339 	-0.04502 	0.02610 	-0.03615 	0.06624 	0.04239 	0.01604	0.04599
Replication73	 0.01617	0.99931	0.96448 	0.97070 	0.97643 	0.97528 	0.97137 	0.98811 	0.95754 	0.94940 	0.96635 	0.94997 	0.96877 	0.96531 	-0.16926 	-0.14549 	-0.14200 	0.36225 	0.00000 	0.20489 	-0.16379 	-0.16055 	0.02440 	-0.13834 	0.27057 	0.04016 	-0.05559 	-0.04778 	-0.04664 	-0.03735 	0.00000 	0.20456 	-0.05379 	-0.05273 	0.02461 	-0.04543 	0.08886 	0.04030 	0.01226	0.03512
Replication74	 0.00793	0.99932	0.95629 	0.96282 	0.96892 	0.96816 	0.96094 	0.98320 	0.93258 	0.92134 	0.94142 	0.92123 	0.93707 	0.94139 	-0.16807 	-0.15151 	-0.17215 	0.44138 	0.00788 	0.25082 	-0.16242 	-0.15504 	0.03837 	-0.16268 	0.14279 	0.06169 	-0.05521 	-0.04977 	-0.05655 	-0.04991 	0.00259 	0.25041 	-0.05336 	-0.05093 	0.03863 	-0.05344 	0.04691 	0.06187 	0.01082	0.03045
Replication75	 0.00493	0.99936	0.96326 	0.96869 	0.97393 	0.97354 	0.96827 	0.98660 	0.94494 	0.93383 	0.95287 	0.93418 	0.95029 	0.95264 	-0.15012 	-0.14317 	-0.16085 	0.38636 	0.02278 	0.21905 	-0.12925 	-0.16537 	0.03196 	-0.15168 	0.16783 	0.05157 	-0.04931 	-0.04703 	-0.05283 	-0.04522 	0.00748 	0.21869 	-0.04245 	-0.05432 	0.03219 	-0.04982 	0.05512 	0.05172 	0.00992	0.02792
Replication76	 0.00284	0.99934	0.96340 	0.96896 	0.97484 	0.97382 	0.96880 	0.98702 	0.95010 	0.94207 	0.95859 	0.94235 	0.95842 	0.95796 	-0.15407 	-0.15080 	-0.14549 	0.38154 	0.00000 	0.21506 	-0.17201 	-0.14096 	0.02875 	-0.13150 	0.20367 	0.04678 	-0.05060 	-0.04953 	-0.04779 	-0.04295 	0.00000 	0.21471 	-0.05650 	-0.04630 	0.02897 	-0.04319 	0.06689 	0.04693 	0.00973	0.02742
Replication77	 -1.45103	0.99937	0.96565 	0.97108 	0.97694 	0.97566 	0.97105 	0.98832 	0.95360 	0.94507 	0.96161 	0.94526 	0.96152 	0.96101 	-0.14989 	-0.14583 	-0.13189 	0.36188 	0.00000 	0.20293 	-0.14711 	-0.14348 	0.02706 	-0.13826 	0.20362 	0.04404 	-0.04923 	-0.04789 	-0.04332 	-0.04053 	0.00000 	0.20259 	-0.04832 	-0.04712 	0.02727 	-0.04541 	0.06687 	0.04418 	0.00942	0.02615
Replication78	 -1.47284	0.99944	0.96530 	0.96967 	0.97487 	0.97488 	0.97078 	0.98733 	0.95548 	0.94719 	0.96334 	0.94716 	0.96349 	0.96272 	-0.14075 	-0.16199 	-0.16469 	0.37110 	0.00802 	0.21217 	-0.13618 	-0.13694 	0.02608 	-0.14250 	0.20589 	0.04250 	-0.04623 	-0.05320 	-0.05409 	-0.04245 	0.00263 	0.21182 	-0.04472 	-0.04498 	0.02630 	-0.04680 	0.06762 	0.04265 	0.00770	0.02125
Replication79	 0.00966	0.99935	0.96595 	0.97059 	0.97662 	0.97574 	0.97215 	0.98824 	0.95968 	0.95165 	0.96812 	0.95229 	0.97046 	0.96713 	-0.14777 	-0.17034 	-0.14149 	0.35828 	0.00000 	0.20363 	-0.15087 	-0.15843 	0.02341 	-0.13256 	0.26135 	0.03853 	-0.04853 	-0.05594 	-0.04647 	-0.03765 	0.00000 	0.20330 	-0.04955 	-0.05203 	0.02361 	-0.04353 	0.08583 	0.03867 	0.01096	0.03088
Replication80	 0.02930	0.99923	0.97053 	0.97518 	0.97982 	0.97964 	0.97698 	0.99056 	0.96910 	0.96323 	0.97730 	0.96303 	0.98169 	0.97603 	-0.14334 	-0.14224 	-0.14341 	0.31650 	0.00000 	0.18200 	-0.15398 	-0.12505 	0.01826 	-0.14143 	0.28993 	0.03053 	-0.04707 	-0.04671 	-0.04709 	-0.03237 	0.00000 	0.18171 	-0.05056 	-0.04106 	0.01845 	-0.04644 	0.09520 	0.03065 	0.01595	0.04559
Replication81	 0.02290	0.99931	0.96689 	0.97089 	0.97661 	0.97591 	0.97120 	0.98819 	0.95002 	0.94071 	0.95840 	0.94034 	0.95801 	0.95781 	-0.12744 	-0.16022 	-0.13889 	0.36114 	0.01937 	0.20417 	-0.15698 	-0.14250 	0.02886 	-0.16526 	0.21300 	0.04692 	-0.04186 	-0.05262 	-0.04561 	-0.04214 	0.00636 	0.20383 	-0.05155 	-0.04680 	0.02907 	-0.05427 	0.06995 	0.04706 	0.01378	0.03950
Replication82	 0.03038	0.99927	0.95802 	0.96346 	0.97009 	0.96900 	0.96148 	0.98377 	0.93255 	0.92078 	0.94115 	0.92070 	0.93633 	0.94119 	-0.14775 	-0.16448 	-0.15458 	0.43325 	0.00000 	0.24547 	-0.15039 	-0.15861 	0.03853 	-0.16470 	0.13321 	0.06187 	-0.04854 	-0.05403 	-0.05078 	-0.04959 	0.00000 	0.24507 	-0.04940 	-0.05210 	0.03878 	-0.05411 	0.04376 	0.06204 	0.01646	0.04692
Replication83	 0.03002	0.99928	0.96425 	0.96927 	0.97428 	0.97385 	0.96664 	0.98664 	0.93881 	0.92712 	0.94692 	0.92710 	0.94297 	0.94687 	-0.12761 	-0.12530 	-0.14791 	0.38536 	0.00000 	0.21864 	-0.13893 	-0.16028 	0.03530 	-0.16368 	0.14539 	0.05676 	-0.04191 	-0.04116 	-0.04858 	-0.04712 	0.00000 	0.21828 	-0.04563 	-0.05264 	0.03553 	-0.05376 	0.04775 	0.05691 	0.01579	0.04521
Replication84	 -1.45691	0.99941	0.96229 	0.96715 	0.97231 	0.97204 	0.96365 	0.98532 	0.93120 	0.91962 	0.94082 	0.91977 	0.93749 	0.94057 	-0.12229 	-0.12964 	-0.15321 	0.40404 	0.00000 	0.23097 	-0.19890 	-0.17171 	0.03872 	-0.16810 	0.18141 	0.06243 	-0.04017 	-0.04258 	-0.05033 	-0.04882 	0.00000 	0.23059 	-0.06533 	-0.05640 	0.03896 	-0.05522 	0.05959 	0.06259 	0.00896	0.02476
Replication85	 0.00473	0.99934	0.96366 	0.96720 	0.97257 	0.97245 	0.96411 	0.98547 	0.93172 	0.92035 	0.94012 	0.91998 	0.93472 	0.94027 	-0.10175 	-0.14591 	-0.15102 	0.40189 	0.00000 	0.22961 	-0.16389 	-0.14506 	0.03911 	-0.16485 	0.11380 	0.06270 	-0.03342 	-0.04793 	-0.04961 	-0.05055 	0.00000 	0.22924 	-0.05383 	-0.04765 	0.03935 	-0.05415 	0.03738 	0.06286 	0.01113	0.03127
Replication86	 0.02306	0.99925	0.96854 	0.97293 	0.97889 	0.97778 	0.97442 	0.98964 	0.96240 	0.95465 	0.97084 	0.95437 	0.97388 	0.96974 	-0.14005 	-0.16375 	-0.12634 	0.33628 	0.00000 	0.19061 	-0.14764 	-0.14097 	0.02189 	-0.16119 	0.28046 	0.03618 	-0.04599 	-0.05377 	-0.04149 	-0.03479 	0.00000 	0.19030 	-0.04848 	-0.04629 	0.02208 	-0.05293 	0.09210 	0.03631 	0.01418	0.04059
Replication87	 0.01628	0.99931	0.96212 	0.96987 	0.97545 	0.97408 	0.96980 	0.98748 	0.95449 	0.94527 	0.96354 	0.94532 	0.96558 	0.96255 	-0.19217 	-0.12700 	-0.14637 	0.37348 	0.00000 	0.21081 	-0.15542 	-0.16288 	0.02597 	-0.16688 	0.27872 	0.04265 	-0.06312 	-0.04171 	-0.04807 	-0.03740 	0.00000 	0.21047 	-0.05105 	-0.05349 	0.02619 	-0.05481 	0.09154 	0.04280 	0.01227	0.03480
Replication88	 -1.46757	0.99942	0.96037 	0.96561 	0.97062 	0.97077 	0.96355 	0.98448 	0.93691 	0.92694 	0.94533 	0.92740 	0.94142 	0.94526 	-0.14012 	-0.13996 	-0.17708 	0.41778 	0.00000 	0.23889 	-0.16938 	-0.15059 	0.03618 	-0.13002 	0.13125 	0.05821 	-0.04603 	-0.04597 	-0.05817 	-0.05066 	0.00000 	0.23850 	-0.05564 	-0.04947 	0.03643 	-0.04271 	0.04312 	0.05837 	0.00810	0.02258
Replication89	 -1.46408	0.99945	0.96251 	0.96839 	0.97529 	0.97316 	0.96738 	0.98696 	0.94426 	0.93425 	0.95238 	0.93372 	0.94996 	0.95211 	-0.15503 	-0.15424 	-0.12009 	0.38796 	0.00000 	0.21564 	-0.14289 	-0.13761 	0.03223 	-0.16710 	0.16801 	0.05205 	-0.05092 	-0.05066 	-0.03944 	-0.04323 	0.00000 	0.21528 	-0.04693 	-0.04520 	0.03246 	-0.05489 	0.05518 	0.05220 	0.00842	0.02288
Replication90	 0.02264	0.99924	0.96860 	0.97412 	0.97936 	0.97841 	0.97536 	0.99007 	0.96467 	0.95760 	0.97256 	0.95732 	0.97520 	0.97157 	-0.15593 	-0.13912 	-0.13326 	0.32988 	0.00195 	0.18653 	-0.13742 	-0.12864 	0.02092 	-0.14824 	0.25539 	0.03454 	-0.05120 	-0.04568 	-0.04376 	-0.03429 	0.00064 	0.18622 	-0.04513 	-0.04224 	0.02112 	-0.04868 	0.08386 	0.03467 	0.01418	0.04069
Replication91	 -1.45392	0.99938	0.97128 	0.97478 	0.98014 	0.97978 	0.97733 	0.99065 	0.97001 	0.96376 	0.97890 	0.96387 	0.98476 	0.97735 	-0.12935 	-0.16926 	-0.13388 	0.31292 	0.00000 	0.18110 	-0.16719 	-0.14478 	0.01737 	-0.14736 	0.33846 	0.02934 	-0.04247 	-0.05558 	-0.04396 	-0.03015 	0.00000 	0.18081 	-0.05490 	-0.04754 	0.01755 	-0.04839 	0.11114 	0.02946 	0.00920	0.02538
Replication92	 -1.46030	0.99943	0.95828 	0.96448 	0.97047 	0.96974 	0.96370 	0.98428 	0.93673 	0.92745 	0.94502 	0.92736 	0.94082 	0.94500 	-0.16685 	-0.15539 	-0.17049 	0.42608 	0.02712 	0.24076 	-0.17307 	-0.13048 	0.03635 	-0.13638 	0.11824 	0.05844 	-0.05481 	-0.05105 	-0.05601 	-0.04934 	0.00891 	0.24036 	-0.05685 	-0.04286 	0.03660 	-0.04480 	0.03884 	0.05861 	0.00868	0.02411
Replication93	 -1.47065	0.99948	0.96713 	0.97126 	0.97805 	0.97652 	0.97318 	0.98897 	0.96092 	0.95274 	0.96934 	0.95349 	0.97197 	0.96831 	-0.14061 	-0.18424 	-0.12125 	0.34899 	0.00000 	0.19687 	-0.14874 	-0.16356 	0.02272 	-0.13237 	0.26918 	0.03747 	-0.04618 	-0.06050 	-0.03982 	-0.03569 	0.00000 	0.19655 	-0.04885 	-0.05371 	0.02293 	-0.04347 	0.08840 	0.03760 	0.00789	0.02155
Replication94	 0.02887	0.99923	0.96969 	0.97416 	0.97883 	0.97890 	0.97651 	0.99000 	0.96684 	0.95815 	0.97503 	0.95842 	0.97879 	0.97385 	-0.14517 	-0.15188 	-0.15348 	0.32407 	0.01767 	0.18722 	-0.12248 	-0.16425 	0.01954 	-0.15788 	0.30056 	0.03249 	-0.04767 	-0.04988 	-0.05040 	-0.03303 	0.00580 	0.18692 	-0.04022 	-0.05394 	0.01973 	-0.05185 	0.09870 	0.03262 	0.01581	0.04502
Replication95	 0.00081	0.99935	0.97419 	0.97776 	0.98244 	0.98205 	0.97910 	0.99209 	0.96899 	0.96207 	0.97747 	0.96195 	0.98234 	0.97610 	-0.11803 	-0.14026 	-0.12163 	0.29195 	0.00000 	0.16760 	-0.15771 	-0.14245 	0.01818 	-0.15532 	0.31618 	0.03046 	-0.03875 	-0.04605 	-0.03994 	-0.03044 	0.00000 	0.16733 	-0.05178 	-0.04677 	0.01835 	-0.05100 	0.10381 	0.03058 	0.00983	0.02760
Replication96	 0.01378	0.99934	0.95868 	0.96345 	0.97081 	0.96929 	0.96219 	0.98411 	0.93292 	0.92139 	0.94158 	0.92113 	0.93699 	0.94159 	-0.14097 	-0.18416 	-0.14219 	0.42974 	0.00850 	0.24234 	-0.15654 	-0.15361 	0.03829 	-0.16884 	0.13818 	0.06151 	-0.04631 	-0.06050 	-0.04671 	-0.04877 	0.00279 	0.24194 	-0.05142 	-0.05046 	0.03854 	-0.05547 	0.04539 	0.06168 	0.01237	0.03473
Replication97	 0.01361	0.99925	0.96470 	0.97008 	0.97498 	0.97495 	0.97086 	0.98744 	0.95732 	0.94919 	0.96569 	0.94928 	0.96724 	0.96481 	-0.15587 	-0.14642 	-0.16647 	0.36834 	0.00000 	0.21112 	-0.14652 	-0.14567 	0.02477 	-0.14644 	0.24528 	0.04061 	-0.05119 	-0.04809 	-0.05467 	-0.04036 	0.00000 	0.21078 	-0.04812 	-0.04784 	0.02499 	-0.04810 	0.08056 	0.04076 	0.01363	0.03814