
 Replication 	 FitnessValue 	 Frequency	Bus1	Bus2	Bus3	Bus4	Bus5	Bus6
Replication0	 0.14934	0.99759	0.97451 	0.97565 	0.97441 	0.97648 	0.97644 	0.97591 
Replication1	 0.30506	0.99585	0.94717 	0.95023 	0.94891 	0.95136 	0.95164 	0.95122 
Replication2	 0.17256	0.99734	0.97047 	0.97263 	0.96986 	0.97313 	0.97275 	0.97196 
Replication3	 0.19890	0.99703	0.96581 	0.96754 	0.96626 	0.96847 	0.96851 	0.96801 
Replication4	 0.12065	0.99792	0.97929 	0.98035 	0.97936 	0.98104 	0.98103 	0.98062 
Replication5	 0.19385	0.99709	0.96643 	0.96839 	0.96737 	0.96920 	0.96935 	0.96899 
Replication6	 0.17648	0.99728	0.96976 	0.97141 	0.96974 	0.97220 	0.97210 	0.97151 
Replication7	 0.22629	0.99672	0.96149 	0.96308 	0.96138 	0.96423 	0.96417 	0.96345 
Replication8	 0.20114	0.99701	0.96516 	0.96747 	0.96591 	0.96817 	0.96819 	0.96774 
Replication9	 0.23452	0.99663	0.95920 	0.96176 	0.96081 	0.96262 	0.96288 	0.96260 
Replication10	 0.20221	0.99700	0.96470 	0.96704 	0.96626 	0.96778 	0.96803 	0.96782 
Replication11	 0.20101	0.99700	0.96560 	0.96719 	0.96577 	0.96818 	0.96818 	0.96760 
Replication12	 0.21569	0.99684	0.96290 	0.96481 	0.96350 	0.96578 	0.96585 	0.96535 
Replication13	 0.14774	0.99761	0.97429 	0.97594 	0.97516 	0.97658 	0.97671 	0.97645 
Replication14	 0.26175	0.99632	0.95576 	0.95732 	0.95518 	0.95870 	0.95854 	0.95761 
Replication15	 0.05663	0.99867	0.99001 	0.99181 	0.98971 	0.99171 	0.99138 	0.99096 
Replication16	 0.19235	0.99713	0.96626 	0.96952 	0.96726 	0.96975 	0.96964 	0.96924 
Replication17	 0.06549	0.99857	0.98821 	0.99037 	0.98850 	0.99020 	0.98998 	0.98970 
Replication18	 0.17556	0.99730	0.96947 	0.97139 	0.97054 	0.97210 	0.97227 	0.97200 
Replication19	 0.22728	0.99671	0.96104 	0.96291 	0.96143 	0.96396 	0.96400 	0.96341 
Replication20	 0.19285	0.99710	0.96646 	0.96856 	0.96768 	0.96932 	0.96952 	0.96924 
Replication21	 0.15886	0.99748	0.97283 	0.97409 	0.97285 	0.97494 	0.97491 	0.97440 
Replication22	 0.21915	0.99680	0.96201 	0.96426 	0.96321 	0.96513 	0.96532 	0.96497 
Replication23	 0.15520	0.99752	0.97350 	0.97477 	0.97336 	0.97558 	0.97550 	0.97494 
Replication24	 0.14278	0.99767	0.97510 	0.97698 	0.97581 	0.97748 	0.97751 	0.97720 
Replication25	 0.18961	0.99713	0.96746 	0.96906 	0.96776 	0.96998 	0.97000 	0.96948 
Replication26	 0.25361	0.99642	0.95575 	0.95868 	0.95778 	0.95952 	0.95985 	0.95964 
Replication27	 0.24319	0.99653	0.95867 	0.96034 	0.95848 	0.96156 	0.96148 	0.96070 
Replication28	 0.23566	0.99662	0.95883 	0.96159 	0.96080 	0.96238 	0.96271 	0.96253 
Replication29	 0.18169	0.99723	0.96836 	0.97039 	0.96956 	0.97111 	0.97130 	0.97104 
Replication30	 0.23606	0.99662	0.95899 	0.96150 	0.96049 	0.96239 	0.96263 	0.96232 
Replication31	 0.04654	0.99878	0.99170 	0.99328 	0.99154 	0.99323 	0.99297 	0.99262 
Replication32	 0.13093	0.99781	0.97656 	0.97907 	0.97823 	0.97926 	0.97944 	0.97940 
Replication33	 0.21482	0.99685	0.96309 	0.96493 	0.96357 	0.96592 	0.96597 	0.96544 
Replication34	 0.15495	0.99753	0.97286 	0.97477 	0.97413 	0.97536 	0.97557 	0.97540 
Replication35	 0.23720	0.99660	0.95907 	0.96129 	0.96002 	0.96229 	0.96242 	0.96196 
Replication36	 0.12771	0.99784	0.97792 	0.97919 	0.97831 	0.97985 	0.97990 	0.97956 
Replication37	 0.18926	0.99714	0.96714 	0.96914 	0.96822 	0.96992 	0.97008 	0.96978 
Replication38	 0.10293	0.99815	0.98122 	0.98439 	0.98237 	0.98407 	0.98394 	0.98377 
Replication39	 0.12782	0.99784	0.97788 	0.97969 	0.97783 	0.98008 	0.97989 	0.97938 
Replication40	 0.20139	0.99700	0.96505 	0.96722 	0.96613 	0.96800 	0.96815 	0.96781 
Replication41	 0.22485	0.99674	0.96128 	0.96331 	0.96200 	0.96429 	0.96439 	0.96390 
Replication42	 0.22543	0.99673	0.96123 	0.96328 	0.96180 	0.96425 	0.96430 	0.96376 
Replication43	 0.17622	0.99728	0.96971 	0.97125 	0.97006 	0.97210 	0.97214 	0.97167 
Replication44	 0.19691	0.99705	0.96657 	0.96789 	0.96628 	0.96895 	0.96886 	0.96816 
Replication45	 0.21869	0.99681	0.96207 	0.96433 	0.96330 	0.96520 	0.96539 	0.96505 
Replication46	 0.26144	0.99633	0.95494 	0.95733 	0.95592 	0.95842 	0.95856 	0.95804 
Replication47	 0.16842	0.99737	0.97101 	0.97253 	0.97140 	0.97334 	0.97338 	0.97294 
Replication48	 0.25931	0.99635	0.95502 	0.95770 	0.95657 	0.95868 	0.95892 	0.95857 
Replication49	 0.12224	0.99790	0.97897 	0.98009 	0.97913 	0.98076 	0.98077 	0.98038 
Replication50	 0.24581	0.99650	0.95799 	0.95988 	0.95822 	0.96105 	0.96105 	0.96037 
Replication51	 0.05303	0.99871	0.99012 	0.99234 	0.99078 	0.99209 	0.99195 	0.99180 
Replication52	 0.21454	0.99686	0.96237 	0.96504 	0.96442 	0.96574 	0.96608 	0.96597 
Replication53	 0.17119	0.99735	0.97016 	0.97210 	0.97133 	0.97279 	0.97297 	0.97274 
Replication54	 0.11269	0.99801	0.98040 	0.98166 	0.98092 	0.98223 	0.98230 	0.98203 
Replication55	 0.22350	0.99675	0.96169 	0.96353 	0.96207 	0.96457 	0.96460 	0.96402 
Replication56	 0.21252	0.99688	0.96332 	0.96533 	0.96414 	0.96624 	0.96636 	0.96592 
Replication57	 0.09422	0.99824	0.98274 	0.98545 	0.98413 	0.98530 	0.98531 	0.98526 
Replication58	 0.23211	0.99665	0.96008 	0.96212 	0.96074 	0.96315 	0.96323 	0.96270 
Replication59	 0.17360	0.99732	0.96974 	0.97171 	0.97093 	0.97240 	0.97259 	0.97235 
Replication60	 0.16703	0.99739	0.97134 	0.97275 	0.97156 	0.97359 	0.97361 	0.97312 
Replication61	 0.08625	0.99833	0.98462 	0.98690 	0.98521 	0.98683 	0.98669 	0.98645 
Replication62	 0.19684	0.99705	0.96711 	0.96799 	0.96586 	0.96919 	0.96891 	0.96795 
Replication63	 0.21836	0.99681	0.96199 	0.96440 	0.96350 	0.96521 	0.96545 	0.96519 
Replication64	 0.25219	0.99644	0.95581 	0.95891 	0.95824 	0.95969 	0.96010 	0.96000 
Replication65	 0.20921	0.99691	0.96406 	0.96585 	0.96451 	0.96682 	0.96687 	0.96634 
Replication66	 0.18589	0.99718	0.96812 	0.96991 	0.96814 	0.97070 	0.97060 	0.96999 
Replication67	 0.06462	0.99859	0.98807 	0.99097 	0.98852 	0.99047 	0.99015 	0.98987 
Replication68	 0.22861	0.99669	0.96084 	0.96269 	0.96119 	0.96376 	0.96379 	0.96319 
Replication69	 0.21485	0.99685	0.96347 	0.96495 	0.96328 	0.96606 	0.96599 	0.96528 
Replication70	 0.20997	0.99691	0.96356 	0.96576 	0.96477 	0.96659 	0.96678 	0.96646 
Replication71	 0.17482	0.99730	0.96961 	0.97151 	0.97065 	0.97223 	0.97239 	0.97211 
Replication72	 0.23369	0.99664	0.96058 	0.96190 	0.95989 	0.96318 	0.96301 	0.96212 
Replication73	 0.16756	0.99738	0.97120 	0.97267 	0.97151 	0.97349 	0.97352 	0.97306 
Replication74	 0.15557	0.99752	0.97316 	0.97463 	0.97361 	0.97538 	0.97544 	0.97504 
Replication75	 0.30417	0.99585	0.94775 	0.95034 	0.94863 	0.95163 	0.95174 	0.95109 
Replication76	 0.14285	0.99767	0.97514 	0.97674 	0.97597 	0.97737 	0.97750 	0.97724 
Replication77	 0.06812	0.99855	0.98718 	0.99047 	0.98816 	0.98985 	0.98961 	0.98946 
Replication78	 0.18496	0.99718	0.96839 	0.96982 	0.96843 	0.97076 	0.97074 	0.97017 
Replication79	 0.22464	0.99674	0.96136 	0.96334 	0.96200 	0.96434 	0.96442 	0.96391 
Replication80	 0.16988	0.99736	0.97035 	0.97232 	0.97158 	0.97299 	0.97319 	0.97297 
Replication81	 0.15762	0.99750	0.97267 	0.97431 	0.97342 	0.97502 	0.97513 	0.97481 
Replication82	 0.04551	0.99880	0.99112 	0.99381 	0.99206 	0.99332 	0.99316 	0.99308 
Replication83	 0.13810	0.99776	0.97467 	0.97864 	0.97705 	0.97826 	0.97836 	0.97844 
Replication84	 0.14114	0.99769	0.97517 	0.97703 	0.97651 	0.97756 	0.97778 	0.97766 
Replication85	 0.12297	0.99790	0.97792 	0.98002 	0.97991 	0.98036 	0.98071 	0.98081 
Replication86	 0.17855	0.99727	0.96926 	0.97153 	0.96910 	0.97205 	0.97179 	0.97111 
Replication87	 0.23757	0.99660	0.95863 	0.96126 	0.96035 	0.96212 	0.96240 	0.96214 
Replication88	 0.16458	0.99742	0.97157 	0.97345 	0.97185 	0.97407 	0.97400 	0.97352 
Replication89	 0.18020	0.99724	0.96942 	0.97062 	0.96910 	0.97162 	0.97153 	0.97087 
Replication90	 0.12711	0.99784	0.97790 	0.97929 	0.97852 	0.97990 	0.97999 	0.97972 
Replication91	 0.21742	0.99683	0.96191 	0.96483 	0.96366 	0.96542 	0.96563 	0.96541 
Replication92	 0.25305	0.99642	0.95668 	0.95870 	0.95706 	0.95986 	0.95989 	0.95923 
Replication93	 0.14638	0.99762	0.97465 	0.97615 	0.97527 	0.97684 	0.97693 	0.97660 
Replication94	 0.16655	0.99739	0.97165 	0.97283 	0.97145 	0.97375 	0.97368 	0.97309 
Replication95	 0.24603	0.99650	0.95760 	0.95985 	0.95849 	0.96089 	0.96101 	0.96051 
Replication96	 0.18614	0.99719	0.96742 	0.97009 	0.96859 	0.97055 	0.97061 	0.97030 
Replication97	 0.22507	0.99674	0.96114 	0.96328 	0.96206 	0.96423 	0.96436 	0.96392 
Replication98	 0.22055	0.99679	0.96184 	0.96402 	0.96290 	0.96493 	0.96509 	0.96470 
Replication99	 0.11554	0.99798	0.98000 	0.98179 	0.97979 	0.98210 	0.98186 	0.98133 
Replication100	 0.15994	0.99747	0.97241 	0.97416 	0.97265 	0.97480 	0.97475 	0.97426 
Replication101	 0.19475	0.99708	0.96626 	0.96824 	0.96724 	0.96906 	0.96920 	0.96886 
Replication102	 0.16468	0.99741	0.97168 	0.97314 	0.97200 	0.97395 	0.97398 	0.97353 
Replication103	 0.17778	0.99728	0.96928 	0.97152 	0.96950 	0.97206 	0.97192 	0.97137 
Replication104	 0.17213	0.99734	0.97048 	0.97231 	0.97032 	0.97298 	0.97280 	0.97217 
Replication105	 0.23164	0.99666	0.95998 	0.96221 	0.96100 	0.96316 	0.96331 	0.96289 
Replication106	 0.19991	0.99703	0.96482 	0.96751 	0.96686 	0.96810 	0.96842 	0.96834 
Replication107	 0.10979	0.99808	0.97958 	0.98332 	0.98165 	0.98284 	0.98287 	0.98293 
Replication108	 0.13946	0.99770	0.97576 	0.97729 	0.97650 	0.97792 	0.97803 	0.97776 
Replication109	 0.16702	0.99739	0.97160 	0.97277 	0.97137 	0.97370 	0.97363 	0.97302 
Replication110	 0.20644	0.99694	0.96451 	0.96630 	0.96500 	0.96725 	0.96731 	0.96680 
Replication111	 0.17903	0.99726	0.96898 	0.97081 	0.96985 	0.97158 	0.97171 	0.97137 
Replication112	 0.15806	0.99750	0.97224 	0.97451 	0.97345 	0.97496 	0.97508 	0.97487 
Replication113	 0.12746	0.99786	0.97762 	0.98009 	0.97792 	0.98020 	0.97998 	0.97955 
Replication114	 0.10027	0.99817	0.98212 	0.98447 	0.98270 	0.98447 	0.98433 	0.98404 
Replication115	 0.16597	0.99740	0.97143 	0.97293 	0.97182 	0.97373 	0.97378 	0.97334 
Replication116	 0.19798	0.99704	0.96652 	0.96800 	0.96574 	0.96896 	0.96870 	0.96785 
Replication117	 0.20755	0.99694	0.96356 	0.96619 	0.96560 	0.96686 	0.96720 	0.96711 
Replication118	 0.10784	0.99808	0.98066 	0.98320 	0.98162 	0.98318 	0.98313 	0.98293 
Replication119	 0.05377	0.99870	0.99018 	0.99243 	0.99031 	0.99214 	0.99185 	0.99153 
Replication120	 0.17559	0.99729	0.96955 	0.97137 	0.97044 	0.97213 	0.97226 	0.97194 
Replication121	 0.21113	0.99690	0.96322 	0.96558 	0.96472 	0.96636 	0.96661 	0.96636 
Replication122	 0.24742	0.99649	0.95709 	0.95973 	0.95846 	0.96063 	0.96081 	0.96043 
Replication123	 0.23441	0.99664	0.95892 	0.96180 	0.96114 	0.96255 	0.96292 	0.96281 
Replication124	 0.24853	0.99648	0.95678 	0.95947 	0.95848 	0.96037 	0.96065 	0.96036 
Replication125	 0.21587	0.99684	0.96272 	0.96478 	0.96361 	0.96570 	0.96583 	0.96541 
Replication126	 0.22815	0.99670	0.96116 	0.96278 	0.96108 	0.96392 	0.96387 	0.96316 
Replication127	 0.17744	0.99727	0.96918 	0.97109 	0.97017 	0.97182 	0.97197 	0.97167 
Replication128	 0.24210	0.99654	0.95836 	0.96049 	0.95907 	0.96154 	0.96164 	0.96110 
Replication129	 0.15099	0.99757	0.97373 	0.97540 	0.97461 	0.97606 	0.97620 	0.97593 
Replication130	 0.11480	0.99803	0.97903 	0.98287 	0.98018 	0.98233 	0.98207 	0.98184 
Replication131	 0.20713	0.99693	0.96460 	0.96621 	0.96473 	0.96723 	0.96722 	0.96661 
Replication132	 0.17302	0.99732	0.97036 	0.97177 	0.97051 	0.97265 	0.97265 	0.97213 
Replication133	 0.17335	0.99732	0.97021 	0.97196 	0.97031 	0.97269 	0.97260 	0.97205 
Replication134	 0.15260	0.99758	0.97243 	0.97599 	0.97462 	0.97588 	0.97602 	0.97603 
Replication135	 0.22128	0.99679	0.96137 	0.96411 	0.96296 	0.96480 	0.96500 	0.96474 
Replication136	 0.22483	0.99674	0.96097 	0.96333 	0.96232 	0.96420 	0.96441 	0.96409 
Replication137	 0.28010	0.99612	0.95148 	0.95430 	0.95307 	0.95536 	0.95561 	0.95521 
Replication138	 0.26655	0.99627	0.95444 	0.95649 	0.95474 	0.95773 	0.95774 	0.95703 
Replication139	 0.30537	0.99584	0.94738 	0.95015 	0.94858 	0.95139 	0.95156 	0.95099 
Replication140	 0.03768	0.99888	0.99280 	0.99468 	0.99339 	0.99448 	0.99438 	0.99425 
Replication141	 0.19243	0.99711	0.96684 	0.96916 	0.96694 	0.96976 	0.96958 	0.96896 
Replication142	 0.14201	0.99768	0.97484 	0.97708 	0.97636 	0.97746 	0.97766 	0.97757 
Replication143	 0.18466	0.99719	0.96825 	0.96988 	0.96864 	0.97075 	0.97079 	0.97031 
Replication144	 0.13670	0.99773	0.97684 	0.97772 	0.97640 	0.97857 	0.97846 	0.97787 
Replication145	 0.19867	0.99704	0.96537 	0.96761 	0.96679 	0.96836 	0.96859 	0.96836 
Replication146	 0.15099	0.99757	0.97359 	0.97541 	0.97474 	0.97602 	0.97620 	0.97601 
Replication147	 0.18618	0.99718	0.96762 	0.96965 	0.96878 	0.97040 	0.97058 	0.97030 
Replication148	 0.20095	0.99701	0.96529 	0.96722 	0.96610 	0.96809 	0.96821 	0.96780 
Replication149	 0.13968	0.99771	0.97541 	0.97766 	0.97638 	0.97798 	0.97802 	0.97777 
Replication150	 0.26315	0.99631	0.95449 	0.95706 	0.95580 	0.95810 	0.95830 	0.95787 
Replication151	 0.21746	0.99682	0.96298 	0.96452 	0.96288 	0.96563 	0.96557 	0.96488 
Replication152	 0.21970	0.99682	0.96095 	0.96426 	0.96413 	0.96477 	0.96532 	0.96550 
Replication153	 0.18087	0.99724	0.96806 	0.97055 	0.97015 	0.97111 	0.97146 	0.97145 
Replication154	 0.13923	0.99771	0.97595 	0.97765 	0.97604 	0.97817 	0.97806 	0.97758 
Replication155	 0.26162	0.99633	0.95434 	0.95735 	0.95650 	0.95822 	0.95858 	0.95839 
Replication156	 0.20961	0.99691	0.96387 	0.96580 	0.96459 	0.96672 	0.96682 	0.96637 
Replication157	 0.25474	0.99640	0.95617 	0.95842 	0.95697 	0.95952 	0.95962 	0.95907 
Replication158	 0.17648	0.99729	0.96902 	0.97125 	0.97067 	0.97187 	0.97214 	0.97202 
Replication159	 0.12273	0.99791	0.97834 	0.98078 	0.97887 	0.98089 	0.98074 	0.98038 
Replication160	 0.20925	0.99691	0.96395 	0.96586 	0.96463 	0.96679 	0.96688 	0.96642 
Replication161	 0.24264	0.99654	0.95824 	0.96040 	0.95901 	0.96145 	0.96155 	0.96103 
Replication162	 0.14772	0.99762	0.97418 	0.97642 	0.97481 	0.97679 	0.97673 	0.97636 
Replication163	 0.12847	0.99783	0.97892 	0.97912 	0.97730 	0.98015 	0.97983 	0.97894 
Replication164	 0.15526	0.99752	0.97346 	0.97468 	0.97345 	0.97552 	0.97549 	0.97497 
Replication165	 0.20152	0.99700	0.96554 	0.96712 	0.96570 	0.96812 	0.96811 	0.96753 
Replication166	 0.17353	0.99732	0.96983 	0.97178 	0.97080 	0.97247 	0.97260 	0.97230 
Replication167	 0.13775	0.99773	0.97599 	0.97786 	0.97656 	0.97832 	0.97832 	0.97797 
Replication168	 0.08891	0.99831	0.98477 	0.98687 	0.98392 	0.98681 	0.98629 	0.98562 
Replication169	 0.16309	0.99743	0.97210 	0.97340 	0.97215 	0.97426 	0.97424 	0.97372 
Replication170	 0.13871	0.99775	0.97540 	0.97881 	0.97585 	0.97858 	0.97823 	0.97776 
Replication171	 0.23112	0.99667	0.96129 	0.96234 	0.96012 	0.96370 	0.96345 	0.96243 
Replication172	 0.20165	0.99700	0.96494 	0.96712 	0.96621 	0.96791 	0.96811 	0.96783 
Replication173	 0.24380	0.99652	0.95828 	0.96021 	0.95860 	0.96135 	0.96137 	0.96072 
Replication174	 0.17195	0.99734	0.96998 	0.97198 	0.97124 	0.97265 	0.97286 	0.97264 
Replication175	 0.18695	0.99716	0.96841 	0.96953 	0.96785 	0.97059 	0.97046 	0.96971 
Replication176	 0.23364	0.99664	0.95991 	0.96187 	0.96040 	0.96293 	0.96298 	0.96241 
Replication177	 0.13521	0.99777	0.97612 	0.97857 	0.97702 	0.97877 	0.97874 	0.97847 
Replication178	 0.17798	0.99727	0.96928 	0.97101 	0.96988 	0.97181 	0.97187 	0.97146 
Replication179	 0.26078	0.99635	0.95425 	0.95755 	0.95686 	0.95831 	0.95874 	0.95867 
Replication180	 0.22504	0.99673	0.96121 	0.96328 	0.96200 	0.96425 	0.96436 	0.96389 
Replication181	 0.17572	0.99729	0.97016 	0.97135 	0.96987 	0.97232 	0.97224 	0.97160 
Replication182	 0.12034	0.99792	0.97877 	0.98043 	0.97997 	0.98091 	0.98110 	0.98100 
Replication183	 0.14003	0.99772	0.97456 	0.97798 	0.97681 	0.97785 	0.97803 	0.97809 
Replication184	 0.26548	0.99628	0.95464 	0.95667 	0.95490 	0.95791 	0.95791 	0.95719 
Replication185	 0.15971	0.99748	0.97201 	0.97399 	0.97337 	0.97459 	0.97481 	0.97466 
Replication186	 0.15280	0.99757	0.97263 	0.97560 	0.97466 	0.97575 	0.97596 	0.97596 
Replication187	 0.19307	0.99710	0.96643 	0.96852 	0.96764 	0.96929 	0.96948 	0.96920 
Replication188	 0.23850	0.99658	0.95879 	0.96108 	0.95985 	0.96206 	0.96222 	0.96178 
Replication189	 0.16248	0.99744	0.97164 	0.97353 	0.97280 	0.97418 	0.97437 	0.97415 
Replication190	 0.16020	0.99747	0.97231 	0.97394 	0.97287 	0.97466 	0.97472 	0.97434 
Replication191	 0.24934	0.99646	0.95713 	0.95930 	0.95785 	0.96039 	0.96048 	0.95993 
Replication192	 0.15966	0.99747	0.97258 	0.97396 	0.97281 	0.97477 	0.97478 	0.97432 
Replication193	 0.24733	0.99648	0.95811 	0.95966 	0.95768 	0.96095 	0.96083 	0.95997 
Replication194	 0.12840	0.99786	0.97706 	0.98031 	0.97784 	0.98010 	0.97987 	0.97953 
Replication195	 0.26213	0.99633	0.95448 	0.95734 	0.95607 	0.95825 	0.95848 	0.95812 
Replication196	 0.19558	0.99707	0.96595 	0.96812 	0.96726 	0.96887 	0.96908 	0.96882 
Replication197	 0.18636	0.99717	0.96778 	0.96961 	0.96856 	0.97042 	0.97054 	0.97016 
Replication198	 0.18793	0.99717	0.96686 	0.96986 	0.96852 	0.97021 	0.97034 	0.97016 
Replication199	 0.15648	0.99753	0.97231 	0.97506 	0.97365 	0.97530 	0.97536 	0.97515 
Replication200	 0.19439	0.99708	0.96625 	0.96830 	0.96736 	0.96909 	0.96927 	0.96895 
Replication201	 0.26121	0.99634	0.95462 	0.95740 	0.95634 	0.95835 	0.95862 	0.95831 
Replication202	 0.21899	0.99681	0.96203 	0.96428 	0.96324 	0.96515 	0.96534 	0.96499 
Replication203	 0.19843	0.99704	0.96554 	0.96774 	0.96661 	0.96849 	0.96862 	0.96828 
Replication204	 0.28924	0.99602	0.94987 	0.95282 	0.95159 	0.95388 	0.95416 	0.95377 
Replication205	 0.02833	0.99900	0.99391 	0.99661 	0.99503 	0.99601 	0.99589 	0.99590 
Replication206	 0.18198	0.99722	0.96918 	0.97033 	0.96874 	0.97136 	0.97124 	0.97055 
Replication207	 0.19668	0.99705	0.96663 	0.96793 	0.96630 	0.96899 	0.96890 	0.96819 
Replication208	 0.21232	0.99688	0.96331 	0.96536 	0.96423 	0.96626 	0.96639 	0.96599 
Replication209	 0.18913	0.99714	0.96729 	0.96940 	0.96787 	0.97010 	0.97010 	0.96964 
Replication210	 0.21690	0.99683	0.96292 	0.96493 	0.96280 	0.96582 	0.96567 	0.96494 
Replication211	 0.21427	0.99686	0.96284 	0.96519 	0.96390 	0.96598 	0.96610 	0.96571 
Replication212	 0.15381	0.99754	0.97366 	0.97492 	0.97374 	0.97573 	0.97572 	0.97523 
Replication213	 0.18194	0.99722	0.96883 	0.97031 	0.96901 	0.97122 	0.97122 	0.97069 
Replication214	 0.11494	0.99799	0.97966 	0.98173 	0.98050 	0.98197 	0.98197 	0.98175 
Replication215	 0.20273	0.99700	0.96396 	0.96702 	0.96686 	0.96751 	0.96801 	0.96816 
Replication216	 0.26355	0.99630	0.95450 	0.95699 	0.95565 	0.95806 	0.95822 	0.95775 
Replication217	 0.15739	0.99750	0.97291 	0.97433 	0.97325 	0.97511 	0.97515 	0.97472 
Replication218	 0.18438	0.99719	0.96864 	0.96993 	0.96844 	0.97092 	0.97085 	0.97022 
Replication219	 0.24081	0.99656	0.95835 	0.96071 	0.95952 	0.96168 	0.96186 	0.96145 
Replication220	 0.27858	0.99615	0.95137 	0.95459 	0.95373 	0.95549 	0.95589 	0.95570 
Replication221	 0.12217	0.99791	0.97873 	0.98088 	0.97868 	0.98108 	0.98082 	0.98030 
Replication222	 0.21091	0.99690	0.96344 	0.96560 	0.96457 	0.96645 	0.96663 	0.96628 
Replication223	 0.17419	0.99731	0.97024 	0.97158 	0.97024 	0.97249 	0.97246 	0.97190 
Replication224	 0.14113	0.99771	0.97455 	0.97781 	0.97642 	0.97774 	0.97784 	0.97780 
Replication225	 0.22234	0.99677	0.96146 	0.96373 	0.96267 	0.96462 	0.96480 	0.96445 
Replication226	 0.12895	0.99782	0.97763 	0.97918 	0.97798 	0.97972 	0.97970 	0.97933 
Replication227	 0.16456	0.99744	0.97097 	0.97384 	0.97217 	0.97406 	0.97407 	0.97380 
Replication228	 0.24519	0.99651	0.95830 	0.96000 	0.95818 	0.96122 	0.96116 	0.96039 
Replication229	 0.24266	0.99654	0.95868 	0.96041 	0.95864 	0.96160 	0.96156 	0.96082 
Replication230	 0.23978	0.99658	0.95818 	0.96091 	0.96005 	0.96174 	0.96205 	0.96183 
Replication231	 0.11958	0.99793	0.97902 	0.98055 	0.97998 	0.98106 	0.98122 	0.98105 
Replication232	 0.19410	0.99709	0.96814 	0.96843 	0.96597 	0.96982 	0.96939 	0.96820 
Replication233	 0.16515	0.99742	0.97099 	0.97311 	0.97254 	0.97369 	0.97395 	0.97383 
Replication234	 0.11375	0.99803	0.97940 	0.98288 	0.98031 	0.98248 	0.98222 	0.98194 
Replication235	 0.22926	0.99670	0.96047 	0.96296 	0.96097 	0.96376 	0.96370 	0.96310 
Replication236	 0.18828	0.99715	0.96784 	0.96927 	0.96786 	0.97024 	0.97021 	0.96962 
Replication237	 0.16269	0.99744	0.97164 	0.97349 	0.97273 	0.97416 	0.97433 	0.97409 
Replication238	 0.27467	0.99618	0.95325 	0.95518 	0.95322 	0.95651 	0.95646 	0.95564 
Replication239	 0.28231	0.99609	0.95195 	0.95394 	0.95194 	0.95530 	0.95525 	0.95441 
Replication240	 0.15137	0.99758	0.97338 	0.97571 	0.97448 	0.97608 	0.97615 	0.97592 
Replication241	 0.14746	0.99762	0.97417 	0.97599 	0.97537 	0.97657 	0.97677 	0.97660 
Replication242	 0.22184	0.99677	0.96223 	0.96381 	0.96214 	0.96493 	0.96488 	0.96418 
Replication243	 0.08377	0.99836	0.98493 	0.98740 	0.98564 	0.98723 	0.98709 	0.98688 
Replication244	 0.28149	0.99610	0.95143 	0.95406 	0.95263 	0.95519 	0.95537 	0.95486 
Replication245	 0.21745	0.99682	0.96285 	0.96452 	0.96299 	0.96558 	0.96557 	0.96494 
Replication246	 0.12003	0.99794	0.97830 	0.98109 	0.97995 	0.98109 	0.98119 	0.98115 
Replication247	 0.20124	0.99701	0.96489 	0.96720 	0.96640 	0.96794 	0.96819 	0.96797 
Replication248	 0.08819	0.99831	0.98393 	0.98661 	0.98520 	0.98641 	0.98640 	0.98633 
Replication249	 0.19560	0.99707	0.96631 	0.96809 	0.96690 	0.96898 	0.96906 	0.96861 
Replication250	 0.17965	0.99725	0.96879 	0.97072 	0.96983 	0.97146 	0.97162 	0.97133 
Replication251	 0.24434	0.99652	0.95784 	0.96013 	0.95882 	0.96114 	0.96128 	0.96081 
Replication252	 0.23105	0.99667	0.96085 	0.96232 	0.96045 	0.96353 	0.96342 	0.96261 
Replication253	 0.21459	0.99686	0.96249 	0.96502 	0.96428 	0.96577 	0.96607 	0.96589 
Replication254	 0.20996	0.99690	0.96402 	0.96572 	0.96430 	0.96673 	0.96675 	0.96617 
Replication255	 0.16987	0.99735	0.97099 	0.97229 	0.97096 	0.97319 	0.97315 	0.97260 
Replication256	 0.17904	0.99725	0.96914 	0.97079 	0.96966 	0.97162 	0.97169 	0.97126 
Replication257	 0.21130	0.99689	0.96369 	0.96552 	0.96420 	0.96649 	0.96655 	0.96604 
Replication258	 0.17197	0.99734	0.96991 	0.97237 	0.97095 	0.97282 	0.97286 	0.97256 
Replication259	 0.23249	0.99665	0.96002 	0.96206 	0.96067 	0.96309 	0.96317 	0.96264 
Replication260	 0.21705	0.99682	0.96260 	0.96458 	0.96333 	0.96553 	0.96563 	0.96517 
Replication261	 0.10329	0.99813	0.98231 	0.98391 	0.98158 	0.98420 	0.98382 	0.98318 
Replication262	 0.22854	0.99670	0.96041 	0.96272 	0.96162 	0.96363 	0.96382 	0.96345 
Replication263	 0.23831	0.99659	0.95885 	0.96111 	0.95986 	0.96210 	0.96225 	0.96180 
Replication264	 0.12210	0.99792	0.97812 	0.98085 	0.97935 	0.98086 	0.98085 	0.98069 
Replication265	 0.24305	0.99654	0.95757 	0.96038 	0.95955 	0.96121 	0.96153 	0.96134 
Replication266	 0.17324	0.99732	0.97003 	0.97184 	0.97069 	0.97257 	0.97263 	0.97225 
Replication267	 0.22234	0.99677	0.96138 	0.96374 	0.96276 	0.96459 	0.96481 	0.96450 
Replication268	 0.23240	0.99665	0.95987 	0.96208 	0.96085 	0.96305 	0.96319 	0.96275 
Replication269	 0.19167	0.99711	0.96690 	0.96883 	0.96755 	0.96963 	0.96969 	0.96926 
Replication270	 0.09427	0.99823	0.98315 	0.98543 	0.98372 	0.98542 	0.98529 	0.98501 
Replication271	 0.17747	0.99727	0.96920 	0.97107 	0.97016 	0.97182 	0.97196 	0.97166 
Replication272	 0.21823	0.99681	0.96256 	0.96437 	0.96295 	0.96539 	0.96543 	0.96486 
Replication273	 0.21971	0.99679	0.96223 	0.96415 	0.96281 	0.96514 	0.96521 	0.96469 
Replication274	 0.21656	0.99683	0.96254 	0.96473 	0.96350 	0.96560 	0.96572 	0.96531 
Replication275	 0.16275	0.99744	0.97216 	0.97365 	0.97203 	0.97441 	0.97430 	0.97371 
Replication276	 0.20634	0.99695	0.96447 	0.96634 	0.96509 	0.96726 	0.96734 	0.96687 
Replication277	 0.22105	0.99678	0.96273 	0.96396 	0.96201 	0.96520 	0.96503 	0.96416 
Replication278	 0.21723	0.99683	0.96216 	0.96458 	0.96371 	0.96538 	0.96563 	0.96538 
Replication279	 0.16166	0.99746	0.97137 	0.97392 	0.97312 	0.97430 	0.97453 	0.97445 
Replication280	 0.20516	0.99697	0.96387 	0.96659 	0.96611 	0.96721 	0.96759 	0.96756 
Replication281	 0.17823	0.99726	0.96955 	0.97092 	0.96956 	0.97185 	0.97182 	0.97125 
Replication282	 0.17139	0.99734	0.97086 	0.97206 	0.97063 	0.97300 	0.97293 	0.97231 
Replication283	 0.19525	0.99707	0.96620 	0.96816 	0.96712 	0.96899 	0.96912 	0.96876 
Replication284	 0.19932	0.99703	0.96531 	0.96750 	0.96663 	0.96827 	0.96848 	0.96822 
Replication285	 0.23379	0.99664	0.95938 	0.96187 	0.96088 	0.96275 	0.96299 	0.96269 
Replication286	 0.27342	0.99620	0.95249 	0.95541 	0.95433 	0.95639 	0.95668 	0.95637 
Replication287	 0.19163	0.99711	0.96751 	0.96875 	0.96714 	0.96981 	0.96970 	0.96900 
Replication288	 0.21817	0.99681	0.96293 	0.96441 	0.96271 	0.96554 	0.96547 	0.96474 
Replication289	 0.26106	0.99633	0.95506 	0.95739 	0.95594 	0.95849 	0.95861 	0.95807 
Replication290	 0.23456	0.99663	0.95979 	0.96172 	0.96022 	0.96280 	0.96284 	0.96224 
Replication291	 0.24085	0.99656	0.95835 	0.96073 	0.95948 	0.96169 	0.96185 	0.96143 
Replication292	 0.25064	0.99645	0.95663 	0.95911 	0.95790 	0.96009 	0.96029 	0.95988 
Replication293	 0.20703	0.99694	0.96459 	0.96622 	0.96478 	0.96723 	0.96723 	0.96664 
Replication294	 0.20950	0.99691	0.96436 	0.96583 	0.96420 	0.96691 	0.96685 	0.96616 
Replication295	 0.16630	0.99742	0.97092 	0.97370 	0.97149 	0.97394 	0.97378 	0.97333 
Replication296	 0.24164	0.99655	0.95813 	0.96058 	0.95946 	0.96152 	0.96173 	0.96136 
Replication297	 0.21590	0.99684	0.96283 	0.96477 	0.96349 	0.96573 	0.96582 	0.96533 
Replication298	 0.23592	0.99661	0.95939 	0.96150 	0.96014 	0.96252 	0.96262 	0.96211 
Replication299	 0.28167	0.99611	0.95087 	0.95408 	0.95317 	0.95501 	0.95539 	0.95518 
Replication300	 0.16380	0.99744	0.97139 	0.97406 	0.97191 	0.97433 	0.97418 	0.97372 
Replication301	 0.19845	0.99704	0.96556 	0.96804 	0.96630 	0.96864 	0.96863 	0.96817 
Replication302	 0.21813	0.99681	0.96304 	0.96443 	0.96264 	0.96559 	0.96548 	0.96470 
Replication303	 0.16669	0.99739	0.97206 	0.97285 	0.97112 	0.97391 	0.97370 	0.97291 
Replication304	 0.22461	0.99674	0.96118 	0.96335 	0.96218 	0.96429 	0.96443 	0.96402 
Replication305	 0.21008	0.99690	0.96389 	0.96572 	0.96441 	0.96668 	0.96674 	0.96623 
Replication306	 0.21186	0.99688	0.96355 	0.96543 	0.96414 	0.96639 	0.96646 	0.96597 
Replication307	 0.18007	0.99724	0.96967 	0.97066 	0.96894 	0.97173 	0.97156 	0.97079 
Replication308	 0.25138	0.99644	0.95715 	0.95898 	0.95720 	0.96020 	0.96017 	0.95943 
Replication309	 0.01273	0.99919	0.99647 	0.99953 	0.99746 	0.99867 	0.99842 	0.99839 
Replication310	 0.21444	0.99686	0.96325 	0.96519 	0.96337 	0.96611 	0.96604 	0.96539 
Replication311	 0.21411	0.99687	0.96210 	0.96515 	0.96486 	0.96571 	0.96619 	0.96627 
Replication312	 0.21236	0.99689	0.96276 	0.96540 	0.96477 	0.96609 	0.96643 	0.96632 
Replication313	 0.14012	0.99770	0.97563 	0.97718 	0.97640 	0.97781 	0.97793 	0.97766 
Replication314	 0.17031	0.99735	0.97155 	0.97227 	0.97043 	0.97337 	0.97313 	0.97228 
Replication315	 0.26952	0.99624	0.95331 	0.95616 	0.95471 	0.95712 	0.95729 	0.95686 
Replication316	 0.14332	0.99767	0.97452 	0.97701 	0.97610 	0.97729 	0.97745 	0.97737 
Replication317	 0.21649	0.99683	0.96285 	0.96469 	0.96322 	0.96568 	0.96571 	0.96514 
Replication318	 0.19587	0.99707	0.96576 	0.96808 	0.96736 	0.96878 	0.96905 	0.96886 
Replication319	 0.18489	0.99719	0.96784 	0.96986 	0.96900 	0.97060 	0.97079 	0.97051 
Replication320	 0.22545	0.99673	0.96108 	0.96321 	0.96199 	0.96417 	0.96430 	0.96386 
Replication321	 0.27555	0.99617	0.95216 	0.95506 	0.95394 	0.95606 	0.95634 	0.95600 
Replication322	 0.20622	0.99694	0.96463 	0.96634 	0.96496 	0.96732 	0.96734 	0.96680 
Replication323	 0.17842	0.99726	0.96934 	0.97089 	0.96968 	0.97175 	0.97179 	0.97131 
Replication324	 0.16206	0.99744	0.97203 	0.97357 	0.97253 	0.97434 	0.97440 	0.97401 
Replication325	 0.25494	0.99640	0.95709 	0.95844 	0.95621 	0.95985 	0.95964 	0.95865 
Replication326	 0.31851	0.99569	0.94510 	0.94801 	0.94641 	0.94928 	0.94947 	0.94890 
Replication327	 0.12014	0.99793	0.97883 	0.98075 	0.97969 	0.98109 	0.98114 	0.98091 
Replication328	 0.09170	0.99825	0.98392 	0.98524 	0.98481 	0.98565 	0.98580 	0.98569 
Replication329	 0.16411	0.99743	0.97149 	0.97355 	0.97213 	0.97410 	0.97410 	0.97372 
Replication330	 0.26879	0.99624	0.95397 	0.95612 	0.95443 	0.95734 	0.95738 	0.95671 
Replication331	 0.15819	0.99750	0.97252 	0.97450 	0.97312 	0.97505 	0.97505 	0.97466 
Replication332	 0.07993	0.99840	0.98510 	0.98801 	0.98673 	0.98767 	0.98771 	0.98776 
Replication333	 0.09676	0.99821	0.98342 	0.98530 	0.98240 	0.98540 	0.98488 	0.98415 
Replication334	 0.13099	0.99782	0.97686 	0.97946 	0.97753 	0.97955 	0.97942 	0.97908 
Replication335	 0.27123	0.99622	0.95360 	0.95573 	0.95398 	0.95697 	0.95699 	0.95629 
Replication336	 0.24193	0.99654	0.95902 	0.96054 	0.95860 	0.96181 	0.96169 	0.96085 
Replication337	 0.21704	0.99682	0.96271 	0.96458 	0.96323 	0.96557 	0.96563 	0.96511 
Replication338	 0.29552	0.99595	0.94899 	0.95177 	0.95031 	0.95294 	0.95313 	0.95263 
Replication339	 0.19600	0.99707	0.96553 	0.96817 	0.96745 	0.96875 	0.96904 	0.96894 
Replication340	 0.25044	0.99645	0.95681 	0.95913 	0.95778 	0.96017 	0.96031 	0.95982 
Replication341	 0.19247	0.99711	0.96605 	0.96866 	0.96823 	0.96924 	0.96961 	0.96960 
Replication342	 0.17191	0.99735	0.96982 	0.97235 	0.97109 	0.97278 	0.97288 	0.97264 
Replication343	 0.14840	0.99760	0.97425 	0.97582 	0.97498 	0.97650 	0.97661 	0.97631 
Replication344	 0.24463	0.99652	0.95757 	0.96010 	0.95900 	0.96103 	0.96126 	0.96091 
Replication345	 0.29994	0.99591	0.94773 	0.95110 	0.95012 	0.95209 	0.95249 	0.95225 
Replication346	 0.23038	0.99668	0.96002 	0.96242 	0.96139 	0.96331 	0.96353 	0.96320 
Replication347	 0.23736	0.99659	0.95934 	0.96126 	0.95972 	0.96236 	0.96239 	0.96177 
Replication348	 0.14110	0.99769	0.97503 	0.97704 	0.97666 	0.97752 	0.97780 	0.97776 
Replication349	 0.26479	0.99629	0.95401 	0.95681 	0.95573 	0.95778 	0.95805 	0.95773 
Replication350	 0.19938	0.99702	0.96582 	0.96746 	0.96610 	0.96842 	0.96844 	0.96789 
Replication351	 0.24556	0.99651	0.95724 	0.95996 	0.95903 	0.96083 	0.96112 	0.96087 
Replication352	 0.17482	0.99730	0.96996 	0.97148 	0.97029 	0.97233 	0.97236 	0.97189 
Replication353	 0.16987	0.99736	0.97093 	0.97229 	0.97101 	0.97317 	0.97315 	0.97263 
Replication354	 0.10650	0.99810	0.98070 	0.98374 	0.98174 	0.98350 	0.98336 	0.98316 
Replication355	 0.22288	0.99676	0.96157 	0.96363 	0.96238 	0.96459 	0.96471 	0.96424 
Replication356	 0.20507	0.99696	0.96505 	0.96655 	0.96500 	0.96759 	0.96755 	0.96690 
Replication357	 0.24634	0.99650	0.95761 	0.95998 	0.95821 	0.96095 	0.96097 	0.96037 
Replication358	 0.13966	0.99772	0.97530 	0.97811 	0.97609 	0.97818 	0.97805 	0.97771 
Replication359	 0.14050	0.99771	0.97526 	0.97799 	0.97583 	0.97808 	0.97791 	0.97751 
Replication360	 0.16601	0.99740	0.97197 	0.97313 	0.97123 	0.97402 	0.97380 	0.97305 
Replication361	 0.16399	0.99743	0.97144 	0.97339 	0.97238 	0.97401 	0.97412 	0.97383 
Replication362	 0.16678	0.99741	0.97135 	0.97352 	0.97096 	0.97399 	0.97367 	0.97296 
Replication363	 0.21362	0.99686	0.96406 	0.96518 	0.96322 	0.96641 	0.96622 	0.96533 
Replication364	 0.22405	0.99676	0.96066 	0.96350 	0.96291 	0.96420 	0.96458 	0.96450 
Replication365	 0.19798	0.99704	0.96560 	0.96772 	0.96679 	0.96851 	0.96869 	0.96840 
Replication366	 0.14942	0.99759	0.97434 	0.97593 	0.97425 	0.97656 	0.97643 	0.97588 
Replication367	 0.05569	0.99868	0.98947 	0.99192 	0.99051 	0.99161 	0.99154 	0.99148 
Replication368	 0.21343	0.99686	0.96341 	0.96516 	0.96373 	0.96617 	0.96619 	0.96562 
Replication369	 0.22923	0.99669	0.96053 	0.96259 	0.96127 	0.96359 	0.96369 	0.96320 
Replication370	 0.10521	0.99813	0.98040 	0.98419 	0.98226 	0.98365 	0.98360 	0.98360 
Replication371	 0.17550	0.99730	0.96933 	0.97153 	0.97057 	0.97213 	0.97229 	0.97205 
Replication372	 0.23768	0.99660	0.95866 	0.96124 	0.96028 	0.96211 	0.96237 	0.96209 
Replication373	 0.25863	0.99637	0.95467 	0.95786 	0.95720 	0.95865 	0.95908 	0.95899 
Replication374	 0.26234	0.99632	0.95461 	0.95720 	0.95595 	0.95822 	0.95843 	0.95801 
Replication375	 0.23428	0.99664	0.95943 	0.96199 	0.96047 	0.96281 	0.96290 	0.96246 
Replication376	 0.20982	0.99691	0.96440 	0.96597 	0.96391 	0.96699 	0.96681 	0.96601 
Replication377	 0.23826	0.99659	0.95865 	0.96114 	0.96009 	0.96205 	0.96227 	0.96194 
Replication378	 0.17919	0.99726	0.96845 	0.97082 	0.97033 	0.97140 	0.97172 	0.97165 
Replication379	 0.22607	0.99672	0.96133 	0.96311 	0.96158 	0.96419 	0.96419 	0.96357 
Replication380	 0.20207	0.99699	0.96531 	0.96702 	0.96568 	0.96797 	0.96801 	0.96748 
Replication381	 0.08499	0.99835	0.98409 	0.98723 	0.98565 	0.98683 	0.98680 	0.98680 
Replication382	 0.10418	0.99813	0.98131 	0.98401 	0.98201 	0.98389 	0.98372 	0.98344 
Replication383	 0.11111	0.99805	0.98012 	0.98297 	0.98077 	0.98282 	0.98261 	0.98229 
Replication384	 0.17251	0.99733	0.97042 	0.97186 	0.97061 	0.97273 	0.97273 	0.97223 
Replication385	 0.03078	0.99898	0.99325 	0.99662 	0.99454 	0.99575 	0.99554 	0.99555 
Replication386	 0.11458	0.99801	0.97978 	0.98233 	0.98001 	0.98231 	0.98205 	0.98161 
Replication387	 0.13169	0.99780	0.97665 	0.97887 	0.97794 	0.97918 	0.97930 	0.97917 
Replication388	 0.18752	0.99716	0.96738 	0.96943 	0.96857 	0.97018 	0.97037 	0.97009 
Replication389	 0.22998	0.99668	0.96116 	0.96250 	0.96054 	0.96375 	0.96360 	0.96274 
Replication390	 0.17694	0.99728	0.96941 	0.97150 	0.96980 	0.97211 	0.97205 	0.97156 
Replication391	 0.22127	0.99678	0.96188 	0.96389 	0.96262 	0.96486 	0.96496 	0.96448 
Replication392	 0.19155	0.99714	0.96582 	0.96916 	0.96848 	0.96943 	0.96980 	0.96989 
Replication393	 0.24570	0.99651	0.95781 	0.96007 	0.95824 	0.96108 	0.96107 	0.96043 
Replication394	 0.22691	0.99671	0.96080 	0.96298 	0.96178 	0.96392 	0.96407 	0.96364 
Replication395	 0.18850	0.99715	0.96715 	0.96928 	0.96846 	0.97000 	0.97021 	0.96997 
Replication396	 0.14404	0.99767	0.97484 	0.97727 	0.97517 	0.97751 	0.97733 	0.97687 
Replication397	 0.14384	0.99766	0.97459 	0.97659 	0.97617 	0.97709 	0.97736 	0.97730 
Replication398	 0.20420	0.99697	0.96466 	0.96669 	0.96562 	0.96755 	0.96769 	0.96732 
Replication399	 0.24341	0.99653	0.95793 	0.96028 	0.95905 	0.96127 	0.96144 	0.96101 
Replication400	 0.27644	0.99616	0.95262 	0.95487 	0.95318 	0.95610 	0.95616 	0.95550 
Replication401	 0.13015	0.99782	0.97687 	0.97884 	0.97853 	0.97926 	0.97955 	0.97955 
Replication402	 0.16647	0.99740	0.97119 	0.97286 	0.97191 	0.97361 	0.97372 	0.97337 
Replication403	 0.24759	0.99649	0.95667 	0.95965 	0.95892 	0.96045 	0.96082 	0.96069 
Replication404	 0.19376	0.99709	0.96635 	0.96864 	0.96726 	0.96931 	0.96937 	0.96899 
Replication405	 0.18359	0.99722	0.96730 	0.97014 	0.97000 	0.97058 	0.97105 	0.97120 
Replication406	 0.20678	0.99696	0.96400 	0.96680 	0.96494 	0.96732 	0.96731 	0.96688 
Replication407	 0.13600	0.99776	0.97622 	0.97852 	0.97659 	0.97876 	0.97861 	0.97819 
Replication408	 0.20106	0.99701	0.96524 	0.96720 	0.96612 	0.96806 	0.96819 	0.96780 
Replication409	 0.18501	0.99719	0.96797 	0.96983 	0.96883 	0.97063 	0.97076 	0.97040 
Replication410	 0.12034	0.99793	0.97906 	0.98094 	0.97914 	0.98126 	0.98109 	0.98063 
Replication411	 0.26501	0.99629	0.95449 	0.95674 	0.95517 	0.95790 	0.95798 	0.95738 
Replication412	 0.19254	0.99712	0.96634 	0.96913 	0.96744 	0.96957 	0.96959 	0.96924 
Replication413	 0.24095	0.99656	0.95922 	0.96070 	0.95875 	0.96198 	0.96185 	0.96100 
Replication414	 0.14097	0.99769	0.97523 	0.97740 	0.97617 	0.97777 	0.97781 	0.97756 
Replication415	 0.21347	0.99686	0.96330 	0.96517 	0.96385 	0.96614 	0.96620 	0.96570 
Replication416	 0.18737	0.99717	0.96709 	0.96948 	0.96891 	0.97011 	0.97041 	0.97031 
Replication417	 0.22457	0.99674	0.96096 	0.96338 	0.96241 	0.96423 	0.96446 	0.96416 
Replication418	 0.11968	0.99794	0.97884 	0.98091 	0.97976 	0.98118 	0.98122 	0.98100 
Replication419	 0.25475	0.99640	0.95655 	0.95843 	0.95665 	0.95965 	0.95963 	0.95889 
Replication420	 0.04040	0.99887	0.99174 	0.99492 	0.99292 	0.99419 	0.99400 	0.99397 
Replication421	 0.20729	0.99694	0.96382 	0.96621 	0.96542 	0.96696 	0.96722 	0.96701 
Replication422	 0.17197	0.99734	0.97061 	0.97233 	0.97027 	0.97304 	0.97283 	0.97215 
Replication423	 0.17302	0.99732	0.96995 	0.97180 	0.97092 	0.97253 	0.97268 	0.97238 
Replication424	 0.18340	0.99721	0.96824 	0.97010 	0.96911 	0.97088 	0.97101 	0.97066 
Replication425	 0.16346	0.99743	0.97157 	0.97336 	0.97254 	0.97405 	0.97420 	0.97393 
Replication426	 0.12961	0.99785	0.97746 	0.98016 	0.97700 	0.98014 	0.97966 	0.97897 
Replication427	 0.17244	0.99733	0.96993 	0.97190 	0.97113 	0.97258 	0.97278 	0.97255 
Replication428	 0.13199	0.99782	0.97585 	0.97957 	0.97798 	0.97925 	0.97932 	0.97935 
Replication429	 0.03254	0.99895	0.99374 	0.99596 	0.99383 	0.99555 	0.99522 	0.99494 
Replication430	 0.25677	0.99638	0.95547 	0.95812 	0.95699 	0.95908 	0.95932 	0.95897 
Replication431	 0.24429	0.99652	0.95755 	0.96016 	0.95914 	0.96106 	0.96132 	0.96101 
Replication432	 0.14811	0.99762	0.97435 	0.97646 	0.97437 	0.97686 	0.97665 	0.97610 
Replication433	 0.18977	0.99713	0.96703 	0.96906 	0.96815 	0.96983 	0.97000 	0.96971 
Replication434	 0.17991	0.99725	0.96872 	0.97100 	0.96949 	0.97157 	0.97158 	0.97119 
Replication435	 0.14866	0.99760	0.97408 	0.97600 	0.97484 	0.97652 	0.97657 	0.97626 
Replication436	 0.14058	0.99769	0.97555 	0.97726 	0.97617 	0.97782 	0.97786 	0.97754 
Replication437	 0.24507	0.99651	0.95822 	0.96001 	0.95827 	0.96120 	0.96117 	0.96045 
Replication438	 0.23782	0.99659	0.95948 	0.96120 	0.95947 	0.96237 	0.96233 	0.96161 
Replication439	 0.10205	0.99816	0.98149 	0.98451 	0.98242 	0.98424 	0.98407 	0.98384 
Replication440	 0.18610	0.99719	0.96716 	0.96993 	0.96905 	0.97038 	0.97063 	0.97053 
Replication441	 0.20699	0.99694	0.96433 	0.96638 	0.96487 	0.96722 	0.96724 	0.96674 
Replication442	 0.18060	0.99724	0.96830 	0.97066 	0.96992 	0.97124 	0.97149 	0.97135 
Replication443	 0.14998	0.99758	0.97404 	0.97555 	0.97462 	0.97625 	0.97633 	0.97599 
Replication444	 0.24155	0.99655	0.95818 	0.96059 	0.95944 	0.96155 	0.96174 	0.96135 
Replication445	 0.19623	0.99706	0.96633 	0.96797 	0.96666 	0.96891 	0.96894 	0.96842 
Replication446	 0.22203	0.99677	0.96261 	0.96381 	0.96182 	0.96506 	0.96488 	0.96399 
Replication447	 0.19911	0.99703	0.96575 	0.96750 	0.96624 	0.96842 	0.96848 	0.96799 
Replication448	 0.18647	0.99718	0.96749 	0.97018 	0.96828 	0.97061 	0.97055 	0.97013 
Replication449	 0.16691	0.99739	0.97134 	0.97277 	0.97160 	0.97361 	0.97363 	0.97316 
Replication450	 0.14774	0.99763	0.97421 	0.97686 	0.97438 	0.97702 	0.97675 	0.97622 
Replication451	 0.24115	0.99655	0.95891 	0.96065 	0.95891 	0.96183 	0.96180 	0.96107 
Replication452	 0.18471	0.99719	0.96812 	0.96988 	0.96879 	0.97071 	0.97080 	0.97039 
Replication453	 0.22966	0.99669	0.96020 	0.96254 	0.96145 	0.96344 	0.96364 	0.96328 
Replication454	 0.14805	0.99761	0.97461 	0.97605 	0.97455 	0.97674 	0.97664 	0.97612 
Replication455	 0.16064	0.99746	0.97260 	0.97392 	0.97237 	0.97474 	0.97463 	0.97403 
Replication456	 0.22356	0.99675	0.96137 	0.96353 	0.96235 	0.96446 	0.96460 	0.96418 
Replication457	 0.16248	0.99746	0.97143 	0.97405 	0.97253 	0.97437 	0.97439 	0.97411 
Replication458	 0.15547	0.99752	0.97329 	0.97465 	0.97353 	0.97544 	0.97546 	0.97501 
Replication459	 0.20939	0.99691	0.96437 	0.96584 	0.96423 	0.96693 	0.96686 	0.96618 
Replication460	 0.11557	0.99800	0.97939 	0.98208 	0.98013 	0.98204 	0.98189 	0.98160 
Replication461	 0.23147	0.99666	0.96008 	0.96223 	0.96095 	0.96321 	0.96333 	0.96287 
Replication462	 0.14920	0.99761	0.97367 	0.97635 	0.97466 	0.97655 	0.97651 	0.97623 
Replication463	 0.21390	0.99686	0.96299 	0.96511 	0.96401 	0.96599 	0.96615 	0.96576 
Replication464	 0.24207	0.99654	0.95861 	0.96049 	0.95887 	0.96164 	0.96164 	0.96098 
Replication465	 0.13307	0.99780	0.97628 	0.97933 	0.97722 	0.97925 	0.97911 	0.97882 
Replication466	 0.21161	0.99688	0.96377 	0.96547 	0.96403 	0.96649 	0.96650 	0.96592 
Replication467	 0.22514	0.99673	0.96155 	0.96326 	0.96168 	0.96436 	0.96434 	0.96369 
Replication468	 0.20700	0.99694	0.96410 	0.96624 	0.96524 	0.96708 	0.96725 	0.96692 
Replication469	 0.22154	0.99678	0.96144 	0.96388 	0.96297 	0.96470 	0.96495 	0.96468 
Replication470	 0.19099	0.99712	0.96784 	0.96887 	0.96709 	0.96999 	0.96982 	0.96902 
Replication471	 0.20451	0.99697	0.96454 	0.96665 	0.96564 	0.96748 	0.96765 	0.96731 
Replication472	 0.17748	0.99727	0.96961 	0.97125 	0.96955 	0.97205 	0.97194 	0.97134 
Replication473	 0.21703	0.99682	0.96302 	0.96459 	0.96298 	0.96569 	0.96564 	0.96496 
Replication474	 0.22577	0.99673	0.96066 	0.96319 	0.96232 	0.96400 	0.96428 	0.96404 
Replication475	 0.21929	0.99680	0.96241 	0.96422 	0.96278 	0.96524 	0.96527 	0.96470 
Replication476	 0.12039	0.99793	0.97865 	0.98097 	0.97954 	0.98113 	0.98111 	0.98087 
Replication477	 0.26775	0.99626	0.95388 	0.95630 	0.95485 	0.95741 	0.95755 	0.95702 
Replication478	 0.20010	0.99702	0.96628 	0.96771 	0.96526 	0.96870 	0.96838 	0.96745 
Replication479	 0.18853	0.99714	0.96767 	0.96923 	0.96793 	0.97015 	0.97017 	0.96965 
Replication480	 0.20882	0.99691	0.96419 	0.96591 	0.96451 	0.96691 	0.96693 	0.96637 
Replication481	 0.11921	0.99795	0.97877 	0.98135 	0.97964 	0.98139 	0.98131 	0.98105 
Replication482	 0.11713	0.99797	0.97894 	0.98098 	0.98087 	0.98130 	0.98164 	0.98174 
Replication483	 0.13903	0.99771	0.97597 	0.97780 	0.97598 	0.97826 	0.97809 	0.97758 
Replication484	 0.20097	0.99701	0.96520 	0.96722 	0.96618 	0.96806 	0.96821 	0.96785 
Replication485	 0.18254	0.99722	0.96809 	0.97026 	0.96954 	0.97093 	0.97117 	0.97098 
Replication486	 0.19775	0.99705	0.96555 	0.96776 	0.96692 	0.96852 	0.96874 	0.96849 
Replication487	 0.11817	0.99797	0.97887 	0.98160 	0.97983 	0.98157 	0.98148 	0.98125 
Replication488	 0.20660	0.99695	0.96415 	0.96631 	0.96532 	0.96714 	0.96732 	0.96699 
Replication489	 0.16926	0.99738	0.97115 	0.97316 	0.97032 	0.97369 	0.97328 	0.97244 
Replication490	 0.25431	0.99640	0.95671 	0.95850 	0.95666 	0.95975 	0.95970 	0.95893 
Replication491	 0.09832	0.99818	0.98374 	0.98469 	0.98203 	0.98518 	0.98464 	0.98375 
Replication492	 0.26197	0.99632	0.95478 	0.95725 	0.95591 	0.95831 	0.95848 	0.95800 
Replication493	 0.24492	0.99651	0.95757 	0.96004 	0.95890 	0.96100 	0.96121 	0.96083 
Replication494	 0.25662	0.99638	0.95635 	0.95813 	0.95625 	0.95940 	0.95934 	0.95855 
Replication495	 0.17261	0.99732	0.97056 	0.97184 	0.97047 	0.97276 	0.97272 	0.97214 
Replication496	 0.20951	0.99691	0.96394 	0.96584 	0.96453 	0.96677 	0.96684 	0.96635 
Replication497	 0.23011	0.99669	0.95958 	0.96251 	0.96194 	0.96322 	0.96362 	0.96355 
Replication498	 0.24577	0.99650	0.95755 	0.95990 	0.95863 	0.96090 	0.96106 	0.96061 
Replication499	 0.11767	0.99796	0.97926 	0.98118 	0.98007 	0.98150 	0.98153 	0.98130 
Replication500	 0.17361	0.99732	0.96967 	0.97171 	0.97099 	0.97238 	0.97259 	0.97239 
Replication501	 0.15304	0.99755	0.97320 	0.97508 	0.97444 	0.97567 	0.97588 	0.97571 
Replication502	 0.18968	0.99714	0.96697 	0.96925 	0.96808 	0.96991 	0.97003 	0.96971 
Replication503	 0.18839	0.99716	0.96663 	0.96934 	0.96904 	0.96986 	0.97027 	0.97033 
Replication504	 0.20234	0.99700	0.96457 	0.96703 	0.96635 	0.96772 	0.96802 	0.96787 
Replication505	 0.18912	0.99714	0.96768 	0.96914 	0.96774 	0.97010 	0.97008 	0.96950 
Replication506	 0.17630	0.99729	0.96940 	0.97126 	0.97035 	0.97201 	0.97215 	0.97184 
Replication507	 0.14490	0.99765	0.97498 	0.97702 	0.97481 	0.97742 	0.97716 	0.97657 
Replication508	 0.20446	0.99696	0.96484 	0.96662 	0.96534 	0.96757 	0.96762 	0.96712 
Replication509	 0.26667	0.99627	0.95412 	0.95647 	0.95497 	0.95761 	0.95772 	0.95716 
Replication510	 0.28280	0.99609	0.95164 	0.95384 	0.95203 	0.95513 	0.95515 	0.95443 
Replication511	 0.19203	0.99711	0.96645 	0.96871 	0.96797 	0.96941 	0.96966 	0.96946 
Replication512	 0.23353	0.99664	0.95972 	0.96189 	0.96062 	0.96288 	0.96301 	0.96254 
Replication513	 0.18129	0.99723	0.96934 	0.97045 	0.96883 	0.97148 	0.97136 	0.97064 
Replication514	 0.17829	0.99728	0.96793 	0.97103 	0.97118 	0.97135 	0.97193 	0.97223 
Replication515	 0.18262	0.99721	0.96917 	0.97023 	0.96857 	0.97129 	0.97115 	0.97041 
Replication516	 0.16656	0.99740	0.97099 	0.97312 	0.97182 	0.97367 	0.97372 	0.97338 
Replication517	 0.26714	0.99626	0.95399 	0.95640 	0.95494 	0.95751 	0.95765 	0.95711 
Replication518	 0.23639	0.99662	0.95866 	0.96147 	0.96072 	0.96225 	0.96260 	0.96244 
Replication519	 0.25762	0.99637	0.95551 	0.95796 	0.95665 	0.95900 	0.95917 	0.95871 
Replication520	 0.17782	0.99727	0.96898 	0.97102 	0.97025 	0.97171 	0.97192 	0.97169 
Replication521	 0.25891	0.99635	0.95588 	0.95775 	0.95593 	0.95900 	0.95897 	0.95821 
Replication522	 0.09884	0.99820	0.98156 	0.98497 	0.98349 	0.98456 	0.98460 	0.98466 
Replication523	 0.18443	0.99719	0.96839 	0.96990 	0.96860 	0.97082 	0.97083 	0.97030 
Replication524	 0.24254	0.99654	0.95877 	0.96043 	0.95861 	0.96165 	0.96158 	0.96081 
Replication525	 0.15824	0.99750	0.97244 	0.97463 	0.97305 	0.97509 	0.97505 	0.97466 
Replication526	 0.22005	0.99679	0.96179 	0.96411 	0.96312 	0.96497 	0.96518 	0.96486 
Replication527	 0.15621	0.99751	0.97321 	0.97455 	0.97335 	0.97535 	0.97534 	0.97486 
Replication528	 0.23840	0.99659	0.95860 	0.96112 	0.96009 	0.96202 	0.96225 	0.96193 
Replication529	 0.24214	0.99654	0.95834 	0.96048 	0.95908 	0.96153 	0.96163 	0.96110 
Replication530	 0.11538	0.99800	0.97945 	0.98207 	0.98018 	0.98206 	0.98192 	0.98163 
Replication531	 0.24247	0.99655	0.95773 	0.96059 	0.95947 	0.96137 	0.96162 	0.96135 
Replication532	 0.27323	0.99621	0.95216 	0.95548 	0.95476 	0.95632 	0.95676 	0.95665 
Replication533	 0.12639	0.99786	0.97796 	0.97987 	0.97830 	0.98023 	0.98013 	0.97974 
Replication534	 0.24647	0.99651	0.95676 	0.95985 	0.95923 	0.96059 	0.96101 	0.96094 
Replication535	 0.20232	0.99699	0.96524 	0.96698 	0.96567 	0.96792 	0.96797 	0.96745 
Replication536	 0.20324	0.99699	0.96453 	0.96716 	0.96581 	0.96776 	0.96787 	0.96756 
Replication537	 0.07870	0.99841	0.98588 	0.98775 	0.98681 	0.98783 	0.98788 	0.98777 
Replication538	 0.22106	0.99679	0.96171 	0.96412 	0.96269 	0.96492 	0.96501 	0.96459 
Replication539	 0.19957	0.99703	0.96526 	0.96747 	0.96660 	0.96823 	0.96845 	0.96819 
Replication540	 0.15901	0.99750	0.97199 	0.97468 	0.97308 	0.97494 	0.97495 	0.97467 
Replication541	 0.15033	0.99760	0.97283 	0.97606 	0.97527 	0.97609 	0.97637 	0.97649 
Replication542	 0.16478	0.99742	0.97137 	0.97352 	0.97194 	0.97403 	0.97400 	0.97359 
Replication543	 0.28111	0.99611	0.95203 	0.95412 	0.95223 	0.95544 	0.95543 	0.95465 
Replication544	 0.19229	0.99711	0.96659 	0.96865 	0.96774 	0.96942 	0.96960 	0.96931 
Replication545	 0.23630	0.99661	0.95958 	0.96144 	0.95985 	0.96255 	0.96256 	0.96192 
Replication546	 0.24360	0.99653	0.95807 	0.96024 	0.95885 	0.96129 	0.96140 	0.96087 
Replication547	 0.20568	0.99696	0.96433 	0.96646 	0.96546 	0.96729 	0.96746 	0.96713 
Replication548	 0.18033	0.99725	0.96858 	0.97077 	0.96965 	0.97140 	0.97152 	0.97122 
Replication549	 0.20661	0.99694	0.96467 	0.96629 	0.96484 	0.96730 	0.96730 	0.96670 
Replication550	 0.18472	0.99721	0.96781 	0.97072 	0.96833 	0.97102 	0.97084 	0.97033 
Replication551	 0.12271	0.99791	0.97805 	0.98082 	0.97914 	0.98081 	0.98076 	0.98055 
Replication552	 0.10857	0.99808	0.98016 	0.98320 	0.98176 	0.98300 	0.98303 	0.98299 
Replication553	 0.13395	0.99778	0.97622 	0.97877 	0.97735 	0.97893 	0.97895 	0.97875 
Replication554	 0.21452	0.99687	0.96337 	0.96559 	0.96293 	0.96635 	0.96606 	0.96523 
Replication555	 0.19875	0.99704	0.96536 	0.96760 	0.96678 	0.96835 	0.96858 	0.96834 
Replication556	 0.22982	0.99668	0.96064 	0.96249 	0.96098 	0.96357 	0.96359 	0.96299 
Replication557	 0.19332	0.99710	0.96649 	0.96884 	0.96715 	0.96946 	0.96944 	0.96898 
Replication558	 0.08293	0.99837	0.98479 	0.98770 	0.98590 	0.98735 	0.98724 	0.98712 
Replication559	 0.15382	0.99754	0.97308 	0.97495 	0.97430 	0.97555 	0.97575 	0.97557 
Replication560	 0.18794	0.99717	0.96676 	0.96962 	0.96885 	0.97005 	0.97034 	0.97029 
Replication561	 0.22293	0.99677	0.96092 	0.96368 	0.96303 	0.96440 	0.96475 	0.96464 
Replication562	 0.23189	0.99666	0.95997 	0.96216 	0.96092 	0.96313 	0.96327 	0.96282 
Replication563	 0.15557	0.99753	0.97278 	0.97515 	0.97353 	0.97552 	0.97548 	0.97513 
Replication564	 0.08028	0.99840	0.98597 	0.98795 	0.98583 	0.98793 	0.98764 	0.98720 
Replication565	 0.13990	0.99770	0.97620 	0.97738 	0.97577 	0.97811 	0.97795 	0.97735 
Replication566	 0.20049	0.99701	0.96536 	0.96730 	0.96619 	0.96816 	0.96828 	0.96788 
Replication567	 0.26541	0.99628	0.95418 	0.95669 	0.95533 	0.95776 	0.95793 	0.95745 
Replication568	 0.19110	0.99712	0.96719 	0.96881 	0.96753 	0.96973 	0.96976 	0.96925 
Replication569	 0.26282	0.99632	0.95428 	0.95714 	0.95614 	0.95807 	0.95837 	0.95810 
Replication570	 0.18739	0.99719	0.96666 	0.97029 	0.96862 	0.97037 	0.97046 	0.97034 
Replication571	 0.21366	0.99687	0.96283 	0.96516 	0.96424 	0.96597 	0.96620 	0.96592 
Replication572	 0.13280	0.99779	0.97622 	0.97842 	0.97828 	0.97878 	0.97914 	0.97924 
Replication573	 0.21150	0.99689	0.96321 	0.96552 	0.96461 	0.96632 	0.96654 	0.96627 
Replication574	 0.14775	0.99761	0.97436 	0.97622 	0.97481 	0.97674 	0.97671 	0.97632 
Replication575	 0.21109	0.99690	0.96312 	0.96559 	0.96484 	0.96634 	0.96662 	0.96643 
Replication576	 0.21053	0.99691	0.96319 	0.96609 	0.96457 	0.96662 	0.96672 	0.96641 
Replication577	 0.19101	0.99713	0.96817 	0.96920 	0.96657 	0.97027 	0.96985 	0.96879 
Replication578	 0.16018	0.99747	0.97181 	0.97392 	0.97341 	0.97448 	0.97475 	0.97465 
Replication579	 0.21722	0.99682	0.96305 	0.96456 	0.96290 	0.96568 	0.96561 	0.96491 
Replication580	 0.16794	0.99738	0.97157 	0.97263 	0.97112 	0.97360 	0.97349 	0.97282 
Replication581	 0.18571	0.99718	0.96753 	0.96974 	0.96904 	0.97042 	0.97067 	0.97049 
Replication582	 0.16574	0.99742	0.97128 	0.97357 	0.97151 	0.97401 	0.97385 	0.97332 
Replication583	 0.16350	0.99743	0.97192 	0.97333 	0.97217 	0.97415 	0.97417 	0.97371 
Replication584	 0.22164	0.99677	0.96216 	0.96383 	0.96225 	0.96492 	0.96490 	0.96425 
Replication585	 0.21498	0.99686	0.96296 	0.96531 	0.96331 	0.96606 	0.96598 	0.96538 
Replication586	 0.10847	0.99807	0.98121 	0.98307 	0.98087 	0.98329 	0.98299 	0.98244 
Replication587	 0.22690	0.99671	0.96179 	0.96301 	0.96099 	0.96429 	0.96410 	0.96320 
Replication588	 0.20326	0.99698	0.96466 	0.96686 	0.96595 	0.96765 	0.96786 	0.96757 
Replication589	 0.17068	0.99736	0.97019 	0.97241 	0.97126 	0.97296 	0.97306 	0.97278 
Replication590	 0.17122	0.99734	0.97063 	0.97228 	0.97064 	0.97303 	0.97294 	0.97237 
Replication591	 0.20626	0.99696	0.96346 	0.96643 	0.96616 	0.96697 	0.96744 	0.96752 
Replication592	 0.15462	0.99755	0.97240 	0.97523 	0.97434 	0.97545 	0.97566 	0.97564 
Replication593	 0.12494	0.99788	0.97794 	0.98036 	0.97859 	0.98049 	0.98038 	0.98006 
Replication594	 0.05830	0.99866	0.98916 	0.99187 	0.98964 	0.99142 	0.99114 	0.99089 
Replication595	 0.22253	0.99676	0.96197 	0.96369 	0.96214 	0.96476 	0.96476 	0.96413 
Replication596	 0.14103	0.99770	0.97518 	0.97782 	0.97579 	0.97797 	0.97782 	0.97744 
Replication597	 0.19284	0.99710	0.96689 	0.96853 	0.96724 	0.96945 	0.96948 	0.96897 
Replication598	 0.24499	0.99651	0.95815 	0.96002 	0.95834 	0.96118 	0.96118 	0.96049 
Replication599	 0.21787	0.99681	0.96282 	0.96445 	0.96288 	0.96553 	0.96550 	0.96485 
Replication600	 0.23075	0.99667	0.96057 	0.96234 	0.96075 	0.96345 	0.96345 	0.96280 
Replication601	 0.19638	0.99706	0.96602 	0.96797 	0.96692 	0.96881 	0.96894 	0.96857 
Replication602	 0.11219	0.99804	0.98000 	0.98282 	0.98051 	0.98269 	0.98244 	0.98208 
Replication603	 0.20420	0.99699	0.96393 	0.96694 	0.96620 	0.96742 	0.96776 	0.96772 
Replication604	 0.19171	0.99711	0.96666 	0.96875 	0.96787 	0.96951 	0.96970 	0.96942 
Replication605	 0.14727	0.99763	0.97419 	0.97665 	0.97482 	0.97691 	0.97681 	0.97643 
Replication606	 0.04409	0.99881	0.99147 	0.99371 	0.99248 	0.99341 	0.99337 	0.99334 
Replication607	 0.08037	0.99839	0.98640 	0.98749 	0.98580 	0.98785 	0.98760 	0.98708 
Replication608	 0.20564	0.99697	0.96344 	0.96670 	0.96625 	0.96711 	0.96755 	0.96766 
Replication609	 0.22551	0.99673	0.96124 	0.96320 	0.96182 	0.96421 	0.96428 	0.96375 
Replication610	 0.14786	0.99761	0.97471 	0.97606 	0.97455 	0.97678 	0.97668 	0.97612 
Replication611	 0.17495	0.99730	0.96975 	0.97148 	0.97047 	0.97226 	0.97236 	0.97199 
Replication612	 0.20863	0.99692	0.96369 	0.96599 	0.96509 	0.96678 	0.96700 	0.96673 
Replication613	 0.11430	0.99800	0.98054 	0.98195 	0.97977 	0.98239 	0.98206 	0.98139 
Replication614	 0.11874	0.99796	0.97937 	0.98153 	0.97908 	0.98169 	0.98135 	0.98078 
Replication615	 0.14412	0.99766	0.97445 	0.97696 	0.97581 	0.97722 	0.97732 	0.97717 
Replication616	 0.21941	0.99680	0.96199 	0.96421 	0.96313 	0.96510 	0.96527 	0.96491 
Replication617	 0.18801	0.99715	0.96735 	0.96935 	0.96843 	0.97012 	0.97028 	0.96998 
Replication618	 0.20920	0.99693	0.96455 	0.96645 	0.96364 	0.96729 	0.96692 	0.96599 
Replication619	 0.19661	0.99705	0.96635 	0.96791 	0.96652 	0.96888 	0.96888 	0.96831 
Replication620	 0.18384	0.99720	0.96825 	0.97002 	0.96895 	0.97084 	0.97094 	0.97054 
Replication621	 0.20259	0.99699	0.96497 	0.96695 	0.96587 	0.96782 	0.96795 	0.96756 
Replication622	 0.06782	0.99855	0.98788 	0.99033 	0.98779 	0.99002 	0.98963 	0.98921 
Replication623	 0.15283	0.99755	0.97402 	0.97508 	0.97374 	0.97596 	0.97588 	0.97530 
Replication624	 0.16347	0.99743	0.97199 	0.97334 	0.97212 	0.97418 	0.97418 	0.97368 
Replication625	 0.22191	0.99677	0.96203 	0.96379 	0.96228 	0.96485 	0.96486 	0.96424 
Replication626	 0.15553	0.99752	0.97369 	0.97466 	0.97321 	0.97559 	0.97547 	0.97482 
Replication627	 0.15840	0.99750	0.97215 	0.97481 	0.97310 	0.97508 	0.97504 	0.97473 
Replication628	 0.10504	0.99813	0.98109 	0.98423 	0.98164 	0.98390 	0.98360 	0.98325 
Replication629	 0.21637	0.99683	0.96268 	0.96470 	0.96348 	0.96563 	0.96574 	0.96530 
Replication630	 0.19844	0.99703	0.96622 	0.96763 	0.96609 	0.96867 	0.96861 	0.96795 
Replication631	 0.14792	0.99762	0.97399 	0.97625 	0.97507 	0.97663 	0.97670 	0.97647 
Replication632	 0.20695	0.99694	0.96486 	0.96625 	0.96459 	0.96734 	0.96726 	0.96654 
Replication633	 0.15236	0.99757	0.97313 	0.97573 	0.97424 	0.97599 	0.97601 	0.97575 
Replication634	 0.18144	0.99724	0.96761 	0.97049 	0.97042 	0.97091 	0.97140 	0.97158 
Replication635	 0.20129	0.99701	0.96485 	0.96719 	0.96643 	0.96792 	0.96818 	0.96798 
Replication636	 0.23226	0.99666	0.95981 	0.96211 	0.96096 	0.96304 	0.96322 	0.96283 
Replication637	 0.19178	0.99711	0.96676 	0.96873 	0.96774 	0.96953 	0.96968 	0.96934 
Replication638	 0.16559	0.99741	0.97129 	0.97301 	0.97210 	0.97374 	0.97386 	0.97354 
Replication639	 0.22227	0.99676	0.96197 	0.96373 	0.96222 	0.96479 	0.96480 	0.96419 
Replication640	 0.21544	0.99685	0.96258 	0.96487 	0.96389 	0.96570 	0.96591 	0.96560 
Replication641	 0.24650	0.99649	0.95783 	0.95978 	0.95813 	0.96092 	0.96094 	0.96028 
Replication642	 0.13791	0.99773	0.97587 	0.97784 	0.97662 	0.97827 	0.97829 	0.97800 
Replication643	 0.21441	0.99686	0.96247 	0.96506 	0.96436 	0.96578 	0.96610 	0.96595 
Replication644	 0.16193	0.99745	0.97145 	0.97364 	0.97317 	0.97418 	0.97447 	0.97441 
Replication645	 0.09756	0.99820	0.98198 	0.98483 	0.98382 	0.98466 	0.98479 	0.98485 
Replication646	 0.18437	0.99719	0.96868 	0.96994 	0.96841 	0.97094 	0.97086 	0.97020 
Replication647	 0.17345	0.99731	0.97034 	0.97170 	0.97039 	0.97260 	0.97258 	0.97204 
Replication648	 0.19697	0.99705	0.96637 	0.96787 	0.96642 	0.96887 	0.96884 	0.96824 
Replication649	 0.20186	0.99699	0.96593 	0.96709 	0.96529 	0.96824 	0.96808 	0.96728 
Replication650	 0.12919	0.99782	0.97730 	0.97898 	0.97844 	0.97950 	0.97969 	0.97955 
Replication651	 0.19786	0.99704	0.96610 	0.96771 	0.96634 	0.96867 	0.96868 	0.96813 
Replication652	 0.14107	0.99768	0.97572 	0.97701 	0.97599 	0.97774 	0.97776 	0.97735 
Replication653	 0.22420	0.99674	0.96196 	0.96343 	0.96165 	0.96460 	0.96451 	0.96374 
Replication654	 0.11662	0.99797	0.97945 	0.98141 	0.98018 	0.98170 	0.98170 	0.98145 
Replication655	 0.27131	0.99622	0.95320 	0.95572 	0.95432 	0.95682 	0.95699 	0.95648 
Replication656	 0.19609	0.99706	0.96657 	0.96801 	0.96653 	0.96902 	0.96898 	0.96836 
Replication657	 0.18292	0.99721	0.96918 	0.97019 	0.96847 	0.97127 	0.97110 	0.97033 
Replication658	 0.16364	0.99743	0.97232 	0.97333 	0.97183 	0.97429 	0.97417 	0.97351 
Replication659	 0.17805	0.99728	0.96904 	0.97142 	0.96970 	0.97193 	0.97189 	0.97146 
Replication660	 0.18905	0.99714	0.96793 	0.96917 	0.96759 	0.97021 	0.97011 	0.96943 
Replication661	 0.13476	0.99776	0.97660 	0.97825 	0.97701 	0.97879 	0.97877 	0.97840 
Replication662	 0.19117	0.99712	0.96708 	0.96910 	0.96736 	0.96984 	0.96977 	0.96922 
Replication663	 0.25345	0.99642	0.95644 	0.95863 	0.95715 	0.95974 	0.95983 	0.95926 
Replication664	 0.20846	0.99692	0.96449 	0.96599 	0.96442 	0.96706 	0.96701 	0.96635 
Replication665	 0.17437	0.99732	0.96899 	0.97163 	0.97142 	0.97209 	0.97251 	0.97261 
Replication666	 0.22001	0.99679	0.96230 	0.96410 	0.96265 	0.96513 	0.96516 	0.96458 
Replication667	 0.18999	0.99713	0.96722 	0.96901 	0.96790 	0.96986 	0.96996 	0.96954 
Replication668	 0.23482	0.99662	0.96044 	0.96172 	0.95965 	0.96302 	0.96284 	0.96192 
Replication669	 0.18017	0.99725	0.96901 	0.97125 	0.96882 	0.97179 	0.97153 	0.97085 
Replication670	 0.24118	0.99656	0.95828 	0.96065 	0.95946 	0.96162 	0.96180 	0.96139 
Replication671	 0.22087	0.99678	0.96170 	0.96398 	0.96293 	0.96485 	0.96504 	0.96470 
Replication672	 0.24502	0.99652	0.95745 	0.96004 	0.95899 	0.96095 	0.96120 	0.96088 
Replication673	 0.23428	0.99664	0.95981 	0.96207 	0.96001 	0.96298 	0.96289 	0.96221 
Replication674	 0.24954	0.99646	0.95759 	0.95929 	0.95742 	0.96054 	0.96047 	0.95967 
Replication675	 0.16942	0.99736	0.97081 	0.97236 	0.97126 	0.97317 	0.97323 	0.97280 
Replication676	 0.26673	0.99627	0.95531 	0.95654 	0.95407 	0.95806 	0.95779 	0.95667 
Replication677	 0.21749	0.99682	0.96313 	0.96453 	0.96276 	0.96569 	0.96558 	0.96481 
Replication678	 0.23156	0.99666	0.95985 	0.96223 	0.96116 	0.96313 	0.96334 	0.96299 
Replication679	 0.13060	0.99780	0.97756 	0.97872 	0.97771 	0.97943 	0.97943 	0.97902 
Replication680	 0.14987	0.99758	0.97477 	0.97559 	0.97407 	0.97653 	0.97638 	0.97569 
Replication681	 0.16112	0.99746	0.97193 	0.97375 	0.97297 	0.97442 	0.97458 	0.97433 
Replication682	 0.18420	0.99719	0.96847 	0.96994 	0.96861 	0.97087 	0.97086 	0.97032 
Replication683	 0.14368	0.99768	0.97456 	0.97740 	0.97551 	0.97749 	0.97740 	0.97711 
Replication684	 0.20053	0.99701	0.96651 	0.96734 	0.96527 	0.96859 	0.96832 	0.96736 
Replication685	 0.19274	0.99710	0.96637 	0.96859 	0.96781 	0.96931 	0.96954 	0.96932 
Replication686	 0.19357	0.99709	0.96703 	0.96843 	0.96693 	0.96944 	0.96939 	0.96875 
Replication687	 0.10468	0.99812	0.98103 	0.98385 	0.98220 	0.98370 	0.98364 	0.98350 
Replication688	 0.15582	0.99752	0.97305 	0.97474 	0.97348 	0.97540 	0.97540 	0.97499 
Replication689	 0.14873	0.99761	0.97425 	0.97650 	0.97418 	0.97683 	0.97657 	0.97599 
Replication690	 0.12745	0.99787	0.97723 	0.98043 	0.97802 	0.98024 	0.98002 	0.97969 
Replication691	 0.19052	0.99713	0.96698 	0.96893 	0.96795 	0.96973 	0.96988 	0.96954 
Replication692	 0.22440	0.99674	0.96122 	0.96342 	0.96218 	0.96434 	0.96447 	0.96404 
Replication693	 0.19393	0.99709	0.96709 	0.96877 	0.96641 	0.96963 	0.96935 	0.96852 
Replication694	 0.14073	0.99773	0.97457 	0.97840 	0.97607 	0.97805 	0.97793 	0.97775 
Replication695	 0.00665	0.99933	0.99805 	1.00156 	0.99995 	1.00047 	1.00038 	1.00063 
Replication696	 0.07680	0.99844	0.98607 	0.98862 	0.98675 	0.98837 	0.98820 	0.98799 
Replication697	 0.20228	0.99700	0.96466 	0.96703 	0.96628 	0.96776 	0.96802 	0.96783 
Replication698	 0.21648	0.99684	0.96223 	0.96471 	0.96390 	0.96549 	0.96576 	0.96554 
Replication699	 0.24658	0.99649	0.95796 	0.95976 	0.95802 	0.96096 	0.96093 	0.96020 
Replication700	 0.18071	0.99724	0.97000 	0.97058 	0.96852 	0.97179 	0.97149 	0.97052 
Replication701	 0.20085	0.99702	0.96498 	0.96747 	0.96625 	0.96811 	0.96825 	0.96795 
Replication702	 0.23689	0.99660	0.95945 	0.96134 	0.95978 	0.96244 	0.96247 	0.96184 
Replication703	 0.16524	0.99741	0.97144 	0.97312 	0.97201 	0.97385 	0.97391 	0.97352 
Replication704	 0.25868	0.99636	0.95574 	0.95778 	0.95610 	0.95897 	0.95899 	0.95832 
Replication705	 0.26661	0.99627	0.95412 	0.95648 	0.95500 	0.95761 	0.95773 	0.95718 
Replication706	 0.27903	0.99613	0.95211 	0.95445 	0.95280 	0.95567 	0.95575 	0.95511 
Replication707	 0.11336	0.99800	0.98087 	0.98155 	0.98031 	0.98232 	0.98220 	0.98164 
Replication708	 0.19789	0.99705	0.96548 	0.96801 	0.96670 	0.96861 	0.96872 	0.96842 
Replication709	 0.20043	0.99704	0.96457 	0.96817 	0.96628 	0.96833 	0.96838 	0.96815 
Replication710	 0.19905	0.99703	0.96609 	0.96753 	0.96601 	0.96856 	0.96851 	0.96787 
Replication711	 0.23140	0.99667	0.95980 	0.96226 	0.96127 	0.96314 	0.96337 	0.96306 
Replication712	 0.25293	0.99643	0.95573 	0.95878 	0.95806 	0.95958 	0.95998 	0.95985 
Replication713	 0.17949	0.99725	0.96933 	0.97097 	0.96911 	0.97177 	0.97162 	0.97097 
Replication714	 0.19141	0.99712	0.96660 	0.96880 	0.96802 	0.96952 	0.96975 	0.96953 
Replication715	 0.19776	0.99705	0.96564 	0.96776 	0.96683 	0.96854 	0.96873 	0.96843 
Replication716	 0.21858	0.99681	0.96259 	0.96433 	0.96285 	0.96538 	0.96539 	0.96479 
Replication717	 0.21321	0.99687	0.96356 	0.96521 	0.96371 	0.96625 	0.96625 	0.96563 
Replication718	 0.26972	0.99623	0.95390 	0.95598 	0.95421 	0.95722 	0.95724 	0.95652 
Replication719	 0.17824	0.99727	0.96888 	0.97096 	0.97022 	0.97164 	0.97185 	0.97164 
Replication720	 0.21497	0.99685	0.96265 	0.96494 	0.96398 	0.96578 	0.96599 	0.96568 
Replication721	 0.24716	0.99649	0.95734 	0.95967 	0.95837 	0.96069 	0.96084 	0.96037 
Replication722	 0.25005	0.99646	0.95647 	0.95923 	0.95827 	0.96012 	0.96041 	0.96014 
Replication723	 0.13894	0.99771	0.97621 	0.97741 	0.97617 	0.97815 	0.97810 	0.97761 
Replication724	 0.18707	0.99716	0.96820 	0.96949 	0.96797 	0.97050 	0.97043 	0.96977 
Replication725	 0.20918	0.99692	0.96349 	0.96590 	0.96511 	0.96665 	0.96692 	0.96671 
Replication726	 0.23429	0.99663	0.96005 	0.96177 	0.96009 	0.96292 	0.96289 	0.96219 
Replication727	 0.21927	0.99680	0.96219 	0.96422 	0.96299 	0.96517 	0.96528 	0.96482 
Replication728	 0.10147	0.99817	0.98162 	0.98473 	0.98237 	0.98441 	0.98417 	0.98388 
Replication729	 0.18674	0.99717	0.96764 	0.96955 	0.96857 	0.97034 	0.97048 	0.97014 
Replication730	 0.14584	0.99763	0.97484 	0.97645 	0.97502 	0.97706 	0.97700 	0.97654 
Replication731	 0.22730	0.99671	0.96112 	0.96291 	0.96136 	0.96399 	0.96400 	0.96337 
Replication732	 0.13016	0.99782	0.97722 	0.97914 	0.97788 	0.97953 	0.97953 	0.97923 
Replication733	 0.23254	0.99666	0.95929 	0.96236 	0.96116 	0.96299 	0.96322 	0.96300 
Replication734	 0.25977	0.99635	0.95510 	0.95761 	0.95634 	0.95864 	0.95883 	0.95839 
Replication735	 0.17145	0.99735	0.97015 	0.97253 	0.97080 	0.97299 	0.97294 	0.97252 
Replication736	 0.17951	0.99725	0.96931 	0.97071 	0.96936 	0.97163 	0.97161 	0.97105 
Replication737	 0.09445	0.99824	0.98274 	0.98543 	0.98403 	0.98528 	0.98527 	0.98519 
Replication738	 0.19809	0.99704	0.96568 	0.96769 	0.96668 	0.96852 	0.96867 	0.96832 
Replication739	 0.19447	0.99708	0.96602 	0.96831 	0.96757 	0.96901 	0.96927 	0.96908 
Replication740	 0.16633	0.99741	0.97093 	0.97330 	0.97183 	0.97374 	0.97376 	0.97343 
Replication741	 0.16838	0.99737	0.97087 	0.97255 	0.97157 	0.97331 	0.97341 	0.97305 
Replication742	 0.17192	0.99734	0.97013 	0.97198 	0.97111 	0.97270 	0.97285 	0.97256 
Replication743	 0.16130	0.99745	0.97237 	0.97369 	0.97248 	0.97453 	0.97452 	0.97402 
Replication744	 0.17721	0.99728	0.96891 	0.97113 	0.97054 	0.97176 	0.97203 	0.97190 
Replication745	 0.22750	0.99671	0.96055 	0.96289 	0.96183 	0.96379 	0.96398 	0.96364 
Replication746	 0.23815	0.99659	0.95885 	0.96114 	0.95992 	0.96212 	0.96228 	0.96184 
Replication747	 0.17708	0.99728	0.96927 	0.97114 	0.97020 	0.97189 	0.97203 	0.97171 
Replication748	 0.17284	0.99732	0.97019 	0.97180 	0.97071 	0.97261 	0.97268 	0.97226 
Replication749	 0.18334	0.99721	0.96809 	0.97012 	0.96928 	0.97084 	0.97103 	0.97077 
Replication750	 0.15408	0.99756	0.97236 	0.97571 	0.97421 	0.97568 	0.97577 	0.97570 
Replication751	 0.08308	0.99837	0.98474 	0.98768 	0.98589 	0.98732 	0.98722 	0.98711 
Replication752	 0.10142	0.99816	0.98145 	0.98460 	0.98268 	0.98429 	0.98418 	0.98404 
Replication753	 0.17199	0.99733	0.97089 	0.97197 	0.97042 	0.97296 	0.97284 	0.97216 
Replication754	 0.20352	0.99698	0.96454 	0.96682 	0.96598 	0.96759 	0.96782 	0.96758 
Replication755	 0.28433	0.99607	0.95134 	0.95359 	0.95179 	0.95487 	0.95491 	0.95419 
Replication756	 0.10619	0.99810	0.98072 	0.98352 	0.98207 	0.98340 	0.98340 	0.98331 
Replication757	 0.22205	0.99678	0.96118 	0.96381 	0.96306 	0.96457 	0.96488 	0.96470 
Replication758	 0.25022	0.99646	0.95636 	0.95921 	0.95833 	0.96006 	0.96039 	0.96017 
Replication759	 0.22467	0.99674	0.96087 	0.96337 	0.96248 	0.96419 	0.96445 	0.96420 
Replication760	 0.05777	0.99867	0.98973 	0.99201 	0.98928 	0.99170 	0.99123 	0.99073 
Replication761	 0.18393	0.99720	0.96808 	0.97001 	0.96909 	0.97078 	0.97093 	0.97062 
Replication762	 0.20334	0.99699	0.96414 	0.96689 	0.96646 	0.96749 	0.96789 	0.96788 
Replication763	 0.16271	0.99744	0.97201 	0.97346 	0.97234 	0.97427 	0.97430 	0.97385 
Replication764	 0.16584	0.99741	0.97077 	0.97304 	0.97249 	0.97357 	0.97385 	0.97377 
Replication765	 0.19426	0.99708	0.96633 	0.96832 	0.96733 	0.96913 	0.96928 	0.96894 
Replication766	 0.14671	0.99762	0.97442 	0.97611 	0.97537 	0.97673 	0.97688 	0.97664 
Replication767	 0.16525	0.99741	0.97164 	0.97335 	0.97158 	0.97403 	0.97390 	0.97332 
Replication768	 0.15289	0.99755	0.97424 	0.97510 	0.97358 	0.97604 	0.97589 	0.97521 
Replication769	 0.17192	0.99733	0.97035 	0.97195 	0.97086 	0.97276 	0.97283 	0.97241 
Replication770	 0.24048	0.99657	0.95800 	0.96080 	0.95999 	0.96161 	0.96194 	0.96176 
Replication771	 0.09844	0.99821	0.98172 	0.98534 	0.98320 	0.98481 	0.98467 	0.98459 
Replication772	 0.20389	0.99697	0.96489 	0.96674 	0.96551 	0.96765 	0.96773 	0.96727 
Replication773	 0.22147	0.99678	0.96129 	0.96390 	0.96315 	0.96466 	0.96497 	0.96480 
Replication774	 0.23569	0.99662	0.95910 	0.96156 	0.96051 	0.96246 	0.96268 	0.96235 
Replication775	 0.14056	0.99770	0.97567 	0.97750 	0.97580 	0.97797 	0.97785 	0.97737 
Replication776	 0.16684	0.99739	0.97123 	0.97278 	0.97171 	0.97358 	0.97364 	0.97323 
Replication777	 0.22941	0.99669	0.96009 	0.96259 	0.96165 	0.96344 	0.96369 	0.96341 
Replication778	 0.16316	0.99743	0.97220 	0.97339 	0.97204 	0.97428 	0.97423 	0.97365 
Replication779	 0.19635	0.99706	0.96620 	0.96795 	0.96673 	0.96886 	0.96892 	0.96845 
Replication780	 0.21897	0.99680	0.96283 	0.96428 	0.96254 	0.96543 	0.96534 	0.96459 
Replication781	 0.22416	0.99674	0.96148 	0.96342 	0.96204 	0.96443 	0.96450 	0.96396 
Replication782	 0.22362	0.99675	0.96120 	0.96353 	0.96250 	0.96440 	0.96460 	0.96427 
Replication783	 0.10395	0.99812	0.98119 	0.98378 	0.98246 	0.98373 	0.98375 	0.98365 
Replication784	 0.29091	0.99601	0.94954 	0.95270 	0.95121 	0.95368 	0.95390 	0.95348 
Replication785	 0.19345	0.99709	0.96679 	0.96843 	0.96714 	0.96935 	0.96938 	0.96887 
Replication786	 0.20697	0.99694	0.96466 	0.96623 	0.96474 	0.96726 	0.96724 	0.96663 
Replication787	 0.20366	0.99697	0.96499 	0.96676 	0.96546 	0.96770 	0.96775 	0.96725 
Replication788	 0.19305	0.99710	0.96659 	0.96852 	0.96748 	0.96934 	0.96947 	0.96911 
Replication789	 0.24430	0.99653	0.95729 	0.96018 	0.95942 	0.96099 	0.96134 	0.96118 
Replication790	 0.20165	0.99700	0.96569 	0.96711 	0.96554 	0.96816 	0.96810 	0.96743 
Replication791	 0.22939	0.99668	0.96097 	0.96258 	0.96085 	0.96374 	0.96368 	0.96295 
Replication792	 0.20456	0.99696	0.96495 	0.96661 	0.96521 	0.96760 	0.96761 	0.96705 
Replication793	 0.24559	0.99651	0.95727 	0.95995 	0.95898 	0.96084 	0.96111 	0.96084 
Replication794	 0.16742	0.99739	0.97077 	0.97272 	0.97200 	0.97338 	0.97358 	0.97337 
Replication795	 0.26452	0.99629	0.95483 	0.95684 	0.95504 	0.95808 	0.95807 	0.95734 
Replication796	 0.15332	0.99754	0.97367 	0.97501 	0.97387 	0.97579 	0.97580 	0.97534 
Replication797	 0.20425	0.99698	0.96428 	0.96689 	0.96582 	0.96752 	0.96772 	0.96748 
Replication798	 0.14402	0.99765	0.97603 	0.97656 	0.97486 	0.97757 	0.97733 	0.97653 
Replication799	 0.25200	0.99643	0.95654 	0.95887 	0.95753 	0.95992 	0.96006 	0.95957 
Replication800	 0.20760	0.99693	0.96490 	0.96615 	0.96436 	0.96730 	0.96716 	0.96637 
Replication801	 0.20281	0.99699	0.96485 	0.96692 	0.96591 	0.96776 	0.96792 	0.96757 
Replication802	 0.17885	0.99725	0.96934 	0.97082 	0.96954 	0.97171 	0.97172 	0.97120 
Replication803	 0.25050	0.99645	0.95661 	0.95913 	0.95797 	0.96011 	0.96032 	0.95993 
Replication804	 0.18672	0.99717	0.96740 	0.96957 	0.96882 	0.97027 	0.97050 	0.97029 
Replication805	 0.22822	0.99670	0.96144 	0.96279 	0.96086 	0.96403 	0.96388 	0.96303 
Replication806	 0.20498	0.99696	0.96454 	0.96657 	0.96548 	0.96743 	0.96757 	0.96719 
Replication807	 0.21429	0.99686	0.96310 	0.96539 	0.96344 	0.96616 	0.96608 	0.96549 
Replication808	 0.20490	0.99696	0.96485 	0.96655 	0.96519 	0.96753 	0.96756 	0.96701 
Replication809	 0.17684	0.99728	0.96961 	0.97115 	0.96995 	0.97201 	0.97204 	0.97156 
Replication810	 0.14841	0.99760	0.97434 	0.97580 	0.97485 	0.97652 	0.97658 	0.97622 
Replication811	 0.13748	0.99775	0.97554 	0.97844 	0.97661 	0.97847 	0.97840 	0.97815 
Replication812	 0.14754	0.99762	0.97393 	0.97610 	0.97546 	0.97655 	0.97677 	0.97668 
Replication813	 0.17692	0.99729	0.96961 	0.97168 	0.96942 	0.97227 	0.97204 	0.97138 
Replication814	 0.23512	0.99663	0.95926 	0.96181 	0.96038 	0.96265 	0.96277 	0.96235 
Replication815	 0.20078	0.99702	0.96483 	0.96752 	0.96639 	0.96809 	0.96827 	0.96805 
Replication816	 0.20819	0.99693	0.96371 	0.96606 	0.96523 	0.96683 	0.96708 	0.96684 
Replication817	 0.21188	0.99689	0.96290 	0.96547 	0.96479 	0.96619 	0.96650 	0.96636 
Replication818	 0.24183	0.99654	0.95855 	0.96053 	0.95899 	0.96164 	0.96168 	0.96107 
Replication819	 0.23488	0.99663	0.95929 	0.96185 	0.96043 	0.96269 	0.96281 	0.96239 
Replication820	 0.13212	0.99779	0.97675 	0.97850 	0.97799 	0.97902 	0.97922 	0.97910 
Replication821	 0.23599	0.99662	0.95908 	0.96151 	0.96043 	0.96242 	0.96263 	0.96228 
Replication822	 0.20272	0.99699	0.96508 	0.96693 	0.96572 	0.96784 	0.96792 	0.96746 
Replication823	 0.22112	0.99678	0.96189 	0.96392 	0.96266 	0.96488 	0.96499 	0.96452 
Replication824	 0.14699	0.99765	0.97404 	0.97713 	0.97468 	0.97711 	0.97689 	0.97648 
Replication825	 0.22799	0.99672	0.95981 	0.96287 	0.96244 	0.96352 	0.96397 	0.96398 
Replication826	 0.29342	0.99598	0.94902 	0.95215 	0.95103 	0.95318 	0.95350 	0.95319 
Replication827	 0.17363	0.99731	0.97015 	0.97167 	0.97050 	0.97252 	0.97255 	0.97209 
Replication828	 0.21865	0.99682	0.96164 	0.96438 	0.96376 	0.96508 	0.96543 	0.96533 
Replication829	 0.17038	0.99736	0.97009 	0.97225 	0.97167 	0.97285 	0.97312 	0.97299 
Replication830	 0.06076	0.99863	0.98878 	0.99132 	0.98933 	0.99097 	0.99074 	0.99052 
Replication831	 0.17348	0.99733	0.96979 	0.97214 	0.97053 	0.97263 	0.97262 	0.97222 
Replication832	 0.14017	0.99770	0.97527 	0.97753 	0.97640 	0.97787 	0.97795 	0.97774 
Replication833	 0.18861	0.99715	0.96696 	0.96927 	0.96862 	0.96993 	0.97021 	0.97006 
Replication834	 0.19708	0.99705	0.96600 	0.96785 	0.96671 	0.96873 	0.96882 	0.96840 
Replication835	 0.24909	0.99647	0.95679 	0.95937 	0.95828 	0.96031 	0.96055 	0.96020 
Replication836	 0.17132	0.99734	0.97066 	0.97205 	0.97079 	0.97293 	0.97292 	0.97240 
Replication837	 0.21550	0.99685	0.96246 	0.96487 	0.96400 	0.96566 	0.96591 	0.96566 
Replication838	 0.27174	0.99621	0.95333 	0.95564 	0.95405 	0.95682 	0.95691 	0.95630 
Replication839	 0.01348	0.99917	0.99717 	0.99916 	0.99679 	0.99870 	0.99827 	0.99789 
Replication840	 0.19156	0.99711	0.96743 	0.96891 	0.96708 	0.96986 	0.96971 	0.96900 
Replication841	 0.29091	0.99600	0.95029 	0.95252 	0.95064 	0.95384 	0.95386 	0.95311 
Replication842	 0.15787	0.99751	0.97252 	0.97486 	0.97295 	0.97523 	0.97511 	0.97466 
Replication843	 0.18684	0.99717	0.96777 	0.96953 	0.96841 	0.97037 	0.97046 	0.97004 
Replication844	 0.18863	0.99714	0.96760 	0.96922 	0.96795 	0.97012 	0.97015 	0.96965 
Replication845	 0.07156	0.99850	0.98791 	0.98937 	0.98688 	0.98948 	0.98902 	0.98837 
Replication846	 0.16091	0.99746	0.97170 	0.97380 	0.97327 	0.97437 	0.97463 	0.97453 
Replication847	 0.14225	0.99767	0.97515 	0.97684 	0.97615 	0.97744 	0.97760 	0.97738 
Replication848	 0.18442	0.99719	0.96829 	0.96991 	0.96869 	0.97078 	0.97083 	0.97035 
Replication849	 0.17099	0.99735	0.96997 	0.97215 	0.97159 	0.97275 	0.97302 	0.97291 
Replication850	 0.21448	0.99686	0.96289 	0.96517 	0.96375 	0.96598 	0.96606 	0.96561 
Replication851	 0.16600	0.99740	0.97148 	0.97292 	0.97176 	0.97375 	0.97377 	0.97331 
Replication852	 0.17335	0.99732	0.97008 	0.97203 	0.97035 	0.97268 	0.97260 	0.97209 
Replication853	 0.16486	0.99742	0.97168 	0.97351 	0.97157 	0.97413 	0.97396 	0.97336 
Replication854	 0.19081	0.99713	0.96637 	0.96917 	0.96822 	0.96964 	0.96988 	0.96975 
Replication855	 0.16234	0.99744	0.97216 	0.97352 	0.97233 	0.97435 	0.97436 	0.97387 
Replication856	 0.12390	0.99789	0.97824 	0.98015 	0.97899 	0.98051 	0.98053 	0.98027 
Replication857	 0.16874	0.99738	0.97060 	0.97278 	0.97145 	0.97332 	0.97337 	0.97303 
Replication858	 0.17767	0.99728	0.96909 	0.97148 	0.96978 	0.97198 	0.97195 	0.97153 
Replication859	 0.10109	0.99816	0.98186 	0.98426 	0.98275 	0.98426 	0.98420 	0.98400 
Replication860	 0.25770	0.99637	0.95607 	0.95795 	0.95614 	0.95919 	0.95916 	0.95841 
Replication861	 0.22272	0.99676	0.96151 	0.96366 	0.96250 	0.96459 	0.96474 	0.96432 
Replication862	 0.22060	0.99679	0.96175 	0.96402 	0.96297 	0.96490 	0.96508 	0.96474 
Replication863	 0.19324	0.99709	0.96676 	0.96846 	0.96723 	0.96936 	0.96942 	0.96894 
Replication864	 0.21596	0.99684	0.96226 	0.96480 	0.96405 	0.96555 	0.96585 	0.96567 
Replication865	 0.20019	0.99702	0.96493 	0.96738 	0.96672 	0.96807 	0.96836 	0.96822 
Replication866	 0.21419	0.99686	0.96312 	0.96505 	0.96378 	0.96600 	0.96609 	0.96561 
Replication867	 0.23693	0.99661	0.95910 	0.96166 	0.95978 	0.96249 	0.96248 	0.96192 
Replication868	 0.13120	0.99780	0.97706 	0.97901 	0.97764 	0.97940 	0.97937 	0.97904 
Replication869	 0.22055	0.99679	0.96161 	0.96404 	0.96313 	0.96486 	0.96510 	0.96484 
Replication870	 0.17293	0.99732	0.97026 	0.97179 	0.97062 	0.97263 	0.97266 	0.97220 
Replication871	 0.19594	0.99706	0.96606 	0.96805 	0.96703 	0.96887 	0.96901 	0.96866 
Replication872	 0.17509	0.99730	0.96979 	0.97143 	0.97035 	0.97224 	0.97232 	0.97191 
Replication873	 0.22643	0.99672	0.96060 	0.96308 	0.96216 	0.96392 	0.96417 	0.96390 
Replication874	 0.11736	0.99797	0.97939 	0.98174 	0.97958 	0.98183 	0.98159 	0.98115 
Replication875	 0.22014	0.99679	0.96174 	0.96413 	0.96311 	0.96496 	0.96516 	0.96486 
Replication876	 0.11037	0.99805	0.98021 	0.98252 	0.98146 	0.98264 	0.98272 	0.98261 
Replication877	 0.28555	0.99606	0.95083 	0.95339 	0.95186 	0.95457 	0.95471 	0.95415 
Replication878	 0.13375	0.99778	0.97683 	0.97889 	0.97671 	0.97920 	0.97895 	0.97840 
Replication879	 0.22365	0.99675	0.96157 	0.96350 	0.96213 	0.96451 	0.96458 	0.96405 
Replication880	 0.23222	0.99665	0.96032 	0.96220 	0.96041 	0.96327 	0.96322 	0.96253 
Replication881	 0.19785	0.99704	0.96631 	0.96773 	0.96619 	0.96876 	0.96870 	0.96805 
Replication882	 0.28111	0.99612	0.95073 	0.95421 	0.95354 	0.95504 	0.95551 	0.95544 
Replication883	 0.17636	0.99728	0.96971 	0.97122 	0.97001 	0.97209 	0.97211 	0.97163 
Replication884	 0.19221	0.99711	0.96667 	0.96866 	0.96768 	0.96946 	0.96961 	0.96928 
Replication885	 0.18884	0.99714	0.96734 	0.96920 	0.96816 	0.97002 	0.97014 	0.96977 
Replication886	 0.16490	0.99742	0.97133 	0.97313 	0.97229 	0.97382 	0.97397 	0.97370 
Replication887	 0.13362	0.99777	0.97663 	0.97849 	0.97738 	0.97894 	0.97898 	0.97870 
Replication888	 0.22405	0.99675	0.96087 	0.96348 	0.96270 	0.96426 	0.96456 	0.96437 
Replication889	 0.13239	0.99778	0.97783 	0.97846 	0.97696 	0.97936 	0.97917 	0.97848 
Replication890	 0.21067	0.99690	0.96372 	0.96563 	0.96437 	0.96657 	0.96665 	0.96618 
Replication891	 0.19322	0.99709	0.96654 	0.96849 	0.96748 	0.96931 	0.96945 	0.96909 
Replication892	 0.16139	0.99745	0.97263 	0.97370 	0.97227 	0.97462 	0.97453 	0.97391 
Replication893	 0.17031	0.99736	0.97022 	0.97228 	0.97154 	0.97291 	0.97312 	0.97292 
Replication894	 0.24049	0.99657	0.95799 	0.96080 	0.96000 	0.96161 	0.96194 	0.96176 
Replication895	 0.21575	0.99684	0.96264 	0.96481 	0.96373 	0.96569 	0.96585 	0.96548 
Replication896	 0.09381	0.99824	0.98390 	0.98541 	0.98368 	0.98569 	0.98548 	0.98502 
Replication897	 0.25374	0.99642	0.95596 	0.95861 	0.95752 	0.95956 	0.95981 	0.95947 
Replication898	 0.19578	0.99706	0.96679 	0.96807 	0.96645 	0.96914 	0.96904 	0.96834 
Replication899	 0.24661	0.99650	0.95722 	0.95977 	0.95868 	0.96071 	0.96094 	0.96060 
Replication900	 0.20258	0.99699	0.96458 	0.96699 	0.96626 	0.96770 	0.96798 	0.96780 
Replication901	 0.18957	0.99713	0.96773 	0.96908 	0.96758 	0.97009 	0.97002 	0.96939 
Replication902	 0.15218	0.99756	0.97332 	0.97522 	0.97461 	0.97580 	0.97602 	0.97586 
Replication903	 0.24195	0.99655	0.95812 	0.96053 	0.95936 	0.96149 	0.96168 	0.96128 
Replication904	 0.21381	0.99686	0.96321 	0.96511 	0.96382 	0.96607 	0.96615 	0.96566 
Replication905	 0.17590	0.99729	0.96952 	0.97132 	0.97037 	0.97208 	0.97221 	0.97188 
Replication906	 0.16602	0.99740	0.97166 	0.97292 	0.97160 	0.97381 	0.97377 	0.97321 
Replication907	 0.14902	0.99759	0.97444 	0.97570 	0.97457 	0.97649 	0.97649 	0.97602 
Replication908	 0.15399	0.99754	0.97343 	0.97502 	0.97376 	0.97570 	0.97569 	0.97526 
Replication909	 0.14720	0.99761	0.97456 	0.97600 	0.97505 	0.97671 	0.97678 	0.97641 
Replication910	 0.14425	0.99766	0.97507 	0.97710 	0.97497 	0.97749 	0.97727 	0.97670 
Replication911	 0.21170	0.99689	0.96340 	0.96547 	0.96434 	0.96636 	0.96649 	0.96609 
Replication912	 0.20740	0.99694	0.96468 	0.96647 	0.96431 	0.96738 	0.96719 	0.96642 
Replication913	 0.21304	0.99687	0.96305 	0.96525 	0.96424 	0.96610 	0.96629 	0.96595 
Replication914	 0.12629	0.99786	0.97807 	0.98010 	0.97799 	0.98038 	0.98014 	0.97962 
Replication915	 0.17710	0.99728	0.96903 	0.97115 	0.97045 	0.97181 	0.97204 	0.97186 
Replication916	 0.25789	0.99637	0.95553 	0.95791 	0.95653 	0.95898 	0.95912 	0.95862 
Replication917	 0.14427	0.99765	0.97465 	0.97651 	0.97596 	0.97706 	0.97728 	0.97715 
Replication918	 0.19287	0.99710	0.96783 	0.96859 	0.96654 	0.96982 	0.96954 	0.96859 
Replication919	 0.16548	0.99741	0.97193 	0.97303 	0.97158 	0.97397 	0.97388 	0.97324 
Replication920	 0.20713	0.99695	0.96365 	0.96625 	0.96565 	0.96693 	0.96726 	0.96716 
Replication921	 0.19365	0.99709	0.96683 	0.96865 	0.96680 	0.96947 	0.96936 	0.96872 
Replication922	 0.15541	0.99752	0.97331 	0.97466 	0.97353 	0.97545 	0.97546 	0.97501 
Replication923	 0.19802	0.99704	0.96587 	0.96770 	0.96651 	0.96859 	0.96867 	0.96823 
Replication924	 0.15582	0.99753	0.97324 	0.97525 	0.97285 	0.97572 	0.97542 	0.97474 
Replication925	 0.04068	0.99885	0.99233 	0.99418 	0.99288 	0.99401 	0.99390 	0.99376 
Replication926	 0.15540	0.99752	0.97387 	0.97469 	0.97311 	0.97567 	0.97550 	0.97478 
Replication927	 0.19269	0.99710	0.96652 	0.96858 	0.96767 	0.96936 	0.96954 	0.96924 
Replication928	 0.15475	0.99755	0.97302 	0.97572 	0.97319 	0.97590 	0.97563 	0.97508 
Replication929	 0.16321	0.99745	0.97133 	0.97397 	0.97233 	0.97428 	0.97427 	0.97396 
Replication930	 0.17699	0.99728	0.96949 	0.97112 	0.97000 	0.97195 	0.97202 	0.97159 
Replication931	 0.19217	0.99710	0.96739 	0.96866 	0.96707 	0.96971 	0.96961 	0.96893 
Replication932	 0.24095	0.99656	0.95823 	0.96069 	0.95959 	0.96163 	0.96184 	0.96148 
Replication933	 0.14576	0.99765	0.97416 	0.97686 	0.97540 	0.97704 	0.97707 	0.97686 
Replication934	 0.25209	0.99643	0.95657 	0.95886 	0.95747 	0.95992 	0.96005 	0.95953 
Replication935	 0.28153	0.99611	0.95128 	0.95407 	0.95278 	0.95514 	0.95537 	0.95495 
Replication936	 0.22704	0.99672	0.96052 	0.96298 	0.96202 	0.96383 	0.96407 	0.96378 
Replication937	 0.17791	0.99727	0.96876 	0.97102 	0.97045 	0.97164 	0.97192 	0.97180 
Replication938	 0.17397	0.99731	0.96987 	0.97164 	0.97067 	0.97240 	0.97252 	0.97218 
Replication939	 0.19686	0.99706	0.96559 	0.96792 	0.96719 	0.96863 	0.96889 	0.96870 
Replication940	 0.22857	0.99670	0.96025 	0.96290 	0.96161 	0.96367 	0.96383 	0.96348 
Replication941	 0.20238	0.99699	0.96510 	0.96713 	0.96567 	0.96795 	0.96798 	0.96749 
Replication942	 0.19185	0.99713	0.96648 	0.96962 	0.96719 	0.96988 	0.96971 	0.96923 
Replication943	 0.13713	0.99774	0.97621 	0.97812 	0.97640 	0.97854 	0.97841 	0.97796 
Replication944	 0.11700	0.99798	0.97920 	0.98179 	0.97989 	0.98180 	0.98166 	0.98136 
Replication945	 0.23944	0.99657	0.95868 	0.96093 	0.95965 	0.96193 	0.96207 	0.96161 
Replication946	 0.13310	0.99778	0.97722 	0.97870 	0.97684 	0.97926 	0.97904 	0.97845 
Replication947	 0.17245	0.99733	0.97061 	0.97187 	0.97048 	0.97280 	0.97274 	0.97215 
Replication948	 0.20441	0.99697	0.96523 	0.96666 	0.96506 	0.96772 	0.96766 	0.96698 
Replication949	 0.22241	0.99678	0.96069 	0.96379 	0.96346 	0.96439 	0.96487 	0.96493 
Replication950	 0.22342	0.99675	0.96157 	0.96356 	0.96218 	0.96455 	0.96462 	0.96410 
Replication951	 0.18404	0.99720	0.96834 	0.96997 	0.96877 	0.97084 	0.97089 	0.97042 
Replication952	 0.25094	0.99646	0.95629 	0.95968 	0.95762 	0.96026 	0.96029 	0.95985 
Replication953	 0.05532	0.99871	0.98908 	0.99295 	0.99025 	0.99200 	0.99168 	0.99158 
Replication954	 0.26677	0.99627	0.95392 	0.95647 	0.95514 	0.95753 	0.95771 	0.95725 
Replication955	 0.20258	0.99699	0.96469 	0.96698 	0.96615 	0.96773 	0.96797 	0.96773 
Replication956	 0.20307	0.99698	0.96496 	0.96687 	0.96571 	0.96776 	0.96787 	0.96744 
Replication957	 0.15045	0.99759	0.97345 	0.97576 	0.97482 	0.97615 	0.97631 	0.97615 
Replication958	 0.16927	0.99736	0.97120 	0.97240 	0.97100 	0.97333 	0.97327 	0.97266 
Replication959	 0.17978	0.99725	0.96873 	0.97070 	0.96984 	0.97143 	0.97160 	0.97133 
Replication960	 0.18078	0.99725	0.96797 	0.97109 	0.96978 	0.97134 	0.97149 	0.97136 
Replication961	 0.16789	0.99740	0.97059 	0.97326 	0.97144 	0.97358 	0.97352 	0.97315 
Replication962	 0.10914	0.99806	0.98059 	0.98301 	0.98123 	0.98304 	0.98291 	0.98262 
Replication963	 0.05902	0.99865	0.98930 	0.99160 	0.98942 	0.99132 	0.99102 	0.99068 
Replication964	 0.20055	0.99701	0.96566 	0.96727 	0.96587 	0.96825 	0.96825 	0.96768 
Replication965	 0.14389	0.99766	0.97467 	0.97658 	0.97607 	0.97711 	0.97734 	0.97724 
Replication966	 0.23740	0.99659	0.95928 	0.96125 	0.95976 	0.96233 	0.96238 	0.96179 
Replication967	 0.12199	0.99791	0.97853 	0.98064 	0.97918 	0.98089 	0.98084 	0.98054 
Replication968	 0.14036	0.99770	0.97574 	0.97740 	0.97592 	0.97795 	0.97788 	0.97743 
Replication969	 0.19190	0.99711	0.96686 	0.96870 	0.96760 	0.96955 	0.96965 	0.96925 
Replication970	 0.19130	0.99711	0.96705 	0.96878 	0.96758 	0.96966 	0.96973 	0.96927 
Replication971	 0.15807	0.99750	0.97278 	0.97459 	0.97280 	0.97519 	0.97505 	0.97450 
Replication972	 0.21358	0.99687	0.96306 	0.96516 	0.96404 	0.96605 	0.96620 	0.96580 
Replication973	 0.16317	0.99746	0.97165 	0.97436 	0.97169 	0.97459 	0.97428 	0.97368 
Replication974	 0.22878	0.99669	0.96066 	0.96271 	0.96125 	0.96371 	0.96376 	0.96322 
Replication975	 0.25337	0.99642	0.95676 	0.95865 	0.95690 	0.95986 	0.95985 	0.95913 
Replication976	 0.21662	0.99683	0.96298 	0.96465 	0.96313 	0.96571 	0.96570 	0.96508 
Replication977	 0.25226	0.99643	0.95699 	0.95889 	0.95701 	0.96008 	0.96003 	0.95927 
Replication978	 0.22763	0.99671	0.96053 	0.96290 	0.96178 	0.96378 	0.96396 	0.96361 
Replication979	 0.22206	0.99678	0.96111 	0.96416 	0.96280 	0.96472 	0.96489 	0.96464 
Replication980	 0.13505	0.99775	0.97729 	0.97802 	0.97658 	0.97890 	0.97874 	0.97809 
Replication981	 0.21403	0.99686	0.96338 	0.96508 	0.96360 	0.96611 	0.96611 	0.96552 
Replication982	 0.21865	0.99681	0.96233 	0.96432 	0.96306 	0.96528 	0.96538 	0.96491 
Replication983	 0.07994	0.99840	0.98549 	0.98808 	0.98630 	0.98784 	0.98770 	0.98752 
Replication984	 0.21093	0.99690	0.96328 	0.96561 	0.96473 	0.96640 	0.96664 	0.96638 
Replication985	 0.15424	0.99755	0.97269 	0.97535 	0.97412 	0.97561 	0.97571 	0.97555 
Replication986	 0.13108	0.99781	0.97716 	0.97925 	0.97737 	0.97955 	0.97939 	0.97894 
Replication987	 0.17317	0.99732	0.97066 	0.97177 	0.97025 	0.97276 	0.97265 	0.97198 
Replication988	 0.25442	0.99640	0.95621 	0.95847 	0.95704 	0.95956 	0.95967 	0.95914 
Replication989	 0.22594	0.99673	0.96085 	0.96315 	0.96206 	0.96405 	0.96423 	0.96387 
Replication990	 0.23704	0.99662	0.95842 	0.96196 	0.96023 	0.96240 	0.96253 	0.96225 
Replication991	 0.19426	0.99708	0.96687 	0.96831 	0.96684 	0.96931 	0.96927 	0.96866 
Replication992	 0.18194	0.99722	0.96853 	0.97033 	0.96931 	0.97113 	0.97124 	0.97087 
Replication993	 0.17841	0.99726	0.96924 	0.97112 	0.96956 	0.97183 	0.97179 	0.97129 
Replication994	 0.22616	0.99672	0.96102 	0.96310 	0.96181 	0.96407 	0.96418 	0.96371 
Replication995	 0.15804	0.99750	0.97253 	0.97482 	0.97289 	0.97521 	0.97508 	0.97461 
Replication996	 0.23342	0.99664	0.96012 	0.96191 	0.96029 	0.96303 	0.96302 	0.96236 
Replication997	 0.20145	0.99700	0.96604 	0.96716 	0.96534 	0.96831 	0.96815 	0.96734 
Replication998	 0.28976	0.99601	0.95089 	0.95274 	0.95054 	0.95419 	0.95408 	0.95313 
Replication999	 0.17025	0.99736	0.97039 	0.97247 	0.97121 	0.97307 	0.97312 	0.97277 