
Replication	FitnessValue	Frequency	Bus1	Bus2	Bus3	Bus4	Bus5	Bus6	Bus7	Bus8	Bus9	Bus10	Bus11	Bus12	Bus1_P	Bus2_P	Bus3_P	Bus4_P	Bus5_P	Bus6_P	Bus7_P	Bus8_P	Bus9_P	Bus10_P	Bus11_P	Bus12_P	Bus1_Q	Bus2_Q	Bus3_Q	Bus4_Q	Bus5_Q	Bus6_Q	Bus7_Q	Bus8_Q	Bus9_Q	Bus10_Q	Bus11_Q	Bus12_Q	PLoss	QLoss
Replication0	 -1.44808	0.99810	0.97425 	0.98082 	0.98470 	0.98310 	0.98358 	0.99624 	0.96348 	0.97091 	0.98475 	0.96676 	0.98308 	0.98558 	-0.17278 	-0.14834 	-0.14276 	0.05698 	0.00000 	0.58934 	-0.16976 	-0.17676 	0.00359 	-0.13099 	0.22194 	0.07891 	-0.05689 	-0.04884 	-0.04700 	0.05102 	0.00000 	0.13584 	-0.05589 	-0.05820 	0.00208 	-0.04313 	0.07307 	0.07748 	0.00938	0.02954
Replication1	 -1.50811	0.99858	0.98154 	0.98618 	0.98996 	0.98851 	0.99087 	0.99946 	0.97573 	0.98137 	0.99193 	0.97708 	0.99520 	0.99214 	-0.15107 	-0.15347 	-0.13992 	0.04537 	0.04473 	0.44743 	-0.14492 	-0.13271 	0.00259 	-0.15720 	0.28512 	0.05771 	-0.04969 	-0.05048 	-0.04603 	0.04092 	0.01471 	0.10805 	-0.04767 	-0.04365 	0.00146 	-0.05171 	0.09379 	0.05664 	0.00364	0.02634
Replication2	 -1.50467	0.99839	0.97880 	0.98368 	0.98769 	0.98610 	0.98668 	0.99812 	0.97255 	0.97864 	0.98953 	0.97445 	0.99120 	0.99002 	-0.14818 	-0.15507 	-0.14252 	0.05050 	0.00000 	0.50531 	-0.14756 	-0.13381 	0.00294 	-0.14471 	0.25236 	0.06459 	-0.04876 	-0.05103 	-0.04690 	0.04546 	0.00000 	0.12102 	-0.04856 	-0.04403 	0.00166 	-0.04762 	0.08304 	0.06338 	0.00386	0.02767
Replication3	 -1.45487	0.99824	0.98043 	0.98446 	0.98652 	0.98706 	0.98768 	0.99739 	0.96582 	0.97218 	0.98592 	0.96703 	0.98342 	0.98670 	-0.12715 	-0.13807 	-0.15064 	0.04882 	0.01602 	0.54293 	-0.13871 	-0.15995 	0.00340 	-0.16390 	0.20126 	0.07527 	-0.04185 	-0.04545 	-0.04958 	0.04329 	0.00527 	0.12192 	-0.04566 	-0.05265 	0.00200 	-0.05395 	0.06625 	0.07395 	0.00929	0.02354
Replication4	 -1.47107	0.99820	0.97877 	0.98248 	0.98600 	0.98546 	0.98576 	0.99701 	0.96756 	0.97324 	0.98601 	0.96857 	0.98380 	0.98688 	-0.12667 	-0.16663 	-0.14187 	0.05209 	0.00000 	0.55782 	-0.12628 	-0.15497 	0.00341 	-0.15142 	0.18734 	0.07472 	-0.04170 	-0.05485 	-0.04670 	0.04643 	0.00000 	0.12689 	-0.04157 	-0.05101 	0.00197 	-0.04984 	0.06167 	0.07337 	0.00754	0.02465
Replication5	 -1.47370	0.99817	0.97548 	0.98150 	0.98509 	0.98389 	0.98467 	0.99665 	0.96600 	0.97335 	0.98587 	0.96923 	0.98459 	0.98670 	-0.16828 	-0.15109 	-0.15562 	0.05528 	0.00865 	0.57029 	-0.16446 	-0.15134 	0.00343 	-0.12658 	0.21126 	0.07530 	-0.05540 	-0.04974 	-0.05123 	0.04954 	0.00285 	0.13315 	-0.05414 	-0.04982 	0.00198 	-0.04167 	0.06955 	0.07392 	0.00684	0.02899
Replication6	 -1.47766	0.99822	0.97704 	0.98244 	0.98625 	0.98487 	0.98533 	0.99711 	0.96775 	0.97446 	0.98648 	0.97002 	0.98416 	0.98739 	-0.15302 	-0.15152 	-0.13660 	0.05326 	0.00000 	0.55277 	-0.14319 	-0.13571 	0.00335 	-0.13311 	0.17753 	0.07307 	-0.05037 	-0.04988 	-0.04496 	0.04765 	0.00000 	0.12635 	-0.04713 	-0.04467 	0.00193 	-0.04382 	0.05844 	0.07173 	0.00682	0.02526
Replication7	 -1.48660	0.99825	0.97615 	0.98122 	0.98541 	0.98396 	0.98452 	0.99696 	0.96962 	0.97522 	0.98752 	0.97102 	0.98992 	0.98799 	-0.15755 	-0.17000 	-0.16060 	0.05503 	0.00000 	0.55302 	-0.14790 	-0.17090 	0.00322 	-0.15811 	0.28782 	0.07114 	-0.05186 	-0.05596 	-0.05286 	0.04953 	0.00000 	0.13439 	-0.04868 	-0.05625 	0.00183 	-0.05204 	0.09474 	0.06983 	0.00517	0.03266
Replication8	 -1.51896	0.99857	0.97963 	0.98550 	0.98928 	0.98732 	0.98810 	0.99915 	0.97653 	0.98219 	0.99225 	0.97862 	0.99715 	0.99237 	-0.16287 	-0.13328 	-0.14461 	0.04779 	0.00306 	0.45756 	-0.15592 	-0.14124 	0.00256 	-0.14120 	0.31338 	0.05698 	-0.05357 	-0.04384 	-0.04757 	0.04328 	0.00101 	0.11429 	-0.05129 	-0.04646 	0.00142 	-0.04645 	0.10309 	0.05590 	0.00221	0.02980
Replication9	 0.00071	0.99763	0.97271 	0.97659 	0.97909 	0.98037 	0.98014 	0.99308 	0.94929 	0.95961 	0.97607 	0.95343 	0.96451 	0.97802 	-0.13255 	-0.18312 	-0.17212 	0.06320 	0.00000 	0.72914 	-0.17265 	-0.14197 	0.00475 	-0.13413 	0.05326 	0.10329 	-0.04368 	-0.06035 	-0.05672 	0.05575 	0.00000 	0.16241 	-0.05690 	-0.04679 	0.00286 	-0.04420 	0.01755 	0.10151 	0.01708	0.03144
Replication10	 -1.50766	0.99846	0.97967 	0.98517 	0.98795 	0.98711 	0.98747 	0.99847 	0.97295 	0.97921 	0.99023 	0.97551 	0.99324 	0.99054 	-0.15402 	-0.12556 	-0.15896 	0.04837 	0.00000 	0.48864 	-0.16128 	-0.14882 	0.00283 	-0.13589 	0.28524 	0.06289 	-0.05068 	-0.04131 	-0.05230 	0.04352 	0.00000 	0.11897 	-0.05306 	-0.04896 	0.00160 	-0.04471 	0.09385 	0.06173 	0.00346	0.02864
Replication11	 -1.48766	0.99827	0.97565 	0.98184 	0.98653 	0.98415 	0.98513 	0.99731 	0.97073 	0.97610 	0.98773 	0.97170 	0.98789 	0.98841 	-0.17166 	-0.15964 	-0.13538 	0.05462 	0.00594 	0.54157 	-0.12854 	-0.14617 	0.00319 	-0.15203 	0.22385 	0.06977 	-0.05650 	-0.05254 	-0.04456 	0.04917 	0.00195 	0.12717 	-0.04231 	-0.04811 	0.00181 	-0.05004 	0.07368 	0.06847 	0.00551	0.02819
Replication12	 -1.47671	0.99831	0.97816 	0.98318 	0.98718 	0.98563 	0.98616 	0.99765 	0.96940 	0.97543 	0.98792 	0.97138 	0.98838 	0.98847 	-0.14710 	-0.15421 	-0.13269 	0.05159 	0.00000 	0.52830 	-0.14893 	-0.16668 	0.00315 	-0.14219 	0.24598 	0.06956 	-0.04841 	-0.05075 	-0.04367 	0.04626 	0.00000 	0.12280 	-0.04902 	-0.05486 	0.00180 	-0.04680 	0.08095 	0.06829 	0.00678	0.02660
Replication13	 -1.48087	0.99829	0.97876 	0.98299 	0.98615 	0.98570 	0.98599 	0.99735 	0.96727 	0.97505 	0.98747 	0.97050 	0.98825 	0.98803 	-0.13739 	-0.15595 	-0.15886 	0.05147 	0.00000 	0.53831 	-0.17909 	-0.14496 	0.00321 	-0.14561 	0.26393 	0.07101 	-0.04522 	-0.05133 	-0.05228 	0.04608 	0.00000 	0.12838 	-0.05894 	-0.04771 	0.00185 	-0.04792 	0.08687 	0.06972 	0.00607	0.02948
Replication14	 -1.47661	0.99824	0.97662 	0.98242 	0.98550 	0.98486 	0.98662 	0.99708 	0.96771 	0.97404 	0.98673 	0.96935 	0.98702 	0.98736 	-0.17133 	-0.15079 	-0.17078 	0.05323 	0.03591 	0.55041 	-0.14996 	-0.15697 	0.00331 	-0.15909 	0.24934 	0.07316 	-0.05639 	-0.04963 	-0.05621 	0.04771 	0.01182 	0.13035 	-0.04936 	-0.05167 	0.00191 	-0.05237 	0.08207 	0.07184 	0.00644	0.03007
Replication15	 -1.41854	0.99800	0.97544 	0.98077 	0.98376 	0.98345 	0.98359 	0.99565 	0.95890 	0.96737 	0.98238 	0.96094 	0.97734 	0.98350 	-0.14917 	-0.15001 	-0.14540 	0.05644 	0.00000 	0.61735 	-0.16213 	-0.14092 	0.00389 	-0.17966 	0.17655 	0.08559 	-0.04912 	-0.04940 	-0.04788 	0.05016 	0.00000 	0.13893 	-0.05339 	-0.04641 	0.00230 	-0.05917 	0.05814 	0.08408 	0.01252	0.02823
Replication16	 -1.49712	0.99825	0.97881 	0.98274 	0.98513 	0.98557 	0.98566 	0.99704 	0.96791 	0.97512 	0.98698 	0.97097 	0.98745 	0.98765 	-0.13508 	-0.15284 	-0.18376 	0.05179 	0.00000 	0.55071 	-0.16723 	-0.14377 	0.00328 	-0.13383 	0.24289 	0.07223 	-0.04446 	-0.05031 	-0.06048 	0.04630 	0.00000 	0.13245 	-0.05504 	-0.04732 	0.00189 	-0.04405 	0.07995 	0.07091 	0.00440	0.02983
Replication17	 -1.49320	0.99836	0.97649 	0.98274 	0.98810 	0.98489 	0.98583 	0.99802 	0.97380 	0.97811 	0.98936 	0.97455 	0.99066 	0.98987 	-0.16942 	-0.15943 	-0.11375 	0.05299 	0.00000 	0.51185 	-0.11845 	-0.16440 	0.00297 	-0.13843 	0.23614 	0.06506 	-0.05575 	-0.05246 	-0.03743 	0.04784 	0.00000 	0.11974 	-0.03898 	-0.05410 	0.00166 	-0.04555 	0.07771 	0.06382 	0.00513	0.02648
Replication18	 -1.46297	0.99834	0.97687 	0.98389 	0.98696 	0.98568 	0.98744 	0.99775 	0.96854 	0.97468 	0.98799 	0.96990 	0.98981 	0.98835 	-0.18372 	-0.12703 	-0.15300 	0.05144 	0.03342 	0.52182 	-0.15600 	-0.17439 	0.00313 	-0.17337 	0.29556 	0.06995 	-0.06046 	-0.04180 	-0.05035 	0.04621 	0.01100 	0.12363 	-0.05134 	-0.05739 	0.00181 	-0.05705 	0.09727 	0.06870 	0.00780	0.03020
Replication19	 -1.47485	0.99816	0.97606 	0.98117 	0.98450 	0.98387 	0.98419 	0.99645 	0.96549 	0.97308 	0.98572 	0.96777 	0.98522 	0.98649 	-0.15475 	-0.15852 	-0.16787 	0.05534 	0.00000 	0.57661 	-0.16493 	-0.13354 	0.00345 	-0.16407 	0.23881 	0.07596 	-0.05095 	-0.05219 	-0.05526 	0.04957 	0.00000 	0.13727 	-0.05430 	-0.04396 	0.00199 	-0.05401 	0.07862 	0.07458 	0.00649	0.03136
Replication20	 -1.48229	0.99827	0.97866 	0.98378 	0.98648 	0.98606 	0.98628 	0.99745 	0.96882 	0.97485 	0.98714 	0.97023 	0.98626 	0.98785 	-0.14586 	-0.13462 	-0.15311 	0.05077 	0.00000 	0.53718 	-0.13744 	-0.14733 	0.00325 	-0.15177 	0.21367 	0.07156 	-0.04801 	-0.04431 	-0.05039 	0.04534 	0.00000 	0.12429 	-0.04524 	-0.04849 	0.00188 	-0.04995 	0.07033 	0.07026 	0.00630	0.02571
Replication21	 -1.45644	0.99810	0.97612 	0.98170 	0.98474 	0.98415 	0.98438 	0.99632 	0.96477 	0.97095 	0.98433 	0.96616 	0.98068 	0.98536 	-0.15414 	-0.14400 	-0.14951 	0.05489 	0.00000 	0.58831 	-0.13050 	-0.15735 	0.00364 	-0.14711 	0.16508 	0.07960 	-0.05075 	-0.04741 	-0.04923 	0.04890 	0.00000 	0.13293 	-0.04297 	-0.05181 	0.00212 	-0.04843 	0.05435 	0.07817 	0.00890	0.02587
Replication22	 -1.50841	0.99848	0.97818 	0.98413 	0.98877 	0.98621 	0.98762 	0.99869 	0.97633 	0.98049 	0.99112 	0.97652 	0.99486 	0.99137 	-0.16902 	-0.15262 	-0.13406 	0.05014 	0.01475 	0.47929 	-0.12166 	-0.15342 	0.00272 	-0.16063 	0.28766 	0.06022 	-0.05561 	-0.05021 	-0.04410 	0.04537 	0.00485 	0.11661 	-0.04003 	-0.05047 	0.00151 	-0.05285 	0.09464 	0.05908 	0.00337	0.02880
Replication23	 -1.49248	0.99831	0.97784 	0.98290 	0.98583 	0.98534 	0.98564 	0.99737 	0.96984 	0.97598 	0.98811 	0.97160 	0.99081 	0.98851 	-0.15284 	-0.14607 	-0.17414 	0.05215 	0.00000 	0.53489 	-0.15746 	-0.16085 	0.00313 	-0.16031 	0.29669 	0.06945 	-0.05030 	-0.04807 	-0.05731 	0.04685 	0.00000 	0.13083 	-0.05182 	-0.05294 	0.00178 	-0.05276 	0.09764 	0.06818 	0.00464	0.03207
Replication24	 -1.48773	0.99829	0.97594 	0.98269 	0.98671 	0.98466 	0.98554 	0.99748 	0.97083 	0.97624 	0.98792 	0.97166 	0.98821 	0.98857 	-0.17746 	-0.14056 	-0.14115 	0.05355 	0.00644 	0.53416 	-0.12902 	-0.14431 	0.00316 	-0.15764 	0.22908 	0.06927 	-0.05841 	-0.04626 	-0.04646 	0.04818 	0.00212 	0.12548 	-0.04246 	-0.04749 	0.00180 	-0.05188 	0.07539 	0.06798 	0.00553	0.02799
Replication25	 -1.51281	0.99851	0.98021 	0.98482 	0.98836 	0.98722 	0.98842 	0.99875 	0.97392 	0.98054 	0.99119 	0.97725 	0.99555 	0.99137 	-0.14921 	-0.15267 	-0.15875 	0.04807 	0.01729 	0.47493 	-0.17567 	-0.15060 	0.00270 	-0.12594 	0.31239 	0.06022 	-0.04909 	-0.05022 	-0.05223 	0.04338 	0.00569 	0.11824 	-0.05779 	-0.04954 	0.00152 	-0.04143 	0.10277 	0.05910 	0.00277	0.03039
Replication26	 -1.46304	0.99823	0.97577 	0.98199 	0.98666 	0.98424 	0.98495 	0.99717 	0.96822 	0.97391 	0.98681 	0.96950 	0.98596 	0.98751 	-0.16602 	-0.15432 	-0.11981 	0.05450 	0.00000 	0.55049 	-0.13547 	-0.16685 	0.00331 	-0.15088 	0.22052 	0.07267 	-0.05465 	-0.05080 	-0.03944 	0.04892 	0.00000 	0.12591 	-0.04459 	-0.05492 	0.00190 	-0.04966 	0.07259 	0.07134 	0.00816	0.02659
Replication27	 -1.41622	0.99817	0.97901 	0.98397 	0.98616 	0.98626 	0.98627 	0.99694 	0.96010 	0.96928 	0.98459 	0.96330 	0.98130 	0.98538 	-0.13419 	-0.12547 	-0.13326 	0.05053 	0.00000 	0.56260 	-0.18832 	-0.15509 	0.00358 	-0.17142 	0.22452 	0.07953 	-0.04417 	-0.04131 	-0.04387 	0.04479 	0.00000 	0.12559 	-0.06200 	-0.05106 	0.00212 	-0.05643 	0.07391 	0.07815 	0.01301	0.02574
Replication28	 -1.45026	0.99811	0.97641 	0.98108 	0.98438 	0.98394 	0.98419 	0.99622 	0.96244 	0.97070 	0.98458 	0.96554 	0.98289 	0.98541 	-0.14459 	-0.16180 	-0.15715 	0.05528 	0.00000 	0.58921 	-0.17797 	-0.15340 	0.00360 	-0.15507 	0.23155 	0.07945 	-0.04761 	-0.05327 	-0.05174 	0.04934 	0.00000 	0.13720 	-0.05860 	-0.05051 	0.00210 	-0.05105 	0.07624 	0.07803 	0.00910	0.03012
Replication29	 -1.46601	0.99825	0.97960 	0.98386 	0.98631 	0.98641 	0.98651 	0.99732 	0.96695 	0.97307 	0.98654 	0.96916 	0.98591 	0.98717 	-0.13066 	-0.14034 	-0.15303 	0.05011 	0.00000 	0.54352 	-0.15052 	-0.18545 	0.00333 	-0.13687 	0.23413 	0.07375 	-0.04301 	-0.04619 	-0.05037 	0.04461 	0.00000 	0.12472 	-0.04954 	-0.06104 	0.00194 	-0.04505 	0.07706 	0.07243 	0.00796	0.02556
Replication30	 -1.50286	0.99823	0.97484 	0.98101 	0.98520 	0.98341 	0.98402 	0.99685 	0.97070 	0.97628 	0.98734 	0.97197 	0.98802 	0.98806 	-0.17490 	-0.15890 	-0.16217 	0.05617 	0.00000 	0.55838 	-0.13306 	-0.13689 	0.00325 	-0.14732 	0.22822 	0.07092 	-0.05757 	-0.05230 	-0.05338 	0.05060 	0.00000 	0.13458 	-0.04380 	-0.04506 	0.00184 	-0.04849 	0.07512 	0.06959 	0.00369	0.03112
Replication31	 -1.42019	0.99822	0.98138 	0.98578 	0.98723 	0.98808 	0.98894 	0.99751 	0.96170 	0.96995 	0.98470 	0.96429 	0.97880 	0.98571 	-0.12472 	-0.11874 	-0.13051 	0.04681 	0.02596 	0.54231 	-0.15872 	-0.14568 	0.00355 	-0.15377 	0.14826 	0.07844 	-0.04106 	-0.03909 	-0.04296 	0.04121 	0.00855 	0.11597 	-0.05225 	-0.04795 	0.00213 	-0.05062 	0.04880 	0.07710 	0.01319	0.01984
Replication32	 -1.36872	0.99781	0.97358 	0.97973 	0.98202 	0.98236 	0.98310 	0.99453 	0.95277 	0.96167 	0.97857 	0.95578 	0.96888 	0.98014 	-0.16146 	-0.14148 	-0.14664 	0.05893 	0.02067 	0.67016 	-0.16002 	-0.17139 	0.00440 	-0.14675 	0.09492 	0.09643 	-0.05319 	-0.04661 	-0.04831 	0.05203 	0.00681 	0.14526 	-0.05272 	-0.05646 	0.00265 	-0.04835 	0.03127 	0.09478 	0.01777	0.02717
Replication33	 -1.39840	0.99794	0.97446 	0.98142 	0.98362 	0.98342 	0.98343 	0.99543 	0.95693 	0.96547 	0.98097 	0.95942 	0.97300 	0.98236 	-0.16642 	-0.11646 	-0.13844 	0.05660 	0.00000 	0.63039 	-0.15441 	-0.14677 	0.00408 	-0.15636 	0.11338 	0.08926 	-0.05481 	-0.03836 	-0.04560 	0.05012 	0.00000 	0.13742 	-0.05086 	-0.04834 	0.00244 	-0.05150 	0.03734 	0.08771 	0.01485	0.02558
Replication34	 -1.45750	0.99803	0.97402 	0.98069 	0.98330 	0.98291 	0.98307 	0.99570 	0.96303 	0.96995 	0.98331 	0.96543 	0.97948 	0.98444 	-0.17375 	-0.13351 	-0.16940 	0.05749 	0.00000 	0.61324 	-0.14518 	-0.15651 	0.00378 	-0.13276 	0.16253 	0.08259 	-0.05722 	-0.04397 	-0.05578 	0.05128 	0.00000 	0.14067 	-0.04781 	-0.05154 	0.00221 	-0.04372 	0.05352 	0.08110 	0.00850	0.02874
Replication35	 -1.45542	0.99807	0.97597 	0.98095 	0.98377 	0.98382 	0.98487 	0.99600 	0.96259 	0.97028 	0.98380 	0.96504 	0.98051 	0.98484 	-0.15498 	-0.16026 	-0.17173 	0.05559 	0.02282 	0.59939 	-0.15769 	-0.14279 	0.00371 	-0.15213 	0.18545 	0.08130 	-0.05103 	-0.05277 	-0.05654 	0.04953 	0.00751 	0.13824 	-0.05192 	-0.04701 	0.00217 	-0.05009 	0.06106 	0.07985 	0.00869	0.02900
Replication36	 -1.36143	0.99770	0.97310 	0.97800 	0.98062 	0.98123 	0.98110 	0.99373 	0.95059 	0.95997 	0.97708 	0.95358 	0.96634 	0.97883 	-0.14194 	-0.16341 	-0.14986 	0.06136 	0.00000 	0.70374 	-0.16113 	-0.16011 	0.00461 	-0.15384 	0.07826 	0.10067 	-0.04677 	-0.05385 	-0.04938 	0.05414 	0.00000 	0.15398 	-0.05309 	-0.05276 	0.00278 	-0.05069 	0.02579 	0.09894 	0.01834	0.02908
Replication37	 -1.47590	0.99818	0.97842 	0.98183 	0.98499 	0.98500 	0.98519 	0.99667 	0.96557 	0.97309 	0.98573 	0.96823 	0.98428 	0.98656 	-0.12624 	-0.17119 	-0.16318 	0.05306 	0.00000 	0.56908 	-0.16218 	-0.13874 	0.00345 	-0.14680 	0.21371 	0.07573 	-0.04156 	-0.05635 	-0.05372 	0.04733 	0.00000 	0.13320 	-0.05339 	-0.04567 	0.00200 	-0.04833 	0.07035 	0.07436 	0.00670	0.02822
Replication38	 -1.43635	0.99819	0.97998 	0.98429 	0.98613 	0.98676 	0.98683 	0.99707 	0.96273 	0.97035 	0.98494 	0.96523 	0.98167 	0.98577 	-0.12593 	-0.12889 	-0.14525 	0.04951 	0.00403 	0.55745 	-0.16244 	-0.16676 	0.00353 	-0.15418 	0.20179 	0.07826 	-0.04145 	-0.04243 	-0.04781 	0.04382 	0.00133 	0.12412 	-0.05347 	-0.05490 	0.00209 	-0.05075 	0.06643 	0.07690 	0.01114	0.02386
Replication39	 -1.36732	0.99781	0.97450 	0.97983 	0.98275 	0.98265 	0.98266 	0.99467 	0.95344 	0.96227 	0.97867 	0.95608 	0.96745 	0.98040 	-0.14224 	-0.15037 	-0.12251 	0.05835 	0.00000 	0.66569 	-0.14731 	-0.15024 	0.00438 	-0.14658 	0.05341 	0.09560 	-0.04686 	-0.04954 	-0.04036 	0.05147 	0.00000 	0.14200 	-0.04853 	-0.04950 	0.00264 	-0.04829 	0.01760 	0.09395 	0.01817	0.02458
Replication40	 -1.44684	0.99812	0.97860 	0.98251 	0.98541 	0.98540 	0.98551 	0.99658 	0.96255 	0.97062 	0.98426 	0.96623 	0.97946 	0.98536 	-0.12492 	-0.15517 	-0.13986 	0.05234 	0.00000 	0.57870 	-0.16413 	-0.15215 	0.00364 	-0.11763 	0.14965 	0.07962 	-0.04113 	-0.05109 	-0.04605 	0.04643 	0.00000 	0.12864 	-0.05404 	-0.05009 	0.00214 	-0.03873 	0.04927 	0.07820 	0.01010	0.02356
Replication41	 -1.50266	0.99858	0.98365 	0.98595 	0.98960 	0.98889 	0.98933 	0.99930 	0.97590 	0.98067 	0.99218 	0.97759 	0.99813 	0.99210 	-0.10579 	-0.16798 	-0.14292 	0.04461 	0.00000 	0.45139 	-0.15417 	-0.19091 	0.00256 	-0.14480 	0.35406 	0.05786 	-0.03480 	-0.05526 	-0.04701 	0.04016 	0.00000 	0.11241 	-0.05071 	-0.06280 	0.00143 	-0.04763 	0.11646 	0.05679 	0.00392	0.02906
Replication42	 -1.48211	0.99834	0.98005 	0.98392 	0.98715 	0.98679 	0.98855 	0.99788 	0.97055 	0.97564 	0.98804 	0.97055 	0.98841 	0.98858 	-0.13814 	-0.16546 	-0.15498 	0.04920 	0.03661 	0.51770 	-0.12311 	-0.15213 	0.00312 	-0.17875 	0.24300 	0.06920 	-0.04546 	-0.05445 	-0.05100 	0.04398 	0.01205 	0.12086 	-0.04051 	-0.05007 	0.00180 	-0.05882 	0.07997 	0.06795 	0.00626	0.02629
Replication43	 -1.45281	0.99834	0.98071 	0.98516 	0.98850 	0.98752 	0.98824 	0.99817 	0.96874 	0.97403 	0.98774 	0.96957 	0.98677 	0.98829 	-0.12989 	-0.14160 	-0.11466 	0.04774 	0.00925 	0.51048 	-0.13095 	-0.18396 	0.00316 	-0.15872 	0.22867 	0.07015 	-0.04274 	-0.04660 	-0.03773 	0.04252 	0.00305 	0.11318 	-0.04309 	-0.06054 	0.00184 	-0.05223 	0.07525 	0.06890 	0.00967	0.02179
Replication44	 -1.51028	0.99842	0.98180 	0.98614 	0.98767 	0.98828 	0.98827 	0.99839 	0.97224 	0.97816 	0.98923 	0.97445 	0.98991 	0.98977 	-0.13083 	-0.11765 	-0.17004 	0.04608 	0.00000 	0.49493 	-0.14385 	-0.14365 	0.00296 	-0.12770 	0.22797 	0.06536 	-0.04305 	-0.03871 	-0.05595 	0.04111 	0.00000 	0.11690 	-0.04733 	-0.04726 	0.00170 	-0.04202 	0.07501 	0.06417 	0.00360	0.02458
Replication45	 -1.46982	0.99827	0.97854 	0.98304 	0.98610 	0.98565 	0.98592 	0.99726 	0.96649 	0.97405 	0.98705 	0.96900 	0.98757 	0.98761 	-0.13980 	-0.15060 	-0.15527 	0.05160 	0.00000 	0.54275 	-0.17279 	-0.14865 	0.00326 	-0.16365 	0.26798 	0.07235 	-0.04601 	-0.04957 	-0.05111 	0.04615 	0.00000 	0.12847 	-0.05687 	-0.04893 	0.00189 	-0.05386 	0.08820 	0.07105 	0.00719	0.02941
Replication46	 -1.50243	0.99841	0.97974 	0.98472 	0.98772 	0.98691 	0.98727 	0.99826 	0.97295 	0.97824 	0.98956 	0.97373 	0.99167 	0.98997 	-0.14598 	-0.13615 	-0.15388 	0.04884 	0.00000 	0.49924 	-0.13451 	-0.14419 	0.00292 	-0.16386 	0.26694 	0.06473 	-0.04803 	-0.04480 	-0.05063 	0.04385 	0.00000 	0.11969 	-0.04426 	-0.04745 	0.00166 	-0.05392 	0.08783 	0.06354 	0.00410	0.02749
Replication47	 -1.41047	0.99787	0.97312 	0.97911 	0.98204 	0.98181 	0.98192 	0.99473 	0.95808 	0.96505 	0.98044 	0.95849 	0.97395 	0.98180 	-0.16214 	-0.15133 	-0.15664 	0.05993 	0.00000 	0.65724 	-0.12830 	-0.15300 	0.00416 	-0.18838 	0.14058 	0.09111 	-0.05341 	-0.04985 	-0.05160 	0.05323 	0.00000 	0.14749 	-0.04226 	-0.05040 	0.00247 	-0.06205 	0.04631 	0.08950 	0.01323	0.02943
Replication48	 -1.47452	0.99848	0.98030 	0.98626 	0.98907 	0.98818 	0.99102 	0.99890 	0.97068 	0.97729 	0.98968 	0.97269 	0.99076 	0.99004 	-0.16907 	-0.12947 	-0.14399 	0.04620 	0.06237 	0.47468 	-0.15855 	-0.15118 	0.00289 	-0.15725 	0.26601 	0.06448 	-0.05562 	-0.04259 	-0.04737 	0.04141 	0.02052 	0.11015 	-0.05216 	-0.04974 	0.00167 	-0.05173 	0.08752 	0.06333 	0.00712	0.02538
Replication49	 -1.40923	0.99784	0.97364 	0.97883 	0.98187 	0.98185 	0.98192 	0.99458 	0.95663 	0.96480 	0.97987 	0.95869 	0.97174 	0.98142 	-0.15021 	-0.16261 	-0.15396 	0.05990 	0.00000 	0.66459 	-0.14414 	-0.14021 	0.00424 	-0.15767 	0.10121 	0.09233 	-0.04948 	-0.05357 	-0.05072 	0.05311 	0.00000 	0.14794 	-0.04748 	-0.04619 	0.00252 	-0.05194 	0.03334 	0.09071 	0.01347	0.02825
Replication50	 -1.51724	0.99843	0.97879 	0.98387 	0.98753 	0.98618 	0.98671 	0.99822 	0.97376 	0.97988 	0.99019 	0.97568 	0.99308 	0.99059 	-0.15343 	-0.14910 	-0.15754 	0.05028 	0.00000 	0.49810 	-0.15130 	-0.12574 	0.00285 	-0.14771 	0.27323 	0.06274 	-0.05048 	-0.04906 	-0.05183 	0.04535 	0.00000 	0.12249 	-0.04978 	-0.04137 	0.00160 	-0.04860 	0.08990 	0.06156 	0.00238	0.02977
Replication51	 -1.46951	0.99814	0.97511 	0.98075 	0.98473 	0.98336 	0.98384 	0.99640 	0.96607 	0.97269 	0.98553 	0.96812 	0.98456 	0.98635 	-0.16253 	-0.16158 	-0.15234 	0.05640 	0.00000 	0.58069 	-0.15071 	-0.15651 	0.00348 	-0.14791 	0.22174 	0.07644 	-0.05351 	-0.05319 	-0.05015 	0.05056 	0.00000 	0.13594 	-0.04962 	-0.05153 	0.00201 	-0.04869 	0.07300 	0.07504 	0.00718	0.02985
Replication52	 -1.48715	0.99818	0.97692 	0.98187 	0.98493 	0.98471 	0.98669 	0.99677 	0.96796 	0.97387 	0.98570 	0.96931 	0.98311 	0.98670 	-0.16106 	-0.16522 	-0.17465 	0.05363 	0.04317 	0.56622 	-0.12516 	-0.13425 	0.00345 	-0.14037 	0.16462 	0.07530 	-0.05302 	-0.05439 	-0.05749 	0.04791 	0.01421 	0.13123 	-0.04120 	-0.04419 	0.00200 	-0.04621 	0.05419 	0.07393 	0.00569	0.02697
Replication53	 -1.49845	0.99846	0.98199 	0.98590 	0.98903 	0.98830 	0.98878 	0.99878 	0.97279 	0.97870 	0.98997 	0.97467 	0.99073 	0.99045 	-0.12528 	-0.14206 	-0.13423 	0.04599 	0.00357 	0.47981 	-0.14291 	-0.14213 	0.00286 	-0.13856 	0.23472 	0.06318 	-0.04122 	-0.04674 	-0.04416 	0.04114 	0.00117 	0.11139 	-0.04702 	-0.04676 	0.00163 	-0.04559 	0.07723 	0.06202 	0.00494	0.02309
Replication54	 -1.49748	0.99849	0.98127 	0.98648 	0.98887 	0.98831 	0.98857 	0.99886 	0.97303 	0.97883 	0.99041 	0.97496 	0.99293 	0.99069 	-0.14325 	-0.11535 	-0.14748 	0.04592 	0.00000 	0.47421 	-0.15175 	-0.15877 	0.00280 	-0.14448 	0.28054 	0.06239 	-0.04713 	-0.03795 	-0.04852 	0.04117 	0.00000 	0.11278 	-0.04993 	-0.05223 	0.00160 	-0.04753 	0.09230 	0.06125 	0.00476	0.02580
Replication55	 -1.41146	0.99794	0.97578 	0.98086 	0.98287 	0.98357 	0.98344 	0.99525 	0.95739 	0.96569 	0.98105 	0.95905 	0.97439 	0.98236 	-0.14298 	-0.14043 	-0.15975 	0.05629 	0.00000 	0.63540 	-0.15136 	-0.14005 	0.00407 	-0.18083 	0.14366 	0.08929 	-0.04709 	-0.04625 	-0.05262 	0.04981 	0.00000 	0.14185 	-0.04985 	-0.04613 	0.00243 	-0.05956 	0.04732 	0.08774 	0.01331	0.02764
Replication56	 -1.52003	0.99843	0.97708 	0.98253 	0.98756 	0.98497 	0.98584 	0.99814 	0.97595 	0.98064 	0.99072 	0.97705 	0.99495 	0.99102 	-0.16493 	-0.16939 	-0.14603 	0.05272 	0.00000 	0.50033 	-0.13406 	-0.14705 	0.00279 	-0.14530 	0.29147 	0.06136 	-0.05427 	-0.05573 	-0.04805 	0.04779 	0.00000 	0.12469 	-0.04411 	-0.04838 	0.00154 	-0.04781 	0.09590 	0.06018 	0.00191	0.03174
Replication57	 -1.43883	0.99801	0.97381 	0.98025 	0.98371 	0.98273 	0.98373 	0.99569 	0.96110 	0.96903 	0.98281 	0.96400 	0.97752 	0.98405 	-0.17387 	-0.15173 	-0.14980 	0.05789 	0.01690 	0.61562 	-0.15531 	-0.14346 	0.00384 	-0.13577 	0.14235 	0.08384 	-0.05726 	-0.04997 	-0.04933 	0.05162 	0.00557 	0.13874 	-0.05114 	-0.04724 	0.00226 	-0.04471 	0.04688 	0.08234 	0.01050	0.02775
Replication58	 -1.46747	0.99822	0.97477 	0.98104 	0.98522 	0.98340 	0.98400 	0.99675 	0.96770 	0.97378 	0.98687 	0.96858 	0.98890 	0.98734 	-0.17380 	-0.15657 	-0.15387 	0.05621 	0.00000 	0.56219 	-0.15171 	-0.16459 	0.00330 	-0.18597 	0.29856 	0.07324 	-0.05721 	-0.05154 	-0.05065 	0.05061 	0.00000 	0.13593 	-0.04994 	-0.05418 	0.00189 	-0.06122 	0.09828 	0.07190 	0.00698	0.03386
Replication59	 -1.49248	0.99837	0.98031 	0.98525 	0.98768 	0.98742 	0.98814 	0.99817 	0.96994 	0.97683 	0.98852 	0.97349 	0.98825 	0.98914 	-0.14377 	-0.12910 	-0.15267 	0.04789 	0.01319 	0.50612 	-0.16269 	-0.15338 	0.00306 	-0.10804 	0.21740 	0.06742 	-0.04731 	-0.04248 	-0.05024 	0.04278 	0.00434 	0.11720 	-0.05354 	-0.05047 	0.00176 	-0.03555 	0.07154 	0.06620 	0.00542	0.02423
Replication60	 -1.42171	0.99797	0.97224 	0.97948 	0.98320 	0.98174 	0.98214 	0.99534 	0.95944 	0.96752 	0.98247 	0.96222 	0.97885 	0.98351 	-0.18292 	-0.14532 	-0.14592 	0.05993 	0.00000 	0.62878 	-0.16926 	-0.16807 	0.00389 	-0.15598 	0.20117 	0.08559 	-0.06024 	-0.04786 	-0.04806 	0.05355 	0.00000 	0.14366 	-0.05574 	-0.05535 	0.00228 	-0.05137 	0.06625 	0.08407 	0.01190	0.03119
Replication61	 -1.49384	0.99829	0.97710 	0.98227 	0.98591 	0.98480 	0.98526 	0.99729 	0.97077 	0.97612 	0.98805 	0.97166 	0.99033 	0.98851 	-0.15620 	-0.15641 	-0.16358 	0.05328 	0.00000 	0.53900 	-0.13932 	-0.15907 	0.00314 	-0.16551 	0.27978 	0.06945 	-0.05141 	-0.05148 	-0.05384 	0.04792 	0.00000 	0.13079 	-0.04585 	-0.05235 	0.00178 	-0.05447 	0.09208 	0.06817 	0.00458	0.03134
Replication62	 -1.45747	0.99821	0.97884 	0.98337 	0.98618 	0.98610 	0.98783 	0.99717 	0.96575 	0.97234 	0.98555 	0.96704 	0.98208 	0.98649 	-0.14462 	-0.15424 	-0.14988 	0.05079 	0.03918 	0.55214 	-0.13494 	-0.14151 	0.00345 	-0.15943 	0.17209 	0.07596 	-0.04761 	-0.05077 	-0.04934 	0.04516 	0.01290 	0.12381 	-0.04442 	-0.04658 	0.00203 	-0.05248 	0.05665 	0.07461 	0.00899	0.02396
Replication63	 -1.39975	0.99781	0.97095 	0.97834 	0.98157 	0.98070 	0.98092 	0.99437 	0.95638 	0.96396 	0.97969 	0.95847 	0.97262 	0.98112 	-0.18353 	-0.14294 	-0.15124 	0.06226 	0.00000 	0.67324 	-0.14565 	-0.17344 	0.00427 	-0.15151 	0.12949 	0.09330 	-0.06046 	-0.04709 	-0.04983 	0.05539 	0.00000 	0.15032 	-0.04798 	-0.05714 	0.00253 	-0.04991 	0.04266 	0.09166 	0.01426	0.03015
Replication64	 -1.47699	0.99839	0.97842 	0.98457 	0.98790 	0.98655 	0.98823 	0.99820 	0.96972 	0.97644 	0.98883 	0.97239 	0.99001 	0.98926 	-0.16869 	-0.13495 	-0.14269 	0.04962 	0.03060 	0.50390 	-0.16475 	-0.16163 	0.00302 	-0.14048 	0.26573 	0.06703 	-0.05551 	-0.04441 	-0.04695 	0.04455 	0.01007 	0.11805 	-0.05421 	-0.05319 	0.00173 	-0.04623 	0.08744 	0.06582 	0.00669	0.02716
Replication65	 -1.50258	0.99835	0.97716 	0.98271 	0.98616 	0.98503 	0.98550 	0.99754 	0.97096 	0.97752 	0.98887 	0.97341 	0.99207 	0.98925 	-0.16284 	-0.14823 	-0.17012 	0.05272 	0.00000 	0.52628 	-0.16616 	-0.14777 	0.00303 	-0.14820 	0.29780 	0.06705 	-0.05359 	-0.04878 	-0.05599 	0.04752 	0.00000 	0.13025 	-0.05468 	-0.04863 	0.00171 	-0.04877 	0.09800 	0.06581 	0.00355	0.03285
Replication66	 0.00409	0.99762	0.97171 	0.97820 	0.97990 	0.98083 	0.98052 	0.99324 	0.94591 	0.95727 	0.97511 	0.95013 	0.96117 	0.97716 	-0.15979 	-0.13202 	-0.14845 	0.06229 	0.00000 	0.72611 	-0.17990 	-0.13691 	0.00486 	-0.14966 	0.02930 	0.10605 	-0.05266 	-0.04351 	-0.04892 	0.05481 	0.00000 	0.15729 	-0.05929 	-0.04512 	0.00297 	-0.04932 	0.00966 	0.10427 	0.02189	0.03017
Replication67	 -1.42418	0.99791	0.97226 	0.97888 	0.98248 	0.98143 	0.98175 	0.99494 	0.95902 	0.96688 	0.98132 	0.96091 	0.97524 	0.98267 	-0.17426 	-0.15400 	-0.14991 	0.06064 	0.00000 	0.64733 	-0.14660 	-0.13867 	0.00405 	-0.16275 	0.13767 	0.08829 	-0.05740 	-0.05072 	-0.04938 	0.05406 	0.00000 	0.14627 	-0.04829 	-0.04567 	0.00238 	-0.05361 	0.04535 	0.08672 	0.01180	0.02971
Replication68	 -1.51950	0.99840	0.97882 	0.98350 	0.98728 	0.98616 	0.98797 	0.99812 	0.97473 	0.97935 	0.98960 	0.97519 	0.99121 	0.99014 	-0.15622 	-0.16612 	-0.16355 	0.05037 	0.03224 	0.50433 	-0.11683 	-0.13149 	0.00292 	-0.15083 	0.23334 	0.06418 	-0.05141 	-0.05466 	-0.05382 	0.04534 	0.01061 	0.12169 	-0.03844 	-0.04327 	0.00165 	-0.04963 	0.07678 	0.06298 	0.00235	0.02783
Replication69	 -1.47760	0.99823	0.97644 	0.98231 	0.98619 	0.98460 	0.98511 	0.99712 	0.96839 	0.97447 	0.98677 	0.97051 	0.98574 	0.98754 	-0.16124 	-0.14831 	-0.13932 	0.05378 	0.00000 	0.55164 	-0.14221 	-0.15902 	0.00331 	-0.13127 	0.20675 	0.07258 	-0.05308 	-0.04882 	-0.04586 	0.04821 	0.00000 	0.12730 	-0.04681 	-0.05234 	0.00190 	-0.04321 	0.06805 	0.07125 	0.00669	0.02659
Replication70	 -1.37241	0.99783	0.97487 	0.98030 	0.98270 	0.98308 	0.98375 	0.99478 	0.95382 	0.96278 	0.97864 	0.95625 	0.96648 	0.98047 	-0.14763 	-0.14638 	-0.13429 	0.05745 	0.01892 	0.66105 	-0.14022 	-0.12880 	0.00438 	-0.14867 	0.02651 	0.09536 	-0.04863 	-0.04822 	-0.04424 	0.05062 	0.00623 	0.14104 	-0.04619 	-0.04243 	0.00265 	-0.04898 	0.00873 	0.09372 	0.01767	0.02430
Replication71	 -1.48633	0.99829	0.97888 	0.98368 	0.98657 	0.98609 	0.98635 	0.99752 	0.96957 	0.97535 	0.98748 	0.97072 	0.98719 	0.98815 	-0.14254 	-0.14142 	-0.15357 	0.05069 	0.00000 	0.53334 	-0.13490 	-0.14793 	0.00321 	-0.15574 	0.22411 	0.07062 	-0.04691 	-0.04655 	-0.05054 	0.04531 	0.00000 	0.12429 	-0.04440 	-0.04869 	0.00185 	-0.05126 	0.07376 	0.06933 	0.00585	0.02619
Replication72	 -1.42212	0.99792	0.97381 	0.98034 	0.98270 	0.98265 	0.98268 	0.99513 	0.95877 	0.96640 	0.98107 	0.96123 	0.97403 	0.98248 	-0.16664 	-0.13141 	-0.15765 	0.05817 	0.00000 	0.64104 	-0.14431 	-0.15612 	0.00407 	-0.13741 	0.11362 	0.08891 	-0.05489 	-0.04328 	-0.05193 	0.05162 	0.00000 	0.14253 	-0.04753 	-0.05142 	0.00242 	-0.04526 	0.03742 	0.08735 	0.01228	0.02703
Replication73	 0.00277	0.99763	0.97319 	0.97875 	0.97938 	0.98173 	0.98239 	0.99327 	0.94723 	0.95728 	0.97486 	0.95005 	0.96050 	0.97697 	-0.15383 	-0.13671 	-0.17843 	0.06049 	0.03168 	0.72437 	-0.15240 	-0.13767 	0.00488 	-0.15810 	0.00995 	0.10666 	-0.05070 	-0.04505 	-0.05880 	0.05304 	0.01044 	0.15730 	-0.05023 	-0.04537 	0.00300 	-0.05210 	0.00328 	0.10488 	0.02089	0.02968
Replication74	 -1.51151	0.99847	0.98093 	0.98529 	0.98854 	0.98762 	0.98803 	0.99869 	0.97465 	0.97984 	0.99054 	0.97538 	0.99297 	0.99091 	-0.13646 	-0.14286 	-0.14738 	0.04733 	0.00000 	0.48055 	-0.13163 	-0.13360 	0.00279 	-0.16196 	0.26482 	0.06170 	-0.04490 	-0.04700 	-0.04849 	0.04254 	0.00000 	0.11560 	-0.04331 	-0.04396 	0.00158 	-0.05329 	0.08713 	0.06056 	0.00329	0.02646
Replication75	 -1.51689	0.99847	0.98104 	0.98530 	0.98850 	0.98765 	0.98805 	0.99869 	0.97598 	0.97995 	0.99059 	0.97644 	0.99318 	0.99095 	-0.13491 	-0.14374 	-0.14978 	0.04726 	0.00000 	0.48091 	-0.11596 	-0.15918 	0.00279 	-0.14269 	0.25658 	0.06157 	-0.04439 	-0.04729 	-0.04928 	0.04246 	0.00000 	0.11519 	-0.03815 	-0.05237 	0.00157 	-0.04695 	0.08442 	0.06042 	0.00283	0.02563
Replication76	 -1.45536	0.99811	0.97451 	0.98077 	0.98470 	0.98316 	0.98365 	0.99626 	0.96475 	0.97144 	0.98482 	0.96639 	0.98271 	0.98572 	-0.16892 	-0.15282 	-0.14388 	0.05685 	0.00000 	0.58861 	-0.14554 	-0.15454 	0.00358 	-0.15866 	0.20555 	0.07846 	-0.05562 	-0.05031 	-0.04737 	0.05090 	0.00000 	0.13562 	-0.04792 	-0.05088 	0.00207 	-0.05224 	0.06768 	0.07704 	0.00870	0.02896
Replication77	 -1.47664	0.99830	0.98096 	0.98375 	0.98660 	0.98683 	0.98697 	0.99755 	0.96746 	0.97455 	0.98742 	0.97044 	0.98779 	0.98797 	-0.11184 	-0.16320 	-0.15557 	0.04919 	0.00000 	0.53134 	-0.16943 	-0.16558 	0.00321 	-0.13780 	0.25525 	0.07119 	-0.03681 	-0.05371 	-0.05120 	0.04384 	0.00000 	0.12459 	-0.05576 	-0.05450 	0.00186 	-0.04535 	0.08401 	0.06991 	0.00676	0.02687
Replication78	 -1.48947	0.99819	0.97601 	0.98188 	0.98496 	0.98421 	0.98453 	0.99672 	0.96766 	0.97434 	0.98622 	0.97053 	0.98523 	0.98706 	-0.16425 	-0.14286 	-0.16712 	0.05462 	0.00000 	0.56644 	-0.15265 	-0.14941 	0.00339 	-0.12054 	0.20353 	0.07413 	-0.05407 	-0.04703 	-0.05501 	0.04893 	0.00000 	0.13330 	-0.05025 	-0.04918 	0.00195 	-0.03968 	0.06700 	0.07277 	0.00528	0.02871
Replication79	 -1.45476	0.99811	0.97807 	0.98258 	0.98433 	0.98521 	0.98510 	0.99634 	0.96260 	0.97036 	0.98418 	0.96541 	0.98112 	0.98512 	-0.13602 	-0.13645 	-0.17235 	0.05273 	0.00000 	0.58576 	-0.16363 	-0.15424 	0.00365 	-0.14556 	0.19470 	0.08036 	-0.04478 	-0.04493 	-0.05674 	0.04679 	0.00000 	0.13428 	-0.05387 	-0.05078 	0.00215 	-0.04793 	0.06410 	0.07894 	0.00893	0.02723
Replication80	 -1.47715	0.99842	0.98025 	0.98443 	0.98887 	0.98699 	0.98763 	0.99847 	0.97123 	0.97735 	0.98962 	0.97278 	0.99128 	0.98998 	-0.13193 	-0.16142 	-0.11492 	0.04867 	0.00000 	0.49271 	-0.15175 	-0.15521 	0.00291 	-0.16214 	0.27519 	0.06470 	-0.04341 	-0.05311 	-0.03781 	0.04371 	0.00000 	0.11500 	-0.04993 	-0.05107 	0.00166 	-0.05335 	0.09055 	0.06352 	0.00682	0.02574
Replication81	 -1.49687	0.99831	0.97935 	0.98396 	0.98641 	0.98638 	0.98654 	0.99760 	0.97017 	0.97616 	0.98784 	0.97142 	0.98809 	0.98848 	-0.14059 	-0.13786 	-0.16678 	0.05007 	0.00000 	0.52856 	-0.13849 	-0.13684 	0.00316 	-0.15814 	0.23204 	0.06955 	-0.04627 	-0.04537 	-0.05489 	0.04477 	0.00000 	0.12510 	-0.04558 	-0.04503 	0.00181 	-0.05204 	0.07637 	0.06829 	0.00469	0.02715
Replication82	 -1.44755	0.99814	0.97754 	0.98312 	0.98538 	0.98533 	0.98540 	0.99667 	0.96370 	0.97069 	0.98459 	0.96593 	0.98101 	0.98554 	-0.14852 	-0.12572 	-0.14865 	0.05245 	0.00000 	0.57377 	-0.14853 	-0.16306 	0.00359 	-0.14326 	0.17883 	0.07900 	-0.04890 	-0.04139 	-0.04894 	0.04660 	0.00000 	0.12856 	-0.04890 	-0.05368 	0.00211 	-0.04716 	0.05888 	0.07760 	0.00991	0.02477
Replication83	 -1.48515	0.99843	0.98276 	0.98685 	0.98846 	0.98906 	0.98979 	0.99863 	0.97032 	0.97670 	0.98888 	0.97215 	0.98857 	0.98941 	-0.12641 	-0.12058 	-0.15353 	0.04450 	0.01892 	0.48732 	-0.14696 	-0.14445 	0.00299 	-0.14971 	0.22773 	0.06650 	-0.04159 	-0.03967 	-0.05052 	0.03957 	0.00623 	0.11173 	-0.04835 	-0.04753 	0.00174 	-0.04926 	0.07493 	0.06532 	0.00633	0.02259
Replication84	 -1.53643	0.99851	0.98048 	0.98541 	0.98816 	0.98751 	0.98787 	0.99877 	0.97660 	0.98188 	0.99138 	0.97858 	0.99506 	0.99170 	-0.14876 	-0.13217 	-0.17062 	0.04749 	0.00000 	0.47377 	-0.14202 	-0.13317 	0.00268 	-0.12717 	0.27138 	0.05916 	-0.04894 	-0.04348 	-0.05613 	0.04282 	0.00000 	0.11789 	-0.04672 	-0.04381 	0.00150 	-0.04183 	0.08928 	0.05804 	0.00058	0.02861
Replication85	 -1.47681	0.99829	0.97718 	0.98326 	0.98662 	0.98532 	0.98575 	0.99747 	0.96906 	0.97508 	0.98761 	0.97046 	0.98823 	0.98817 	-0.16279 	-0.13501 	-0.14575 	0.05224 	0.00000 	0.53482 	-0.14555 	-0.15811 	0.00319 	-0.16014 	0.25316 	0.07054 	-0.05358 	-0.04443 	-0.04797 	0.04686 	0.00000 	0.12554 	-0.04790 	-0.05204 	0.00183 	-0.05271 	0.08332 	0.06925 	0.00661	0.02818
Replication86	 -1.47038	0.99829	0.98027 	0.98464 	0.98736 	0.98711 	0.98783 	0.99776 	0.96711 	0.97452 	0.98690 	0.96969 	0.98382 	0.98778 	-0.13278 	-0.14030 	-0.13735 	0.04864 	0.01355 	0.52713 	-0.15168 	-0.12747 	0.00327 	-0.13788 	0.17093 	0.07180 	-0.04370 	-0.04618 	-0.04521 	0.04327 	0.00446 	0.11811 	-0.04992 	-0.04195 	0.00191 	-0.04538 	0.05626 	0.07051 	0.00786	0.02218
Replication87	 -1.45009	0.99811	0.97801 	0.98232 	0.98487 	0.98509 	0.98514 	0.99643 	0.96274 	0.97047 	0.98424 	0.96567 	0.98048 	0.98525 	-0.13267 	-0.14877 	-0.15335 	0.05297 	0.00000 	0.58335 	-0.16059 	-0.15355 	0.00364 	-0.13775 	0.17632 	0.07996 	-0.04368 	-0.04898 	-0.05049 	0.04704 	0.00000 	0.13179 	-0.05287 	-0.05055 	0.00214 	-0.04535 	0.05805 	0.07854 	0.00957	0.02562
Replication88	 -1.46093	0.99821	0.97790 	0.98322 	0.98615 	0.98552 	0.98577 	0.99710 	0.96579 	0.97280 	0.98599 	0.96799 	0.98387 	0.98680 	-0.14735 	-0.13702 	-0.14230 	0.05195 	0.00000 	0.55402 	-0.15255 	-0.15169 	0.00341 	-0.14844 	0.20351 	0.07496 	-0.04850 	-0.04510 	-0.04684 	0.04633 	0.00000 	0.12601 	-0.05022 	-0.04993 	0.00198 	-0.04886 	0.06699 	0.07362 	0.00849	0.02546
Replication89	 -1.40042	0.99794	0.97441 	0.98052 	0.98359 	0.98313 	0.98462 	0.99544 	0.95699 	0.96581 	0.98106 	0.95966 	0.97308 	0.98248 	-0.16673 	-0.15130 	-0.13989 	0.05717 	0.03315 	0.62969 	-0.15765 	-0.13834 	0.00406 	-0.15586 	0.11139 	0.08889 	-0.05491 	-0.04983 	-0.04607 	0.05071 	0.01092 	0.13784 	-0.05192 	-0.04556 	0.00243 	-0.05133 	0.03669 	0.08735 	0.01458	0.02628
Replication90	 -1.46987	0.99827	0.97847 	0.98378 	0.98684 	0.98601 	0.98631 	0.99749 	0.96700 	0.97434 	0.98699 	0.96971 	0.98563 	0.98772 	-0.14713 	-0.13583 	-0.13937 	0.05088 	0.00000 	0.53639 	-0.16121 	-0.14370 	0.00327 	-0.14195 	0.21427 	0.07198 	-0.04843 	-0.04471 	-0.04587 	0.04545 	0.00000 	0.12291 	-0.05306 	-0.04730 	0.00189 	-0.04672 	0.07052 	0.07068 	0.00759	0.02537
Replication91	 -1.49467	0.99822	0.97511 	0.98048 	0.98483 	0.98323 	0.98384 	0.99669 	0.96917 	0.97562 	0.98718 	0.97052 	0.98875 	0.98780 	-0.16530 	-0.17321 	-0.16634 	0.05653 	0.00000 	0.56356 	-0.15013 	-0.13023 	0.00327 	-0.17109 	0.26545 	0.07175 	-0.05441 	-0.05702 	-0.05475 	0.05094 	0.00000 	0.13793 	-0.04942 	-0.04287 	0.00185 	-0.05632 	0.08738 	0.07041 	0.00425	0.03372
Replication92	 -1.47210	0.99836	0.97972 	0.98473 	0.98817 	0.98708 	0.98875 	0.99820 	0.97021 	0.97561 	0.98827 	0.97136 	0.98789 	0.98883 	-0.14896 	-0.14695 	-0.13190 	0.04860 	0.03151 	0.50695 	-0.13241 	-0.16749 	0.00309 	-0.14964 	0.22637 	0.06839 	-0.04902 	-0.04836 	-0.04341 	0.04345 	0.01037 	0.11499 	-0.04357 	-0.05512 	0.00179 	-0.04924 	0.07449 	0.06716 	0.00755	0.02352
Replication93	 -1.39413	0.99783	0.97418 	0.97925 	0.98199 	0.98224 	0.98222 	0.99458 	0.95575 	0.96353 	0.97943 	0.95719 	0.97091 	0.98095 	-0.14473 	-0.15731 	-0.14924 	0.05915 	0.00000 	0.66614 	-0.13737 	-0.15430 	0.00429 	-0.16907 	0.10372 	0.09383 	-0.04768 	-0.05182 	-0.04916 	0.05232 	0.00000 	0.14663 	-0.04525 	-0.05083 	0.00257 	-0.05569 	0.03417 	0.09219 	0.01511	0.02744
Replication94	 -1.49048	0.99819	0.97837 	0.98336 	0.98474 	0.98570 	0.98558 	0.99679 	0.96721 	0.97361 	0.98569 	0.96918 	0.98358 	0.98661 	-0.14515 	-0.12407 	-0.18691 	0.05162 	0.00000 	0.56438 	-0.13871 	-0.14032 	0.00345 	-0.13621 	0.18172 	0.07557 	-0.04778 	-0.04084 	-0.06153 	0.04594 	0.00000 	0.13158 	-0.04566 	-0.04619 	0.00201 	-0.04484 	0.05982 	0.07421 	0.00538	0.02671
Replication95	 -1.45604	0.99810	0.97581 	0.98190 	0.98443 	0.98413 	0.98427 	0.99626 	0.96426 	0.97077 	0.98425 	0.96554 	0.98101 	0.98525 	-0.16150 	-0.13164 	-0.15965 	0.05493 	0.00000 	0.58980 	-0.13610 	-0.15083 	0.00364 	-0.16008 	0.18028 	0.07996 	-0.05317 	-0.04334 	-0.05257 	0.04895 	0.00000 	0.13455 	-0.04481 	-0.04966 	0.00213 	-0.05271 	0.05936 	0.07852 	0.00880	0.02724
Replication96	 -1.51159	0.99842	0.97986 	0.98418 	0.98746 	0.98677 	0.98779 	0.99822 	0.97259 	0.97894 	0.98969 	0.97485 	0.99178 	0.99014 	-0.14386 	-0.15537 	-0.16274 	0.04913 	0.01582 	0.49969 	-0.15458 	-0.13222 	0.00291 	-0.14109 	0.26121 	0.06419 	-0.04733 	-0.05112 	-0.05355 	0.04416 	0.00521 	0.12120 	-0.05086 	-0.04351 	0.00165 	-0.04642 	0.08595 	0.06300 	0.00309	0.02836
Replication97	 -1.38613	0.99787	0.97289 	0.98022 	0.98321 	0.98234 	0.98283 	0.99503 	0.95654 	0.96415 	0.98000 	0.95869 	0.97083 	0.98153 	-0.17549 	-0.12979 	-0.12720 	0.05887 	0.00775 	0.64913 	-0.13710 	-0.16789 	0.00421 	-0.14108 	0.08280 	0.09195 	-0.05781 	-0.04275 	-0.04190 	0.05218 	0.00255 	0.13963 	-0.04516 	-0.05530 	0.00252 	-0.04647 	0.02727 	0.09035 	0.01617	0.02511
Replication98	 -1.49335	0.99831	0.97790 	0.98357 	0.98688 	0.98571 	0.98613 	0.99766 	0.97002 	0.97660 	0.98802 	0.97208 	0.98774 	0.98871 	-0.15705 	-0.13762 	-0.14768 	0.05141 	0.00000 	0.52698 	-0.14742 	-0.12891 	0.00314 	-0.14389 	0.21735 	0.06880 	-0.05169 	-0.04529 	-0.04860 	0.04610 	0.00000 	0.12355 	-0.04852 	-0.04242 	0.00179 	-0.04736 	0.07153 	0.06753 	0.00510	0.02663
Replication99	 -1.45603	0.99802	0.97516 	0.98065 	0.98342 	0.98338 	0.98436 	0.99574 	0.96258 	0.96990 	0.98296 	0.96477 	0.97744 	0.98426 	-0.16133 	-0.15460 	-0.16862 	0.05655 	0.02133 	0.61244 	-0.13880 	-0.13031 	0.00382 	-0.13841 	0.12358 	0.08317 	-0.05313 	-0.05091 	-0.05553 	0.05033 	0.00702 	0.13892 	-0.04571 	-0.04291 	0.00225 	-0.04558 	0.04069 	0.08168 	0.00881	0.02714
Replication100	 -1.44352	0.99807	0.97492 	0.98110 	0.98442 	0.98345 	0.98376 	0.99607 	0.96219 	0.97000 	0.98382 	0.96501 	0.98002 	0.98487 	-0.16400 	-0.14351 	-0.14512 	0.05634 	0.00000 	0.59847 	-0.16065 	-0.15112 	0.00371 	-0.14260 	0.17732 	0.08121 	-0.05400 	-0.04726 	-0.04778 	0.05026 	0.00000 	0.13570 	-0.05290 	-0.04976 	0.00217 	-0.04695 	0.05839 	0.07975 	0.01003	0.02761
Replication101	 -1.50899	0.99827	0.97471 	0.98015 	0.98485 	0.98294 	0.98366 	0.99683 	0.97088 	0.97745 	0.98819 	0.97261 	0.99139 	0.98870 	-0.17110 	-0.18022 	-0.17358 	0.05705 	0.00000 	0.55423 	-0.15836 	-0.12239 	0.00314 	-0.16687 	0.29180 	0.06886 	-0.05632 	-0.05932 	-0.05713 	0.05160 	0.00000 	0.13962 	-0.05212 	-0.04028 	0.00176 	-0.05492 	0.09604 	0.06755 	0.00254	0.03647
Replication102	 -1.45354	0.99818	0.97668 	0.98179 	0.98603 	0.98443 	0.98495 	0.99685 	0.96544 	0.97235 	0.98580 	0.96770 	0.98402 	0.98660 	-0.14863 	-0.16257 	-0.12707 	0.05420 	0.00000 	0.56431 	-0.15456 	-0.16217 	0.00344 	-0.14739 	0.21395 	0.07562 	-0.04893 	-0.05352 	-0.04183 	0.04847 	0.00000 	0.12851 	-0.05088 	-0.05339 	0.00199 	-0.04852 	0.07043 	0.07425 	0.00912	0.02659
Replication103	 -1.45025	0.99823	0.97782 	0.98430 	0.98672 	0.98605 	0.98642 	0.99733 	0.96571 	0.97230 	0.98589 	0.96735 	0.98295 	0.98673 	-0.16020 	-0.11148 	-0.13516 	0.05087 	0.00462 	0.54634 	-0.14162 	-0.15725 	0.00341 	-0.15362 	0.18868 	0.07519 	-0.05273 	-0.03670 	-0.04449 	0.04529 	0.00152 	0.12165 	-0.04662 	-0.05176 	0.00200 	-0.05057 	0.06211 	0.07385 	0.00976	0.02355
Replication104	 -1.41615	0.99789	0.97321 	0.97875 	0.98251 	0.98169 	0.98197 	0.99487 	0.95828 	0.96607 	0.98088 	0.96004 	0.97407 	0.98228 	-0.15725 	-0.16797 	-0.14399 	0.06015 	0.00000 	0.65160 	-0.14288 	-0.14349 	0.00411 	-0.16322 	0.12611 	0.08955 	-0.05180 	-0.05533 	-0.04743 	0.05351 	0.00000 	0.14578 	-0.04706 	-0.04726 	0.00243 	-0.05376 	0.04154 	0.08796 	0.01273	0.02857
Replication105	 -1.43756	0.99813	0.98037 	0.98399 	0.98524 	0.98677 	0.98714 	0.99668 	0.96116 	0.96958 	0.98363 	0.96360 	0.97757 	0.98481 	-0.11868 	-0.13481 	-0.15957 	0.04957 	0.01654 	0.57480 	-0.15550 	-0.12459 	0.00370 	-0.15773 	0.13599 	0.08137 	-0.03907 	-0.04438 	-0.05253 	0.04369 	0.00545 	0.12702 	-0.05120 	-0.04102 	0.00221 	-0.05193 	0.04477 	0.07996 	0.01111	0.02296
Replication106	 -1.50996	0.99845	0.98036 	0.98436 	0.98826 	0.98697 	0.98751 	0.99850 	0.97454 	0.97959 	0.99045 	0.97566 	0.99348 	0.99077 	-0.13454 	-0.16019 	-0.14470 	0.04866 	0.00000 	0.48811 	-0.13639 	-0.14995 	0.00281 	-0.15078 	0.27814 	0.06215 	-0.04427 	-0.05271 	-0.04761 	0.04380 	0.00000 	0.11821 	-0.04488 	-0.04934 	0.00158 	-0.04961 	0.09151 	0.06099 	0.00332	0.02769
Replication107	 -1.50505	0.99836	0.97860 	0.98356 	0.98676 	0.98595 	0.98633 	0.99780 	0.97250 	0.97748 	0.98894 	0.97430 	0.99140 	0.98936 	-0.14975 	-0.14601 	-0.16340 	0.05087 	0.00000 	0.51817 	-0.14025 	-0.17561 	0.00302 	-0.12869 	0.26865 	0.06670 	-0.04928 	-0.04805 	-0.05377 	0.04570 	0.00000 	0.12499 	-0.04615 	-0.05779 	0.00171 	-0.04235 	0.08841 	0.06546 	0.00370	0.02888
Replication108	 -1.45299	0.99812	0.97702 	0.98177 	0.98460 	0.98456 	0.98535 	0.99637 	0.96360 	0.97067 	0.98441 	0.96555 	0.98155 	0.98534 	-0.14668 	-0.15582 	-0.16054 	0.05403 	0.01619 	0.58473 	-0.15022 	-0.15552 	0.00362 	-0.15588 	0.19554 	0.07966 	-0.04829 	-0.05130 	-0.05286 	0.04811 	0.00533 	0.13368 	-0.04946 	-0.05120 	0.00212 	-0.05132 	0.06438 	0.07824 	0.00909	0.02742
Replication109	 -1.43171	0.99817	0.97527 	0.98171 	0.98664 	0.98401 	0.98531 	0.99692 	0.96413 	0.97143 	0.98543 	0.96606 	0.98236 	0.98629 	-0.16934 	-0.15829 	-0.10343 	0.05507 	0.01437 	0.56410 	-0.15299 	-0.15332 	0.00349 	-0.16210 	0.19728 	0.07660 	-0.05575 	-0.05211 	-0.03405 	0.04930 	0.00473 	0.12549 	-0.05036 	-0.05047 	0.00203 	-0.05336 	0.06494 	0.07522 	0.01144	0.02560
Replication110	 -1.45562	0.99819	0.97832 	0.98402 	0.98580 	0.98613 	0.98695 	0.99703 	0.96423 	0.97185 	0.98511 	0.96656 	0.98108 	0.98610 	-0.15420 	-0.11987 	-0.15778 	0.05075 	0.02096 	0.55812 	-0.15174 	-0.13324 	0.00351 	-0.14938 	0.16481 	0.07719 	-0.05076 	-0.03946 	-0.05194 	0.04507 	0.00690 	0.12526 	-0.04995 	-0.04386 	0.00207 	-0.04917 	0.05425 	0.07583 	0.00915	0.02424
Replication111	 -1.47326	0.99806	0.97554 	0.98082 	0.98293 	0.98347 	0.98347 	0.99578 	0.96363 	0.97088 	0.98397 	0.96676 	0.98207 	0.98493 	-0.15616 	-0.14468 	-0.19254 	0.05630 	0.00000 	0.60656 	-0.16205 	-0.16265 	0.00369 	-0.12678 	0.20401 	0.08100 	-0.05142 	-0.04764 	-0.06340 	0.05021 	0.00000 	0.14297 	-0.05336 	-0.05356 	0.00215 	-0.04175 	0.06717 	0.07954 	0.00669	0.03092
Replication112	 -1.53599	0.99867	0.98139 	0.98625 	0.99082 	0.98831 	0.98915 	0.99991 	0.98084 	0.98524 	0.99411 	0.98186 	0.99975 	0.99416 	-0.14750 	-0.14894 	-0.12812 	0.04564 	0.00000 	0.42474 	-0.13168 	-0.13036 	0.00231 	-0.14283 	0.30621 	0.05123 	-0.04851 	-0.04898 	-0.04214 	0.04146 	0.00000 	0.10706 	-0.04331 	-0.04287 	0.00125 	-0.04697 	0.10070 	0.05023 	0.00069	0.02793
Replication113	 -1.48933	0.99828	0.97764 	0.98313 	0.98611 	0.98539 	0.98572 	0.99735 	0.96962 	0.97555 	0.98752 	0.97056 	0.98799 	0.98815 	-0.15595 	-0.13899 	-0.16103 	0.05210 	0.00027 	0.53877 	-0.13796 	-0.13961 	0.00320 	-0.16838 	0.24226 	0.07062 	-0.05133 	-0.04575 	-0.05300 	0.04670 	0.00009 	0.12782 	-0.04541 	-0.04595 	0.00184 	-0.05542 	0.07974 	0.06932 	0.00530	0.02866
Replication114	 -1.49824	0.99847	0.98096 	0.98576 	0.98775 	0.98782 	0.98796 	0.99849 	0.97252 	0.97818 	0.99014 	0.97443 	0.99434 	0.99028 	-0.14142 	-0.12109 	-0.17146 	0.04693 	0.00000 	0.48670 	-0.15967 	-0.17611 	0.00284 	-0.15169 	0.32551 	0.06373 	-0.04653 	-0.03984 	-0.05641 	0.04211 	0.00000 	0.11975 	-0.05253 	-0.05794 	0.00162 	-0.04991 	0.10710 	0.06257 	0.00427	0.02999
Replication115	 -1.51069	0.99833	0.97727 	0.98300 	0.98661 	0.98522 	0.98573 	0.99766 	0.97294 	0.97792 	0.98877 	0.97449 	0.99035 	0.98933 	-0.16314 	-0.14537 	-0.15879 	0.05236 	0.00000 	0.52455 	-0.13138 	-0.15513 	0.00304 	-0.12910 	0.23931 	0.06680 	-0.05369 	-0.04784 	-0.05226 	0.04713 	0.00000 	0.12598 	-0.04324 	-0.05105 	0.00172 	-0.04249 	0.07876 	0.06555 	0.00316	0.02857
Replication116	 -1.46319	0.99804	0.97521 	0.98013 	0.98356 	0.98306 	0.98332 	0.99578 	0.96318 	0.97074 	0.98371 	0.96608 	0.98007 	0.98484 	-0.15091 	-0.16631 	-0.16251 	0.05717 	0.00000 	0.60896 	-0.15523 	-0.14224 	0.00373 	-0.13138 	0.16535 	0.08130 	-0.04969 	-0.05476 	-0.05351 	0.05101 	0.00000 	0.14043 	-0.05112 	-0.04684 	0.00217 	-0.04326 	0.05445 	0.07983 	0.00793	0.02870
Replication117	 -1.48609	0.99821	0.97669 	0.98257 	0.98538 	0.98478 	0.98504 	0.99691 	0.96812 	0.97443 	0.98624 	0.96897 	0.98440 	0.98714 	-0.16122 	-0.13512 	-0.16223 	0.05346 	0.00000 	0.55961 	-0.12991 	-0.11759 	0.00338 	-0.16733 	0.18885 	0.07386 	-0.05307 	-0.04448 	-0.05340 	0.04782 	0.00000 	0.13054 	-0.04276 	-0.03871 	0.00195 	-0.05508 	0.06217 	0.07251 	0.00574	0.02748
Replication118	 -1.45194	0.99828	0.97872 	0.98487 	0.98770 	0.98664 	0.98693 	0.99776 	0.96701 	0.97343 	0.98685 	0.96832 	0.98454 	0.98758 	-0.15285 	-0.11528 	-0.12126 	0.04960 	0.00000 	0.52788 	-0.13959 	-0.15377 	0.00328 	-0.16196 	0.20120 	0.07242 	-0.05031 	-0.03794 	-0.03991 	0.04420 	0.00000 	0.11720 	-0.04594 	-0.05061 	0.00191 	-0.05330 	0.06622 	0.07113 	0.00968	0.02265
Replication119	 -1.47860	0.99812	0.97581 	0.98128 	0.98395 	0.98382 	0.98399 	0.99623 	0.96651 	0.97236 	0.98504 	0.96731 	0.98371 	0.98592 	-0.15866 	-0.14610 	-0.17817 	0.05551 	0.00000 	0.58734 	-0.13052 	-0.14866 	0.00355 	-0.16518 	0.20934 	0.07780 	-0.05224 	-0.04810 	-0.05866 	0.04961 	0.00000 	0.13825 	-0.04297 	-0.04894 	0.00205 	-0.05438 	0.06892 	0.07639 	0.00625	0.02994
Replication120	 -1.49052	0.99840	0.97782 	0.98395 	0.98790 	0.98607 	0.98805 	0.99822 	0.97269 	0.97759 	0.98930 	0.97350 	0.99097 	0.98973 	-0.17327 	-0.14774 	-0.14249 	0.05057 	0.03422 	0.50246 	-0.12965 	-0.16123 	0.00296 	-0.15407 	0.25804 	0.06552 	-0.05702 	-0.04861 	-0.04689 	0.04552 	0.01126 	0.11859 	-0.04266 	-0.05305 	0.00168 	-0.05070 	0.08491 	0.06431 	0.00531	0.02735
Replication121	 -1.44453	0.99801	0.97433 	0.97949 	0.98267 	0.98245 	0.98282 	0.99541 	0.96072 	0.96879 	0.98315 	0.96358 	0.98133 	0.98405 	-0.15756 	-0.16612 	-0.17547 	0.05844 	0.00430 	0.62247 	-0.17555 	-0.16415 	0.00380 	-0.15910 	0.23447 	0.08384 	-0.05189 	-0.05470 	-0.05778 	0.05218 	0.00142 	0.14649 	-0.05781 	-0.05406 	0.00222 	-0.05239 	0.07721 	0.08234 	0.00937	0.03323
Replication122	 -1.40071	0.99779	0.97242 	0.97771 	0.98134 	0.98090 	0.98121 	0.99420 	0.95482 	0.96389 	0.97912 	0.95835 	0.97023 	0.98077 	-0.15503 	-0.17538 	-0.14922 	0.06189 	0.00303 	0.68098 	-0.16182 	-0.14501 	0.00434 	-0.13165 	0.08769 	0.09444 	-0.05108 	-0.05778 	-0.04916 	0.05494 	0.00100 	0.15151 	-0.05331 	-0.04777 	0.00258 	-0.04337 	0.02889 	0.09277 	0.01425	0.02921
Replication123	 -1.51088	0.99832	0.97545 	0.98154 	0.98631 	0.98391 	0.98470 	0.99744 	0.97223 	0.97853 	0.98897 	0.97472 	0.99127 	0.98951 	-0.17492 	-0.16414 	-0.15251 	0.05502 	0.00000 	0.53146 	-0.15505 	-0.13297 	0.00303 	-0.13251 	0.25917 	0.06622 	-0.05757 	-0.05402 	-0.05019 	0.04975 	0.00000 	0.13044 	-0.05103 	-0.04376 	0.00169 	-0.04361 	0.08529 	0.06496 	0.00280	0.03196
Replication124	 -1.50094	0.99842	0.97900 	0.98407 	0.98801 	0.98653 	0.98851 	0.99835 	0.97287 	0.97855 	0.98965 	0.97454 	0.99122 	0.99012 	-0.15878 	-0.15988 	-0.14689 	0.04960 	0.03515 	0.49621 	-0.14169 	-0.14393 	0.00291 	-0.14277 	0.25012 	0.06425 	-0.05224 	-0.05261 	-0.04833 	0.04463 	0.01156 	0.11793 	-0.04662 	-0.04736 	0.00165 	-0.04698 	0.08230 	0.06306 	0.00430	0.02700
Replication125	 -1.45204	0.99810	0.97590 	0.98259 	0.98489 	0.98450 	0.98462 	0.99641 	0.96431 	0.97064 	0.98415 	0.96610 	0.97979 	0.98523 	-0.16639 	-0.11710 	-0.15121 	0.05417 	0.00000 	0.58529 	-0.13248 	-0.16058 	0.00366 	-0.13580 	0.14988 	0.08002 	-0.05478 	-0.03856 	-0.04979 	0.04820 	0.00000 	0.13086 	-0.04362 	-0.05287 	0.00214 	-0.04471 	0.04935 	0.07860 	0.00945	0.02481
Replication126	 -1.43935	0.99793	0.97198 	0.97789 	0.98233 	0.98086 	0.98135 	0.99496 	0.96100 	0.96809 	0.98226 	0.96297 	0.97879 	0.98339 	-0.17053 	-0.17930 	-0.15504 	0.06175 	0.00000 	0.64397 	-0.14930 	-0.16368 	0.00393 	-0.15443 	0.18664 	0.08598 	-0.05617 	-0.05905 	-0.05106 	0.05525 	0.00000 	0.14895 	-0.04917 	-0.05391 	0.00229 	-0.05086 	0.06147 	0.08443 	0.01000	0.03216
Replication127	 -1.52111	0.99856	0.98372 	0.98611 	0.98919 	0.98897 	0.98928 	0.99919 	0.97698 	0.98126 	0.99186 	0.97795 	0.99639 	0.99198 	-0.10705 	-0.15954 	-0.15517 	0.04448 	0.00000 	0.45699 	-0.13247 	-0.16590 	0.00261 	-0.14389 	0.30398 	0.05824 	-0.03521 	-0.05248 	-0.05104 	0.03995 	0.00000 	0.11262 	-0.04358 	-0.05457 	0.00146 	-0.04733 	0.09999 	0.05716 	0.00228	0.02697
Replication128	 -1.46464	0.99813	0.97415 	0.98019 	0.98449 	0.98277 	0.98340 	0.99624 	0.96581 	0.97242 	0.98535 	0.96675 	0.98446 	0.98616 	-0.17054 	-0.16481 	-0.15071 	0.05762 	0.00157 	0.58671 	-0.14352 	-0.13889 	0.00351 	-0.18121 	0.23072 	0.07704 	-0.05615 	-0.05426 	-0.04962 	0.05173 	0.00052 	0.13830 	-0.04725 	-0.04573 	0.00202 	-0.05966 	0.07596 	0.07563 	0.00751	0.03149
Replication129	 -1.50701	0.99829	0.97864 	0.98249 	0.98620 	0.98543 	0.98584 	0.99741 	0.97065 	0.97704 	0.98798 	0.97314 	0.98825 	0.98869 	-0.13551 	-0.17056 	-0.15950 	0.05201 	0.00000 	0.53588 	-0.14861 	-0.13402 	0.00315 	-0.12710 	0.21900 	0.06889 	-0.04460 	-0.05614 	-0.05250 	0.04665 	0.00000 	0.12778 	-0.04891 	-0.04411 	0.00179 	-0.04183 	0.07208 	0.06760 	0.00361	0.02782
Replication130	 -1.39623	0.99780	0.97266 	0.97839 	0.98162 	0.98138 	0.98220 	0.99438 	0.95529 	0.96364 	0.97914 	0.95797 	0.97007 	0.98077 	-0.16231 	-0.16578 	-0.15143 	0.06090 	0.01745 	0.67432 	-0.14807 	-0.15261 	0.00433 	-0.14091 	0.08451 	0.09442 	-0.05347 	-0.05462 	-0.04989 	0.05400 	0.00575 	0.14878 	-0.04878 	-0.05028 	0.00259 	-0.04642 	0.02784 	0.09277 	0.01481	0.02826
Replication131	 0.00014	0.99775	0.97337 	0.97948 	0.98174 	0.98219 	0.98305 	0.99423 	0.94986 	0.95986 	0.97727 	0.95337 	0.96526 	0.97906 	-0.15931 	-0.14272 	-0.13821 	0.05937 	0.02495 	0.68461 	-0.16717 	-0.15532 	0.00457 	-0.14777 	0.05739 	0.09991 	-0.05249 	-0.04702 	-0.04554 	0.05230 	0.00822 	0.14659 	-0.05508 	-0.05118 	0.00278 	-0.04869 	0.01891 	0.09822 	0.02029	0.02702
Replication132	 -1.42960	0.99809	0.97816 	0.98217 	0.98494 	0.98507 	0.98514 	0.99633 	0.96109 	0.96893 	0.98372 	0.96340 	0.97979 	0.98468 	-0.12643 	-0.15450 	-0.14273 	0.05305 	0.00000 	0.58865 	-0.16123 	-0.16051 	0.00371 	-0.16214 	0.19198 	0.08179 	-0.04163 	-0.05087 	-0.04699 	0.04705 	0.00000 	0.13187 	-0.05309 	-0.05285 	0.00219 	-0.05339 	0.06321 	0.08035 	0.01163	0.02585
Replication133	 -1.37577	0.99788	0.97802 	0.98266 	0.98238 	0.98517 	0.98444 	0.99504 	0.95395 	0.96177 	0.97907 	0.95537 	0.97017 	0.98049 	-0.12424 	-0.10590 	-0.17257 	0.05319 	0.00000 	0.64816 	-0.14221 	-0.18022 	0.00431 	-0.17502 	0.11644 	0.09529 	-0.04093 	-0.03488 	-0.05684 	0.04652 	0.00000 	0.14050 	-0.04684 	-0.05936 	0.00263 	-0.05765 	0.03835 	0.09370 	0.01723	0.02519
Replication134	 -1.51138	0.99838	0.97793 	0.98256 	0.98709 	0.98533 	0.98661 	0.99789 	0.97394 	0.97879 	0.98953 	0.97507 	0.99219 	0.98997 	-0.15392 	-0.17595 	-0.15274 	0.05208 	0.01518 	0.51320 	-0.13165 	-0.15225 	0.00294 	-0.14339 	0.26474 	0.06474 	-0.05065 	-0.05790 	-0.05026 	0.04698 	0.00500 	0.12483 	-0.04332 	-0.05010 	0.00165 	-0.04718 	0.08712 	0.06352 	0.00298	0.02967
Replication135	 -1.45996	0.99809	0.97399 	0.98013 	0.98409 	0.98270 	0.98352 	0.99605 	0.96394 	0.97148 	0.98465 	0.96663 	0.98285 	0.98555 	-0.17269 	-0.16155 	-0.15615 	0.05780 	0.00840 	0.59602 	-0.16328 	-0.14900 	0.00360 	-0.14720 	0.21310 	0.07900 	-0.05686 	-0.05319 	-0.05141 	0.05180 	0.00276 	0.13929 	-0.05376 	-0.04906 	0.00208 	-0.04847 	0.07017 	0.07757 	0.00804	0.03091
Replication136	 -1.48740	0.99834	0.97768 	0.98309 	0.98731 	0.98543 	0.98605 	0.99780 	0.97038 	0.97702 	0.98867 	0.97196 	0.98979 	0.98920 	-0.15581 	-0.15406 	-0.13589 	0.05192 	0.00000 	0.51963 	-0.15260 	-0.12849 	0.00305 	-0.16711 	0.25761 	0.06723 	-0.05127 	-0.05070 	-0.04472 	0.04672 	0.00000 	0.12354 	-0.05022 	-0.04228 	0.00173 	-0.05499 	0.08478 	0.06599 	0.00550	0.02856
Replication137	 -1.48737	0.99818	0.97663 	0.98161 	0.98502 	0.98429 	0.98463 	0.99668 	0.96746 	0.97413 	0.98597 	0.96979 	0.98420 	0.98689 	-0.15119 	-0.15786 	-0.16067 	0.05448 	0.00000 	0.56931 	-0.14484 	-0.13639 	0.00342 	-0.13247 	0.18712 	0.07467 	-0.04977 	-0.05197 	-0.05289 	0.04874 	0.00000 	0.13294 	-0.04768 	-0.04490 	0.00197 	-0.04361 	0.06160 	0.07330 	0.00559	0.02773
Replication138	 -1.47644	0.99830	0.97994 	0.98434 	0.98671 	0.98690 	0.98817 	0.99766 	0.96818 	0.97455 	0.98712 	0.96929 	0.98594 	0.98782 	-0.14073 	-0.14382 	-0.16064 	0.04904 	0.02902 	0.52853 	-0.13923 	-0.13792 	0.00324 	-0.16818 	0.21597 	0.07165 	-0.04632 	-0.04733 	-0.05287 	0.04370 	0.00955 	0.12186 	-0.04582 	-0.04539 	0.00189 	-0.05535 	0.07108 	0.07037 	0.00693	0.02536
Replication139	 -1.46516	0.99802	0.97246 	0.97897 	0.98306 	0.98156 	0.98205 	0.99550 	0.96349 	0.97105 	0.98372 	0.96598 	0.98072 	0.98483 	-0.17953 	-0.16325 	-0.16205 	0.06021 	0.00000 	0.61905 	-0.15407 	-0.13097 	0.00374 	-0.14511 	0.17809 	0.08134 	-0.05912 	-0.05376 	-0.05336 	0.05398 	0.00000 	0.14495 	-0.05074 	-0.04313 	0.00216 	-0.04779 	0.05864 	0.07985 	0.00743	0.03170
Replication140	 -1.52965	0.99863	0.98079 	0.98567 	0.98943 	0.98778 	0.98843 	0.99943 	0.97857 	0.98381 	0.99345 	0.98089 	1.00069 	0.99335 	-0.15075 	-0.14413 	-0.15667 	0.04675 	0.00000 	0.44213 	-0.16193 	-0.15536 	0.00240 	-0.13423 	0.35882 	0.05382 	-0.04958 	-0.04740 	-0.05153 	0.04245 	0.00000 	0.11519 	-0.05326 	-0.05110 	0.00131 	-0.04415 	0.11802 	0.05279 	0.00084	0.03275
Replication141	 -1.50831	0.99854	0.97897 	0.98471 	0.98979 	0.98687 	0.98902 	0.99917 	0.97624 	0.98165 	0.99189 	0.97769 	0.99531 	0.99215 	-0.16863 	-0.16073 	-0.12211 	0.04872 	0.03060 	0.45961 	-0.14202 	-0.13461 	0.00261 	-0.14829 	0.28064 	0.05772 	-0.05547 	-0.05287 	-0.04017 	0.04415 	0.01007 	0.11121 	-0.04672 	-0.04428 	0.00145 	-0.04878 	0.09232 	0.05662 	0.00350	0.02752
Replication142	 -1.50549	0.99849	0.98253 	0.98605 	0.98890 	0.98853 	0.98881 	0.99887 	0.97339 	0.97942 	0.99051 	0.97535 	0.99259 	0.99086 	-0.12020 	-0.14256 	-0.14574 	0.04547 	0.00000 	0.47385 	-0.15036 	-0.14126 	0.00279 	-0.14448 	0.26469 	0.06185 	-0.03955 	-0.04690 	-0.04795 	0.04073 	0.00000 	0.11281 	-0.04947 	-0.04647 	0.00159 	-0.04753 	0.08708 	0.06072 	0.00404	0.02504
Replication143	 -1.50883	0.99851	0.97896 	0.98406 	0.98831 	0.98641 	0.98760 	0.99865 	0.97475 	0.98058 	0.99142 	0.97748 	0.99693 	0.99149 	-0.15831 	-0.15868 	-0.15160 	0.04970 	0.01215 	0.47795 	-0.16871 	-0.16783 	0.00268 	-0.13239 	0.33820 	0.05982 	-0.05208 	-0.05220 	-0.04987 	0.04500 	0.00400 	0.12037 	-0.05550 	-0.05521 	0.00149 	-0.04355 	0.11126 	0.05869 	0.00297	0.03239
Replication144	 -1.48940	0.99842	0.98236 	0.98587 	0.98833 	0.98837 	0.98851 	0.99847 	0.97019 	0.97723 	0.98907 	0.97275 	0.98925 	0.98959 	-0.11700 	-0.13790 	-0.14442 	0.04592 	0.00000 	0.49301 	-0.16057 	-0.13602 	0.00298 	-0.14362 	0.23746 	0.06594 	-0.03850 	-0.04537 	-0.04752 	0.04094 	0.00000 	0.11453 	-0.05283 	-0.04476 	0.00172 	-0.04726 	0.07813 	0.06475 	0.00577	0.02384
Replication145	 -1.41651	0.99794	0.97480 	0.98003 	0.98261 	0.98293 	0.98371 	0.99519 	0.95746 	0.96600 	0.98135 	0.96057 	0.97601 	0.98255 	-0.15468 	-0.15684 	-0.16600 	0.05758 	0.01909 	0.63668 	-0.17036 	-0.16505 	0.00403 	-0.14989 	0.16936 	0.08868 	-0.05095 	-0.05165 	-0.05467 	0.05111 	0.00629 	0.14379 	-0.05611 	-0.05436 	0.00239 	-0.04937 	0.05578 	0.08713 	0.01261	0.02939
Replication146	 -1.48697	0.99823	0.97820 	0.98214 	0.98629 	0.98512 	0.98560 	0.99718 	0.96911 	0.97515 	0.98689 	0.97088 	0.98525 	0.98775 	-0.13377 	-0.17453 	-0.13927 	0.05273 	0.00000 	0.54896 	-0.13390 	-0.13974 	0.00329 	-0.13520 	0.18539 	0.07191 	-0.04403 	-0.05745 	-0.04584 	0.04718 	0.00000 	0.12657 	-0.04408 	-0.04600 	0.00189 	-0.04450 	0.06102 	0.07058 	0.00587	0.02534
Replication147	 -1.53322	0.99869	0.98100 	0.98551 	0.98995 	0.98779 	0.98861 	0.99973 	0.98124 	0.98573 	0.99462 	0.98334 	1.00317 	0.99441 	-0.14882 	-0.15820 	-0.15300 	0.04664 	0.00000 	0.42729 	-0.15450 	-0.15923 	0.00225 	-0.12642 	0.37323 	0.05040 	-0.04894 	-0.05203 	-0.05031 	0.04253 	0.00000 	0.11414 	-0.05081 	-0.05236 	0.00120 	-0.04158 	0.12274 	0.04941 	0.00036	0.03400
Replication148	 -1.50221	0.99836	0.97687 	0.98275 	0.98637 	0.98499 	0.98573 	0.99764 	0.97239 	0.97762 	0.98913 	0.97402 	0.99290 	0.98944 	-0.16912 	-0.14782 	-0.16759 	0.05280 	0.00535 	0.52237 	-0.14842 	-0.17204 	0.00300 	-0.14592 	0.30454 	0.06646 	-0.05565 	-0.04864 	-0.05515 	0.04763 	0.00176 	0.12903 	-0.04884 	-0.05661 	0.00169 	-0.04802 	0.10022 	0.06522 	0.00361	0.03262
Replication149	 -1.47367	0.99826	0.97738 	0.98248 	0.98668 	0.98502 	0.98558 	0.99735 	0.96885 	0.97476 	0.98733 	0.97017 	0.98731 	0.98796 	-0.14984 	-0.15975 	-0.13327 	0.05288 	0.00000 	0.54108 	-0.14074 	-0.15816 	0.00323 	-0.15711 	0.23747 	0.07121 	-0.04932 	-0.05258 	-0.04386 	0.04743 	0.00000 	0.12569 	-0.04632 	-0.05206 	0.00185 	-0.05171 	0.07816 	0.06991 	0.00703	0.02718
Replication150	 -1.46988	0.99834	0.97805 	0.98431 	0.98737 	0.98614 	0.98653 	0.99785 	0.96864 	0.97528 	0.98816 	0.97089 	0.98929 	0.98860 	-0.16179 	-0.12264 	-0.14037 	0.05051 	0.00000 	0.51892 	-0.16269 	-0.16670 	0.00311 	-0.15304 	0.27291 	0.06914 	-0.05324 	-0.04036 	-0.04619 	0.04529 	0.00000 	0.12152 	-0.05354 	-0.05486 	0.00179 	-0.05036 	0.08981 	0.06789 	0.00735	0.02773
Replication151	 -1.45662	0.99834	0.97901 	0.98430 	0.98795 	0.98660 	0.98808 	0.99799 	0.96780 	0.97441 	0.98784 	0.97019 	0.98777 	0.98834 	-0.15183 	-0.14637 	-0.12597 	0.04960 	0.02558 	0.51550 	-0.16024 	-0.17696 	0.00315 	-0.14498 	0.25150 	0.06997 	-0.04997 	-0.04817 	-0.04146 	0.04436 	0.00842 	0.11727 	-0.05273 	-0.05824 	0.00182 	-0.04771 	0.08277 	0.06872 	0.00896	0.02510
Replication152	 -1.45126	0.99810	0.97701 	0.98175 	0.98455 	0.98447 	0.98460 	0.99628 	0.96291 	0.97055 	0.98419 	0.96495 	0.98074 	0.98519 	-0.14180 	-0.15048 	-0.15538 	0.05424 	0.00000 	0.58892 	-0.15420 	-0.13864 	0.00365 	-0.16260 	0.18543 	0.08015 	-0.04669 	-0.04955 	-0.05116 	0.04827 	0.00000 	0.13441 	-0.05077 	-0.04565 	0.00214 	-0.05354 	0.06105 	0.07872 	0.00929	0.02724
Replication153	 -1.50473	0.99834	0.97772 	0.98213 	0.98723 	0.98505 	0.98641 	0.99778 	0.97299 	0.97807 	0.98900 	0.97512 	0.99033 	0.98956 	-0.14965 	-0.18616 	-0.13713 	0.05269 	0.01454 	0.52067 	-0.13582 	-0.16367 	0.00302 	-0.11348 	0.23280 	0.06606 	-0.04925 	-0.06126 	-0.04513 	0.04747 	0.00478 	0.12363 	-0.04470 	-0.05386 	0.00170 	-0.03735 	0.07661 	0.06481 	0.00387	0.02746
Replication154	 -1.39617	0.99785	0.97476 	0.97964 	0.98174 	0.98261 	0.98244 	0.99461 	0.95466 	0.96342 	0.97962 	0.95755 	0.97237 	0.98101 	-0.14179 	-0.15058 	-0.16395 	0.05837 	0.00000 	0.66321 	-0.16596 	-0.16695 	0.00426 	-0.15580 	0.14030 	0.09364 	-0.04671 	-0.04960 	-0.05401 	0.05160 	0.00000 	0.14787 	-0.05467 	-0.05500 	0.00255 	-0.05132 	0.04622 	0.09202 	0.01475	0.02894
Replication155	 -1.47306	0.99815	0.97826 	0.98236 	0.98529 	0.98525 	0.98578 	0.99672 	0.96639 	0.97263 	0.98512 	0.96816 	0.98128 	0.98619 	-0.13436 	-0.15896 	-0.15465 	0.05259 	0.00936 	0.57096 	-0.12897 	-0.14294 	0.00353 	-0.13226 	0.14615 	0.07695 	-0.04423 	-0.05233 	-0.05091 	0.04678 	0.00308 	0.12910 	-0.04246 	-0.04706 	0.00206 	-0.04354 	0.04812 	0.07556 	0.00739	0.02416
Replication156	 -1.45184	0.99803	0.97519 	0.98031 	0.98381 	0.98314 	0.98342 	0.99579 	0.96316 	0.96979 	0.98340 	0.96534 	0.97935 	0.98452 	-0.15119 	-0.16274 	-0.15233 	0.05702 	0.00000 	0.61045 	-0.14046 	-0.16420 	0.00377 	-0.13289 	0.15947 	0.08232 	-0.04979 	-0.05359 	-0.05016 	0.05082 	0.00000 	0.13849 	-0.04625 	-0.05407 	0.00220 	-0.04376 	0.05251 	0.08084 	0.00923	0.02724
Replication157	 -1.50655	0.99839	0.97747 	0.98350 	0.98682 	0.98554 	0.98602 	0.99788 	0.97226 	0.97841 	0.98946 	0.97441 	0.99266 	0.98983 	-0.16760 	-0.13660 	-0.16473 	0.05165 	0.00000 	0.51251 	-0.15805 	-0.14639 	0.00295 	-0.14636 	0.29071 	0.06519 	-0.05515 	-0.04495 	-0.05421 	0.04657 	0.00000 	0.12624 	-0.05201 	-0.04817 	0.00166 	-0.04816 	0.09566 	0.06398 	0.00329	0.03147
Replication158	 -1.49991	0.99837	0.97908 	0.98384 	0.98748 	0.98626 	0.98674 	0.99800 	0.97176 	0.97777 	0.98902 	0.97359 	0.99013 	0.98955 	-0.14448 	-0.15076 	-0.14523 	0.05021 	0.00000 	0.51109 	-0.14510 	-0.14056 	0.00300 	-0.14361 	0.24376 	0.06609 	-0.04754 	-0.04961 	-0.04779 	0.04509 	0.00000 	0.12121 	-0.04775 	-0.04625 	0.00171 	-0.04726 	0.08022 	0.06487 	0.00441	0.02688
Replication159	 -1.43251	0.99805	0.97565 	0.98155 	0.98531 	0.98394 	0.98432 	0.99625 	0.96255 	0.96968 	0.98339 	0.96454 	0.97676 	0.98468 	-0.15478 	-0.14693 	-0.11810 	0.05537 	0.00000 	0.59518 	-0.13304 	-0.14060 	0.00376 	-0.13781 	0.10678 	0.08179 	-0.05096 	-0.04838 	-0.03889 	0.04926 	0.00000 	0.12971 	-0.04381 	-0.04630 	0.00221 	-0.04538 	0.03516 	0.08033 	0.01162	0.02295
Replication160	 -1.50155	0.99843	0.98004 	0.98532 	0.98826 	0.98732 	0.98769 	0.99848 	0.97354 	0.97843 	0.98982 	0.97478 	0.99175 	0.99022 	-0.14783 	-0.12781 	-0.14637 	0.04799 	0.00000 	0.49090 	-0.13243 	-0.16318 	0.00289 	-0.14083 	0.25711 	0.06393 	-0.04864 	-0.04205 	-0.04816 	0.04307 	0.00000 	0.11605 	-0.04357 	-0.05369 	0.00164 	-0.04634 	0.08460 	0.06276 	0.00437	0.02566
Replication161	 -1.50062	0.99837	0.97778 	0.98407 	0.98688 	0.98591 	0.98628 	0.99789 	0.97190 	0.97764 	0.98906 	0.97320 	0.99148 	0.98947 	-0.16797 	-0.12347 	-0.16437 	0.05091 	0.00000 	0.51366 	-0.14515 	-0.14617 	0.00300 	-0.16039 	0.27764 	0.06633 	-0.05527 	-0.04063 	-0.05409 	0.04580 	0.00000 	0.12465 	-0.04776 	-0.04810 	0.00170 	-0.05278 	0.09136 	0.06511 	0.00403	0.02999
Replication162	 -1.49904	0.99856	0.98133 	0.98537 	0.98999 	0.98784 	0.98858 	0.99923 	0.97456 	0.98095 	0.99189 	0.97667 	0.99581 	0.99203 	-0.13210 	-0.16169 	-0.11788 	0.04676 	0.00000 	0.45662 	-0.16388 	-0.13799 	0.00261 	-0.15652 	0.31043 	0.05807 	-0.04345 	-0.05319 	-0.03878 	0.04222 	0.00000 	0.11092 	-0.05391 	-0.04539 	0.00146 	-0.05149 	0.10211 	0.05699 	0.00444	0.02750
Replication163	 -1.51200	0.99848	0.97977 	0.98379 	0.98739 	0.98648 	0.98702 	0.99833 	0.97385 	0.98006 	0.99090 	0.97567 	0.99654 	0.99099 	-0.14108 	-0.16283 	-0.17040 	0.04962 	0.00157 	0.48979 	-0.16715 	-0.14278 	0.00275 	-0.16842 	0.34994 	0.06144 	-0.04642 	-0.05357 	-0.05606 	0.04483 	0.00052 	0.12549 	-0.05499 	-0.04697 	0.00154 	-0.05541 	0.11513 	0.06029 	0.00245	0.03438
Replication164	 -1.50838	0.99861	0.98078 	0.98548 	0.98999 	0.98786 	0.98991 	0.99948 	0.97700 	0.98221 	0.99277 	0.97814 	0.99838 	0.99275 	-0.15338 	-0.16301 	-0.13660 	0.04663 	0.03187 	0.44346 	-0.14965 	-0.14819 	0.00249 	-0.16511 	0.33899 	0.05575 	-0.05045 	-0.05361 	-0.04493 	0.04226 	0.01048 	0.11103 	-0.04922 	-0.04874 	0.00138 	-0.05431 	0.11150 	0.05470 	0.00324	0.03010
Replication165	 -1.42516	0.99813	0.97594 	0.98177 	0.98568 	0.98416 	0.98460 	0.99656 	0.96184 	0.96986 	0.98467 	0.96470 	0.98222 	0.98546 	-0.15579 	-0.14940 	-0.12224 	0.05482 	0.00000 	0.57820 	-0.17431 	-0.17152 	0.00359 	-0.15719 	0.22648 	0.07927 	-0.05129 	-0.04919 	-0.04025 	0.04893 	0.00000 	0.13034 	-0.05739 	-0.05647 	0.00210 	-0.05175 	0.07456 	0.07787 	0.01192	0.02747
Replication166	 -1.48232	0.99830	0.97909 	0.98325 	0.98704 	0.98597 	0.98640 	0.99759 	0.96784 	0.97578 	0.98756 	0.97104 	0.98627 	0.98833 	-0.13393 	-0.16094 	-0.13589 	0.05091 	0.00000 	0.53084 	-0.16808 	-0.11908 	0.00319 	-0.13748 	0.20673 	0.07003 	-0.04408 	-0.05297 	-0.04472 	0.04556 	0.00000 	0.12296 	-0.05532 	-0.03919 	0.00184 	-0.04525 	0.06804 	0.06875 	0.00631	0.02561
Replication167	 -1.49852	0.99814	0.97329 	0.97972 	0.98355 	0.98221 	0.98272 	0.99611 	0.96791 	0.97457 	0.98600 	0.97043 	0.98653 	0.98680 	-0.18251 	-0.16018 	-0.18251 	0.05870 	0.00000 	0.58857 	-0.15512 	-0.14029 	0.00343 	-0.13562 	0.23434 	0.07498 	-0.06009 	-0.05273 	-0.06009 	0.05286 	0.00000 	0.14355 	-0.05107 	-0.04619 	0.00195 	-0.04465 	0.07715 	0.07358 	0.00381	0.03428
Replication168	 -1.51133	0.99856	0.98427 	0.98712 	0.98986 	0.98987 	0.99190 	0.99946 	0.97390 	0.98064 	0.99109 	0.97708 	0.99194 	0.99154 	-0.11894 	-0.15518 	-0.14831 	0.04267 	0.04505 	0.45033 	-0.15847 	-0.12697 	0.00269 	-0.11546 	0.22669 	0.05964 	-0.03913 	-0.05104 	-0.04879 	0.03814 	0.01482 	0.10538 	-0.05213 	-0.04177 	0.00155 	-0.03798 	0.07457 	0.05855 	0.00374	0.02218
Replication169	 -1.46817	0.99813	0.97555 	0.98056 	0.98471 	0.98342 	0.98390 	0.99635 	0.96538 	0.97244 	0.98533 	0.96831 	0.98392 	0.98618 	-0.15314 	-0.17158 	-0.14964 	0.05630 	0.00000 	0.58358 	-0.15998 	-0.16066 	0.00351 	-0.13012 	0.21214 	0.07696 	-0.05042 	-0.05649 	-0.04927 	0.05042 	0.00000 	0.13594 	-0.05267 	-0.05289 	0.00202 	-0.04284 	0.06984 	0.07556 	0.00738	0.02920
Replication170	 -1.49382	0.99840	0.97716 	0.98378 	0.98801 	0.98561 	0.98636 	0.99816 	0.97104 	0.97859 	0.98946 	0.97334 	0.99038 	0.99001 	-0.17269 	-0.13700 	-0.12972 	0.05149 	0.00082 	0.50400 	-0.16377 	-0.10117 	0.00294 	-0.16171 	0.24707 	0.06461 	-0.05682 	-0.04508 	-0.04268 	0.04645 	0.00027 	0.12015 	-0.05389 	-0.03329 	0.00167 	-0.05321 	0.08130 	0.06340 	0.00489	0.02827
Replication171	 -1.46534	0.99816	0.97558 	0.98240 	0.98503 	0.98439 	0.98533 	0.99666 	0.96454 	0.97249 	0.98523 	0.96764 	0.98246 	0.98619 	-0.17761 	-0.12724 	-0.16190 	0.05429 	0.01761 	0.57143 	-0.16447 	-0.13293 	0.00351 	-0.13775 	0.18592 	0.07693 	-0.05847 	-0.04189 	-0.05330 	0.04851 	0.00580 	0.13165 	-0.05414 	-0.04376 	0.00205 	-0.04535 	0.06121 	0.07555 	0.00780	0.02786
Replication172	 -1.46008	0.99829	0.97464 	0.98224 	0.98707 	0.98399 	0.98484 	0.99746 	0.96856 	0.97493 	0.98797 	0.97074 	0.98968 	0.98839 	-0.18808 	-0.14037 	-0.12013 	0.05490 	0.00000 	0.53499 	-0.16252 	-0.17788 	0.00315 	-0.15271 	0.28685 	0.06985 	-0.06190 	-0.04620 	-0.03954 	0.04953 	0.00000 	0.12614 	-0.05349 	-0.05854 	0.00179 	-0.05026 	0.09441 	0.06856 	0.00807	0.03050
Replication173	 -1.45073	0.99808	0.97653 	0.98107 	0.98464 	0.98399 	0.98428 	0.99619 	0.96322 	0.97054 	0.98409 	0.96564 	0.98025 	0.98514 	-0.14037 	-0.16544 	-0.14372 	0.05524 	0.00000 	0.59345 	-0.15084 	-0.15028 	0.00367 	-0.14205 	0.16945 	0.08031 	-0.04622 	-0.05447 	-0.04732 	0.04921 	0.00000 	0.13430 	-0.04967 	-0.04948 	0.00214 	-0.04677 	0.05579 	0.07886 	0.00943	0.02638
Replication174	 -1.45688	0.99848	0.98313 	0.98734 	0.98972 	0.98964 	0.99198 	0.99909 	0.96917 	0.97581 	0.98918 	0.97094 	0.98895 	0.98957 	-0.13371 	-0.13375 	-0.13080 	0.04327 	0.05493 	0.46979 	-0.15557 	-0.16170 	0.00294 	-0.16306 	0.25095 	0.06598 	-0.04399 	-0.04400 	-0.04303 	0.03848 	0.01807 	0.10513 	-0.05118 	-0.05320 	0.00173 	-0.05365 	0.08256 	0.06483 	0.00927	0.02175
Replication175	 -1.39567	0.99787	0.97416 	0.97942 	0.98222 	0.98232 	0.98235 	0.99475 	0.95464 	0.96406 	0.98008 	0.95842 	0.97303 	0.98144 	-0.14846 	-0.15555 	-0.15084 	0.05892 	0.00000 	0.65713 	-0.17983 	-0.16293 	0.00421 	-0.14477 	0.14465 	0.09227 	-0.04890 	-0.05124 	-0.04969 	0.05221 	0.00000 	0.14640 	-0.05924 	-0.05367 	0.00251 	-0.04769 	0.04765 	0.09066 	0.01479	0.02900
Replication176	 -1.49429	0.99829	0.97843 	0.98316 	0.98575 	0.98573 	0.98651 	0.99734 	0.96890 	0.97567 	0.98752 	0.97085 	0.98830 	0.98813 	-0.14965 	-0.14792 	-0.17788 	0.05140 	0.01473 	0.53805 	-0.15573 	-0.13539 	0.00320 	-0.15843 	0.25160 	0.07069 	-0.04925 	-0.04868 	-0.05854 	0.04603 	0.00485 	0.12928 	-0.05125 	-0.04456 	0.00184 	-0.05214 	0.08281 	0.06940 	0.00469	0.02978
Replication177	 -1.48779	0.99826	0.97678 	0.98207 	0.98626 	0.98460 	0.98518 	0.99724 	0.96942 	0.97573 	0.98748 	0.97116 	0.98749 	0.98817 	-0.15594 	-0.16108 	-0.14371 	0.05372 	0.00000 	0.54422 	-0.14479 	-0.13837 	0.00322 	-0.15010 	0.22777 	0.07055 	-0.05133 	-0.05302 	-0.04730 	0.04826 	0.00000 	0.12827 	-0.04766 	-0.04554 	0.00184 	-0.04941 	0.07497 	0.06925 	0.00549	0.02832
Replication178	 -1.44517	0.99786	0.97219 	0.97727 	0.98099 	0.98059 	0.98084 	0.99440 	0.95916 	0.96719 	0.98100 	0.96220 	0.97593 	0.98236 	-0.16003 	-0.18429 	-0.17737 	0.06241 	0.00000 	0.66708 	-0.15824 	-0.14632 	0.00410 	-0.13474 	0.14747 	0.08930 	-0.05272 	-0.06071 	-0.05843 	0.05568 	0.00000 	0.15485 	-0.05212 	-0.04820 	0.00240 	-0.04438 	0.04858 	0.08769 	0.00937	0.03263
Replication179	 -1.47391	0.99823	0.97866 	0.98307 	0.98594 	0.98571 	0.98591 	0.99714 	0.96737 	0.97363 	0.98650 	0.96904 	0.98567 	0.98721 	-0.13668 	-0.14876 	-0.15492 	0.05155 	0.00000 	0.55020 	-0.14477 	-0.15897 	0.00334 	-0.15203 	0.22445 	0.07365 	-0.04499 	-0.04896 	-0.05099 	0.04599 	0.00000 	0.12748 	-0.04765 	-0.05233 	0.00193 	-0.05004 	0.07388 	0.07232 	0.00706	0.02663
Replication180	 -1.42002	0.99808	0.97963 	0.98298 	0.98511 	0.98596 	0.98583 	0.99637 	0.95914 	0.96804 	0.98309 	0.96310 	0.97736 	0.98420 	-0.11126 	-0.14855 	-0.14074 	0.05128 	0.00000 	0.58893 	-0.17751 	-0.16215 	0.00378 	-0.13015 	0.15586 	0.08335 	-0.03663 	-0.04891 	-0.04634 	0.04524 	0.00000 	0.12926 	-0.05845 	-0.05339 	0.00225 	-0.04285 	0.05132 	0.08190 	0.01285	0.02340
Replication181	 -1.47125	0.99819	0.97723 	0.98251 	0.98555 	0.98494 	0.98521 	0.99688 	0.96746 	0.97307 	0.98599 	0.96829 	0.98468 	0.98677 	-0.15068 	-0.14395 	-0.15346 	0.05315 	0.00000 	0.56176 	-0.12926 	-0.15985 	0.00341 	-0.16008 	0.21120 	0.07505 	-0.04960 	-0.04739 	-0.05052 	0.04747 	0.00000 	0.12959 	-0.04255 	-0.05262 	0.00197 	-0.05270 	0.06952 	0.07369 	0.00730	0.02688
Replication182	 -1.45956	0.99806	0.97545 	0.98025 	0.98412 	0.98322 	0.98358 	0.99595 	0.96338 	0.97095 	0.98393 	0.96648 	0.97992 	0.98507 	-0.14812 	-0.17120 	-0.14878 	0.05682 	0.00000 	0.60273 	-0.15498 	-0.14396 	0.00370 	-0.12429 	0.15594 	0.08056 	-0.04877 	-0.05637 	-0.04899 	0.05071 	0.00000 	0.13755 	-0.05103 	-0.04740 	0.00215 	-0.04093 	0.05135 	0.07910 	0.00843	0.02737
Replication183	 -1.53198	0.99857	0.98063 	0.98517 	0.98860 	0.98746 	0.98798 	0.99903 	0.97756 	0.98283 	0.99249 	0.97919 	0.99864 	0.99254 	-0.14644 	-0.14689 	-0.16676 	0.04749 	0.00000 	0.45969 	-0.15206 	-0.13930 	0.00253 	-0.15002 	0.33594 	0.05646 	-0.04817 	-0.04832 	-0.05485 	0.04301 	0.00000 	0.11854 	-0.05002 	-0.04582 	0.00140 	-0.04935 	0.11050 	0.05538 	0.00065	0.03231
Replication184	 -1.52856	0.99847	0.97906 	0.98417 	0.98822 	0.98644 	0.98709 	0.99855 	0.97678 	0.98133 	0.99097 	0.97761 	0.99391 	0.99138 	-0.15395 	-0.15161 	-0.14879 	0.04971 	0.00000 	0.48495 	-0.12232 	-0.13108 	0.00274 	-0.14213 	0.25371 	0.06020 	-0.05065 	-0.04988 	-0.04895 	0.04489 	0.00000 	0.11862 	-0.04024 	-0.04313 	0.00153 	-0.04676 	0.08347 	0.05905 	0.00143	0.02795
Replication185	 -1.47674	0.99841	0.97999 	0.98489 	0.98794 	0.98715 	0.98807 	0.99827 	0.97005 	0.97645 	0.98908 	0.97170 	0.99114 	0.98940 	-0.14551 	-0.13953 	-0.14574 	0.04837 	0.01433 	0.49983 	-0.15918 	-0.15946 	0.00298 	-0.16875 	0.29274 	0.06656 	-0.04788 	-0.04591 	-0.04795 	0.04336 	0.00472 	0.11853 	-0.05238 	-0.05247 	0.00171 	-0.05553 	0.09632 	0.06536 	0.00664	0.02789
Replication186	 -1.49292	0.99846	0.98044 	0.98569 	0.98918 	0.98783 	0.98971 	0.99884 	0.97229 	0.97874 	0.98991 	0.97421 	0.99006 	0.99045 	-0.15405 	-0.14110 	-0.13187 	0.04692 	0.03490 	0.47776 	-0.14610 	-0.12482 	0.00286 	-0.14608 	0.22384 	0.06318 	-0.05068 	-0.04642 	-0.04339 	0.04210 	0.01148 	0.11029 	-0.04807 	-0.04107 	0.00164 	-0.04806 	0.07365 	0.06203 	0.00545	0.02349
Replication187	 -1.47004	0.99828	0.97905 	0.98430 	0.98665 	0.98645 	0.98659 	0.99751 	0.96755 	0.97402 	0.98697 	0.96899 	0.98613 	0.98763 	-0.14480 	-0.12535 	-0.15106 	0.04999 	0.00000 	0.53485 	-0.14613 	-0.15052 	0.00327 	-0.16386 	0.22887 	0.07228 	-0.04766 	-0.04126 	-0.04972 	0.04458 	0.00000 	0.12320 	-0.04809 	-0.04954 	0.00190 	-0.05393 	0.07533 	0.07098 	0.00753	0.02578
Replication188	 -1.48611	0.99823	0.97704 	0.98225 	0.98531 	0.98500 	0.98747 	0.99705 	0.96810 	0.97440 	0.98648 	0.97012 	0.98557 	0.98727 	-0.16828 	-0.16388 	-0.17828 	0.05296 	0.05469 	0.55251 	-0.14373 	-0.14757 	0.00334 	-0.13862 	0.20906 	0.07344 	-0.05539 	-0.05394 	-0.05868 	0.04741 	0.01800 	0.12986 	-0.04731 	-0.04857 	0.00194 	-0.04563 	0.06881 	0.07211 	0.00563	0.02860
Replication189	 -1.48949	0.99827	0.97712 	0.98166 	0.98603 	0.98452 	0.98510 	0.99719 	0.96981 	0.97577 	0.98773 	0.97164 	0.98912 	0.98829 	-0.14758 	-0.17472 	-0.14995 	0.05388 	0.00000 	0.54452 	-0.14893 	-0.15837 	0.00319 	-0.14709 	0.26004 	0.07017 	-0.04857 	-0.05751 	-0.04936 	0.04843 	0.00000 	0.13037 	-0.04902 	-0.05213 	0.00181 	-0.04841 	0.08559 	0.06887 	0.00514	0.03008
Replication190	 -1.46781	0.99823	0.97891 	0.98352 	0.98638 	0.98602 	0.98622 	0.99726 	0.96670 	0.97345 	0.98632 	0.96855 	0.98423 	0.98713 	-0.13650 	-0.14262 	-0.14420 	0.05092 	0.00000 	0.54708 	-0.14574 	-0.14495 	0.00336 	-0.15181 	0.19844 	0.07389 	-0.04493 	-0.04694 	-0.04746 	0.04537 	0.00000 	0.12454 	-0.04797 	-0.04771 	0.00195 	-0.04997 	0.06532 	0.07256 	0.00786	0.02474
Replication191	 -1.47374	0.99833	0.97836 	0.98334 	0.98773 	0.98579 	0.98642 	0.99784 	0.97086 	0.97564 	0.98827 	0.97136 	0.98895 	0.98877 	-0.14549 	-0.15795 	-0.12110 	0.05123 	0.00000 	0.52086 	-0.12561 	-0.17484 	0.00310 	-0.15975 	0.24811 	0.06859 	-0.04788 	-0.05198 	-0.03985 	0.04596 	0.00000 	0.12010 	-0.04134 	-0.05754 	0.00177 	-0.05257 	0.08165 	0.06733 	0.00717	0.02565
Replication192	 -1.45057	0.99808	0.97782 	0.98117 	0.98435 	0.98446 	0.98460 	0.99615 	0.96291 	0.97001 	0.98404 	0.96572 	0.98115 	0.98498 	-0.12274 	-0.17421 	-0.15522 	0.05429 	0.00000 	0.59439 	-0.15762 	-0.17656 	0.00367 	-0.13239 	0.19496 	0.08082 	-0.04041 	-0.05736 	-0.05111 	0.04826 	0.00000 	0.13552 	-0.05190 	-0.05813 	0.00215 	-0.04359 	0.06419 	0.07938 	0.00938	0.02699
Replication193	 -1.47754	0.99826	0.97819 	0.98395 	0.98616 	0.98611 	0.98738 	0.99738 	0.96822 	0.97413 	0.98657 	0.96902 	0.98476 	0.98737 	-0.16167 	-0.12863 	-0.16488 	0.05070 	0.02873 	0.54099 	-0.12794 	-0.13933 	0.00332 	-0.16322 	0.19559 	0.07311 	-0.05321 	-0.04234 	-0.05427 	0.04523 	0.00946 	0.12431 	-0.04211 	-0.04586 	0.00194 	-0.05372 	0.06438 	0.07180 	0.00679	0.02560
Replication194	 -1.47192	0.99830	0.97870 	0.98316 	0.98663 	0.98578 	0.98615 	0.99748 	0.96682 	0.97481 	0.98754 	0.97020 	0.98813 	0.98808 	-0.13908 	-0.15524 	-0.14580 	0.05130 	0.00000 	0.53395 	-0.18306 	-0.14795 	0.00320 	-0.14659 	0.26549 	0.07082 	-0.04578 	-0.05109 	-0.04798 	0.04594 	0.00000 	0.12610 	-0.06025 	-0.04869 	0.00184 	-0.04824 	0.08738 	0.06953 	0.00704	0.02876
Replication195	 -1.46007	0.99815	0.97709 	0.98205 	0.98466 	0.98464 	0.98477 	0.99648 	0.96418 	0.97147 	0.98506 	0.96656 	0.98363 	0.98585 	-0.14642 	-0.14546 	-0.16511 	0.05382 	0.00000 	0.57811 	-0.16195 	-0.15929 	0.00354 	-0.15444 	0.22742 	0.07801 	-0.04820 	-0.04789 	-0.05436 	0.04799 	0.00000 	0.13447 	-0.05332 	-0.05244 	0.00206 	-0.05084 	0.07487 	0.07662 	0.00822	0.02895
Replication196	 -1.53315	0.99850	0.97993 	0.98413 	0.98816 	0.98672 	0.98737 	0.99862 	0.97647 	0.98196 	0.99136 	0.97807 	0.99510 	0.99170 	-0.14260 	-0.16316 	-0.15662 	0.04911 	0.00113 	0.47988 	-0.14169 	-0.11941 	0.00269 	-0.14288 	0.27522 	0.05915 	-0.04691 	-0.05368 	-0.05153 	0.04438 	0.00037 	0.11977 	-0.04661 	-0.03929 	0.00149 	-0.04700 	0.09054 	0.05802 	0.00081	0.02955
Replication197	 0.00594	0.99751	0.97107 	0.97612 	0.97871 	0.97959 	0.97934 	0.99244 	0.94406 	0.95470 	0.97338 	0.94726 	0.95826 	0.97558 	-0.14267 	-0.16978 	-0.14328 	0.06497 	0.00000 	0.76059 	-0.16291 	-0.15034 	0.00510 	-0.16135 	0.01247 	0.11114 	-0.04703 	-0.05597 	-0.04723 	0.05714 	0.00000 	0.16464 	-0.05370 	-0.04956 	0.00312 	-0.05319 	0.00411 	0.10926 	0.02392	0.03160
Replication198	 -1.43967	0.99820	0.98064 	0.98517 	0.98661 	0.98752 	0.98839 	0.99731 	0.96445 	0.97061 	0.98476 	0.96591 	0.97943 	0.98579 	-0.13066 	-0.12173 	-0.14448 	0.04796 	0.02599 	0.54994 	-0.12646 	-0.16776 	0.00355 	-0.14031 	0.13696 	0.07820 	-0.04301 	-0.04007 	-0.04756 	0.04230 	0.00856 	0.11866 	-0.04163 	-0.05523 	0.00211 	-0.04619 	0.04509 	0.07685 	0.01120	0.01987
Replication199	 -1.48006	0.99829	0.97857 	0.98403 	0.98644 	0.98615 	0.98633 	0.99751 	0.96969 	0.97478 	0.98743 	0.96969 	0.98785 	0.98799 	-0.15084 	-0.12656 	-0.15974 	0.05057 	0.00000 	0.53325 	-0.12436 	-0.15808 	0.00321 	-0.17999 	0.24781 	0.07111 	-0.04965 	-0.04165 	-0.05257 	0.04520 	0.00000 	0.12498 	-0.04093 	-0.05203 	0.00185 	-0.05924 	0.08156 	0.06982 	0.00636	0.02735
Replication200	 -1.48231	0.99834	0.97888 	0.98412 	0.98760 	0.98634 	0.98677 	0.99791 	0.96935 	0.97634 	0.98822 	0.97141 	0.98780 	0.98886 	-0.14757 	-0.14006 	-0.13429 	0.05012 	0.00000 	0.51711 	-0.15378 	-0.12761 	0.00310 	-0.15438 	0.22539 	0.06830 	-0.04856 	-0.04609 	-0.04419 	0.04490 	0.00000 	0.11988 	-0.05061 	-0.04200 	0.00178 	-0.05081 	0.07417 	0.06705 	0.00632	0.02552
Replication201	 -1.52662	0.99851	0.97914 	0.98386 	0.98860 	0.98633 	0.98713 	0.99872 	0.97743 	0.98206 	0.99170 	0.97804 	0.99599 	0.99196 	-0.15063 	-0.16645 	-0.14196 	0.04987 	0.00000 	0.47609 	-0.12823 	-0.13012 	0.00265 	-0.15678 	0.28867 	0.05834 	-0.04955 	-0.05476 	-0.04670 	0.04517 	0.00000 	0.11863 	-0.04219 	-0.04281 	0.00146 	-0.05158 	0.09497 	0.05722 	0.00143	0.02986
Replication202	 -1.40689	0.99792	0.97615 	0.98158 	0.98288 	0.98404 	0.98376 	0.99526 	0.95738 	0.96506 	0.98058 	0.95878 	0.97278 	0.98199 	-0.14399 	-0.12332 	-0.16185 	0.05537 	0.00000 	0.63672 	-0.13783 	-0.15046 	0.00413 	-0.16967 	0.11440 	0.09047 	-0.04742 	-0.04062 	-0.05331 	0.04885 	0.00000 	0.14003 	-0.04540 	-0.04956 	0.00247 	-0.05588 	0.03768 	0.08891 	0.01396	0.02575
Replication203	 -1.49209	0.99849	0.97861 	0.98426 	0.98836 	0.98634 	0.98702 	0.99856 	0.97289 	0.97947 	0.99101 	0.97505 	0.99626 	0.99107 	-0.16062 	-0.14519 	-0.14278 	0.04988 	0.00000 	0.48192 	-0.17539 	-0.15226 	0.00273 	-0.16815 	0.35326 	0.06119 	-0.05284 	-0.04777 	-0.04697 	0.04513 	0.00000 	0.12083 	-0.05770 	-0.05009 	0.00153 	-0.05532 	0.11622 	0.06006 	0.00458	0.03307
Replication204	 -1.41619	0.99804	0.97785 	0.98247 	0.98446 	0.98510 	0.98507 	0.99605 	0.95858 	0.96727 	0.98248 	0.96193 	0.97655 	0.98364 	-0.13212 	-0.13589 	-0.14665 	0.05307 	0.00196 	0.60253 	-0.17058 	-0.15956 	0.00387 	-0.14294 	0.15428 	0.08515 	-0.04351 	-0.04475 	-0.04829 	0.04690 	0.00064 	0.13276 	-0.05617 	-0.05254 	0.00231 	-0.04707 	0.05080 	0.08367 	0.01311	0.02476
Replication205	 -1.48238	0.99830	0.97712 	0.98338 	0.98689 	0.98537 	0.98585 	0.99758 	0.96864 	0.97599 	0.98781 	0.97094 	0.98748 	0.98848 	-0.16550 	-0.13378 	-0.14126 	0.05212 	0.00000 	0.53014 	-0.15967 	-0.12200 	0.00316 	-0.15563 	0.22898 	0.06954 	-0.05447 	-0.04403 	-0.04649 	0.04679 	0.00000 	0.12426 	-0.05255 	-0.04015 	0.00181 	-0.05122 	0.07536 	0.06827 	0.00611	0.02758
Replication206	 -1.47535	0.99818	0.97606 	0.98217 	0.98516 	0.98441 	0.98508 	0.99675 	0.96700 	0.97327 	0.98587 	0.96876 	0.98449 	0.98670 	-0.16733 	-0.13918 	-0.16149 	0.05423 	0.00919 	0.56650 	-0.14149 	-0.15330 	0.00343 	-0.14571 	0.20662 	0.07530 	-0.05508 	-0.04582 	-0.05316 	0.04851 	0.00303 	0.13165 	-0.04658 	-0.05047 	0.00198 	-0.04797 	0.06802 	0.07393 	0.00677	0.02805
Replication207	 -1.43968	0.99814	0.97626 	0.98265 	0.98555 	0.98468 	0.98493 	0.99666 	0.96332 	0.97064 	0.98474 	0.96523 	0.98162 	0.98564 	-0.16199 	-0.12673 	-0.13749 	0.05376 	0.00000 	0.57405 	-0.15340 	-0.15448 	0.00357 	-0.16322 	0.19777 	0.07871 	-0.05333 	-0.04172 	-0.04526 	0.04791 	0.00000 	0.12920 	-0.05050 	-0.05086 	0.00209 	-0.05373 	0.06511 	0.07731 	0.01057	0.02622
Replication208	 -1.47377	0.99817	0.97568 	0.98156 	0.98472 	0.98394 	0.98426 	0.99655 	0.96607 	0.97299 	0.98580 	0.96858 	0.98534 	0.98655 	-0.16420 	-0.14531 	-0.16506 	0.05520 	0.00000 	0.57371 	-0.15962 	-0.15824 	0.00344 	-0.14353 	0.23451 	0.07579 	-0.05405 	-0.04784 	-0.05434 	0.04945 	0.00000 	0.13536 	-0.05255 	-0.05209 	0.00199 	-0.04725 	0.07720 	0.07441 	0.00670	0.03028
Replication209	 -1.48876	0.99856	0.98152 	0.98682 	0.99018 	0.98860 	0.98911 	0.99936 	0.97351 	0.97988 	0.99148 	0.97545 	0.99463 	0.99164 	-0.14375 	-0.12309 	-0.12169 	0.04523 	0.00000 	0.45301 	-0.16183 	-0.14629 	0.00265 	-0.16045 	0.30252 	0.05933 	-0.04729 	-0.04049 	-0.04003 	0.04070 	0.00000 	0.10773 	-0.05323 	-0.04812 	0.00150 	-0.05278 	0.09951 	0.05825 	0.00565	0.02575
Replication210	 -1.52063	0.99851	0.98063 	0.98435 	0.98894 	0.98708 	0.98779 	0.99885 	0.97648 	0.98158 	0.99159 	0.97748 	0.99540 	0.99185 	-0.13287 	-0.17226 	-0.13727 	0.04835 	0.00000 	0.47171 	-0.13606 	-0.13087 	0.00266 	-0.15546 	0.28560 	0.05867 	-0.04371 	-0.05667 	-0.04516 	0.04367 	0.00000 	0.11613 	-0.04476 	-0.04305 	0.00147 	-0.05114 	0.09396 	0.05755 	0.00219	0.02829
Replication211	 -1.44399	0.99815	0.97561 	0.98234 	0.98602 	0.98433 	0.98479 	0.99678 	0.96363 	0.97164 	0.98515 	0.96676 	0.98163 	0.98610 	-0.16842 	-0.13356 	-0.12382 	0.05444 	0.00000 	0.56909 	-0.16530 	-0.14496 	0.00352 	-0.13835 	0.18033 	0.07721 	-0.05545 	-0.04397 	-0.04076 	0.04864 	0.00000 	0.12754 	-0.05442 	-0.04772 	0.00205 	-0.04555 	0.05937 	0.07582 	0.01019	0.02556
Replication212	 -1.50321	0.99841	0.98048 	0.98466 	0.98782 	0.98733 	0.98932 	0.99834 	0.97301 	0.97797 	0.98922 	0.97414 	0.99001 	0.98975 	-0.14437 	-0.15870 	-0.15835 	0.04800 	0.04122 	0.49760 	-0.12644 	-0.15260 	0.00296 	-0.13938 	0.22888 	0.06543 	-0.04750 	-0.05222 	-0.05210 	0.04300 	0.01356 	0.11685 	-0.04161 	-0.05021 	0.00170 	-0.04586 	0.07531 	0.06423 	0.00425	0.02515
Replication213	 -1.46556	0.99825	0.97849 	0.98313 	0.98625 	0.98585 	0.98751 	0.99730 	0.96685 	0.97350 	0.98648 	0.96781 	0.98508 	0.98722 	-0.14886 	-0.15820 	-0.15410 	0.05123 	0.03483 	0.54375 	-0.14224 	-0.13621 	0.00333 	-0.17945 	0.22019 	0.07361 	-0.04900 	-0.05207 	-0.05072 	0.04573 	0.01146 	0.12541 	-0.04682 	-0.04483 	0.00194 	-0.05907 	0.07248 	0.07229 	0.00788	0.02681
Replication214	 -1.40183	0.99784	0.97393 	0.97941 	0.98237 	0.98224 	0.98231 	0.99473 	0.95703 	0.96447 	0.97975 	0.95889 	0.97065 	0.98135 	-0.15059 	-0.15412 	-0.14286 	0.05912 	0.00000 	0.66044 	-0.13080 	-0.15578 	0.00425 	-0.14355 	0.07581 	0.09255 	-0.04961 	-0.05077 	-0.04706 	0.05234 	0.00000 	0.14425 	-0.04309 	-0.05132 	0.00254 	-0.04729 	0.02497 	0.09092 	0.01447	0.02589
Replication215	 -1.49206	0.99851	0.98073 	0.98509 	0.98923 	0.98754 	0.98864 	0.99890 	0.97335 	0.97935 	0.99099 	0.97554 	0.99468 	0.99115 	-0.13962 	-0.15727 	-0.13021 	0.04744 	0.01192 	0.47122 	-0.16189 	-0.16364 	0.00273 	-0.14725 	0.31075 	0.06093 	-0.04593 	-0.05174 	-0.04284 	0.04274 	0.00392 	0.11363 	-0.05326 	-0.05383 	0.00154 	-0.04844 	0.10223 	0.05980 	0.00511	0.02782
Replication216	 -1.48081	0.99838	0.97804 	0.98364 	0.98792 	0.98600 	0.98808 	0.99811 	0.97049 	0.97709 	0.98876 	0.97100 	0.98891 	0.98934 	-0.16544 	-0.15912 	-0.13309 	0.05073 	0.03586 	0.50774 	-0.14002 	-0.10672 	0.00303 	-0.19333 	0.23988 	0.06675 	-0.05444 	-0.05236 	-0.04380 	0.04563 	0.01180 	0.11905 	-0.04608 	-0.03512 	0.00174 	-0.06362 	0.07894 	0.06553 	0.00629	0.02728
Replication217	 -1.46728	0.99810	0.97300 	0.98031 	0.98508 	0.98245 	0.98318 	0.99632 	0.96764 	0.97275 	0.98514 	0.96871 	0.98212 	0.98618 	-0.18616 	-0.15304 	-0.12959 	0.05829 	0.00000 	0.58726 	-0.11436 	-0.16016 	0.00354 	-0.13098 	0.15590 	0.07698 	-0.06129 	-0.05039 	-0.04267 	0.05233 	0.00000 	0.13358 	-0.03765 	-0.05273 	0.00203 	-0.04312 	0.05133 	0.07555 	0.00769	0.02697
Replication218	 -1.45983	0.99840	0.98039 	0.98570 	0.98896 	0.98772 	0.98872 	0.99850 	0.96886 	0.97558 	0.98862 	0.97052 	0.98821 	0.98912 	-0.14471 	-0.13014 	-0.11702 	0.04725 	0.01522 	0.49471 	-0.15328 	-0.15063 	0.00304 	-0.16577 	0.24270 	0.06746 	-0.04762 	-0.04282 	-0.03851 	0.04222 	0.00501 	0.11154 	-0.05044 	-0.04956 	0.00176 	-0.05455 	0.07986 	0.06626 	0.00883	0.02315
Replication219	 -1.40755	0.99792	0.97470 	0.98033 	0.98338 	0.98297 	0.98310 	0.99525 	0.95706 	0.96610 	0.98081 	0.96039 	0.97195 	0.98237 	-0.15105 	-0.14813 	-0.13424 	0.05753 	0.00000 	0.63804 	-0.15809 	-0.13036 	0.00410 	-0.13485 	0.08172 	0.08927 	-0.04975 	-0.04879 	-0.04421 	0.05098 	0.00000 	0.13939 	-0.05207 	-0.04294 	0.00244 	-0.04442 	0.02692 	0.08770 	0.01395	0.02525
Replication220	 -1.46346	0.99811	0.97481 	0.98059 	0.98443 	0.98317 	0.98361 	0.99622 	0.96442 	0.97195 	0.98501 	0.96742 	0.98343 	0.98588 	-0.16407 	-0.15894 	-0.15364 	0.05682 	0.00000 	0.58863 	-0.16581 	-0.15327 	0.00355 	-0.13849 	0.21505 	0.07794 	-0.05402 	-0.05233 	-0.05059 	0.05089 	0.00000 	0.13740 	-0.05459 	-0.05046 	0.00205 	-0.04560 	0.07080 	0.07652 	0.00777	0.03008
Replication221	 -1.44694	0.99816	0.97853 	0.98373 	0.98604 	0.98597 	0.98604 	0.99694 	0.96429 	0.97106 	0.98485 	0.96644 	0.98060 	0.98584 	-0.14010 	-0.12640 	-0.13885 	0.05112 	0.00000 	0.56386 	-0.14191 	-0.16153 	0.00355 	-0.13725 	0.15965 	0.07805 	-0.04612 	-0.04161 	-0.04571 	0.04535 	0.00000 	0.12445 	-0.04672 	-0.05318 	0.00209 	-0.04518 	0.05256 	0.07667 	0.01019	0.02259
Replication222	 -1.44618	0.99809	0.97461 	0.98059 	0.98460 	0.98311 	0.98358 	0.99615 	0.96264 	0.97072 	0.98441 	0.96563 	0.98174 	0.98534 	-0.16439 	-0.15728 	-0.14018 	0.05698 	0.00000 	0.59367 	-0.16984 	-0.14816 	0.00363 	-0.14883 	0.20433 	0.07967 	-0.05413 	-0.05178 	-0.04616 	0.05098 	0.00000 	0.13639 	-0.05592 	-0.04878 	0.00211 	-0.04900 	0.06728 	0.07823 	0.00961	0.02920
Replication223	 -1.49260	0.99827	0.97825 	0.98272 	0.98595 	0.98540 	0.98571 	0.99725 	0.97075 	0.97540 	0.98736 	0.97047 	0.98773 	0.98801 	-0.14195 	-0.15589 	-0.16112 	0.05211 	0.00000 	0.54328 	-0.11388 	-0.14944 	0.00323 	-0.17520 	0.23283 	0.07106 	-0.04672 	-0.05131 	-0.05303 	0.04666 	0.00000 	0.12845 	-0.03748 	-0.04919 	0.00185 	-0.05767 	0.07663 	0.06976 	0.00504	0.02795
Replication224	 -1.45271	0.99813	0.97707 	0.98131 	0.98499 	0.98429 	0.98462 	0.99643 	0.96369 	0.97134 	0.98483 	0.96546 	0.98223 	0.98575 	-0.13692 	-0.16925 	-0.14449 	0.05455 	0.00000 	0.58153 	-0.15585 	-0.13285 	0.00357 	-0.17452 	0.20494 	0.07837 	-0.04508 	-0.05572 	-0.04757 	0.04866 	0.00000 	0.13370 	-0.05131 	-0.04374 	0.00208 	-0.05746 	0.06747 	0.07696 	0.00907	0.02799
Replication225	 -1.49387	0.99830	0.97823 	0.98338 	0.98604 	0.98571 	0.98594 	0.99742 	0.97036 	0.97578 	0.98778 	0.97117 	0.98903 	0.98832 	-0.15109 	-0.13798 	-0.16978 	0.05144 	0.00000 	0.53513 	-0.13489 	-0.15367 	0.00317 	-0.16479 	0.25720 	0.07006 	-0.04973 	-0.04541 	-0.05588 	0.04609 	0.00000 	0.12803 	-0.04440 	-0.05058 	0.00182 	-0.05423 	0.08465 	0.06878 	0.00479	0.02914
Replication226	 -1.46957	0.99829	0.97915 	0.98422 	0.98646 	0.98643 	0.98654 	0.99749 	0.96689 	0.97393 	0.98711 	0.96972 	0.98730 	0.98766 	-0.14316 	-0.12735 	-0.15782 	0.05001 	0.00000 	0.53477 	-0.16829 	-0.17018 	0.00325 	-0.14164 	0.25570 	0.07216 	-0.04712 	-0.04191 	-0.05194 	0.04462 	0.00000 	0.12473 	-0.05539 	-0.05601 	0.00189 	-0.04662 	0.08416 	0.07087 	0.00743	0.02727
Replication227	 -1.47328	0.99823	0.97771 	0.98221 	0.98520 	0.98499 	0.98552 	0.99691 	0.96600 	0.97363 	0.98660 	0.96870 	0.98748 	0.98717 	-0.14536 	-0.15781 	-0.17073 	0.05299 	0.00752 	0.55622 	-0.17634 	-0.15159 	0.00333 	-0.16089 	0.27551 	0.07377 	-0.04785 	-0.05194 	-0.05620 	0.04744 	0.00248 	0.13347 	-0.05804 	-0.04990 	0.00192 	-0.05296 	0.09069 	0.07244 	0.00663	0.03154
Replication228	 -1.51278	0.99841	0.97737 	0.98272 	0.98755 	0.98516 	0.98596 	0.99806 	0.97378 	0.97978 	0.99011 	0.97595 	0.99303 	0.99053 	-0.16094 	-0.16588 	-0.14193 	0.05238 	0.00000 	0.50544 	-0.15186 	-0.13391 	0.00287 	-0.13794 	0.27160 	0.06295 	-0.05296 	-0.05458 	-0.04670 	0.04737 	0.00000 	0.12388 	-0.04997 	-0.04406 	0.00160 	-0.04539 	0.08937 	0.06175 	0.00278	0.03030
Replication229	 -1.48961	0.99818	0.97378 	0.98017 	0.98425 	0.98262 	0.98319 	0.99641 	0.96824 	0.97473 	0.98660 	0.96974 	0.98804 	0.98724 	-0.18049 	-0.16052 	-0.17231 	0.05783 	0.00000 	0.57551 	-0.15233 	-0.13793 	0.00335 	-0.16861 	0.26661 	0.07355 	-0.05942 	-0.05284 	-0.05672 	0.05212 	0.00000 	0.14088 	-0.05014 	-0.04541 	0.00190 	-0.05551 	0.08777 	0.07218 	0.00466	0.03481
Replication230	 -1.48022	0.99818	0.97661 	0.98187 	0.98479 	0.98442 	0.98480 	0.99665 	0.96682 	0.97339 	0.98590 	0.96870 	0.98512 	0.98669 	-0.15541 	-0.14887 	-0.16993 	0.05422 	0.00361 	0.56962 	-0.14829 	-0.14806 	0.00343 	-0.15142 	0.22194 	0.07532 	-0.05116 	-0.04901 	-0.05594 	0.04849 	0.00119 	0.13419 	-0.04882 	-0.04874 	0.00198 	-0.04985 	0.07306 	0.07395 	0.00615	0.02935
Replication231	 -1.48444	0.99843	0.98197 	0.98565 	0.98849 	0.98842 	0.99104 	0.99863 	0.97132 	0.97689 	0.98900 	0.97249 	0.98894 	0.98952 	-0.13584 	-0.15893 	-0.15087 	0.04579 	0.05992 	0.48757 	-0.13374 	-0.15249 	0.00298 	-0.15203 	0.22782 	0.06615 	-0.04470 	-0.05229 	-0.04964 	0.04086 	0.01972 	0.11191 	-0.04401 	-0.05017 	0.00173 	-0.05002 	0.07496 	0.06497 	0.00633	0.02331
Replication232	 -1.44129	0.99827	0.98100 	0.98432 	0.98779 	0.98731 	0.98892 	0.99775 	0.96554 	0.97239 	0.98623 	0.96714 	0.98259 	0.98707 	-0.11966 	-0.16684 	-0.11786 	0.04827 	0.03359 	0.53020 	-0.14225 	-0.15229 	0.00335 	-0.15857 	0.17892 	0.07406 	-0.03938 	-0.05491 	-0.03879 	0.04283 	0.01106 	0.11567 	-0.04682 	-0.05013 	0.00198 	-0.05219 	0.05889 	0.07276 	0.01093	0.02094
Replication233	 -1.43539	0.99805	0.97630 	0.98111 	0.98404 	0.98391 	0.98408 	0.99594 	0.96067 	0.96889 	0.98337 	0.96326 	0.97977 	0.98437 	-0.14339 	-0.15464 	-0.15380 	0.05544 	0.00081 	0.60361 	-0.16769 	-0.15092 	0.00376 	-0.16264 	0.19743 	0.08281 	-0.04722 	-0.05092 	-0.05064 	0.04931 	0.00027 	0.13760 	-0.05522 	-0.04970 	0.00221 	-0.05355 	0.06501 	0.08134 	0.01077	0.02849
Replication234	 -1.46904	0.99810	0.97610 	0.98077 	0.98355 	0.98371 	0.98428 	0.99605 	0.96435 	0.97125 	0.98467 	0.96714 	0.98398 	0.98546 	-0.15099 	-0.16257 	-0.18392 	0.05575 	0.01081 	0.59437 	-0.16292 	-0.17614 	0.00360 	-0.13628 	0.23606 	0.07930 	-0.04971 	-0.05353 	-0.06056 	0.04979 	0.00356 	0.14066 	-0.05364 	-0.05799 	0.00209 	-0.04487 	0.07772 	0.07787 	0.00707	0.03140
Replication235	 -1.39519	0.99804	0.97747 	0.98223 	0.98468 	0.98504 	0.98660 	0.99610 	0.95754 	0.96597 	0.98219 	0.96008 	0.97636 	0.98327 	-0.14332 	-0.15119 	-0.14168 	0.05319 	0.03943 	0.60105 	-0.16694 	-0.17269 	0.00390 	-0.16598 	0.17311 	0.08633 	-0.04719 	-0.04979 	-0.04665 	0.04701 	0.01298 	0.13138 	-0.05497 	-0.05687 	0.00234 	-0.05466 	0.05700 	0.08486 	0.01520	0.02544
Replication236	 -1.37135	0.99787	0.97484 	0.97984 	0.98334 	0.98279 	0.98295 	0.99500 	0.95437 	0.96305 	0.97989 	0.95675 	0.97154 	0.98128 	-0.13949 	-0.16148 	-0.11817 	0.05797 	0.00000 	0.65007 	-0.15933 	-0.16865 	0.00422 	-0.16651 	0.12622 	0.09275 	-0.04595 	-0.05319 	-0.03892 	0.05128 	0.00000 	0.14043 	-0.05248 	-0.05555 	0.00253 	-0.05485 	0.04158 	0.09115 	0.01761	0.02602
Replication237	 -1.46926	0.99831	0.98065 	0.98461 	0.98646 	0.98725 	0.98823 	0.99764 	0.96702 	0.97380 	0.98717 	0.96916 	0.98756 	0.98768 	-0.13267 	-0.14076 	-0.17135 	0.04833 	0.02551 	0.52783 	-0.16223 	-0.16906 	0.00323 	-0.15791 	0.26441 	0.07210 	-0.04366 	-0.04632 	-0.05639 	0.04302 	0.00840 	0.12361 	-0.05339 	-0.05564 	0.00189 	-0.05197 	0.08702 	0.07083 	0.00745	0.02739
Replication238	 -1.48671	0.99821	0.97556 	0.98103 	0.98473 	0.98365 	0.98410 	0.99667 	0.96751 	0.97472 	0.98682 	0.96985 	0.98816 	0.98743 	-0.16371 	-0.16099 	-0.17102 	0.05571 	0.00000 	0.56482 	-0.16722 	-0.13942 	0.00331 	-0.16030 	0.27093 	0.07296 	-0.05389 	-0.05299 	-0.05629 	0.05010 	0.00000 	0.13756 	-0.05504 	-0.04589 	0.00189 	-0.05277 	0.08918 	0.07161 	0.00508	0.03346
Replication239	 -1.48106	0.99818	0.97701 	0.98166 	0.98441 	0.98442 	0.98459 	0.99652 	0.96559 	0.97338 	0.98577 	0.96790 	0.98510 	0.98657 	-0.14698 	-0.15445 	-0.17800 	0.05422 	0.00000 	0.57335 	-0.16548 	-0.12310 	0.00344 	-0.16591 	0.23308 	0.07572 	-0.04839 	-0.05084 	-0.05860 	0.04848 	0.00000 	0.13695 	-0.05448 	-0.04052 	0.00199 	-0.05462 	0.07673 	0.07435 	0.00589	0.03105
Replication240	 -1.40523	0.99786	0.97479 	0.98019 	0.98263 	0.98291 	0.98286 	0.99491 	0.95810 	0.96476 	0.97986 	0.95933 	0.97025 	0.98150 	-0.14667 	-0.14410 	-0.14572 	0.05775 	0.00000 	0.65369 	-0.11420 	-0.15798 	0.00423 	-0.14139 	0.05660 	0.09207 	-0.04831 	-0.04747 	-0.04800 	0.05102 	0.00000 	0.14168 	-0.03762 	-0.05204 	0.00253 	-0.04658 	0.01864 	0.09045 	0.01428	0.02431
Replication241	 -1.48731	0.99826	0.97679 	0.98252 	0.98630 	0.98489 	0.98596 	0.99729 	0.96941 	0.97545 	0.98717 	0.97116 	0.98615 	0.98796 	-0.16387 	-0.15225 	-0.14746 	0.05315 	0.01444 	0.54367 	-0.13674 	-0.14123 	0.00325 	-0.13836 	0.19986 	0.07123 	-0.05394 	-0.05011 	-0.04854 	0.04767 	0.00475 	0.12629 	-0.04501 	-0.04649 	0.00187 	-0.04554 	0.06578 	0.06992 	0.00570	0.02666
Replication242	 -1.46614	0.99828	0.97996 	0.98414 	0.98732 	0.98670 	0.98697 	0.99764 	0.96706 	0.97414 	0.98689 	0.96954 	0.98450 	0.98769 	-0.12764 	-0.14676 	-0.12917 	0.04948 	0.00000 	0.53195 	-0.15213 	-0.14421 	0.00328 	-0.13860 	0.18996 	0.07208 	-0.04201 	-0.04830 	-0.04252 	0.04406 	0.00000 	0.11948 	-0.05007 	-0.04747 	0.00191 	-0.04562 	0.06252 	0.07078 	0.00823	0.02277
Replication243	 -1.47208	0.99832	0.97873 	0.98430 	0.98703 	0.98635 	0.98662 	0.99774 	0.96879 	0.97492 	0.98786 	0.97015 	0.98879 	0.98833 	-0.15150 	-0.12692 	-0.14856 	0.05011 	0.00000 	0.52355 	-0.15002 	-0.16377 	0.00315 	-0.16724 	0.26834 	0.07001 	-0.04986 	-0.04177 	-0.04889 	0.04484 	0.00000 	0.12267 	-0.04937 	-0.05390 	0.00182 	-0.05504 	0.08831 	0.06875 	0.00715	0.02756
Replication244	 -1.44054	0.99806	0.97701 	0.98184 	0.98445 	0.98451 	0.98458 	0.99613 	0.96280 	0.96930 	0.98345 	0.96333 	0.97885 	0.98454 	-0.14022 	-0.14578 	-0.15068 	0.05422 	0.00000 	0.59710 	-0.12733 	-0.14636 	0.00375 	-0.17835 	0.16193 	0.08225 	-0.04617 	-0.04800 	-0.04961 	0.04813 	0.00000 	0.13390 	-0.04193 	-0.04819 	0.00221 	-0.05873 	0.05332 	0.08079 	0.01053	0.02573
Replication245	 -1.44258	0.99808	0.97569 	0.98157 	0.98423 	0.98396 	0.98441 	0.99613 	0.96183 	0.96963 	0.98390 	0.96497 	0.98107 	0.98482 	-0.16059 	-0.13928 	-0.15941 	0.05528 	0.00752 	0.59509 	-0.16930 	-0.16980 	0.00369 	-0.13977 	0.20525 	0.08135 	-0.05288 	-0.04586 	-0.05249 	0.04925 	0.00248 	0.13606 	-0.05574 	-0.05591 	0.00216 	-0.04602 	0.06758 	0.07990 	0.01004	0.02853
Replication246	 -1.41684	0.99792	0.97334 	0.97926 	0.98296 	0.98199 	0.98230 	0.99512 	0.95820 	0.96652 	0.98146 	0.96138 	0.97557 	0.98274 	-0.16177 	-0.16012 	-0.14172 	0.05949 	0.00000 	0.64076 	-0.16388 	-0.16137 	0.00403 	-0.13846 	0.14766 	0.08806 	-0.05328 	-0.05274 	-0.04668 	0.05296 	0.00000 	0.14350 	-0.05398 	-0.05315 	0.00237 	-0.04561 	0.04864 	0.08650 	0.01267	0.02852
Replication247	 -1.51783	0.99864	0.98265 	0.98735 	0.99084 	0.98926 	0.98982 	0.99985 	0.97607 	0.98313 	0.99293 	0.97954 	0.99636 	0.99312 	-0.13706 	-0.12976 	-0.12648 	0.04378 	0.00000 	0.43045 	-0.17389 	-0.11918 	0.00246 	-0.12352 	0.28145 	0.05455 	-0.04508 	-0.04268 	-0.04160 	0.03950 	0.00000 	0.10447 	-0.05719 	-0.03920 	0.00137 	-0.04062 	0.09257 	0.05352 	0.00280	0.02507
Replication248	 -1.53134	0.99854	0.98012 	0.98575 	0.98899 	0.98757 	0.98809 	0.99905 	0.97835 	0.98228 	0.99182 	0.97823 	0.99536 	0.99212 	-0.15721 	-0.12717 	-0.15223 	0.04731 	0.00000 	0.46326 	-0.11076 	-0.12927 	0.00262 	-0.15878 	0.26564 	0.05779 	-0.05172 	-0.04183 	-0.05008 	0.04272 	0.00000 	0.11378 	-0.03643 	-0.04252 	0.00146 	-0.05223 	0.08739 	0.05670 	0.00122	0.02723
Replication249	 -1.47655	0.99836	0.98049 	0.98374 	0.98744 	0.98669 	0.98708 	0.99790 	0.96939 	0.97580 	0.98850 	0.97114 	0.99016 	0.98889 	-0.12029 	-0.16814 	-0.14028 	0.04938 	0.00000 	0.51548 	-0.15838 	-0.16125 	0.00307 	-0.16446 	0.28336 	0.06820 	-0.03959 	-0.05533 	-0.04616 	0.04421 	0.00000 	0.12198 	-0.05212 	-0.05307 	0.00176 	-0.05412 	0.09325 	0.06696 	0.00668	0.02777