
Replication	FitnessValue	Frequency	Bus1	Bus2	Bus3	Bus4	Bus5	Bus6	Bus7	Bus8	Bus9	Bus10	Bus11	Bus12	Bus1_P	Bus2_P	Bus3_P	Bus4_P	Bus5_P	Bus6_P	Bus7_P	Bus8_P	Bus9_P	Bus10_P	Bus11_P	Bus12_P	Bus1_Q	Bus2_Q	Bus3_Q	Bus4_Q	Bus5_Q	Bus6_Q	Bus7_Q	Bus8_Q	Bus9_Q	Bus10_Q	Bus11_Q	Bus12_Q	PLoss	QLoss
Replication0	 -1.52587	0.99856	0.98059 	0.98548 	0.98777 	0.98768 	0.98779 	0.99847 	0.97503 	0.98078 	0.99099 	0.97724 	0.99543 	0.99120 	-0.14802 	-0.12720 	-0.17607 	0.04898 	0.00000 	0.47401 	-0.15613 	-0.14333 	0.00262 	-0.13771 	0.30428 	0.06006 	-0.04869 	-0.04184 	-0.05792 	0.04413 	0.00000 	0.11769 	-0.05136 	-0.04715 	0.00151 	-0.04530 	0.10009 	0.05896 	0.00148	0.03012
Replication1	 -1.47377	0.99809	0.97400 	0.97876 	0.98220 	0.98210 	0.98219 	0.99515 	0.96471 	0.97063 	0.98385 	0.96643 	0.98370 	0.98467 	-0.15755 	-0.17917 	-0.18701 	0.06140 	0.00000 	0.61631 	-0.14556 	-0.18023 	0.00357 	-0.14725 	0.24094 	0.08089 	-0.05187 	-0.05899 	-0.06157 	0.05500 	0.00000 	0.14625 	-0.04793 	-0.05934 	0.00210 	-0.04848 	0.07933 	0.07943 	0.00634	0.03392
Replication2	 -1.48094	0.99818	0.97530 	0.98099 	0.98461 	0.98367 	0.98390 	0.99614 	0.96747 	0.97293 	0.98498 	0.96947 	0.98201 	0.98604 	-0.16190 	-0.15540 	-0.15065 	0.05797 	0.00000 	0.58036 	-0.12354 	-0.16107 	0.00342 	-0.10995 	0.15063 	0.07654 	-0.05330 	-0.05116 	-0.04959 	0.05186 	0.00000 	0.13124 	-0.04067 	-0.05302 	0.00201 	-0.03619 	0.04959 	0.07515 	0.00642	0.02592
Replication3	 -1.41615	0.99800	0.97554 	0.98073 	0.98349 	0.98359 	0.98347 	0.99516 	0.95884 	0.96652 	0.98095 	0.96121 	0.97221 	0.98249 	-0.14418 	-0.14783 	-0.13499 	0.05844 	0.00000 	0.62722 	-0.13506 	-0.14167 	0.00392 	-0.13187 	0.07146 	0.08783 	-0.04748 	-0.04868 	-0.04445 	0.05173 	0.00000 	0.13459 	-0.04448 	-0.04665 	0.00238 	-0.04343 	0.02353 	0.08630 	0.01325	0.02336
Replication4	 -1.43361	0.99811	0.97732 	0.98141 	0.98383 	0.98453 	0.98434 	0.99568 	0.96050 	0.96826 	0.98295 	0.96253 	0.97915 	0.98395 	-0.13122 	-0.15501 	-0.15687 	0.05631 	0.00000 	0.60046 	-0.15846 	-0.15630 	0.00366 	-0.16851 	0.19384 	0.08316 	-0.04320 	-0.05104 	-0.05165 	0.04997 	0.00000 	0.13468 	-0.05217 	-0.05146 	0.00221 	-0.05548 	0.06382 	0.08171 	0.01107	0.02739
Replication5	 -1.47454	0.99835	0.97967 	0.98389 	0.98665 	0.98675 	0.98817 	0.99742 	0.96745 	0.97439 	0.98702 	0.97010 	0.98613 	0.98770 	-0.14145 	-0.15518 	-0.15480 	0.05127 	0.03470 	0.52588 	-0.15829 	-0.15376 	0.00313 	-0.13704 	0.22145 	0.07122 	-0.04655 	-0.05107 	-0.05094 	0.04575 	0.01142 	0.11979 	-0.05209 	-0.05060 	0.00186 	-0.04510 	0.07287 	0.06996 	0.00713	0.02530
Replication6	 -1.50284	0.99847	0.97944 	0.98368 	0.98736 	0.98643 	0.98676 	0.99794 	0.97229 	0.97851 	0.98982 	0.97477 	0.99358 	0.99007 	-0.14106 	-0.16006 	-0.15401 	0.05173 	0.00000 	0.49778 	-0.16518 	-0.15725 	0.00278 	-0.14224 	0.30763 	0.06365 	-0.04641 	-0.05266 	-0.05067 	0.04661 	0.00000 	0.12120 	-0.05434 	-0.05173 	0.00160 	-0.04680 	0.10121 	0.06248 	0.00376	0.03048
Replication7	 -1.42851	0.99811	0.97566 	0.98097 	0.98393 	0.98376 	0.98375 	0.99564 	0.96034 	0.96829 	0.98307 	0.96245 	0.97966 	0.98403 	-0.15081 	-0.15012 	-0.14757 	0.05792 	0.00000 	0.60197 	-0.16335 	-0.15633 	0.00365 	-0.17271 	0.20592 	0.08290 	-0.04965 	-0.04942 	-0.04859 	0.05157 	0.00000 	0.13533 	-0.05378 	-0.05147 	0.00219 	-0.05686 	0.06780 	0.08145 	0.01147	0.02856
Replication8	 -1.45253	0.99824	0.97695 	0.98222 	0.98596 	0.98487 	0.98524 	0.99667 	0.96581 	0.97185 	0.98551 	0.96779 	0.98362 	0.98629 	-0.15011 	-0.15335 	-0.12867 	0.05538 	0.00300 	0.55967 	-0.14283 	-0.18316 	0.00334 	-0.13647 	0.20688 	0.07570 	-0.04941 	-0.05048 	-0.04235 	0.04946 	0.00099 	0.12469 	-0.04701 	-0.06029 	0.00198 	-0.04492 	0.06809 	0.07435 	0.00937	0.02509
Replication9	 -1.44896	0.99815	0.97500 	0.97945 	0.98486 	0.98285 	0.98339 	0.99592 	0.96292 	0.97138 	0.98450 	0.96604 	0.98140 	0.98551 	-0.14643 	-0.19765 	-0.11940 	0.05973 	0.00000 	0.58949 	-0.17049 	-0.12767 	0.00348 	-0.14853 	0.18865 	0.07823 	-0.04821 	-0.06507 	-0.03931 	0.05353 	0.00000 	0.13352 	-0.05613 	-0.04203 	0.00206 	-0.04890 	0.06211 	0.07681 	0.00941	0.02838
Replication10	 -1.38430	0.99796	0.97419 	0.98012 	0.98287 	0.98295 	0.98378 	0.99480 	0.95543 	0.96362 	0.97988 	0.95744 	0.97174 	0.98128 	-0.16092 	-0.14912 	-0.13784 	0.05987 	0.02402 	0.64237 	-0.14944 	-0.16292 	0.00406 	-0.16482 	0.11931 	0.09167 	-0.05300 	-0.04911 	-0.04540 	0.05301 	0.00791 	0.13811 	-0.04922 	-0.05366 	0.00248 	-0.05428 	0.03929 	0.09010 	0.01624	0.02625
Replication11	 -1.46401	0.99829	0.97924 	0.98332 	0.98531 	0.98621 	0.98679 	0.99684 	0.96521 	0.97238 	0.98601 	0.96766 	0.98604 	0.98659 	-0.13675 	-0.14700 	-0.17374 	0.05249 	0.01902 	0.54832 	-0.16825 	-0.16919 	0.00326 	-0.15693 	0.26187 	0.07475 	-0.04501 	-0.04838 	-0.05718 	0.04676 	0.00626 	0.12744 	-0.05538 	-0.05568 	0.00195 	-0.05165 	0.08619 	0.07344 	0.00784	0.02875
Replication12	 -1.49486	0.99851	0.97841 	0.98412 	0.98864 	0.98634 	0.98696 	0.99837 	0.97438 	0.97925 	0.99056 	0.97477 	0.99421 	0.99078 	-0.16046 	-0.14940 	-0.12487 	0.05186 	0.00000 	0.48187 	-0.13425 	-0.15284 	0.00268 	-0.17335 	0.30210 	0.06139 	-0.05279 	-0.04915 	-0.04108 	0.04687 	0.00000 	0.11523 	-0.04417 	-0.05028 	0.00154 	-0.05703 	0.09938 	0.06025 	0.00473	0.02879
Replication13	 -1.49161	0.99838	0.97862 	0.98372 	0.98659 	0.98615 	0.98628 	0.99744 	0.97016 	0.97603 	0.98796 	0.97192 	0.98895 	0.98850 	-0.14905 	-0.13888 	-0.15589 	0.05248 	0.00000 	0.52252 	-0.14545 	-0.15682 	0.00302 	-0.14510 	0.24970 	0.06867 	-0.04905 	-0.04570 	-0.05130 	0.04704 	0.00000 	0.12223 	-0.04786 	-0.05160 	0.00177 	-0.04775 	0.08217 	0.06742 	0.00520	0.02736
Replication14	 -1.49270	0.99822	0.97561 	0.98107 	0.98391 	0.98379 	0.98386 	0.99615 	0.96880 	0.97359 	0.98583 	0.96962 	0.98649 	0.98653 	-0.16285 	-0.15107 	-0.18344 	0.05766 	0.00000 	0.57471 	-0.12565 	-0.17375 	0.00331 	-0.14829 	0.23913 	0.07495 	-0.05360 	-0.04973 	-0.06038 	0.05169 	0.00000 	0.13630 	-0.04136 	-0.05719 	0.00194 	-0.04881 	0.07871 	0.07359 	0.00471	0.03115
Replication15	 -1.41734	0.99793	0.97436 	0.97911 	0.98154 	0.98236 	0.98210 	0.99437 	0.95713 	0.96476 	0.97998 	0.95965 	0.97321 	0.98138 	-0.14445 	-0.16027 	-0.16598 	0.06114 	0.00000 	0.65705 	-0.14824 	-0.16993 	0.00406 	-0.13943 	0.12734 	0.09137 	-0.04758 	-0.05279 	-0.05467 	0.05418 	0.00000 	0.14556 	-0.04883 	-0.05597 	0.00246 	-0.04592 	0.04194 	0.08978 	0.01265	0.02817
Replication16	 -1.49373	0.99835	0.97895 	0.98436 	0.98665 	0.98658 	0.98673 	0.99742 	0.97021 	0.97571 	0.98724 	0.97160 	0.98555 	0.98806 	-0.15022 	-0.12452 	-0.15439 	0.05163 	0.00372 	0.52634 	-0.12382 	-0.14122 	0.00311 	-0.13293 	0.17759 	0.07008 	-0.04944 	-0.04098 	-0.05081 	0.04609 	0.00123 	0.11926 	-0.04075 	-0.04647 	0.00184 	-0.04375 	0.05844 	0.06882 	0.00537	0.02348
Replication17	 -1.42629	0.99804	0.97486 	0.98020 	0.98325 	0.98310 	0.98309 	0.99521 	0.95889 	0.96742 	0.98198 	0.96193 	0.97660 	0.98319 	-0.15198 	-0.15491 	-0.14731 	0.05939 	0.00000 	0.62113 	-0.16604 	-0.14702 	0.00379 	-0.14803 	0.15714 	0.08561 	-0.05004 	-0.05101 	-0.04851 	0.05282 	0.00000 	0.13812 	-0.05467 	-0.04841 	0.00229 	-0.04874 	0.05174 	0.08411 	0.01178	0.02769
Replication18	 -1.48361	0.99829	0.97835 	0.98192 	0.98575 	0.98518 	0.98540 	0.99684 	0.96809 	0.97454 	0.98673 	0.97004 	0.98645 	0.98744 	-0.13053 	-0.17722 	-0.14909 	0.05465 	0.00000 	0.54834 	-0.14853 	-0.14728 	0.00318 	-0.14729 	0.22768 	0.07207 	-0.04296 	-0.05833 	-0.04907 	0.04892 	0.00000 	0.12727 	-0.04888 	-0.04847 	0.00187 	-0.04847 	0.07494 	0.07076 	0.00598	0.02756
Replication19	 -1.51137	0.99831	0.97692 	0.98167 	0.98502 	0.98458 	0.98496 	0.99675 	0.97085 	0.97638 	0.98726 	0.97232 	0.98791 	0.98798 	-0.15412 	-0.16362 	-0.17542 	0.05588 	0.00452 	0.54897 	-0.13279 	-0.13766 	0.00312 	-0.13931 	0.22307 	0.07034 	-0.05072 	-0.05385 	-0.05773 	0.05019 	0.00149 	0.13099 	-0.04370 	-0.04531 	0.00182 	-0.04585 	0.07341 	0.06904 	0.00297	0.02977
Replication20	 -1.40993	0.99794	0.97401 	0.97971 	0.98179 	0.98254 	0.98225 	0.99449 	0.95642 	0.96454 	0.98003 	0.95894 	0.97322 	0.98140 	-0.15592 	-0.14153 	-0.16384 	0.06075 	0.00000 	0.65225 	-0.15501 	-0.16294 	0.00405 	-0.15119 	0.13547 	0.09131 	-0.05135 	-0.04661 	-0.05396 	0.05384 	0.00000 	0.14418 	-0.05105 	-0.05366 	0.00246 	-0.04979 	0.04462 	0.08973 	0.01339	0.02838
Replication21	 -1.36510	0.99781	0.97236 	0.97842 	0.98059 	0.98133 	0.98099 	0.99358 	0.95068 	0.96039 	0.97731 	0.95336 	0.96731 	0.97898 	-0.15913 	-0.14375 	-0.15283 	0.06348 	0.00000 	0.69221 	-0.16542 	-0.14473 	0.00439 	-0.17286 	0.09749 	0.09901 	-0.05242 	-0.04736 	-0.05035 	0.05612 	0.00000 	0.15085 	-0.05450 	-0.04768 	0.00270 	-0.05695 	0.03212 	0.09733 	0.01788	0.02986
Replication22	 -1.49679	0.99835	0.97817 	0.98360 	0.98568 	0.98591 	0.98587 	0.99714 	0.96886 	0.97572 	0.98744 	0.97137 	0.98823 	0.98804 	-0.15516 	-0.12735 	-0.17675 	0.05302 	0.00000 	0.53344 	-0.16022 	-0.14026 	0.00308 	-0.14337 	0.24794 	0.07013 	-0.05106 	-0.04191 	-0.05817 	0.04748 	0.00000 	0.12656 	-0.05273 	-0.04616 	0.00181 	-0.04718 	0.08159 	0.06886 	0.00450	0.02911
Replication23	 -1.47746	0.99822	0.97663 	0.98127 	0.98422 	0.98424 	0.98428 	0.99618 	0.96732 	0.97255 	0.98545 	0.96751 	0.98538 	0.98617 	-0.14770 	-0.15944 	-0.17225 	0.05673 	0.00000 	0.57463 	-0.12598 	-0.16261 	0.00335 	-0.17602 	0.23955 	0.07609 	-0.04862 	-0.05248 	-0.05670 	0.05074 	0.00000 	0.13459 	-0.04147 	-0.05353 	0.00198 	-0.05794 	0.07885 	0.07472 	0.00635	0.03014
Replication24	 -1.42763	0.99797	0.97317 	0.97875 	0.98219 	0.98182 	0.98186 	0.99464 	0.95860 	0.96661 	0.98108 	0.96151 	0.97524 	0.98240 	-0.16008 	-0.16537 	-0.15313 	0.06220 	0.00000 	0.64472 	-0.15645 	-0.15491 	0.00392 	-0.13755 	0.14006 	0.08811 	-0.05272 	-0.05446 	-0.05043 	0.05539 	0.00000 	0.14399 	-0.05152 	-0.05102 	0.00236 	-0.04530 	0.04612 	0.08656 	0.01152	0.02896
Replication25	 -1.41010	0.99795	0.97389 	0.97930 	0.98234 	0.98232 	0.98224 	0.99459 	0.95649 	0.96538 	0.98016 	0.95934 	0.97187 	0.98169 	-0.15253 	-0.15755 	-0.14433 	0.06118 	0.00000 	0.64916 	-0.15589 	-0.12920 	0.00403 	-0.14860 	0.09684 	0.09038 	-0.05023 	-0.05189 	-0.04753 	0.05428 	0.00000 	0.14216 	-0.05134 	-0.04255 	0.00245 	-0.04894 	0.03189 	0.08880 	0.01350	0.02710
Replication26	 -1.47362	0.99842	0.98052 	0.98528 	0.98763 	0.98761 	0.98803 	0.99789 	0.96810 	0.97536 	0.98793 	0.97046 	0.98757 	0.98849 	-0.13880 	-0.12837 	-0.14369 	0.04937 	0.01030 	0.50628 	-0.16226 	-0.14068 	0.00301 	-0.15512 	0.23859 	0.06867 	-0.04567 	-0.04224 	-0.04728 	0.04405 	0.00339 	0.11533 	-0.05339 	-0.04629 	0.00179 	-0.05104 	0.07850 	0.06746 	0.00729	0.02460
Replication27	 -1.43170	0.99818	0.97732 	0.98276 	0.98630 	0.98537 	0.98652 	0.99659 	0.96367 	0.97042 	0.98385 	0.96499 	0.97643 	0.98517 	-0.15071 	-0.14919 	-0.11072 	0.05444 	0.02470 	0.56829 	-0.11902 	-0.12849 	0.00354 	-0.14406 	0.08394 	0.07929 	-0.04961 	-0.04911 	-0.03645 	0.04834 	0.00813 	0.11994 	-0.03918 	-0.04230 	0.00214 	-0.04742 	0.02763 	0.07789 	0.01200	0.02000
Replication28	 -1.51311	0.99852	0.97978 	0.98432 	0.98881 	0.98690 	0.98747 	0.99849 	0.97550 	0.98038 	0.99072 	0.97690 	0.99319 	0.99111 	-0.14291 	-0.16126 	-0.12679 	0.05067 	0.00000 	0.47784 	-0.13134 	-0.14626 	0.00266 	-0.13342 	0.25364 	0.06037 	-0.04701 	-0.05305 	-0.04171 	0.04570 	0.00000 	0.11283 	-0.04321 	-0.04812 	0.00152 	-0.04389 	0.08344 	0.05923 	0.00320	0.02574
Replication29	 -1.48549	0.99836	0.97899 	0.98331 	0.98667 	0.98608 	0.98628 	0.99735 	0.96918 	0.97565 	0.98755 	0.97031 	0.98728 	0.98821 	-0.13746 	-0.15497 	-0.14481 	0.05265 	0.00000 	0.52732 	-0.14175 	-0.12518 	0.00307 	-0.17091 	0.22837 	0.06958 	-0.04524 	-0.05100 	-0.04766 	0.04713 	0.00000 	0.12205 	-0.04665 	-0.04120 	0.00180 	-0.05624 	0.07515 	0.06832 	0.00590	0.02649
Replication30	 -1.52589	0.99837	0.97682 	0.98141 	0.98542 	0.98441 	0.98479 	0.99705 	0.97342 	0.97851 	0.98870 	0.97533 	0.99170 	0.98922 	-0.15556 	-0.17476 	-0.17618 	0.05612 	0.00000 	0.53361 	-0.13899 	-0.15039 	0.00294 	-0.12454 	0.26263 	0.06641 	-0.05119 	-0.05751 	-0.05798 	0.05064 	0.00000 	0.13123 	-0.04574 	-0.04949 	0.00168 	-0.04098 	0.08642 	0.06516 	0.00127	0.03224
Replication31	 -1.43880	0.99815	0.97726 	0.98120 	0.98517 	0.98445 	0.98463 	0.99610 	0.96284 	0.96995 	0.98387 	0.96465 	0.97938 	0.98494 	-0.12961 	-0.17510 	-0.12375 	0.05641 	0.00000 	0.58498 	-0.14276 	-0.14959 	0.00355 	-0.15388 	0.16060 	0.08002 	-0.04267 	-0.05765 	-0.04074 	0.05019 	0.00000 	0.12850 	-0.04700 	-0.04925 	0.00212 	-0.05066 	0.05287 	0.07860 	0.01084	0.02432
Replication32	 -1.44937	0.99816	0.97664 	0.98185 	0.98468 	0.98453 	0.98453 	0.99610 	0.96358 	0.97026 	0.98412 	0.96571 	0.98093 	0.98507 	-0.14817 	-0.14507 	-0.14766 	0.05621 	0.00000 	0.58318 	-0.14581 	-0.16966 	0.00352 	-0.14101 	0.18450 	0.07959 	-0.04878 	-0.04776 	-0.04861 	0.05005 	0.00000 	0.13019 	-0.04800 	-0.05585 	0.00210 	-0.04642 	0.06074 	0.07818 	0.00962	0.02584
Replication33	 -1.42853	0.99820	0.97767 	0.98272 	0.98595 	0.98533 	0.98543 	0.99651 	0.96130 	0.96995 	0.98428 	0.96493 	0.97982 	0.98526 	-0.14014 	-0.14426 	-0.11946 	0.05448 	0.00000 	0.56855 	-0.17523 	-0.15175 	0.00349 	-0.13701 	0.17432 	0.07898 	-0.04613 	-0.04749 	-0.03933 	0.04843 	0.00000 	0.12387 	-0.05768 	-0.04995 	0.00210 	-0.04510 	0.05738 	0.07760 	0.01195	0.02369
Replication34	 -1.48187	0.99832	0.97830 	0.98398 	0.98620 	0.98615 	0.98613 	0.99716 	0.96820 	0.97451 	0.98668 	0.96977 	0.98515 	0.98746 	-0.15338 	-0.12181 	-0.15532 	0.05258 	0.00000 	0.53693 	-0.13813 	-0.13835 	0.00318 	-0.14958 	0.19832 	0.07197 	-0.05048 	-0.04009 	-0.05112 	0.04693 	0.00000 	0.12224 	-0.04546 	-0.04553 	0.00188 	-0.04923 	0.06527 	0.07068 	0.00641	0.02510
Replication35	 -1.51221	0.99859	0.98058 	0.98529 	0.98908 	0.98780 	0.98966 	0.99891 	0.97592 	0.98102 	0.99151 	0.97673 	0.99548 	0.99170 	-0.15410 	-0.15673 	-0.14756 	0.04866 	0.03556 	0.45795 	-0.13768 	-0.13775 	0.00255 	-0.16424 	0.29794 	0.05845 	-0.05069 	-0.05155 	-0.04854 	0.04395 	0.01170 	0.11114 	-0.04529 	-0.04531 	0.00147 	-0.05402 	0.09800 	0.05737 	0.00304	0.02822
Replication36	 -1.41718	0.99795	0.97363 	0.97946 	0.98226 	0.98231 	0.98220 	0.99460 	0.95870 	0.96562 	0.98026 	0.95965 	0.97221 	0.98178 	-0.15855 	-0.14941 	-0.14955 	0.06121 	0.00000 	0.64884 	-0.12056 	-0.14250 	0.00402 	-0.16083 	0.09007 	0.09010 	-0.05222 	-0.04921 	-0.04925 	0.05431 	0.00000 	0.14181 	-0.03971 	-0.04693 	0.00244 	-0.05297 	0.02966 	0.08852 	0.01284	0.02646
Replication37	 -1.51544	0.99854	0.97759 	0.98455 	0.98783 	0.98624 	0.98666 	0.99833 	0.97513 	0.98071 	0.99105 	0.97656 	0.99597 	0.99122 	-0.18157 	-0.12079 	-0.15984 	0.05202 	0.00000 	0.47936 	-0.15140 	-0.13797 	0.00262 	-0.16018 	0.32008 	0.05999 	-0.05973 	-0.03974 	-0.05258 	0.04712 	0.00000 	0.11950 	-0.04980 	-0.04539 	0.00149 	-0.05269 	0.10529 	0.05887 	0.00231	0.03235
Replication38	 -1.53803	0.99854	0.97907 	0.98425 	0.98730 	0.98657 	0.98686 	0.99824 	0.97670 	0.98190 	0.99114 	0.97813 	0.99571 	0.99143 	-0.15852 	-0.14136 	-0.17830 	0.05132 	0.00000 	0.48208 	-0.14031 	-0.12304 	0.00261 	-0.14482 	0.29089 	0.05935 	-0.05215 	-0.04650 	-0.05865 	0.04641 	0.00000 	0.12140 	-0.04616 	-0.04048 	0.00148 	-0.04764 	0.09569 	0.05823 	0.00011	0.03164
Replication39	 -1.49033	0.99839	0.98041 	0.98349 	0.98722 	0.98666 	0.98689 	0.99760 	0.96922 	0.97646 	0.98806 	0.97223 	0.98781 	0.98872 	-0.11881 	-0.17232 	-0.13806 	0.05140 	0.00000 	0.51706 	-0.16275 	-0.13313 	0.00300 	-0.13157 	0.22274 	0.06798 	-0.03910 	-0.05670 	-0.04543 	0.04598 	0.00000 	0.11931 	-0.05355 	-0.04381 	0.00176 	-0.04329 	0.07330 	0.06674 	0.00554	0.02521
Replication40	 -1.45705	0.99825	0.98039 	0.98460 	0.98573 	0.98721 	0.98752 	0.99688 	0.96466 	0.97134 	0.98475 	0.96648 	0.98031 	0.98577 	-0.12867 	-0.12501 	-0.16140 	0.05047 	0.01773 	0.55252 	-0.13581 	-0.14953 	0.00341 	-0.14193 	0.15010 	0.07736 	-0.04235 	-0.04115 	-0.05312 	0.04461 	0.00584 	0.12121 	-0.04470 	-0.04922 	0.00207 	-0.04672 	0.04940 	0.07602 	0.00924	0.02188
Replication41	 -1.48437	0.99837	0.97666 	0.98269 	0.98645 	0.98510 	0.98632 	0.99731 	0.96971 	0.97583 	0.98792 	0.97168 	0.98937 	0.98842 	-0.17215 	-0.15114 	-0.15099 	0.05470 	0.02113 	0.52737 	-0.15259 	-0.15974 	0.00303 	-0.14734 	0.26453 	0.06892 	-0.05665 	-0.04974 	-0.04969 	0.04921 	0.00695 	0.12415 	-0.05021 	-0.05257 	0.00177 	-0.04849 	0.08705 	0.06767 	0.00572	0.02945
Replication42	 -1.46481	0.99827	0.97726 	0.98198 	0.98653 	0.98487 	0.98530 	0.99691 	0.96787 	0.97351 	0.98632 	0.96933 	0.98456 	0.98712 	-0.14348 	-0.17002 	-0.11803 	0.05533 	0.00000 	0.54939 	-0.13136 	-0.16644 	0.00324 	-0.13939 	0.19589 	0.07308 	-0.04722 	-0.05596 	-0.03885 	0.04952 	0.00000 	0.12267 	-0.04324 	-0.05478 	0.00190 	-0.04588 	0.06447 	0.07176 	0.00820	0.02440
Replication43	 -1.41895	0.99800	0.97502 	0.97987 	0.98309 	0.98300 	0.98296 	0.99500 	0.95852 	0.96655 	0.98117 	0.96072 	0.97406 	0.98256 	-0.14367 	-0.16320 	-0.14013 	0.05969 	0.00000 	0.63162 	-0.14649 	-0.13977 	0.00390 	-0.15340 	0.11655 	0.08760 	-0.04731 	-0.05374 	-0.04615 	0.05297 	0.00000 	0.13828 	-0.04824 	-0.04603 	0.00236 	-0.05052 	0.03838 	0.08607 	0.01269	0.02607
Replication44	 -1.50904	0.99846	0.97966 	0.98398 	0.98718 	0.98664 	0.98687 	0.99789 	0.97295 	0.97837 	0.98948 	0.97481 	0.99237 	0.98984 	-0.14046 	-0.15173 	-0.15958 	0.05132 	0.00000 	0.50131 	-0.14628 	-0.15919 	0.00282 	-0.13757 	0.27830 	0.06438 	-0.04621 	-0.04992 	-0.05251 	0.04614 	0.00000 	0.12049 	-0.04813 	-0.05238 	0.00163 	-0.04526 	0.09157 	0.06320 	0.00332	0.02861
Replication45	 -1.38470	0.99781	0.97064 	0.97762 	0.98020 	0.98036 	0.98017 	0.99347 	0.95331 	0.96159 	0.97786 	0.95513 	0.96930 	0.97945 	-0.17808 	-0.14442 	-0.16098 	0.06551 	0.00000 	0.69495 	-0.14698 	-0.15692 	0.00433 	-0.17034 	0.11111 	0.09752 	-0.05867 	-0.04758 	-0.05303 	0.05814 	0.00000 	0.15350 	-0.04842 	-0.05170 	0.00264 	-0.05612 	0.03660 	0.09583 	0.01571	0.03121
Replication46	 -1.47653	0.99846	0.97914 	0.98456 	0.98856 	0.98686 	0.98793 	0.99819 	0.97034 	0.97697 	0.98907 	0.97238 	0.98975 	0.98953 	-0.15390 	-0.14627 	-0.11943 	0.05086 	0.01557 	0.49339 	-0.15580 	-0.14402 	0.00287 	-0.15353 	0.25184 	0.06537 	-0.05064 	-0.04813 	-0.03929 	0.04568 	0.00512 	0.11275 	-0.05126 	-0.04738 	0.00168 	-0.05051 	0.08286 	0.06418 	0.00695	0.02507
Replication47	 -1.48966	0.99860	0.98122 	0.98678 	0.98987 	0.98887 	0.99158 	0.99921 	0.97332 	0.97944 	0.99090 	0.97502 	0.99286 	0.99118 	-0.16390 	-0.13490 	-0.13743 	0.04644 	0.06043 	0.44951 	-0.15086 	-0.14096 	0.00261 	-0.15554 	0.27017 	0.06010 	-0.05391 	-0.04437 	-0.04520 	0.04174 	0.01988 	0.10417 	-0.04962 	-0.04636 	0.00153 	-0.05116 	0.08886 	0.05903 	0.00567	0.02459
Replication48	 -1.45900	0.99819	0.97611 	0.98145 	0.98485 	0.98417 	0.98432 	0.99620 	0.96524 	0.97141 	0.98474 	0.96672 	0.98232 	0.98565 	-0.15327 	-0.15334 	-0.14497 	0.05693 	0.00000 	0.57817 	-0.13669 	-0.16234 	0.00344 	-0.15001 	0.19288 	0.07776 	-0.05046 	-0.05048 	-0.04772 	0.05084 	0.00000 	0.13038 	-0.04500 	-0.05344 	0.00204 	-0.04938 	0.06349 	0.07636 	0.00856	0.02665
Replication49	 -1.41265	0.99809	0.97770 	0.98337 	0.98396 	0.98573 	0.98643 	0.99578 	0.95874 	0.96634 	0.98155 	0.96045 	0.97401 	0.98286 	-0.15145 	-0.11091 	-0.16484 	0.05384 	0.03125 	0.60068 	-0.13890 	-0.15131 	0.00382 	-0.15909 	0.11388 	0.08664 	-0.04986 	-0.03652 	-0.05427 	0.04742 	0.01029 	0.12921 	-0.04573 	-0.04982 	0.00235 	-0.05238 	0.03750 	0.08517 	0.01361	0.02335
Replication50	 -1.45660	0.99802	0.97168 	0.97754 	0.98220 	0.98074 	0.98112 	0.99476 	0.96215 	0.96957 	0.98262 	0.96448 	0.97921 	0.98380 	-0.17387 	-0.18592 	-0.15671 	0.06436 	0.00000 	0.63574 	-0.15096 	-0.13852 	0.00373 	-0.14636 	0.17306 	0.08369 	-0.05725 	-0.06123 	-0.05161 	0.05771 	0.00000 	0.14681 	-0.04971 	-0.04562 	0.00221 	-0.04820 	0.05699 	0.08217 	0.00824	0.03227
Replication51	 -1.50800	0.99852	0.98022 	0.98527 	0.98823 	0.98757 	0.98861 	0.99843 	0.97236 	0.97939 	0.99009 	0.97561 	0.99198 	0.99051 	-0.15226 	-0.13804 	-0.15317 	0.04928 	0.02019 	0.47979 	-0.16818 	-0.13074 	0.00273 	-0.12604 	0.25780 	0.06227 	-0.05009 	-0.04541 	-0.05039 	0.04430 	0.00664 	0.11392 	-0.05533 	-0.04301 	0.00159 	-0.04146 	0.08481 	0.06113 	0.00362	0.02670
Replication52	 -1.51379	0.99847	0.97895 	0.98362 	0.98719 	0.98630 	0.98720 	0.99793 	0.97338 	0.97904 	0.98973 	0.97549 	0.99276 	0.99011 	-0.15203 	-0.15859 	-0.16152 	0.05201 	0.01433 	0.49905 	-0.14966 	-0.14926 	0.00279 	-0.13424 	0.27635 	0.06353 	-0.05002 	-0.05218 	-0.05314 	0.04687 	0.00471 	0.12081 	-0.04924 	-0.04911 	0.00161 	-0.04417 	0.09092 	0.06236 	0.00276	0.02943
Replication53	 -1.45251	0.99809	0.97515 	0.97965 	0.98298 	0.98296 	0.98320 	0.99532 	0.96178 	0.96945 	0.98311 	0.96393 	0.98008 	0.98415 	-0.14771 	-0.17466 	-0.16586 	0.05962 	0.00502 	0.61295 	-0.15712 	-0.14232 	0.00365 	-0.16218 	0.19491 	0.08253 	-0.04864 	-0.05751 	-0.05461 	0.05320 	0.00165 	0.14078 	-0.05173 	-0.04686 	0.00218 	-0.05340 	0.06418 	0.08106 	0.00885	0.03031
Replication54	 -1.44384	0.99815	0.97706 	0.98139 	0.98384 	0.98443 	0.98428 	0.99582 	0.96221 	0.96920 	0.98380 	0.96424 	0.98215 	0.98460 	-0.13749 	-0.15425 	-0.16567 	0.05646 	0.00000 	0.59246 	-0.15934 	-0.18110 	0.00356 	-0.16157 	0.23566 	0.08111 	-0.04526 	-0.05078 	-0.05454 	0.05024 	0.00000 	0.13548 	-0.05246 	-0.05962 	0.00213 	-0.05319 	0.07758 	0.07969 	0.00984	0.02926
Replication55	 -1.48275	0.99823	0.97549 	0.98099 	0.98447 	0.98373 	0.98394 	0.99626 	0.96780 	0.97355 	0.98588 	0.96856 	0.98584 	0.98662 	-0.16241 	-0.15775 	-0.16510 	0.05777 	0.00000 	0.57095 	-0.13364 	-0.14747 	0.00330 	-0.16869 	0.23415 	0.07467 	-0.05346 	-0.05193 	-0.05434 	0.05183 	0.00000 	0.13424 	-0.04399 	-0.04854 	0.00194 	-0.05553 	0.07707 	0.07331 	0.00577	0.03060
Replication56	 -1.45306	0.99813	0.97569 	0.98032 	0.98276 	0.98343 	0.98329 	0.99547 	0.96240 	0.96948 	0.98391 	0.96479 	0.98425 	0.98456 	-0.14873 	-0.15905 	-0.18755 	0.05856 	0.00000 	0.60314 	-0.17153 	-0.18928 	0.00355 	-0.16161 	0.27969 	0.08121 	-0.04897 	-0.05236 	-0.06175 	0.05230 	0.00000 	0.14283 	-0.05647 	-0.06232 	0.00211 	-0.05321 	0.09208 	0.07978 	0.00842	0.03404
Replication57	 -1.50603	0.99851	0.98081 	0.98464 	0.98795 	0.98737 	0.98762 	0.99829 	0.97385 	0.97909 	0.99033 	0.97512 	0.99425 	0.99054 	-0.13195 	-0.15456 	-0.15350 	0.04971 	0.00000 	0.48369 	-0.14556 	-0.15920 	0.00271 	-0.15661 	0.30672 	0.06214 	-0.04341 	-0.05085 	-0.05050 	0.04472 	0.00000 	0.11730 	-0.04789 	-0.05237 	0.00156 	-0.05152 	0.10090 	0.06100 	0.00359	0.02896
Replication58	 -1.50659	0.99844	0.97702 	0.98321 	0.98619 	0.98535 	0.98561 	0.99750 	0.97008 	0.97839 	0.98917 	0.97379 	0.99252 	0.98955 	-0.17262 	-0.13393 	-0.17462 	0.05404 	0.00000 	0.51389 	-0.19348 	-0.11453 	0.00286 	-0.14833 	0.30444 	0.06532 	-0.05680 	-0.04407 	-0.05746 	0.04879 	0.00000 	0.12777 	-0.06366 	-0.03768 	0.00166 	-0.04881 	0.10017 	0.06412 	0.00303	0.03403
Replication59	 -1.45674	0.99830	0.97810 	0.98371 	0.98675 	0.98598 	0.98612 	0.99714 	0.96569 	0.97308 	0.98618 	0.96800 	0.98369 	0.98699 	-0.14986 	-0.13167 	-0.12824 	0.05297 	0.00000 	0.53997 	-0.15544 	-0.14023 	0.00324 	-0.15180 	0.19664 	0.07347 	-0.04932 	-0.04333 	-0.04221 	0.04726 	0.00000 	0.12008 	-0.05116 	-0.04615 	0.00193 	-0.04996 	0.06472 	0.07216 	0.00905	0.02402
Replication60	 -1.49083	0.99833	0.97734 	0.98213 	0.98604 	0.98495 	0.98528 	0.99704 	0.96947 	0.97571 	0.98747 	0.97146 	0.98808 	0.98810 	-0.14969 	-0.16402 	-0.14894 	0.05507 	0.00000 	0.53895 	-0.14862 	-0.14684 	0.00309 	-0.14412 	0.24032 	0.06996 	-0.04926 	-0.05398 	-0.04901 	0.04946 	0.00000 	0.12642 	-0.04891 	-0.04832 	0.00180 	-0.04743 	0.07909 	0.06868 	0.00516	0.02852
Replication61	 -1.51240	0.99860	0.98295 	0.98711 	0.98945 	0.98930 	0.98940 	0.99910 	0.97544 	0.98049 	0.99132 	0.97716 	0.99445 	0.99155 	-0.12802 	-0.12406 	-0.14704 	0.04553 	0.00000 	0.45227 	-0.14105 	-0.15990 	0.00257 	-0.13323 	0.27741 	0.05894 	-0.04211 	-0.04081 	-0.04836 	0.04083 	0.00000 	0.10707 	-0.04639 	-0.05259 	0.00149 	-0.04382 	0.09124 	0.05787 	0.00340	0.02442
Replication62	 -1.50560	0.99840	0.97902 	0.98346 	0.98695 	0.98617 	0.98643 	0.99760 	0.97246 	0.97741 	0.98852 	0.97380 	0.98937 	0.98911 	-0.14149 	-0.15533 	-0.14982 	0.05240 	0.00000 	0.51607 	-0.12730 	-0.15451 	0.00295 	-0.13244 	0.22666 	0.06673 	-0.04656 	-0.05111 	-0.04930 	0.04702 	0.00000 	0.12048 	-0.04189 	-0.05084 	0.00171 	-0.04358 	0.07458 	0.06550 	0.00393	0.02601
Replication63	 -1.40219	0.99791	0.97355 	0.97929 	0.98115 	0.98216 	0.98181 	0.99419 	0.95413 	0.96367 	0.97944 	0.95737 	0.97249 	0.98083 	-0.15749 	-0.14143 	-0.17151 	0.06158 	0.00000 	0.66321 	-0.17665 	-0.14553 	0.00412 	-0.16243 	0.14697 	0.09311 	-0.05187 	-0.04658 	-0.05649 	0.05457 	0.00000 	0.14821 	-0.05818 	-0.04793 	0.00251 	-0.05350 	0.04841 	0.09151 	0.01396	0.03064
Replication64	 -1.47253	0.99831	0.97866 	0.98373 	0.98603 	0.98615 	0.98611 	0.99707 	0.96596 	0.97371 	0.98656 	0.97007 	0.98593 	0.98723 	-0.14495 	-0.13119 	-0.15672 	0.05259 	0.00000 	0.53973 	-0.17990 	-0.16574 	0.00319 	-0.11421 	0.23168 	0.07271 	-0.04771 	-0.04317 	-0.05158 	0.04693 	0.00000 	0.12390 	-0.05921 	-0.05454 	0.00189 	-0.03759 	0.07625 	0.07142 	0.00720	0.02660
Replication65	 -1.44494	0.99812	0.97771 	0.98270 	0.98410 	0.98527 	0.98491 	0.99589 	0.96197 	0.96907 	0.98287 	0.96370 	0.97699 	0.98410 	-0.13954 	-0.12500 	-0.16212 	0.05473 	0.00000 	0.59380 	-0.13489 	-0.14074 	0.00367 	-0.14895 	0.12662 	0.08270 	-0.04594 	-0.04115 	-0.05337 	0.04843 	0.00000 	0.13059 	-0.04441 	-0.04634 	0.00222 	-0.04904 	0.04169 	0.08126 	0.01026	0.02392
Replication66	 -1.46113	0.99826	0.97901 	0.98324 	0.98543 	0.98614 	0.98710 	0.99674 	0.96443 	0.97194 	0.98522 	0.96710 	0.98250 	0.98609 	-0.13884 	-0.14919 	-0.16240 	0.05270 	0.02765 	0.55546 	-0.15893 	-0.14729 	0.00336 	-0.14340 	0.19303 	0.07633 	-0.04570 	-0.04910 	-0.05345 	0.04684 	0.00910 	0.12512 	-0.05231 	-0.04848 	0.00202 	-0.04720 	0.06353 	0.07499 	0.00847	0.02536
Replication67	 -1.49240	0.99845	0.97979 	0.98408 	0.98790 	0.98676 	0.98715 	0.99800 	0.97176 	0.97766 	0.98922 	0.97280 	0.99077 	0.98966 	-0.13713 	-0.15702 	-0.13482 	0.05108 	0.00082 	0.49893 	-0.14175 	-0.13651 	0.00285 	-0.16827 	0.26203 	0.06497 	-0.04512 	-0.05166 	-0.04436 	0.04588 	0.00027 	0.11688 	-0.04664 	-0.04491 	0.00166 	-0.05536 	0.08621 	0.06379 	0.00519	0.02663
Replication68	 -1.42698	0.99808	0.97766 	0.98250 	0.98371 	0.98527 	0.98590 	0.99567 	0.95996 	0.96715 	0.98187 	0.96205 	0.97515 	0.98315 	-0.14274 	-0.13252 	-0.16694 	0.05480 	0.02685 	0.60408 	-0.13849 	-0.16142 	0.00379 	-0.14049 	0.11946 	0.08572 	-0.04700 	-0.04363 	-0.05497 	0.04837 	0.00884 	0.13129 	-0.04560 	-0.05315 	0.00232 	-0.04626 	0.03933 	0.08425 	0.01210	0.02379
Replication69	 -1.43510	0.99818	0.97818 	0.98224 	0.98542 	0.98526 	0.98528 	0.99631 	0.96306 	0.96973 	0.98402 	0.96390 	0.97982 	0.98502 	-0.12755 	-0.15835 	-0.12937 	0.05467 	0.00000 	0.57637 	-0.13390 	-0.15176 	0.00352 	-0.17579 	0.17365 	0.07977 	-0.04199 	-0.05213 	-0.04259 	0.04855 	0.00000 	0.12635 	-0.04408 	-0.04996 	0.00212 	-0.05787 	0.05716 	0.07837 	0.01126	0.02393
Replication70	 -1.47179	0.99847	0.98112 	0.98592 	0.98818 	0.98813 	0.98849 	0.99822 	0.96930 	0.97596 	0.98871 	0.97044 	0.98962 	0.98911 	-0.13774 	-0.12312 	-0.14197 	0.04820 	0.00863 	0.49150 	-0.15374 	-0.14126 	0.00290 	-0.18496 	0.27223 	0.06672 	-0.04532 	-0.04051 	-0.04671 	0.04306 	0.00284 	0.11326 	-0.05058 	-0.04648 	0.00172 	-0.06085 	0.08957 	0.06554 	0.00738	0.02554
Replication71	 -1.34988	0.99783	0.97390 	0.97982 	0.98214 	0.98257 	0.98226 	0.99408 	0.95152 	0.96046 	0.97725 	0.95428 	0.96412 	0.97916 	-0.14842 	-0.13587 	-0.12041 	0.06087 	0.00000 	0.67626 	-0.14183 	-0.15106 	0.00439 	-0.13805 	0.01575 	0.09845 	-0.04889 	-0.04476 	-0.03967 	0.05358 	0.00000 	0.14090 	-0.04672 	-0.04976 	0.00272 	-0.04548 	0.00519 	0.09678 	0.02007	0.02389
Replication72	 -1.49875	0.99849	0.97893 	0.98489 	0.98826 	0.98686 	0.98722 	0.99828 	0.97251 	0.97870 	0.98993 	0.97519 	0.99228 	0.99029 	-0.16041 	-0.12838 	-0.13866 	0.05080 	0.00000 	0.48678 	-0.15917 	-0.15449 	0.00276 	-0.12871 	0.27106 	0.06295 	-0.05277 	-0.04224 	-0.04562 	0.04573 	0.00000 	0.11485 	-0.05237 	-0.05083 	0.00160 	-0.04234 	0.08918 	0.06180 	0.00452	0.02699
Replication73	 -1.44426	0.99817	0.97698 	0.98276 	0.98489 	0.98508 	0.98495 	0.99623 	0.96263 	0.97002 	0.98395 	0.96514 	0.97985 	0.98496 	-0.15252 	-0.12444 	-0.14873 	0.05505 	0.00000 	0.57886 	-0.15282 	-0.15671 	0.00353 	-0.14150 	0.16958 	0.07994 	-0.05021 	-0.04097 	-0.04896 	0.04892 	0.00000 	0.12807 	-0.05031 	-0.05159 	0.00212 	-0.04658 	0.05582 	0.07854 	0.01024	0.02485
Replication74	 -1.49436	0.99838	0.97997 	0.98301 	0.98666 	0.98634 	0.98719 	0.99746 	0.97073 	0.97628 	0.98805 	0.97183 	0.98898 	0.98861 	-0.12561 	-0.18004 	-0.15404 	0.05206 	0.01592 	0.52136 	-0.13591 	-0.14945 	0.00300 	-0.15652 	0.24585 	0.06832 	-0.04133 	-0.05924 	-0.05069 	0.04663 	0.00524 	0.12216 	-0.04472 	-0.04918 	0.00176 	-0.05151 	0.08090 	0.06708 	0.00495	0.02709
Replication75	 -1.49416	0.99827	0.97695 	0.98099 	0.98545 	0.98426 	0.98464 	0.99664 	0.96987 	0.97515 	0.98667 	0.97102 	0.98606 	0.98748 	-0.14128 	-0.18520 	-0.14678 	0.05661 	0.00000 	0.55660 	-0.12454 	-0.14708 	0.00320 	-0.14024 	0.20169 	0.07194 	-0.04650 	-0.06096 	-0.04831 	0.05079 	0.00000 	0.12917 	-0.04099 	-0.04841 	0.00187 	-0.04616 	0.06638 	0.07061 	0.00493	0.02749
Replication76	 -1.50816	0.99845	0.97976 	0.98352 	0.98740 	0.98646 	0.98681 	0.99787 	0.97265 	0.97850 	0.98942 	0.97487 	0.99160 	0.98986 	-0.13313 	-0.16818 	-0.14752 	0.05171 	0.00000 	0.50272 	-0.14964 	-0.14827 	0.00283 	-0.13221 	0.26086 	0.06433 	-0.04380 	-0.05533 	-0.04854 	0.04650 	0.00000 	0.11971 	-0.04923 	-0.04878 	0.00164 	-0.04350 	0.08583 	0.06314 	0.00351	0.02763
Replication77	 -1.51785	0.99845	0.97936 	0.98396 	0.98709 	0.98665 	0.98790 	0.99792 	0.97400 	0.97880 	0.98936 	0.97535 	0.99127 	0.98985 	-0.15196 	-0.15546 	-0.16761 	0.05131 	0.02592 	0.50077 	-0.12823 	-0.15035 	0.00284 	-0.13132 	0.24231 	0.06435 	-0.05000 	-0.05115 	-0.05515 	0.04612 	0.00853 	0.11931 	-0.04219 	-0.04947 	0.00164 	-0.04321 	0.07973 	0.06317 	0.00257	0.02734
Replication78	 -1.49444	0.99833	0.97888 	0.98329 	0.98627 	0.98602 	0.98612 	0.99719 	0.97038 	0.97549 	0.98717 	0.97140 	0.98631 	0.98792 	-0.13854 	-0.14984 	-0.15326 	0.05283 	0.00000 	0.53483 	-0.12118 	-0.15088 	0.00312 	-0.13984 	0.19740 	0.07051 	-0.04559 	-0.04931 	-0.05044 	0.04722 	0.00000 	0.12254 	-0.03988 	-0.04965 	0.00183 	-0.04602 	0.06496 	0.06923 	0.00516	0.02490
Replication79	 -1.41170	0.99799	0.97250 	0.97847 	0.98286 	0.98148 	0.98176 	0.99478 	0.95776 	0.96635 	0.98141 	0.96060 	0.97619 	0.98262 	-0.16592 	-0.17277 	-0.13109 	0.06287 	0.00000 	0.63884 	-0.16823 	-0.15350 	0.00388 	-0.15822 	0.16978 	0.08743 	-0.05464 	-0.05690 	-0.04317 	0.05611 	0.00000 	0.14237 	-0.05540 	-0.05055 	0.00233 	-0.05211 	0.05591 	0.08588 	0.01306	0.02984
Replication80	 -1.44720	0.99809	0.97448 	0.98083 	0.98344 	0.98328 	0.98324 	0.99548 	0.96196 	0.96921 	0.98287 	0.96402 	0.97831 	0.98403 	-0.16753 	-0.13579 	-0.15851 	0.05896 	0.00000 	0.60897 	-0.14449 	-0.14577 	0.00368 	-0.14792 	0.15514 	0.08292 	-0.05516 	-0.04471 	-0.05219 	0.05253 	0.00000 	0.13659 	-0.04757 	-0.04800 	0.00221 	-0.04870 	0.05108 	0.08145 	0.00967	0.02753
Replication81	 -1.47245	0.99834	0.97994 	0.98418 	0.98582 	0.98700 	0.98862 	0.99722 	0.96672 	0.97344 	0.98648 	0.96825 	0.98590 	0.98712 	-0.14435 	-0.14396 	-0.18088 	0.05076 	0.04643 	0.53280 	-0.15107 	-0.14912 	0.00319 	-0.16833 	0.23862 	0.07305 	-0.04751 	-0.04738 	-0.05952 	0.04519 	0.01528 	0.12315 	-0.04972 	-0.04907 	0.00191 	-0.05540 	0.07853 	0.07178 	0.00714	0.02725
Replication82	 -1.40409	0.99802	0.97730 	0.98091 	0.98362 	0.98429 	0.98418 	0.99524 	0.95802 	0.96543 	0.98102 	0.95938 	0.97370 	0.98234 	-0.12034 	-0.16455 	-0.13598 	0.05697 	0.00263 	0.62327 	-0.13702 	-0.15936 	0.00391 	-0.16761 	0.12421 	0.08830 	-0.03963 	-0.05419 	-0.04478 	0.05031 	0.00087 	0.13426 	-0.04512 	-0.05248 	0.00238 	-0.05519 	0.04090 	0.08678 	0.01442	0.02411
Replication83	 -1.49432	0.99837	0.98001 	0.98482 	0.98677 	0.98714 	0.98705 	0.99754 	0.97039 	0.97575 	0.98743 	0.97151 	0.98615 	0.98818 	-0.13886 	-0.12393 	-0.15807 	0.05043 	0.00000 	0.52112 	-0.12292 	-0.14435 	0.00308 	-0.14061 	0.18976 	0.06967 	-0.04569 	-0.04078 	-0.05202 	0.04495 	0.00000 	0.11844 	-0.04045 	-0.04750 	0.00182 	-0.04627 	0.06245 	0.06842 	0.00533	0.02336
Replication84	 -1.42778	0.99826	0.97991 	0.98423 	0.98667 	0.98682 	0.98673 	0.99698 	0.96285 	0.97015 	0.98492 	0.96490 	0.98130 	0.98575 	-0.12434 	-0.13415 	-0.12290 	0.05128 	0.00000 	0.54939 	-0.15485 	-0.16872 	0.00339 	-0.15949 	0.19515 	0.07742 	-0.04093 	-0.04415 	-0.04045 	0.04542 	0.00000 	0.11892 	-0.05097 	-0.05553 	0.00205 	-0.05250 	0.06423 	0.07608 	0.01218	0.02217
Replication85	 -1.38247	0.99793	0.97733 	0.98118 	0.98233 	0.98436 	0.98375 	0.99463 	0.95488 	0.96225 	0.97898 	0.95635 	0.96980 	0.98047 	-0.11825 	-0.14033 	-0.15428 	0.05696 	0.00000 	0.65021 	-0.13357 	-0.17945 	0.00416 	-0.15969 	0.09662 	0.09426 	-0.03895 	-0.04622 	-0.05081 	0.05000 	0.00000 	0.13873 	-0.04399 	-0.05910 	0.00257 	-0.05260 	0.03182 	0.09267 	0.01665	0.02412
Replication86	 -1.45323	0.99844	0.98098 	0.98540 	0.98886 	0.98781 	0.98807 	0.99822 	0.96806 	0.97487 	0.98849 	0.97095 	0.98905 	0.98886 	-0.12851 	-0.14004 	-0.10958 	0.04889 	0.00000 	0.49422 	-0.16999 	-0.18648 	0.00293 	-0.13869 	0.26922 	0.06749 	-0.04228 	-0.04608 	-0.03605 	0.04367 	0.00000 	0.11042 	-0.05593 	-0.06136 	0.00174 	-0.04563 	0.08858 	0.06630 	0.00947	0.02338
Replication87	 -1.44299	0.99813	0.97796 	0.98193 	0.98369 	0.98498 	0.98465 	0.99577 	0.96083 	0.96872 	0.98322 	0.96389 	0.98000 	0.98417 	-0.12898 	-0.14637 	-0.17100 	0.05533 	0.00000 	0.59586 	-0.16902 	-0.16914 	0.00363 	-0.14343 	0.20075 	0.08246 	-0.04246 	-0.04819 	-0.05630 	0.04906 	0.00000 	0.13467 	-0.05565 	-0.05568 	0.00219 	-0.04722 	0.06609 	0.08103 	0.01010	0.02753
Replication88	 -1.51864	0.99862	0.98145 	0.98564 	0.98899 	0.98816 	0.98909 	0.99898 	0.97722 	0.98148 	0.99202 	0.97816 	0.99757 	0.99205 	-0.14120 	-0.15045 	-0.15594 	0.04788 	0.01477 	0.45353 	-0.13650 	-0.16862 	0.00248 	-0.14890 	0.32789 	0.05734 	-0.04644 	-0.04948 	-0.05129 	0.04323 	0.00486 	0.11230 	-0.04489 	-0.05546 	0.00142 	-0.04897 	0.10784 	0.05628 	0.00228	0.02939
Replication89	 -1.42799	0.99809	0.97425 	0.98071 	0.98349 	0.98323 	0.98388 	0.99550 	0.96014 	0.96794 	0.98287 	0.96284 	0.97984 	0.98380 	-0.17340 	-0.14149 	-0.15816 	0.05905 	0.01626 	0.60727 	-0.16819 	-0.17520 	0.00368 	-0.15462 	0.21255 	0.08365 	-0.05709 	-0.04658 	-0.05208 	0.05265 	0.00535 	0.13716 	-0.05538 	-0.05769 	0.00221 	-0.05091 	0.06998 	0.08219 	0.01140	0.02982
Replication90	 -1.40136	0.99791	0.97505 	0.97977 	0.98195 	0.98292 	0.98259 	0.99443 	0.95605 	0.96380 	0.97934 	0.95826 	0.97047 	0.98090 	-0.13861 	-0.15197 	-0.15337 	0.05999 	0.00000 	0.65716 	-0.13898 	-0.16029 	0.00413 	-0.14258 	0.08617 	0.09289 	-0.04565 	-0.05005 	-0.05052 	0.05298 	0.00000 	0.14228 	-0.04578 	-0.05279 	0.00252 	-0.04696 	0.02838 	0.09129 	0.01454	0.02570
Replication91	 -1.48210	0.99843	0.98056 	0.98507 	0.98694 	0.98745 	0.98735 	0.99777 	0.96820 	0.97585 	0.98840 	0.97154 	0.99045 	0.98875 	-0.13621 	-0.12615 	-0.16602 	0.04968 	0.00000 	0.50702 	-0.18503 	-0.15703 	0.00295 	-0.14624 	0.29519 	0.06784 	-0.04482 	-0.04151 	-0.05462 	0.04442 	0.00000 	0.12056 	-0.06088 	-0.05167 	0.00174 	-0.04812 	0.09713 	0.06664 	0.00601	0.02887
Replication92	 -1.48350	0.99853	0.98159 	0.98559 	0.98911 	0.98836 	0.99070 	0.99873 	0.97190 	0.97787 	0.98996 	0.97410 	0.99174 	0.99027 	-0.14075 	-0.16161 	-0.13635 	0.04760 	0.05126 	0.47028 	-0.15450 	-0.16685 	0.00274 	-0.13936 	0.27083 	0.06300 	-0.04630 	-0.05316 	-0.04485 	0.04268 	0.01686 	0.10840 	-0.05083 	-0.05489 	0.00161 	-0.04585 	0.08909 	0.06188 	0.00629	0.02465
Replication93	 -1.48018	0.99843	0.97876 	0.98373 	0.98764 	0.98624 	0.98663 	0.99781 	0.96993 	0.97666 	0.98878 	0.97171 	0.99044 	0.98920 	-0.14720 	-0.15174 	-0.13187 	0.05221 	0.00000 	0.50706 	-0.15967 	-0.14161 	0.00291 	-0.16793 	0.27769 	0.06644 	-0.04843 	-0.04993 	-0.04339 	0.04693 	0.00000 	0.11889 	-0.05254 	-0.04659 	0.00170 	-0.05525 	0.09137 	0.06523 	0.00629	0.02798
Replication94	 -1.39500	0.99785	0.97237 	0.97826 	0.98112 	0.98128 	0.98112 	0.99390 	0.95529 	0.96290 	0.97858 	0.95725 	0.96953 	0.98021 	-0.16022 	-0.15589 	-0.15040 	0.06353 	0.00000 	0.67874 	-0.13537 	-0.16214 	0.00424 	-0.14630 	0.08367 	0.09511 	-0.05278 	-0.05135 	-0.04954 	0.05631 	0.00000 	0.14783 	-0.04459 	-0.05341 	0.00258 	-0.04819 	0.02756 	0.09346 	0.01498	0.02787
Replication95	 -1.48802	0.99837	0.97770 	0.98266 	0.98696 	0.98535 	0.98580 	0.99743 	0.97056 	0.97644 	0.98822 	0.97210 	0.98928 	0.98876 	-0.15054 	-0.16306 	-0.13469 	0.05416 	0.00000 	0.52329 	-0.14366 	-0.14938 	0.00299 	-0.15174 	0.25033 	0.06784 	-0.04954 	-0.05366 	-0.04432 	0.04870 	0.00000 	0.12217 	-0.04727 	-0.04916 	0.00174 	-0.04993 	0.08237 	0.06659 	0.00553	0.02769
Replication96	 -1.54138	0.99873	0.98546 	0.98816 	0.99011 	0.99067 	0.99068 	0.99982 	0.98106 	0.98458 	0.99354 	0.98074 	0.99875 	0.99361 	-0.10945 	-0.13243 	-0.16868 	0.04246 	0.00000 	0.41789 	-0.10998 	-0.12854 	0.00228 	-0.16111 	0.29489 	0.05234 	-0.03599 	-0.04355 	-0.05547 	0.03819 	0.00000 	0.10465 	-0.03617 	-0.04227 	0.00130 	-0.05298 	0.09697 	0.05137 	0.00034	0.02607
Replication97	 -1.48245	0.99840	0.98061 	0.98515 	0.98717 	0.98751 	0.98743 	0.99772 	0.96982 	0.97523 	0.98779 	0.97119 	0.98794 	0.98834 	-0.13353 	-0.12551 	-0.15317 	0.04961 	0.00000 	0.51305 	-0.13613 	-0.17128 	0.00303 	-0.14518 	0.23637 	0.06918 	-0.04394 	-0.04130 	-0.05040 	0.04422 	0.00000 	0.11712 	-0.04480 	-0.05636 	0.00179 	-0.04777 	0.07778 	0.06795 	0.00643	0.02429
Replication98	 -1.39608	0.99786	0.97345 	0.97822 	0.98091 	0.98162 	0.98137 	0.99388 	0.95404 	0.96287 	0.97865 	0.95657 	0.97020 	0.98022 	-0.14496 	-0.16702 	-0.15928 	0.06281 	0.00000 	0.67785 	-0.15655 	-0.14581 	0.00423 	-0.16028 	0.10865 	0.09508 	-0.04775 	-0.05502 	-0.05247 	0.05562 	0.00000 	0.14953 	-0.05157 	-0.04803 	0.00258 	-0.05280 	0.03579 	0.09344 	0.01472	0.02933
Replication99	 -1.40939	0.99811	0.97741 	0.98274 	0.98498 	0.98522 	0.98504 	0.99598 	0.95836 	0.96738 	0.98240 	0.96152 	0.97545 	0.98364 	-0.14030 	-0.12823 	-0.12744 	0.05486 	0.00000 	0.59270 	-0.16739 	-0.13983 	0.00372 	-0.15013 	0.13185 	0.08416 	-0.04619 	-0.04222 	-0.04196 	0.04853 	0.00000 	0.12713 	-0.05511 	-0.04604 	0.00227 	-0.04943 	0.04341 	0.08271 	0.01397	0.02310
Replication100	 -1.39986	0.99803	0.97521 	0.98047 	0.98387 	0.98337 	0.98341 	0.99527 	0.95643 	0.96594 	0.98143 	0.96017 	0.97474 	0.98269 	-0.14623 	-0.15601 	-0.12405 	0.05886 	0.00000 	0.62117 	-0.18019 	-0.14953 	0.00386 	-0.14715 	0.14671 	0.08720 	-0.04815 	-0.05137 	-0.04085 	0.05224 	0.00000 	0.13500 	-0.05933 	-0.04924 	0.00234 	-0.04846 	0.04831 	0.08569 	0.01464	0.02618
Replication101	 -1.48848	0.99835	0.97800 	0.98397 	0.98683 	0.98607 	0.98623 	0.99740 	0.97003 	0.97562 	0.98734 	0.97187 	0.98600 	0.98811 	-0.15850 	-0.12574 	-0.14310 	0.05271 	0.00000 	0.52742 	-0.13061 	-0.15274 	0.00310 	-0.12405 	0.18748 	0.06990 	-0.05216 	-0.04138 	-0.04709 	0.04715 	0.00000 	0.11925 	-0.04298 	-0.05027 	0.00182 	-0.04082 	0.06170 	0.06863 	0.00586	0.02385
Replication102	 -1.45248	0.99811	0.97239 	0.97989 	0.98379 	0.98220 	0.98292 	0.99559 	0.96427 	0.97025 	0.98377 	0.96654 	0.98111 	0.98476 	-0.19206 	-0.14656 	-0.14769 	0.06118 	0.00976 	0.60345 	-0.13965 	-0.18545 	0.00357 	-0.12181 	0.18364 	0.08059 	-0.06323 	-0.04825 	-0.04863 	0.05482 	0.00321 	0.13646 	-0.04598 	-0.06106 	0.00212 	-0.04011 	0.06046 	0.07914 	0.00899	0.02896
Replication103	 -1.46447	0.99830	0.97875 	0.98293 	0.98654 	0.98582 	0.98602 	0.99708 	0.96680 	0.97361 	0.98652 	0.96830 	0.98517 	0.98725 	-0.13304 	-0.16025 	-0.13190 	0.05330 	0.00000 	0.54067 	-0.14774 	-0.14087 	0.00320 	-0.16701 	0.21913 	0.07264 	-0.04379 	-0.05274 	-0.04341 	0.04760 	0.00000 	0.12238 	-0.04862 	-0.04636 	0.00190 	-0.05497 	0.07212 	0.07134 	0.00813	0.02545
Replication104	 -1.51356	0.99845	0.97720 	0.98286 	0.98712 	0.98528 	0.98582 	0.99776 	0.97261 	0.97950 	0.98978 	0.97589 	0.99267 	0.99020 	-0.16573 	-0.15588 	-0.14994 	0.05416 	0.00000 	0.50510 	-0.16951 	-0.13045 	0.00279 	-0.12466 	0.27353 	0.06325 	-0.05453 	-0.05129 	-0.04933 	0.04896 	0.00000 	0.12301 	-0.05577 	-0.04292 	0.00160 	-0.04102 	0.08999 	0.06206 	0.00265	0.03077
Replication105	 -1.49211	0.99840	0.97700 	0.98283 	0.98709 	0.98520 	0.98570 	0.99755 	0.97105 	0.97713 	0.98870 	0.97358 	0.99051 	0.98917 	-0.16399 	-0.15245 	-0.13658 	0.05443 	0.00000 	0.51744 	-0.15564 	-0.16064 	0.00293 	-0.12934 	0.26232 	0.06654 	-0.05396 	-0.05016 	-0.04494 	0.04905 	0.00000 	0.12189 	-0.05121 	-0.05286 	0.00169 	-0.04256 	0.08632 	0.06532 	0.00503	0.02857
Replication106	 -1.44843	0.99817	0.97714 	0.98187 	0.98486 	0.98472 	0.98473 	0.99616 	0.96289 	0.97035 	0.98414 	0.96618 	0.98059 	0.98513 	-0.14081 	-0.15175 	-0.14338 	0.05582 	0.00000 	0.58125 	-0.16094 	-0.16824 	0.00351 	-0.12213 	0.17701 	0.07943 	-0.04635 	-0.04996 	-0.04720 	0.04967 	0.00000 	0.12927 	-0.05298 	-0.05538 	0.00210 	-0.04020 	0.05827 	0.07802 	0.00977	0.02525
Replication107	 -1.53769	0.99865	0.98027 	0.98531 	0.98884 	0.98753 	0.98798 	0.99901 	0.97798 	0.98402 	0.99285 	0.97972 	0.99868 	0.99296 	-0.15495 	-0.14262 	-0.16228 	0.04914 	0.00000 	0.44871 	-0.15674 	-0.10245 	0.00238 	-0.15882 	0.32308 	0.05446 	-0.05096 	-0.04691 	-0.05337 	0.04460 	0.00000 	0.11525 	-0.05155 	-0.03370 	0.00134 	-0.05223 	0.10626 	0.05342 	0.00010	0.03215
Replication108	 -1.46845	0.99827	0.97875 	0.98231 	0.98608 	0.98551 	0.98570 	0.99685 	0.96695 	0.97332 	0.98612 	0.96839 	0.98441 	0.98692 	-0.12591 	-0.17261 	-0.13583 	0.05399 	0.00000 	0.55066 	-0.13978 	-0.14753 	0.00326 	-0.15672 	0.20452 	0.07372 	-0.04144 	-0.05681 	-0.04471 	0.04819 	0.00000 	0.12452 	-0.04601 	-0.04856 	0.00193 	-0.05158 	0.06731 	0.07239 	0.00775	0.02523
Replication109	 -1.47265	0.99836	0.97672 	0.98296 	0.98647 	0.98515 	0.98547 	0.99724 	0.96910 	0.97488 	0.98774 	0.97050 	0.98970 	0.98814 	-0.16748 	-0.13749 	-0.14483 	0.05460 	0.00000 	0.53020 	-0.15066 	-0.17549 	0.00305 	-0.16270 	0.28785 	0.06981 	-0.05511 	-0.04525 	-0.04766 	0.04908 	0.00000 	0.12464 	-0.04958 	-0.05775 	0.00178 	-0.05354 	0.09473 	0.06855 	0.00686	0.02989
Replication110	 -1.44770	0.99820	0.97697 	0.98289 	0.98484 	0.98514 	0.98499 	0.99630 	0.96244 	0.97052 	0.98431 	0.96510 	0.98105 	0.98525 	-0.15555 	-0.12076 	-0.15600 	0.05489 	0.00000 	0.57422 	-0.16524 	-0.14186 	0.00348 	-0.15591 	0.19344 	0.07902 	-0.05121 	-0.03975 	-0.05135 	0.04883 	0.00000 	0.12910 	-0.05440 	-0.04670 	0.00209 	-0.05132 	0.06368 	0.07763 	0.00971	0.02660
Replication111	 -1.53761	0.99892	0.98274 	0.98819 	0.99289 	0.99008 	0.99281 	1.00109 	0.98594 	0.98848 	0.99696 	0.98594 	1.00598 	0.99657 	-0.16762 	-0.14768 	-0.12727 	0.04336 	0.04664 	0.36253 	-0.11700 	-0.16214 	0.00183 	-0.14560 	0.37037 	0.04292 	-0.05510 	-0.04854 	-0.04184 	0.03973 	0.01533 	0.09510 	-0.03846 	-0.05330 	0.00100 	-0.04786 	0.12174 	0.04209 	0.00033	0.02989
Replication112	 -1.52187	0.99848	0.97698 	0.98304 	0.98718 	0.98529 	0.98584 	0.99790 	0.97561 	0.98031 	0.99039 	0.97664 	0.99458 	0.99070 	-0.17291 	-0.14993 	-0.15680 	0.05410 	0.00000 	0.49820 	-0.13347 	-0.14546 	0.00271 	-0.14736 	0.29098 	0.06166 	-0.05689 	-0.04933 	-0.05159 	0.04899 	0.00000 	0.12298 	-0.04391 	-0.04786 	0.00154 	-0.04848 	0.09573 	0.06050 	0.00173	0.03169
Replication113	 -1.46320	0.99826	0.97860 	0.98290 	0.98570 	0.98590 	0.98739 	0.99682 	0.96572 	0.97235 	0.98544 	0.96763 	0.98269 	0.98633 	-0.14377 	-0.16014 	-0.15527 	0.05319 	0.03744 	0.55277 	-0.14249 	-0.15154 	0.00333 	-0.14520 	0.18442 	0.07558 	-0.04732 	-0.05271 	-0.05111 	0.04735 	0.01232 	0.12384 	-0.04690 	-0.04988 	0.00200 	-0.04779 	0.06070 	0.07425 	0.00833	0.02475
Replication114	 -1.46521	0.99830	0.97542 	0.98163 	0.98628 	0.98407 	0.98462 	0.99692 	0.96831 	0.97423 	0.98710 	0.96925 	0.98795 	0.98764 	-0.16994 	-0.15801 	-0.12769 	0.05693 	0.00000 	0.54499 	-0.14379 	-0.16041 	0.00314 	-0.17406 	0.26506 	0.07141 	-0.05593 	-0.05200 	-0.04202 	0.05124 	0.00000 	0.12661 	-0.04732 	-0.05279 	0.00183 	-0.05729 	0.08724 	0.07011 	0.00763	0.02966
Replication115	 -1.48187	0.99835	0.97647 	0.98315 	0.98687 	0.98517 	0.98556 	0.99734 	0.96916 	0.97581 	0.98762 	0.97136 	0.98720 	0.98830 	-0.17247 	-0.13297 	-0.13360 	0.05457 	0.00000 	0.52862 	-0.15025 	-0.13742 	0.00306 	-0.14235 	0.21977 	0.06930 	-0.05676 	-0.04376 	-0.04397 	0.04903 	0.00000 	0.12141 	-0.04944 	-0.04522 	0.00179 	-0.04685 	0.07232 	0.06804 	0.00626	0.02659
Replication116	 -1.47246	0.99821	0.97619 	0.98145 	0.98434 	0.98418 	0.98423 	0.99617 	0.96513 	0.97242 	0.98513 	0.96713 	0.98369 	0.98598 	-0.15518 	-0.14981 	-0.16618 	0.05687 	0.00000 	0.57620 	-0.15523 	-0.13423 	0.00339 	-0.16144 	0.21583 	0.07669 	-0.05108 	-0.04931 	-0.05470 	0.05085 	0.00000 	0.13380 	-0.05110 	-0.04419 	0.00201 	-0.05314 	0.07105 	0.07532 	0.00692	0.02950
Replication117	 -1.49282	0.99847	0.98050 	0.98478 	0.98800 	0.98733 	0.98755 	0.99813 	0.97097 	0.97769 	0.98932 	0.97353 	0.99096 	0.98974 	-0.13451 	-0.14574 	-0.14097 	0.04986 	0.00000 	0.49348 	-0.16289 	-0.14532 	0.00283 	-0.14232 	0.26604 	0.06472 	-0.04425 	-0.04795 	-0.04638 	0.04472 	0.00000 	0.11566 	-0.05359 	-0.04781 	0.00165 	-0.04682 	0.08753 	0.06355 	0.00518	0.02630
Replication118	 -1.44324	0.99828	0.98017 	0.98398 	0.98642 	0.98694 	0.98815 	0.99705 	0.96354 	0.97143 	0.98513 	0.96528 	0.98090 	0.98608 	-0.12871 	-0.15232 	-0.14054 	0.05100 	0.03320 	0.54507 	-0.15166 	-0.12369 	0.00336 	-0.17398 	0.17242 	0.07637 	-0.04236 	-0.05013 	-0.04626 	0.04521 	0.01093 	0.11962 	-0.04992 	-0.04071 	0.00204 	-0.05726 	0.05675 	0.07505 	0.01053	0.02295
Replication119	 -1.52619	0.99851	0.97681 	0.98368 	0.98788 	0.98557 	0.98618 	0.99819 	0.97510 	0.98142 	0.99073 	0.97782 	0.99351 	0.99118 	-0.18238 	-0.13708 	-0.14542 	0.05348 	0.00000 	0.48752 	-0.15427 	-0.11287 	0.00267 	-0.12357 	0.25331 	0.06012 	-0.06000 	-0.04510 	-0.04784 	0.04846 	0.00000 	0.11881 	-0.05075 	-0.03713 	0.00152 	-0.04065 	0.08333 	0.05898 	0.00150	0.02962
Replication120	 -1.50138	0.99827	0.97699 	0.98135 	0.98497 	0.98442 	0.98464 	0.99658 	0.97016 	0.97523 	0.98666 	0.97125 	0.98661 	0.98743 	-0.14608 	-0.17064 	-0.16543 	0.05626 	0.00000 	0.55776 	-0.12399 	-0.15137 	0.00320 	-0.13940 	0.21169 	0.07209 	-0.04808 	-0.05617 	-0.05445 	0.05045 	0.00000 	0.13098 	-0.04081 	-0.04982 	0.00187 	-0.04588 	0.06968 	0.07077 	0.00410	0.02854
Replication121	 -1.41594	0.99816	0.97738 	0.98214 	0.98489 	0.98493 	0.98487 	0.99609 	0.95949 	0.96819 	0.98364 	0.96227 	0.98077 	0.98445 	-0.13798 	-0.14611 	-0.13789 	0.05539 	0.00000 	0.58341 	-0.18237 	-0.16472 	0.00357 	-0.17545 	0.23340 	0.08157 	-0.04542 	-0.04810 	-0.04540 	0.04922 	0.00000 	0.13044 	-0.06004 	-0.05423 	0.00215 	-0.05776 	0.07684 	0.08017 	0.01282	0.02787
Replication122	 -1.48325	0.99831	0.97792 	0.98221 	0.98596 	0.98517 	0.98543 	0.99696 	0.96914 	0.97492 	0.98705 	0.96935 	0.98715 	0.98771 	-0.14078 	-0.16677 	-0.14828 	0.05462 	0.00000 	0.54258 	-0.12991 	-0.13236 	0.00314 	-0.18555 	0.23807 	0.07119 	-0.04633 	-0.05489 	-0.04880 	0.04896 	0.00000 	0.12661 	-0.04275 	-0.04356 	0.00184 	-0.06107 	0.07835 	0.06990 	0.00595	0.02826
Replication123	 -1.45254	0.99811	0.97707 	0.98152 	0.98331 	0.98448 	0.98417 	0.99560 	0.96098 	0.96931 	0.98297 	0.96407 	0.97868 	0.98410 	-0.13803 	-0.14419 	-0.17504 	0.05642 	0.00000 	0.60279 	-0.16542 	-0.13791 	0.00366 	-0.14309 	0.16724 	0.08270 	-0.04545 	-0.04747 	-0.05763 	0.05007 	0.00000 	0.13652 	-0.05446 	-0.04541 	0.00221 	-0.04711 	0.05506 	0.08125 	0.00912	0.02758
Replication124	 -1.35867	0.99780	0.97303 	0.97919 	0.98086 	0.98193 	0.98147 	0.99365 	0.95118 	0.95993 	0.97683 	0.95317 	0.96497 	0.97867 	-0.15590 	-0.13089 	-0.14799 	0.06226 	0.00000 	0.69157 	-0.14074 	-0.14967 	0.00445 	-0.16258 	0.04833 	0.10001 	-0.05136 	-0.04312 	-0.04876 	0.05486 	0.00000 	0.14767 	-0.04637 	-0.04931 	0.00275 	-0.05356 	0.01592 	0.09832 	0.01883	0.02704
Replication125	 -1.43076	0.99814	0.97548 	0.98189 	0.98413 	0.98446 	0.98707 	0.99598 	0.96082 	0.96863 	0.98303 	0.96328 	0.97824 	0.98412 	-0.18208 	-0.14340 	-0.16764 	0.05639 	0.06807 	0.58914 	-0.15595 	-0.15278 	0.00364 	-0.15129 	0.16465 	0.08263 	-0.05995 	-0.04721 	-0.05519 	0.05015 	0.02241 	0.13074 	-0.05134 	-0.05030 	0.00221 	-0.04981 	0.05421 	0.08121 	0.01138	0.02713
Replication126	 -1.43982	0.99811	0.97563 	0.98056 	0.98363 	0.98355 	0.98355 	0.99555 	0.96011 	0.96905 	0.98315 	0.96364 	0.97957 	0.98418 	-0.14802 	-0.15866 	-0.15435 	0.05836 	0.00000 	0.60453 	-0.18074 	-0.14238 	0.00364 	-0.14913 	0.19456 	0.08245 	-0.04873 	-0.05224 	-0.05082 	0.05200 	0.00000 	0.13716 	-0.05951 	-0.04688 	0.00218 	-0.04910 	0.06406 	0.08099 	0.01026	0.02912
Replication127	 0.00091	0.99775	0.97328 	0.97852 	0.97997 	0.98167 	0.98108 	0.99324 	0.94909 	0.95904 	0.97592 	0.95302 	0.96311 	0.97789 	-0.14395 	-0.14286 	-0.15906 	0.06289 	0.00000 	0.70832 	-0.16311 	-0.15061 	0.00457 	-0.12812 	0.02841 	0.10250 	-0.04743 	-0.04707 	-0.05241 	0.05532 	0.00000 	0.15211 	-0.05374 	-0.04962 	0.00283 	-0.04221 	0.00936 	0.10077 	0.01897	0.02790
Replication128	 -1.49597	0.99831	0.97480 	0.98114 	0.98547 	0.98361 	0.98410 	0.99676 	0.96988 	0.97626 	0.98744 	0.97125 	0.98835 	0.98811 	-0.17752 	-0.15797 	-0.15263 	0.05790 	0.00000 	0.54852 	-0.14459 	-0.12128 	0.00310 	-0.16435 	0.24325 	0.06994 	-0.05842 	-0.05199 	-0.05023 	0.05222 	0.00000 	0.13097 	-0.04758 	-0.03992 	0.00180 	-0.05409 	0.08006 	0.06864 	0.00435	0.03143
Replication129	 -1.51628	0.99854	0.98003 	0.98443 	0.98766 	0.98699 	0.98727 	0.99829 	0.97511 	0.98019 	0.99083 	0.97570 	0.99578 	0.99098 	-0.14390 	-0.14987 	-0.16539 	0.05045 	0.00000 	0.48130 	-0.14116 	-0.14175 	0.00264 	-0.17531 	0.32453 	0.06074 	-0.04734 	-0.04930 	-0.05441 	0.04554 	0.00000 	0.11998 	-0.04644 	-0.04663 	0.00152 	-0.05767 	0.10676 	0.05962 	0.00229	0.03163
Replication130	 -1.49274	0.99850	0.98161 	0.98554 	0.98881 	0.98830 	0.99029 	0.99856 	0.97087 	0.97814 	0.98941 	0.97451 	0.98914 	0.98998 	-0.13734 	-0.15769 	-0.13801 	0.04778 	0.04442 	0.47856 	-0.16615 	-0.13577 	0.00281 	-0.11193 	0.21493 	0.06393 	-0.04518 	-0.05188 	-0.04540 	0.04275 	0.01461 	0.10886 	-0.05466 	-0.04467 	0.00166 	-0.03682 	0.07071 	0.06278 	0.00554	0.02276
Replication131	 0.00114	0.99773	0.97286 	0.97820 	0.98009 	0.98138 	0.98089 	0.99317 	0.94886 	0.95887 	0.97559 	0.95237 	0.96151 	0.97769 	-0.14521 	-0.14813 	-0.14737 	0.06352 	0.00000 	0.71212 	-0.15413 	-0.13381 	0.00461 	-0.13493 	0.00000 	0.10313 	-0.04785 	-0.04881 	-0.04856 	0.05589 	0.00000 	0.15191 	-0.05078 	-0.04409 	0.00286 	-0.04446 	0.00000 	0.10139 	0.01980	0.02751
Replication132	 -1.44815	0.99812	0.97514 	0.98022 	0.98327 	0.98332 	0.98427 	0.99554 	0.96014 	0.96972 	0.98335 	0.96420 	0.98022 	0.98438 	-0.15954 	-0.16695 	-0.16978 	0.05881 	0.02331 	0.60323 	-0.19179 	-0.12756 	0.00362 	-0.14790 	0.20196 	0.08182 	-0.05253 	-0.05497 	-0.05590 	0.05250 	0.00768 	0.13911 	-0.06314 	-0.04200 	0.00217 	-0.04869 	0.06649 	0.08038 	0.00922	0.03109
Replication133	 -1.48520	0.99833	0.97694 	0.98187 	0.98617 	0.98469 	0.98512 	0.99706 	0.96993 	0.97551 	0.98768 	0.97153 	0.98927 	0.98819 	-0.15272 	-0.16853 	-0.14358 	0.05559 	0.00000 	0.53775 	-0.14485 	-0.16890 	0.00306 	-0.14719 	0.26535 	0.06966 	-0.05026 	-0.05546 	-0.04725 	0.05000 	0.00000 	0.12664 	-0.04767 	-0.05558 	0.00178 	-0.04844 	0.08732 	0.06839 	0.00563	0.02946
Replication134	 -1.49512	0.99840	0.97754 	0.98308 	0.98777 	0.98552 	0.98612 	0.99774 	0.97316 	0.97758 	0.98878 	0.97371 	0.98923 	0.98939 	-0.15767 	-0.15786 	-0.12035 	0.05374 	0.00000 	0.51177 	-0.11399 	-0.15379 	0.00292 	-0.14261 	0.21706 	0.06585 	-0.05188 	-0.05194 	-0.03960 	0.04838 	0.00000 	0.11734 	-0.03751 	-0.05060 	0.00169 	-0.04693 	0.07143 	0.06463 	0.00508	0.02499
Replication135	 -1.42934	0.99807	0.97666 	0.98123 	0.98329 	0.98420 	0.98393 	0.99541 	0.95873 	0.96745 	0.98224 	0.96211 	0.97756 	0.98334 	-0.13802 	-0.14624 	-0.16257 	0.05706 	0.00009 	0.61199 	-0.17506 	-0.15551 	0.00375 	-0.14659 	0.17745 	0.08511 	-0.04544 	-0.04815 	-0.05353 	0.05059 	0.00003 	0.13696 	-0.05764 	-0.05120 	0.00227 	-0.04827 	0.05843 	0.08363 	0.01147	0.02767
Replication136	 -1.49592	0.99843	0.97817 	0.98389 	0.98734 	0.98621 	0.98744 	0.99782 	0.97127 	0.97747 	0.98875 	0.97289 	0.98961 	0.98930 	-0.16491 	-0.14427 	-0.14848 	0.05227 	0.02258 	0.50670 	-0.14471 	-0.13129 	0.00291 	-0.15330 	0.24116 	0.06612 	-0.05426 	-0.04747 	-0.04885 	0.04699 	0.00743 	0.11859 	-0.04761 	-0.04320 	0.00170 	-0.05044 	0.07935 	0.06491 	0.00479	0.02713
Replication137	 -1.44629	0.99810	0.97617 	0.98014 	0.98392 	0.98354 	0.98365 	0.99557 	0.96137 	0.96972 	0.98307 	0.96400 	0.97789 	0.98430 	-0.13472 	-0.17966 	-0.14164 	0.05840 	0.00000 	0.60524 	-0.15687 	-0.11932 	0.00366 	-0.15142 	0.14412 	0.08206 	-0.04436 	-0.05915 	-0.04664 	0.05201 	0.00000 	0.13539 	-0.05165 	-0.03929 	0.00219 	-0.04986 	0.04745 	0.08060 	0.00985	0.02670
Replication138	 -1.46087	0.99820	0.97703 	0.98304 	0.98469 	0.98526 	0.98531 	0.99635 	0.96392 	0.97120 	0.98454 	0.96693 	0.98149 	0.98548 	-0.15949 	-0.11768 	-0.16712 	0.05463 	0.00635 	0.57202 	-0.15727 	-0.15991 	0.00346 	-0.12663 	0.18181 	0.07828 	-0.05250 	-0.03874 	-0.05501 	0.04860 	0.00209 	0.12881 	-0.05177 	-0.05264 	0.00207 	-0.04169 	0.05985 	0.07690 	0.00844	0.02598
Replication139	 -1.50149	0.99831	0.97836 	0.98202 	0.98518 	0.98521 	0.98530 	0.99682 	0.96903 	0.97565 	0.98716 	0.97156 	0.98801 	0.98781 	-0.13463 	-0.16995 	-0.17347 	0.05455 	0.00000 	0.54650 	-0.15674 	-0.14315 	0.00313 	-0.13646 	0.24331 	0.07088 	-0.04431 	-0.05593 	-0.05709 	0.04889 	0.00000 	0.13032 	-0.05159 	-0.04711 	0.00183 	-0.04491 	0.08008 	0.06958 	0.00397	0.02976
Replication140	 -1.43769	0.99824	0.98007 	0.98369 	0.98538 	0.98658 	0.98627 	0.99663 	0.96245 	0.96989 	0.98480 	0.96490 	0.98320 	0.98547 	-0.11859 	-0.13869 	-0.15678 	0.05181 	0.00000 	0.56014 	-0.16932 	-0.18321 	0.00341 	-0.16088 	0.24454 	0.07831 	-0.03903 	-0.04565 	-0.05161 	0.04591 	0.00000 	0.12625 	-0.05573 	-0.06030 	0.00206 	-0.05295 	0.08049 	0.07697 	0.01075	0.02639
Replication141	 -1.39079	0.99785	0.97020 	0.97755 	0.98088 	0.98021 	0.98024 	0.99377 	0.95484 	0.96277 	0.97889 	0.95676 	0.97182 	0.98032 	-0.18535 	-0.14971 	-0.15046 	0.06576 	0.00028 	0.68179 	-0.15024 	-0.16945 	0.00420 	-0.16606 	0.13955 	0.09476 	-0.06106 	-0.04932 	-0.04956 	0.05854 	0.00009 	0.15114 	-0.04949 	-0.05582 	0.00255 	-0.05470 	0.04597 	0.09311 	0.01505	0.03145
Replication142	 -1.44927	0.99806	0.97381 	0.97960 	0.98318 	0.98247 	0.98261 	0.99527 	0.96214 	0.96923 	0.98288 	0.96479 	0.97899 	0.98401 	-0.16401 	-0.16099 	-0.15312 	0.06069 	0.00000 	0.61690 	-0.14984 	-0.16250 	0.00369 	-0.13040 	0.16593 	0.08300 	-0.05400 	-0.05301 	-0.05042 	0.05419 	0.00000 	0.13925 	-0.04934 	-0.05351 	0.00220 	-0.04294 	0.05464 	0.08152 	0.00936	0.02857
Replication143	 -1.51794	0.99848	0.97879 	0.98407 	0.98748 	0.98640 	0.98674 	0.99804 	0.97527 	0.97946 	0.99002 	0.97615 	0.99317 	0.99038 	-0.15576 	-0.14285 	-0.15647 	0.05179 	0.00000 	0.49475 	-0.12365 	-0.16181 	0.00275 	-0.13759 	0.26863 	0.06268 	-0.05124 	-0.04700 	-0.05148 	0.04667 	0.00000 	0.11905 	-0.04068 	-0.05324 	0.00158 	-0.04527 	0.08838 	0.06151 	0.00246	0.02828
Replication144	 -1.53843	0.99885	0.98629 	0.98958 	0.99184 	0.99181 	0.99304 	1.00070 	0.98044 	0.98606 	0.99505 	0.98274 	1.00109 	0.99494 	-0.12145 	-0.12845 	-0.15388 	0.03989 	0.02684 	0.38120 	-0.15777 	-0.12550 	0.00207 	-0.13488 	0.32448 	0.04809 	-0.03993 	-0.04223 	-0.05059 	0.03601 	0.00882 	0.09624 	-0.05187 	-0.04126 	0.00118 	-0.04434 	0.10667 	0.04721 	0.00065	0.02592
Replication145	 -1.36691	0.99791	0.97525 	0.98050 	0.98267 	0.98336 	0.98303 	0.99455 	0.95235 	0.96198 	0.97877 	0.95606 	0.96869 	0.98034 	-0.13987 	-0.13925 	-0.13055 	0.05908 	0.00000 	0.65426 	-0.17078 	-0.16111 	0.00419 	-0.14062 	0.08817 	0.09466 	-0.04607 	-0.04586 	-0.04300 	0.05207 	0.00000 	0.13873 	-0.05625 	-0.05307 	0.00258 	-0.04632 	0.02904 	0.09306 	0.01818	0.02492
Replication146	 -1.41826	0.99801	0.97561 	0.98085 	0.98248 	0.98367 	0.98356 	0.99500 	0.95871 	0.96547 	0.98120 	0.96051 	0.97644 	0.98230 	-0.14893 	-0.13737 	-0.17130 	0.05826 	0.00651 	0.62996 	-0.14531 	-0.19577 	0.00389 	-0.15309 	0.17732 	0.08842 	-0.04904 	-0.04524 	-0.05641 	0.05159 	0.00214 	0.13990 	-0.04785 	-0.06447 	0.00236 	-0.05041 	0.05839 	0.08690 	0.01259	0.02787
Replication147	 0.00393	0.99768	0.96969 	0.97641 	0.97886 	0.97955 	0.98029 	0.99261 	0.94607 	0.95708 	0.97501 	0.94942 	0.96329 	0.97688 	-0.17933 	-0.15840 	-0.16127 	0.06740 	0.02663 	0.73218 	-0.18057 	-0.14029 	0.00469 	-0.17800 	0.08199 	0.10569 	-0.05909 	-0.05220 	-0.05314 	0.05962 	0.00877 	0.16047 	-0.05950 	-0.04623 	0.00290 	-0.05866 	0.02702 	0.10392 	0.02073	0.03389
Replication148	 -1.52078	0.99841	0.97881 	0.98259 	0.98561 	0.98564 	0.98577 	0.99729 	0.97278 	0.97823 	0.98892 	0.97407 	0.99255 	0.98931 	-0.13966 	-0.16583 	-0.18730 	0.05348 	0.00000 	0.52259 	-0.14414 	-0.14269 	0.00290 	-0.15640 	0.29268 	0.06610 	-0.04595 	-0.05457 	-0.06163 	0.04814 	0.00000 	0.12969 	-0.04743 	-0.04695 	0.00168 	-0.05146 	0.09631 	0.06488 	0.00174	0.03269
Replication149	 -1.48541	0.99831	0.97760 	0.98254 	0.98621 	0.98524 	0.98551 	0.99703 	0.96965 	0.97490 	0.98694 	0.97097 	0.98624 	0.98768 	-0.14811 	-0.15580 	-0.14222 	0.05451 	0.00000 	0.54195 	-0.12730 	-0.16128 	0.00315 	-0.13653 	0.20636 	0.07128 	-0.04875 	-0.05128 	-0.04681 	0.04882 	0.00000 	0.12382 	-0.04190 	-0.05308 	0.00185 	-0.04493 	0.06792 	0.06998 	0.00600	0.02564
Replication150	 -1.44622	0.99807	0.97608 	0.98083 	0.98281 	0.98389 	0.98445 	0.99533 	0.96031 	0.96833 	0.98230 	0.96338 	0.97753 	0.98349 	-0.14940 	-0.15298 	-0.17949 	0.05770 	0.02078 	0.61430 	-0.16069 	-0.15018 	0.00375 	-0.13604 	0.15734 	0.08465 	-0.04919 	-0.05037 	-0.05910 	0.05122 	0.00684 	0.13853 	-0.05291 	-0.04945 	0.00226 	-0.04479 	0.05181 	0.08317 	0.00972	0.02801
Replication151	 -1.44800	0.99823	0.97810 	0.98236 	0.98518 	0.98528 	0.98526 	0.99645 	0.96313 	0.97095 	0.98503 	0.96594 	0.98352 	0.98576 	-0.13419 	-0.15329 	-0.14948 	0.05454 	0.00000 	0.56662 	-0.17290 	-0.16329 	0.00339 	-0.15554 	0.23631 	0.07738 	-0.04417 	-0.05046 	-0.04921 	0.04858 	0.00000 	0.12897 	-0.05691 	-0.05375 	0.00203 	-0.05120 	0.07779 	0.07602 	0.00957	0.02770
Replication152	 -1.49338	0.99838	0.97765 	0.98332 	0.98685 	0.98564 	0.98596 	0.99748 	0.96932 	0.97689 	0.98821 	0.97273 	0.98865 	0.98883 	-0.15940 	-0.14248 	-0.14496 	0.05353 	0.00000 	0.52051 	-0.17133 	-0.12885 	0.00299 	-0.12898 	0.23631 	0.06763 	-0.05245 	-0.04689 	-0.04770 	0.04811 	0.00000 	0.12199 	-0.05638 	-0.04240 	0.00174 	-0.04244 	0.07776 	0.06640 	0.00498	0.02774
Replication153	 -1.51515	0.99845	0.97784 	0.98371 	0.98717 	0.98590 	0.98626 	0.99785 	0.97388 	0.97915 	0.98959 	0.97506 	0.99197 	0.99005 	-0.16512 	-0.13887 	-0.15587 	0.05288 	0.00000 	0.50290 	-0.13424 	-0.13437 	0.00281 	-0.14891 	0.25774 	0.06374 	-0.05433 	-0.04569 	-0.05129 	0.04768 	0.00000 	0.12090 	-0.04417 	-0.04421 	0.00162 	-0.04899 	0.08480 	0.06256 	0.00268	0.02887
Replication154	 -1.47737	0.99836	0.97758 	0.98248 	0.98708 	0.98523 	0.98574 	0.99739 	0.96936 	0.97569 	0.98802 	0.97187 	0.98913 	0.98853 	-0.14901 	-0.16753 	-0.12611 	0.05442 	0.00000 	0.52561 	-0.15850 	-0.16774 	0.00302 	-0.13562 	0.25949 	0.06859 	-0.04904 	-0.05513 	-0.04150 	0.04893 	0.00000 	0.12187 	-0.05216 	-0.05520 	0.00176 	-0.04463 	0.08539 	0.06733 	0.00661	0.02762
Replication155	 -1.46047	0.99821	0.97898 	0.98233 	0.98430 	0.98553 	0.98527 	0.99624 	0.96336 	0.97099 	0.98477 	0.96597 	0.98361 	0.98552 	-0.12231 	-0.15518 	-0.17571 	0.05404 	0.00000 	0.57357 	-0.16959 	-0.15993 	0.00343 	-0.15735 	0.23907 	0.07816 	-0.04026 	-0.05108 	-0.05784 	0.04804 	0.00000 	0.13280 	-0.05582 	-0.05264 	0.00205 	-0.05180 	0.07870 	0.07679 	0.00819	0.02892
Replication156	 -1.51555	0.99844	0.97923 	0.98337 	0.98663 	0.98619 	0.98641 	0.99768 	0.97306 	0.97853 	0.98937 	0.97514 	0.99264 	0.98974 	-0.14109 	-0.15877 	-0.16918 	0.05229 	0.00000 	0.50867 	-0.14887 	-0.15807 	0.00284 	-0.13256 	0.28256 	0.06471 	-0.04642 	-0.05224 	-0.05567 	0.04705 	0.00000 	0.12387 	-0.04898 	-0.05201 	0.00164 	-0.04362 	0.09297 	0.06351 	0.00252	0.03011
Replication157	 -1.45299	0.99810	0.97386 	0.97969 	0.98344 	0.98254 	0.98275 	0.99546 	0.96310 	0.97001 	0.98360 	0.96509 	0.98112 	0.98458 	-0.16606 	-0.16260 	-0.15418 	0.06047 	0.00000 	0.60734 	-0.14952 	-0.15915 	0.00360 	-0.15220 	0.19995 	0.08118 	-0.05467 	-0.05354 	-0.05076 	0.05410 	0.00000 	0.13896 	-0.04923 	-0.05240 	0.00213 	-0.05011 	0.06583 	0.07972 	0.00883	0.03003
Replication158	 -1.51609	0.99854	0.98053 	0.98539 	0.98786 	0.98762 	0.98775 	0.99840 	0.97291 	0.98004 	0.99051 	0.97607 	0.99390 	0.99081 	-0.14595 	-0.12936 	-0.16649 	0.04914 	0.00000 	0.47851 	-0.17501 	-0.12746 	0.00268 	-0.13679 	0.29198 	0.06130 	-0.04801 	-0.04256 	-0.05477 	0.04422 	0.00000 	0.11717 	-0.05757 	-0.04193 	0.00155 	-0.04500 	0.09605 	0.06017 	0.00254	0.02933
Replication159	 -1.52764	0.99861	0.97958 	0.98504 	0.98878 	0.98717 	0.98766 	0.99883 	0.97789 	0.98248 	0.99222 	0.97885 	0.99777 	0.99231 	-0.15967 	-0.14041 	-0.15240 	0.04996 	0.00000 	0.45844 	-0.13688 	-0.14340 	0.00247 	-0.15224 	0.31886 	0.05651 	-0.05252 	-0.04618 	-0.05013 	0.04528 	0.00000 	0.11479 	-0.04502 	-0.04717 	0.00139 	-0.05007 	0.10488 	0.05544 	0.00125	0.03071
Replication160	 0.00134	0.99776	0.97353 	0.97925 	0.98069 	0.98212 	0.98156 	0.99347 	0.94866 	0.95789 	0.97597 	0.95096 	0.96361 	0.97779 	-0.14631 	-0.13175 	-0.14360 	0.06192 	0.00000 	0.70024 	-0.15132 	-0.16560 	0.00455 	-0.16707 	0.05741 	0.10279 	-0.04820 	-0.04341 	-0.04731 	0.05441 	0.00000 	0.14839 	-0.04985 	-0.05456 	0.00283 	-0.05504 	0.01892 	0.10107 	0.02127	0.02723
Replication161	 -1.44999	0.99821	0.97894 	0.98328 	0.98528 	0.98600 	0.98579 	0.99651 	0.96348 	0.97071 	0.98453 	0.96541 	0.98105 	0.98546 	-0.13050 	-0.13635 	-0.15211 	0.05306 	0.00000 	0.56653 	-0.14933 	-0.14963 	0.00345 	-0.15775 	0.18397 	0.07835 	-0.04296 	-0.04488 	-0.05007 	0.04706 	0.00000 	0.12607 	-0.04915 	-0.04925 	0.00208 	-0.05193 	0.06056 	0.07698 	0.00969	0.02450
Replication162	 -1.49894	0.99827	0.97458 	0.98134 	0.98473 	0.98360 	0.98388 	0.99650 	0.96897 	0.97550 	0.98669 	0.97089 	0.98682 	0.98746 	-0.18239 	-0.14130 	-0.16931 	0.05798 	0.00000 	0.55998 	-0.14652 	-0.12523 	0.00320 	-0.14759 	0.22327 	0.07199 	-0.06003 	-0.04651 	-0.05572 	0.05217 	0.00000 	0.13324 	-0.04822 	-0.04122 	0.00186 	-0.04858 	0.07349 	0.07067 	0.00408	0.03115
Replication163	 -1.50855	0.99850	0.97995 	0.98497 	0.98841 	0.98725 	0.98759 	0.99837 	0.97409 	0.97929 	0.99008 	0.97589 	0.99200 	0.99050 	-0.14658 	-0.13927 	-0.13895 	0.04998 	0.00000 	0.48366 	-0.13734 	-0.15274 	0.00274 	-0.12829 	0.24822 	0.06228 	-0.04822 	-0.04582 	-0.04571 	0.04494 	0.00000 	0.11334 	-0.04518 	-0.05025 	0.00158 	-0.04220 	0.08166 	0.06112 	0.00371	0.02525
Replication164	 -1.36870	0.99798	0.97644 	0.98210 	0.98384 	0.98467 	0.98526 	0.99518 	0.95495 	0.96309 	0.97940 	0.95669 	0.96804 	0.98105 	-0.14641 	-0.12647 	-0.12572 	0.05625 	0.02400 	0.63008 	-0.13206 	-0.14788 	0.00410 	-0.15667 	0.04670 	0.09240 	-0.04822 	-0.04165 	-0.04140 	0.04945 	0.00790 	0.13046 	-0.04349 	-0.04870 	0.00254 	-0.05159 	0.01538 	0.09085 	0.01834	0.02153
Replication165	 -1.50547	0.99856	0.98080 	0.98506 	0.98881 	0.98759 	0.98799 	0.99866 	0.97404 	0.98015 	0.99109 	0.97633 	0.99512 	0.99127 	-0.13748 	-0.15201 	-0.13951 	0.04916 	0.00000 	0.46879 	-0.16223 	-0.14902 	0.00261 	-0.14532 	0.30887 	0.05985 	-0.04522 	-0.05000 	-0.04589 	0.04433 	0.00000 	0.11360 	-0.05337 	-0.04902 	0.00150 	-0.04780 	0.10160 	0.05874 	0.00370	0.02846
Replication166	 -1.50963	0.99853	0.98057 	0.98533 	0.98819 	0.98762 	0.98783 	0.99844 	0.97516 	0.97937 	0.99045 	0.97535 	0.99402 	0.99070 	-0.14312 	-0.13454 	-0.15445 	0.04916 	0.00000 	0.47859 	-0.12345 	-0.16073 	0.00269 	-0.16306 	0.29063 	0.06166 	-0.04708 	-0.04426 	-0.05081 	0.04421 	0.00000 	0.11497 	-0.04061 	-0.05288 	0.00155 	-0.05364 	0.09561 	0.06053 	0.00336	0.02760
Replication167	 -1.42053	0.99822	0.98154 	0.98464 	0.98617 	0.98768 	0.98839 	0.99681 	0.96096 	0.96879 	0.98362 	0.96333 	0.97720 	0.98473 	-0.10949 	-0.14194 	-0.13806 	0.04956 	0.02781 	0.55859 	-0.15006 	-0.15282 	0.00355 	-0.14840 	0.13374 	0.08067 	-0.03604 	-0.04672 	-0.04545 	0.04357 	0.00916 	0.11853 	-0.04940 	-0.05031 	0.00218 	-0.04885 	0.04402 	0.07930 	0.01314	0.01999
Replication168	 -1.48928	0.99826	0.97587 	0.98113 	0.98480 	0.98394 	0.98420 	0.99645 	0.96866 	0.97440 	0.98640 	0.96995 	0.98678 	0.98711 	-0.15943 	-0.16208 	-0.16322 	0.05729 	0.00000 	0.56288 	-0.13773 	-0.15201 	0.00323 	-0.15330 	0.23639 	0.07311 	-0.05248 	-0.05335 	-0.05372 	0.05144 	0.00000 	0.13274 	-0.04533 	-0.05003 	0.00189 	-0.05046 	0.07781 	0.07178 	0.00514	0.03028
Replication169	 -1.47987	0.99832	0.97802 	0.98320 	0.98630 	0.98569 	0.98585 	0.99713 	0.96923 	0.97453 	0.98698 	0.97007 	0.98666 	0.98765 	-0.14925 	-0.14245 	-0.14705 	0.05354 	0.00000 	0.53745 	-0.12837 	-0.16117 	0.00314 	-0.15554 	0.22482 	0.07139 	-0.04912 	-0.04688 	-0.04840 	0.04790 	0.00000 	0.12310 	-0.04225 	-0.05304 	0.00185 	-0.05119 	0.07399 	0.07010 	0.00651	0.02606
Replication170	 -1.49273	0.99838	0.97805 	0.98322 	0.98665 	0.98576 	0.98638 	0.99744 	0.97071 	0.97647 	0.98808 	0.97138 	0.98889 	0.98866 	-0.15472 	-0.15014 	-0.15144 	0.05328 	0.00866 	0.52226 	-0.13406 	-0.13223 	0.00300 	-0.17280 	0.24505 	0.06817 	-0.05091 	-0.04940 	-0.04983 	0.04784 	0.00285 	0.12259 	-0.04411 	-0.04351 	0.00176 	-0.05686 	0.08064 	0.06693 	0.00503	0.02795
Replication171	 -1.48241	0.99841	0.97751 	0.98349 	0.98785 	0.98571 	0.98625 	0.99779 	0.97101 	0.97688 	0.98875 	0.97264 	0.98975 	0.98924 	-0.16216 	-0.14649 	-0.12080 	0.05334 	0.00000 	0.50919 	-0.14443 	-0.15289 	0.00292 	-0.14872 	0.24998 	0.06630 	-0.05336 	-0.04820 	-0.03975 	0.04801 	0.00000 	0.11744 	-0.04752 	-0.05031 	0.00170 	-0.04894 	0.08225 	0.06508 	0.00622	0.02640
Replication172	 -1.45016	0.99815	0.97524 	0.98113 	0.98474 	0.98373 	0.98393 	0.99602 	0.96325 	0.97077 	0.98413 	0.96608 	0.98034 	0.98518 	-0.16078 	-0.15039 	-0.13674 	0.05791 	0.00000 	0.58680 	-0.15538 	-0.14873 	0.00352 	-0.13389 	0.16791 	0.07927 	-0.05293 	-0.04951 	-0.04502 	0.05171 	0.00000 	0.13100 	-0.05115 	-0.04896 	0.00210 	-0.04408 	0.05528 	0.07785 	0.00950	0.02628
Replication173	 -1.49305	0.99838	0.97821 	0.98207 	0.98683 	0.98529 	0.98619 	0.99740 	0.97020 	0.97691 	0.98836 	0.97276 	0.98957 	0.98891 	-0.13997 	-0.18768 	-0.13797 	0.05428 	0.00990 	0.52338 	-0.15968 	-0.14064 	0.00297 	-0.13925 	0.25224 	0.06737 	-0.04606 	-0.06176 	-0.04540 	0.04883 	0.00326 	0.12343 	-0.05255 	-0.04628 	0.00172 	-0.04582 	0.08300 	0.06613 	0.00494	0.02851
Replication174	 -1.44959	0.99801	0.97426 	0.97942 	0.98204 	0.98249 	0.98236 	0.99483 	0.96195 	0.96778 	0.98178 	0.96307 	0.97732 	0.98299 	-0.15455 	-0.15802 	-0.17516 	0.06073 	0.00000 	0.63539 	-0.12332 	-0.17232 	0.00383 	-0.14581 	0.15229 	0.08624 	-0.05089 	-0.05204 	-0.05768 	0.05403 	0.00000 	0.14357 	-0.04061 	-0.05675 	0.00230 	-0.04802 	0.05015 	0.08471 	0.00930	0.02877
Replication175	 -1.52901	0.99876	0.98266 	0.98710 	0.99056 	0.98944 	0.99153 	0.99995 	0.97950 	0.98457 	0.99411 	0.98152 	1.00090 	0.99398 	-0.15079 	-0.14898 	-0.15464 	0.04498 	0.04127 	0.41123 	-0.15537 	-0.15006 	0.00220 	-0.13649 	0.34668 	0.05118 	-0.04958 	-0.04899 	-0.05085 	0.04081 	0.01357 	0.10469 	-0.05109 	-0.04934 	0.00125 	-0.04488 	0.11400 	0.05023 	0.00120	0.02980
Replication176	 -1.47923	0.99837	0.97735 	0.98337 	0.98661 	0.98556 	0.98582 	0.99736 	0.96884 	0.97557 	0.98786 	0.97044 	0.98903 	0.98836 	-0.16344 	-0.13442 	-0.14756 	0.05372 	0.00000 	0.52528 	-0.15687 	-0.14002 	0.00303 	-0.17176 	0.26918 	0.06912 	-0.05378 	-0.04423 	-0.04856 	0.04826 	0.00000 	0.12352 	-0.05162 	-0.04608 	0.00178 	-0.05652 	0.08858 	0.06787 	0.00626	0.02921
Replication177	 -1.47282	0.99833	0.97690 	0.98299 	0.98657 	0.98530 	0.98632 	0.99722 	0.96894 	0.97452 	0.98714 	0.97003 	0.98700 	0.98777 	-0.16792 	-0.14392 	-0.14043 	0.05432 	0.01754 	0.53397 	-0.13492 	-0.16274 	0.00312 	-0.15615 	0.23327 	0.07101 	-0.05526 	-0.04736 	-0.04621 	0.04872 	0.00577 	0.12210 	-0.04440 	-0.05356 	0.00184 	-0.05139 	0.07677 	0.06973 	0.00716	0.02674
Replication178	 -1.50635	0.99836	0.97720 	0.98230 	0.98602 	0.98502 	0.98575 	0.99719 	0.97154 	0.97703 	0.98809 	0.97335 	0.98944 	0.98868 	-0.15883 	-0.16136 	-0.16159 	0.05486 	0.00990 	0.53112 	-0.13893 	-0.15081 	0.00301 	-0.13281 	0.24089 	0.06809 	-0.05227 	-0.05310 	-0.05318 	0.04935 	0.00326 	0.12624 	-0.04572 	-0.04963 	0.00175 	-0.04371 	0.07927 	0.06683 	0.00354	0.02910
Replication179	 0.00148	0.99764	0.96994 	0.97567 	0.97842 	0.97915 	0.97882 	0.99230 	0.94852 	0.95800 	0.97458 	0.95115 	0.96092 	0.97676 	-0.16026 	-0.16973 	-0.15805 	0.06834 	0.00000 	0.74594 	-0.14325 	-0.13133 	0.00475 	-0.14975 	0.00623 	0.10611 	-0.05282 	-0.05593 	-0.05209 	0.06040 	0.00000 	0.16246 	-0.04721 	-0.04328 	0.00293 	-0.04935 	0.00205 	0.10429 	0.01900	0.03146
Replication180	 -1.48500	0.99839	0.97776 	0.98338 	0.98632 	0.98590 	0.98785 	0.99745 	0.96866 	0.97577 	0.98794 	0.97165 	0.98946 	0.98841 	-0.17069 	-0.14930 	-0.17003 	0.05298 	0.04451 	0.52055 	-0.17201 	-0.15449 	0.00301 	-0.14042 	0.27256 	0.06894 	-0.05617 	-0.04913 	-0.05595 	0.04757 	0.01465 	0.12356 	-0.05660 	-0.05084 	0.00177 	-0.04621 	0.08969 	0.06771 	0.00559	0.03006
Replication181	 -1.48308	0.99833	0.97797 	0.98328 	0.98641 	0.98571 	0.98589 	0.99719 	0.96889 	0.97497 	0.98709 	0.97068 	0.98640 	0.98780 	-0.15109 	-0.14100 	-0.14571 	0.05347 	0.00000 	0.53521 	-0.14076 	-0.15012 	0.00313 	-0.14179 	0.21398 	0.07089 	-0.04972 	-0.04640 	-0.04795 	0.04785 	0.00000 	0.12249 	-0.04632 	-0.04940 	0.00184 	-0.04666 	0.07042 	0.06961 	0.00622	0.02575
Replication182	 -1.45281	0.99831	0.97855 	0.98413 	0.98677 	0.98632 	0.98638 	0.99721 	0.96539 	0.97278 	0.98627 	0.96758 	0.98440 	0.98699 	-0.14817 	-0.12491 	-0.13308 	0.05222 	0.00000 	0.53646 	-0.15946 	-0.14840 	0.00323 	-0.15999 	0.21802 	0.07347 	-0.04876 	-0.04111 	-0.04380 	0.04656 	0.00000 	0.11988 	-0.05248 	-0.04884 	0.00193 	-0.05266 	0.07175 	0.07218 	0.00939	0.02464
Replication183	 -1.47111	0.99824	0.97776 	0.98212 	0.98501 	0.98505 	0.98515 	0.99650 	0.96566 	0.97267 	0.98564 	0.96808 	0.98463 	0.98640 	-0.13994 	-0.15634 	-0.16035 	0.05499 	0.00176 	0.56297 	-0.15831 	-0.15525 	0.00332 	-0.14614 	0.22512 	0.07537 	-0.04606 	-0.05146 	-0.05278 	0.04909 	0.00058 	0.12983 	-0.05211 	-0.05110 	0.00197 	-0.04810 	0.07410 	0.07402 	0.00720	0.02798
Replication184	 -1.49090	0.99861	0.98172 	0.98684 	0.99005 	0.98908 	0.99191 	0.99929 	0.97309 	0.97966 	0.99098 	0.97549 	0.99266 	0.99129 	-0.15780 	-0.14164 	-0.13502 	0.04598 	0.06314 	0.44662 	-0.15895 	-0.13826 	0.00260 	-0.14295 	0.26214 	0.05975 	-0.05190 	-0.04659 	-0.04441 	0.04130 	0.02077 	0.10309 	-0.05228 	-0.04548 	0.00153 	-0.04702 	0.08622 	0.05868 	0.00561	0.02392
Replication185	 -1.42906	0.99800	0.97332 	0.97929 	0.98269 	0.98214 	0.98221 	0.99488 	0.95971 	0.96711 	0.98152 	0.96202 	0.97588 	0.98280 	-0.16418 	-0.15718 	-0.14816 	0.06148 	0.00000 	0.63499 	-0.14607 	-0.15885 	0.00386 	-0.14207 	0.14080 	0.08684 	-0.05407 	-0.05176 	-0.04879 	0.05476 	0.00000 	0.14109 	-0.04810 	-0.05231 	0.00232 	-0.04679 	0.04637 	0.08530 	0.01147	0.02802
Replication186	 -1.47519	0.99831	0.97704 	0.98221 	0.98617 	0.98513 	0.98748 	0.99707 	0.96868 	0.97428 	0.98671 	0.96993 	0.98578 	0.98744 	-0.16575 	-0.17296 	-0.14898 	0.05473 	0.05058 	0.54032 	-0.13175 	-0.15795 	0.00318 	-0.14731 	0.21079 	0.07205 	-0.05455 	-0.05692 	-0.04903 	0.04905 	0.01665 	0.12327 	-0.04336 	-0.05198 	0.00188 	-0.04848 	0.06937 	0.07075 	0.00693	0.02664
Replication187	 -1.52952	0.99870	0.98006 	0.98461 	0.98899 	0.98714 	0.98778 	0.99916 	0.98063 	0.98508 	0.99401 	0.98149 	1.00292 	0.99381 	-0.15351 	-0.16374 	-0.16278 	0.04988 	0.00000 	0.43868 	-0.14695 	-0.13991 	0.00224 	-0.16458 	0.38846 	0.05175 	-0.05048 	-0.05385 	-0.05353 	0.04551 	0.00000 	0.11768 	-0.04832 	-0.04601 	0.00123 	-0.05412 	0.12775 	0.05075 	0.00047	0.03661
Replication188	 -1.53555	0.99867	0.98191 	0.98508 	0.98883 	0.98797 	0.98839 	0.99909 	0.97976 	0.98396 	0.99330 	0.98075 	1.00106 	0.99319 	-0.12919 	-0.16839 	-0.16782 	0.04818 	0.00000 	0.44413 	-0.14140 	-0.15360 	0.00232 	-0.15113 	0.36302 	0.05371 	-0.04249 	-0.05538 	-0.05519 	0.04372 	0.00000 	0.11615 	-0.04650 	-0.05051 	0.00130 	-0.04970 	0.11939 	0.05269 	0.00018	0.03347
Replication189	 -1.53108	0.99871	0.98310 	0.98668 	0.99000 	0.98918 	0.98960 	0.99959 	0.97816 	0.98403 	0.99357 	0.98104 	1.00003 	0.99350 	-0.12818 	-0.14804 	-0.15241 	0.04559 	0.00166 	0.42613 	-0.16912 	-0.14433 	0.00228 	-0.12756 	0.34227 	0.05271 	-0.04215 	-0.04868 	-0.05012 	0.04127 	0.00055 	0.10843 	-0.05561 	-0.04746 	0.00129 	-0.04195 	0.11255 	0.05172 	0.00099	0.02983
Replication190	 -1.35866	0.99787	0.97411 	0.97952 	0.98184 	0.98248 	0.98218 	0.99414 	0.95134 	0.96058 	0.97824 	0.95462 	0.96947 	0.97968 	-0.14538 	-0.14539 	-0.13782 	0.06098 	0.00000 	0.67013 	-0.17331 	-0.18636 	0.00427 	-0.15435 	0.12925 	0.09676 	-0.04789 	-0.04789 	-0.04540 	0.05382 	0.00000 	0.14395 	-0.05709 	-0.06139 	0.00263 	-0.05084 	0.04257 	0.09513 	0.01878	0.02760
Replication191	 -1.52066	0.99857	0.98044 	0.98472 	0.98923 	0.98732 	0.98791 	0.99881 	0.97751 	0.98162 	0.99168 	0.97839 	0.99556 	0.99192 	-0.13997 	-0.16300 	-0.12993 	0.04970 	0.00000 	0.46309 	-0.12409 	-0.15503 	0.00254 	-0.13707 	0.27836 	0.05777 	-0.04604 	-0.05362 	-0.04274 	0.04491 	0.00000 	0.11139 	-0.04082 	-0.05100 	0.00144 	-0.04509 	0.09156 	0.05668 	0.00235	0.02668
Replication192	 -1.48356	0.99813	0.97544 	0.97962 	0.98377 	0.98304 	0.98329 	0.99568 	0.96663 	0.97259 	0.98421 	0.96778 	0.98020 	0.98544 	-0.14434 	-0.18679 	-0.15495 	0.05938 	0.00000 	0.59839 	-0.11643 	-0.12103 	0.00352 	-0.13920 	0.12904 	0.07844 	-0.04752 	-0.06150 	-0.05101 	0.05309 	0.00000 	0.13648 	-0.03833 	-0.03985 	0.00208 	-0.04583 	0.04248 	0.07700 	0.00604	0.02710
Replication193	 -1.46984	0.99833	0.97889 	0.98346 	0.98639 	0.98619 	0.98692 	0.99721 	0.96673 	0.97397 	0.98678 	0.96899 	0.98602 	0.98744 	-0.14292 	-0.15022 	-0.14954 	0.05248 	0.01635 	0.53433 	-0.16046 	-0.14348 	0.00316 	-0.15653 	0.23229 	0.07203 	-0.04704 	-0.04944 	-0.04921 	0.04687 	0.00538 	0.12238 	-0.05281 	-0.04722 	0.00188 	-0.05151 	0.07645 	0.07075 	0.00748	0.02648
Replication194	 -1.44126	0.99808	0.97334 	0.97942 	0.98385 	0.98225 	0.98261 	0.99545 	0.96214 	0.96956 	0.98324 	0.96427 	0.97930 	0.98435 	-0.16850 	-0.16786 	-0.13326 	0.06112 	0.00000 	0.61008 	-0.14992 	-0.14544 	0.00364 	-0.15292 	0.17132 	0.08191 	-0.05548 	-0.05527 	-0.04388 	0.05468 	0.00000 	0.13708 	-0.04936 	-0.04789 	0.00217 	-0.05035 	0.05641 	0.08044 	0.01017	0.02855
Replication195	 -1.39985	0.99798	0.97618 	0.98056 	0.98284 	0.98371 	0.98341 	0.99489 	0.95636 	0.96448 	0.98030 	0.95859 	0.97271 	0.98167 	-0.13176 	-0.15227 	-0.14586 	0.05825 	0.00000 	0.63767 	-0.15094 	-0.16107 	0.00400 	-0.15768 	0.12393 	0.09044 	-0.04339 	-0.05015 	-0.04804 	0.05145 	0.00000 	0.13821 	-0.04971 	-0.05305 	0.00244 	-0.05193 	0.04081 	0.08888 	0.01471	0.02555
Replication196	 -1.48638	0.99825	0.97699 	0.98127 	0.98526 	0.98443 	0.98501 	0.99657 	0.96847 	0.97422 	0.98619 	0.96999 	0.98511 	0.98702 	-0.14474 	-0.17706 	-0.15169 	0.05627 	0.00754 	0.56038 	-0.13230 	-0.14991 	0.00326 	-0.13954 	0.20011 	0.07341 	-0.04764 	-0.05828 	-0.04993 	0.05040 	0.00248 	0.12923 	-0.04355 	-0.04934 	0.00191 	-0.04593 	0.06587 	0.07207 	0.00573	0.02729
Replication197	 -1.39601	0.99800	0.97580 	0.98107 	0.98295 	0.98400 	0.98514 	0.99506 	0.95519 	0.96461 	0.98027 	0.95852 	0.97196 	0.98170 	-0.15320 	-0.14522 	-0.15625 	0.05760 	0.03695 	0.63017 	-0.16933 	-0.14243 	0.00400 	-0.15005 	0.11248 	0.09034 	-0.05045 	-0.04782 	-0.05146 	0.05088 	0.01217 	0.13653 	-0.05576 	-0.04690 	0.00246 	-0.04941 	0.03704 	0.08880 	0.01505	0.02607
Replication198	 -1.43678	0.99835	0.98139 	0.98539 	0.98721 	0.98806 	0.98928 	0.99756 	0.96401 	0.97160 	0.98606 	0.96590 	0.98376 	0.98672 	-0.12819 	-0.13531 	-0.14274 	0.04854 	0.03598 	0.52322 	-0.16200 	-0.15618 	0.00323 	-0.17584 	0.22613 	0.07430 	-0.04219 	-0.04453 	-0.04697 	0.04299 	0.01184 	0.11537 	-0.05331 	-0.05140 	0.00196 	-0.05787 	0.07442 	0.07303 	0.01115	0.02336
Replication199	 -1.48401	0.99831	0.97765 	0.98275 	0.98623 	0.98535 	0.98559 	0.99706 	0.96883 	0.97496 	0.98691 	0.97040 	0.98590 	0.98768 	-0.14984 	-0.15047 	-0.14342 	0.05426 	0.00000 	0.54065 	-0.13748 	-0.14046 	0.00316 	-0.14698 	0.20540 	0.07130 	-0.04932 	-0.04952 	-0.04720 	0.04859 	0.00000 	0.12379 	-0.04525 	-0.04623 	0.00186 	-0.04837 	0.06760 	0.07000 	0.00611	0.02595
Replication200	 -1.46171	0.99833	0.97805 	0.98478 	0.98735 	0.98665 	0.98812 	0.99753 	0.96748 	0.97387 	0.98638 	0.96911 	0.98239 	0.98734 	-0.17155 	-0.11653 	-0.13186 	0.05152 	0.03414 	0.52582 	-0.12937 	-0.13506 	0.00321 	-0.13953 	0.14569 	0.07236 	-0.05646 	-0.03835 	-0.04339 	0.04592 	0.01124 	0.11425 	-0.04258 	-0.04445 	0.00192 	-0.04592 	0.04795 	0.07108 	0.00883	0.02120
Replication201	 -1.49309	0.99852	0.98016 	0.98514 	0.98879 	0.98755 	0.98905 	0.99854 	0.97305 	0.97856 	0.99005 	0.97423 	0.99200 	0.99040 	-0.15184 	-0.14872 	-0.13501 	0.04933 	0.02821 	0.47714 	-0.14000 	-0.14823 	0.00274 	-0.15709 	0.26612 	0.06259 	-0.04995 	-0.04893 	-0.04442 	0.04435 	0.00928 	0.11117 	-0.04606 	-0.04876 	0.00159 	-0.05168 	0.08755 	0.06146 	0.00523	0.02561
Replication202	 -1.46492	0.99821	0.97811 	0.98273 	0.98511 	0.98546 	0.98536 	0.99644 	0.96580 	0.97172 	0.98474 	0.96674 	0.98118 	0.98574 	-0.13782 	-0.14176 	-0.15352 	0.05421 	0.00000 	0.56914 	-0.12317 	-0.14799 	0.00343 	-0.15342 	0.16165 	0.07746 	-0.04537 	-0.04667 	-0.05054 	0.04819 	0.00000 	0.12695 	-0.04055 	-0.04871 	0.00205 	-0.05050 	0.05321 	0.07608 	0.00821	0.02416
Replication203	 -1.41723	0.99790	0.97136 	0.97768 	0.98109 	0.98071 	0.98107 	0.99406 	0.95804 	0.96488 	0.97984 	0.95888 	0.97334 	0.98126 	-0.17532 	-0.16511 	-0.16138 	0.06464 	0.00847 	0.66889 	-0.12762 	-0.15525 	0.00408 	-0.17103 	0.13029 	0.09175 	-0.05775 	-0.05439 	-0.05316 	0.05758 	0.00279 	0.14960 	-0.04204 	-0.05114 	0.00246 	-0.05633 	0.04292 	0.09014 	0.01241	0.03068
Replication204	 -1.44089	0.99811	0.97603 	0.98067 	0.98374 	0.98374 	0.98373 	0.99560 	0.96185 	0.96889 	0.98323 	0.96356 	0.98002 	0.98421 	-0.14313 	-0.16120 	-0.15339 	0.05796 	0.00000 	0.60301 	-0.14915 	-0.16330 	0.00363 	-0.16323 	0.19671 	0.08234 	-0.04712 	-0.05307 	-0.05050 	0.05160 	0.00000 	0.13597 	-0.04911 	-0.05377 	0.00218 	-0.05374 	0.06477 	0.08089 	0.01025	0.02809
Replication205	 -1.47887	0.99831	0.97859 	0.98352 	0.98600 	0.98603 	0.98608 	0.99706 	0.96846 	0.97404 	0.98666 	0.96933 	0.98609 	0.98734 	-0.14445 	-0.13669 	-0.15717 	0.05284 	0.00135 	0.54021 	-0.13128 	-0.15724 	0.00318 	-0.16043 	0.22391 	0.07236 	-0.04754 	-0.04498 	-0.05172 	0.04718 	0.00044 	0.12388 	-0.04320 	-0.05175 	0.00188 	-0.05280 	0.07369 	0.07107 	0.00660	0.02614
Replication206	 -1.50682	0.99846	0.97728 	0.98164 	0.98741 	0.98474 	0.98555 	0.99777 	0.97554 	0.97952 	0.99030 	0.97526 	0.99499 	0.99052 	-0.15129 	-0.19552 	-0.13383 	0.05528 	0.00000 	0.50392 	-0.12138 	-0.15648 	0.00273 	-0.17572 	0.31323 	0.06223 	-0.04978 	-0.06433 	-0.04403 	0.05011 	0.00000 	0.12406 	-0.03994 	-0.05148 	0.00155 	-0.05782 	0.10306 	0.06105 	0.00316	0.03245
Replication207	 -1.45847	0.99826	0.97775 	0.98225 	0.98586 	0.98513 	0.98533 	0.99674 	0.96601 	0.97239 	0.98600 	0.96837 	0.98543 	0.98665 	-0.13969 	-0.16071 	-0.13811 	0.05479 	0.00000 	0.55454 	-0.15568 	-0.18470 	0.00327 	-0.13897 	0.23929 	0.07457 	-0.04598 	-0.05289 	-0.04546 	0.04896 	0.00000 	0.12604 	-0.05124 	-0.06079 	0.00194 	-0.04574 	0.07876 	0.07324 	0.00860	0.02683
Replication208	 -1.48706	0.99827	0.97462 	0.98097 	0.98492 	0.98345 	0.98384 	0.99650 	0.96871 	0.97493 	0.98678 	0.96960 	0.98777 	0.98743 	-0.17716 	-0.15421 	-0.15994 	0.05829 	0.00000 	0.55929 	-0.14280 	-0.13127 	0.00318 	-0.17827 	0.25594 	0.07210 	-0.05831 	-0.05076 	-0.05264 	0.05249 	0.00000 	0.13360 	-0.04700 	-0.04321 	0.00186 	-0.05867 	0.08424 	0.07077 	0.00516	0.03238
Replication209	 -1.42749	0.99801	0.97312 	0.97890 	0.98262 	0.98192 	0.98234 	0.99486 	0.95897 	0.96718 	0.98167 	0.96185 	0.97667 	0.98289 	-0.16545 	-0.16769 	-0.14951 	0.06193 	0.00718 	0.63456 	-0.16271 	-0.15252 	0.00384 	-0.14707 	0.16235 	0.08656 	-0.05448 	-0.05522 	-0.04924 	0.05523 	0.00236 	0.14240 	-0.05358 	-0.05023 	0.00231 	-0.04843 	0.05347 	0.08503 	0.01147	0.02961
Replication210	 -1.47051	0.99833	0.97879 	0.98365 	0.98682 	0.98618 	0.98634 	0.99730 	0.96790 	0.97423 	0.98695 	0.96957 	0.98594 	0.98764 	-0.14150 	-0.14330 	-0.13577 	0.05250 	0.00000 	0.53176 	-0.14406 	-0.15314 	0.00314 	-0.15214 	0.21869 	0.07141 	-0.04657 	-0.04716 	-0.04468 	0.04690 	0.00000 	0.12020 	-0.04741 	-0.05040 	0.00186 	-0.05007 	0.07197 	0.07013 	0.00759	0.02476
Replication211	 -1.49967	0.99847	0.98051 	0.98475 	0.98823 	0.98733 	0.98761 	0.99821 	0.97196 	0.97842 	0.98947 	0.97386 	0.99035 	0.98998 	-0.13412 	-0.14949 	-0.13559 	0.04986 	0.00000 	0.49088 	-0.14887 	-0.12453 	0.00282 	-0.14998 	0.23969 	0.06394 	-0.04413 	-0.04918 	-0.04461 	0.04474 	0.00000 	0.11427 	-0.04898 	-0.04097 	0.00164 	-0.04934 	0.07886 	0.06277 	0.00462	0.02507
Replication212	 -1.50176	0.99845	0.97888 	0.98357 	0.98730 	0.98619 	0.98654 	0.99783 	0.97209 	0.97820 	0.98937 	0.97368 	0.99192 	0.98977 	-0.14686 	-0.15548 	-0.14894 	0.05227 	0.00000 	0.50373 	-0.15108 	-0.13673 	0.00284 	-0.15973 	0.27934 	0.06463 	-0.04832 	-0.05116 	-0.04900 	0.04706 	0.00000 	0.12086 	-0.04971 	-0.04499 	0.00164 	-0.05255 	0.09191 	0.06344 	0.00400	0.02919
Replication213	 -1.43670	0.99820	0.97776 	0.98262 	0.98535 	0.98529 	0.98527 	0.99639 	0.96197 	0.97006 	0.98437 	0.96470 	0.98112 	0.98526 	-0.13946 	-0.14262 	-0.13836 	0.05456 	0.00000 	0.57144 	-0.16809 	-0.15386 	0.00348 	-0.15666 	0.20150 	0.07900 	-0.04591 	-0.04695 	-0.04555 	0.04852 	0.00000 	0.12709 	-0.05533 	-0.05065 	0.00209 	-0.05157 	0.06633 	0.07761 	0.01092	0.02569
Replication214	 -1.48363	0.99829	0.97600 	0.98120 	0.98558 	0.98404 	0.98448 	0.99673 	0.96786 	0.97509 	0.98701 	0.97043 	0.98753 	0.98767 	-0.15858 	-0.17010 	-0.14622 	0.05701 	0.00000 	0.55105 	-0.16451 	-0.13570 	0.00315 	-0.14946 	0.24771 	0.07133 	-0.05219 	-0.05598 	-0.04812 	0.05128 	0.00000 	0.13005 	-0.05414 	-0.04466 	0.00184 	-0.04919 	0.08153 	0.07002 	0.00570	0.03043
Replication215	 -1.46266	0.99822	0.97630 	0.98209 	0.98511 	0.98454 	0.98466 	0.99642 	0.96590 	0.97211 	0.98527 	0.96689 	0.98346 	0.98610 	-0.15894 	-0.14057 	-0.14964 	0.05609 	0.00000 	0.56784 	-0.13599 	-0.15105 	0.00337 	-0.16739 	0.20811 	0.07631 	-0.05232 	-0.04627 	-0.04926 	0.05012 	0.00000 	0.12913 	-0.04476 	-0.04972 	0.00200 	-0.05510 	0.06850 	0.07495 	0.00813	0.02726
Replication216	 -1.52567	0.99861	0.98259 	0.98607 	0.98911 	0.98869 	0.98902 	0.99900 	0.97613 	0.98178 	0.99173 	0.97808 	0.99546 	0.99196 	-0.12484 	-0.14828 	-0.15266 	0.04679 	0.00257 	0.45423 	-0.14853 	-0.13226 	0.00252 	-0.13903 	0.28373 	0.05761 	-0.04106 	-0.04877 	-0.05021 	0.04211 	0.00085 	0.11056 	-0.04885 	-0.04350 	0.00145 	-0.04573 	0.09332 	0.05655 	0.00185	0.02671
Replication217	 -1.49708	0.99858	0.97931 	0.98547 	0.98937 	0.98751 	0.98981 	0.99893 	0.97412 	0.98010 	0.99119 	0.97639 	0.99456 	0.99139 	-0.17508 	-0.14182 	-0.13587 	0.04929 	0.04421 	0.45892 	-0.15821 	-0.15256 	0.00259 	-0.14048 	0.29420 	0.05945 	-0.05759 	-0.04665 	-0.04469 	0.04453 	0.01454 	0.10922 	-0.05204 	-0.05018 	0.00150 	-0.04621 	0.09677 	0.05836 	0.00463	0.02756
Replication218	 -1.39563	0.99785	0.97256 	0.97805 	0.98135 	0.98125 	0.98117 	0.99393 	0.95573 	0.96324 	0.97855 	0.95751 	0.96859 	0.98028 	-0.15474 	-0.16612 	-0.14167 	0.06360 	0.00000 	0.67835 	-0.12703 	-0.15035 	0.00424 	-0.14347 	0.05733 	0.09487 	-0.05097 	-0.05472 	-0.04667 	0.05636 	0.00000 	0.14682 	-0.04185 	-0.04953 	0.00258 	-0.04726 	0.01889 	0.09322 	0.01501	0.02687
Replication219	 -1.43621	0.99805	0.97273 	0.97945 	0.98307 	0.98203 	0.98222 	0.99516 	0.96143 	0.96823 	0.98266 	0.96359 	0.97948 	0.98369 	-0.17729 	-0.15139 	-0.15001 	0.06162 	0.00000 	0.62126 	-0.14992 	-0.18006 	0.00372 	-0.14516 	0.19375 	0.08402 	-0.05838 	-0.04985 	-0.04939 	0.05507 	0.00000 	0.14040 	-0.04937 	-0.05929 	0.00222 	-0.04780 	0.06380 	0.08253 	0.01055	0.02995
Replication220	 -1.52472	0.99867	0.98189 	0.98737 	0.98952 	0.98921 	0.99051 	0.99942 	0.97728 	0.98240 	0.99244 	0.97873 	0.99721 	0.99253 	-0.15868 	-0.11551 	-0.16658 	0.04560 	0.02866 	0.43584 	-0.14439 	-0.14175 	0.00242 	-0.14741 	0.30783 	0.05580 	-0.05219 	-0.03799 	-0.05478 	0.04113 	0.00942 	0.10748 	-0.04749 	-0.04662 	0.00139 	-0.04848 	0.10124 	0.05478 	0.00182	0.02791
Replication221	 -1.46571	0.99819	0.97799 	0.98230 	0.98452 	0.98519 	0.98503 	0.99623 	0.96456 	0.97136 	0.98452 	0.96653 	0.98162 	0.98548 	-0.13556 	-0.14656 	-0.16497 	0.05479 	0.00000 	0.57655 	-0.14436 	-0.15020 	0.00346 	-0.14644 	0.18294 	0.07829 	-0.04463 	-0.04825 	-0.05431 	0.04872 	0.00000 	0.13055 	-0.04752 	-0.04944 	0.00207 	-0.04821 	0.06022 	0.07690 	0.00794	0.02612
Replication222	 -1.46642	0.99822	0.97751 	0.98196 	0.98534 	0.98490 	0.98504 	0.99648 	0.96505 	0.97245 	0.98524 	0.96818 	0.98245 	0.98618 	-0.13937 	-0.16006 	-0.14357 	0.05534 	0.00036 	0.56647 	-0.15836 	-0.14825 	0.00337 	-0.12458 	0.18051 	0.07607 	-0.04588 	-0.05269 	-0.04726 	0.04937 	0.00012 	0.12764 	-0.05213 	-0.04880 	0.00200 	-0.04101 	0.05942 	0.07471 	0.00793	0.02550
Replication223	 -1.46933	0.99827	0.97493 	0.98082 	0.98638 	0.98370 	0.98588 	0.99686 	0.96853 	0.97440 	0.98658 	0.97005 	0.98499 	0.98741 	-0.17619 	-0.18656 	-0.11986 	0.05776 	0.03642 	0.55020 	-0.13237 	-0.14877 	0.00321 	-0.14100 	0.19251 	0.07216 	-0.05799 	-0.06140 	-0.03945 	0.05197 	0.01199 	0.12442 	-0.04357 	-0.04896 	0.00188 	-0.04641 	0.06336 	0.07084 	0.00751	0.02667
Replication224	 -1.51547	0.99872	0.98127 	0.98544 	0.98932 	0.98795 	0.98848 	0.99941 	0.98234 	0.98647 	0.99431 	0.98365 	1.00195 	0.99428 	-0.14572 	-0.15725 	-0.16803 	0.04815 	0.00000 	0.42978 	-0.13530 	-0.12854 	0.00220 	-0.13268 	0.33490 	0.05025 	-0.04792 	-0.05171 	-0.05526 	0.04385 	0.00000 	0.11367 	-0.04449 	-0.04227 	0.00121 	-0.04363 	0.11013 	0.04927 	0.00225	0.03285
Replication225	 -1.40626	0.99800	0.97389 	0.98010 	0.98269 	0.98271 	0.98260 	0.99491 	0.95778 	0.96514 	0.98126 	0.96011 	0.97707 	0.98230 	-0.16332 	-0.13973 	-0.15291 	0.06028 	0.00000 	0.63349 	-0.16020 	-0.20049 	0.00389 	-0.15549 	0.19971 	0.08844 	-0.05378 	-0.04601 	-0.05035 	0.05357 	0.00000 	0.14089 	-0.05276 	-0.06602 	0.00235 	-0.05121 	0.06577 	0.08691 	0.01367	0.02935
Replication226	 -1.46241	0.99822	0.97733 	0.98214 	0.98503 	0.98491 	0.98494 	0.99641 	0.96474 	0.97187 	0.98513 	0.96721 	0.98317 	0.98597 	-0.14410 	-0.14959 	-0.15300 	0.05532 	0.00000 	0.56861 	-0.15669 	-0.15603 	0.00338 	-0.14410 	0.20766 	0.07673 	-0.04743 	-0.04924 	-0.05036 	0.04934 	0.00000 	0.12928 	-0.05158 	-0.05136 	0.00201 	-0.04743 	0.06836 	0.07536 	0.00819	0.02694
Replication227	 -1.51800	0.99848	0.97872 	0.98378 	0.98776 	0.98632 	0.98739 	0.99813 	0.97487 	0.97989 	0.99011 	0.97614 	0.99257 	0.99055 	-0.15754 	-0.15798 	-0.14988 	0.05194 	0.01546 	0.49152 	-0.13122 	-0.13818 	0.00274 	-0.13981 	0.25332 	0.06214 	-0.05183 	-0.05197 	-0.04931 	0.04685 	0.00509 	0.11772 	-0.04317 	-0.04546 	0.00158 	-0.04600 	0.08334 	0.06098 	0.00250	0.02781
Replication228	 -1.51907	0.99881	0.98631 	0.98933 	0.99203 	0.99187 	0.99459 	1.00063 	0.97958 	0.98405 	0.99408 	0.98008 	0.99854 	0.99407 	-0.12401 	-0.14647 	-0.14256 	0.03981 	0.06309 	0.38771 	-0.12865 	-0.13867 	0.00219 	-0.15951 	0.29904 	0.05088 	-0.04077 	-0.04816 	-0.04687 	0.03581 	0.02074 	0.09317 	-0.04230 	-0.04559 	0.00127 	-0.05244 	0.09832 	0.04996 	0.00286	0.02314
Replication229	 -1.48435	0.99831	0.97482 	0.98143 	0.98528 	0.98383 	0.98490 	0.99676 	0.96950 	0.97500 	0.98727 	0.97076 	0.98939 	0.98776 	-0.18439 	-0.15272 	-0.16317 	0.05744 	0.01708 	0.54846 	-0.14437 	-0.16880 	0.00312 	-0.15849 	0.28019 	0.07105 	-0.06069 	-0.05026 	-0.05370 	0.05176 	0.00562 	0.13126 	-0.04751 	-0.05555 	0.00182 	-0.05216 	0.09221 	0.06975 	0.00541	0.03255
Replication230	 -1.52742	0.99871	0.98214 	0.98654 	0.99028 	0.98899 	0.99117 	0.99968 	0.97820 	0.98381 	0.99330 	0.98033 	0.99843 	0.99336 	-0.15051 	-0.15564 	-0.14806 	0.04599 	0.04270 	0.42438 	-0.15412 	-0.13130 	0.00231 	-0.13740 	0.31001 	0.05317 	-0.04950 	-0.05118 	-0.04869 	0.04165 	0.01404 	0.10532 	-0.05068 	-0.04318 	0.00131 	-0.04518 	0.10195 	0.05217 	0.00154	0.02804
Replication231	 -1.45010	0.99821	0.97638 	0.98174 	0.98546 	0.98442 	0.98466 	0.99640 	0.96374 	0.97163 	0.98493 	0.96591 	0.98185 	0.98587 	-0.15185 	-0.15440 	-0.13105 	0.05637 	0.00000 	0.57011 	-0.15829 	-0.12814 	0.00341 	-0.16492 	0.19121 	0.07705 	-0.04999 	-0.05083 	-0.04314 	0.05035 	0.00000 	0.12802 	-0.05211 	-0.04218 	0.00203 	-0.05429 	0.06294 	0.07567 	0.00948	0.02649
Replication232	 -1.51062	0.99861	0.98106 	0.98531 	0.98919 	0.98802 	0.99024 	0.99901 	0.97536 	0.98117 	0.99171 	0.97703 	0.99602 	0.99185 	-0.15006 	-0.16560 	-0.14957 	0.04818 	0.04447 	0.45343 	-0.15400 	-0.13782 	0.00252 	-0.15633 	0.30996 	0.05797 	-0.04936 	-0.05447 	-0.04919 	0.04352 	0.01463 	0.11086 	-0.05065 	-0.04533 	0.00145 	-0.05142 	0.10195 	0.05690 	0.00314	0.02889
Replication233	 -1.44820	0.99822	0.97694 	0.98181 	0.98476 	0.98462 	0.98466 	0.99630 	0.96324 	0.97090 	0.98518 	0.96641 	0.98514 	0.98578 	-0.14650 	-0.15215 	-0.15645 	0.05594 	0.00000 	0.57099 	-0.18131 	-0.18346 	0.00338 	-0.14930 	0.27079 	0.07734 	-0.04822 	-0.05008 	-0.05150 	0.04997 	0.00000 	0.13233 	-0.05968 	-0.06039 	0.00201 	-0.04914 	0.08914 	0.07597 	0.00928	0.03040
Replication234	 -1.41028	0.99802	0.97440 	0.98071 	0.98342 	0.98320 	0.98313 	0.99517 	0.95757 	0.96635 	0.98130 	0.96018 	0.97429 	0.98264 	-0.16187 	-0.13527 	-0.13850 	0.05923 	0.00000 	0.62458 	-0.16012 	-0.13509 	0.00388 	-0.16005 	0.12940 	0.08735 	-0.05330 	-0.04454 	-0.04561 	0.05259 	0.00000 	0.13646 	-0.05273 	-0.04449 	0.00235 	-0.05270 	0.04261 	0.08584 	0.01354	0.02647
Replication235	 -1.44825	0.99813	0.97663 	0.98063 	0.98357 	0.98391 	0.98386 	0.99565 	0.96089 	0.96971 	0.98361 	0.96405 	0.98100 	0.98455 	-0.13577 	-0.16841 	-0.16381 	0.05755 	0.00000 	0.59887 	-0.18063 	-0.13743 	0.00358 	-0.16136 	0.21542 	0.08127 	-0.04470 	-0.05545 	-0.05393 	0.05128 	0.00000 	0.13787 	-0.05947 	-0.04524 	0.00215 	-0.05312 	0.07092 	0.07984 	0.00930	0.03014
Replication236	 -1.50242	0.99843	0.97843 	0.98395 	0.98650 	0.98628 	0.98716 	0.99765 	0.97020 	0.97750 	0.98876 	0.97320 	0.99093 	0.98920 	-0.16316 	-0.13620 	-0.17508 	0.05211 	0.01914 	0.51061 	-0.17329 	-0.13283 	0.00291 	-0.14328 	0.27645 	0.06642 	-0.05368 	-0.04482 	-0.05761 	0.04684 	0.00630 	0.12339 	-0.05702 	-0.04370 	0.00170 	-0.04714 	0.09096 	0.06522 	0.00380	0.03044
Replication237	 -1.50800	0.99853	0.98057 	0.98525 	0.98856 	0.98759 	0.98790 	0.99851 	0.97387 	0.97964 	0.99043 	0.97557 	0.99292 	0.99078 	-0.14134 	-0.14061 	-0.14181 	0.04922 	0.00000 	0.47688 	-0.14600 	-0.13868 	0.00269 	-0.14675 	0.26867 	0.06140 	-0.04650 	-0.04626 	-0.04665 	0.04427 	0.00000 	0.11317 	-0.04803 	-0.04562 	0.00156 	-0.04828 	0.08838 	0.06027 	0.00366	0.02631
Replication238	 -1.48821	0.99843	0.97835 	0.98363 	0.98778 	0.98605 	0.98652 	0.99786 	0.97184 	0.97730 	0.98903 	0.97278 	0.99068 	0.98947 	-0.15262 	-0.15197 	-0.12897 	0.05259 	0.00000 	0.50517 	-0.13719 	-0.15011 	0.00288 	-0.16260 	0.26283 	0.06557 	-0.05022 	-0.05000 	-0.04243 	0.04732 	0.00000 	0.11789 	-0.04514 	-0.04939 	0.00167 	-0.05350 	0.08648 	0.06436 	0.00557	0.02704
Replication239	 -1.48612	0.99826	0.97579 	0.98176 	0.98536 	0.98423 	0.98451 	0.99664 	0.96963 	0.97432 	0.98644 	0.97038 	0.98606 	0.98719 	-0.16620 	-0.14866 	-0.15229 	0.05668 	0.00000 	0.55722 	-0.11862 	-0.16801 	0.00323 	-0.14268 	0.21218 	0.07287 	-0.05470 	-0.04893 	-0.05012 	0.05085 	0.00000 	0.12865 	-0.03904 	-0.05530 	0.00189 	-0.04696 	0.06984 	0.07154 	0.00572	0.02769
Replication240	 -1.48392	0.99849	0.97957 	0.98479 	0.98861 	0.98718 	0.98870 	0.99838 	0.97250 	0.97768 	0.98966 	0.97297 	0.99157 	0.99000 	-0.15538 	-0.14950 	-0.13087 	0.05014 	0.02778 	0.48426 	-0.13317 	-0.15392 	0.00279 	-0.17286 	0.27294 	0.06387 	-0.05112 	-0.04918 	-0.04305 	0.04508 	0.00914 	0.11239 	-0.04381 	-0.05064 	0.00163 	-0.05687 	0.08980 	0.06272 	0.00610	0.02608
Replication241	 -1.47899	0.99834	0.97625 	0.98221 	0.98669 	0.98464 	0.98517 	0.99722 	0.97055 	0.97546 	0.98785 	0.97165 	0.98933 	0.98834 	-0.16583 	-0.15606 	-0.13146 	0.05568 	0.00000 	0.53235 	-0.13399 	-0.18055 	0.00304 	-0.14763 	0.26163 	0.06919 	-0.05457 	-0.05136 	-0.04326 	0.05012 	0.00000 	0.12382 	-0.04410 	-0.05942 	0.00177 	-0.04858 	0.08610 	0.06792 	0.00636	0.02843
Replication242	 -1.47560	0.99833	0.97755 	0.98317 	0.98627 	0.98552 	0.98570 	0.99713 	0.96788 	0.97454 	0.98707 	0.96973 	0.98710 	0.98769 	-0.15620 	-0.13796 	-0.14754 	0.05388 	0.00000 	0.53653 	-0.15329 	-0.14781 	0.00313 	-0.15835 	0.24314 	0.07125 	-0.05141 	-0.04540 	-0.04855 	0.04827 	0.00000 	0.12413 	-0.05045 	-0.04864 	0.00184 	-0.05211 	0.08002 	0.06996 	0.00678	0.02766
Replication243	 -1.45755	0.99826	0.97724 	0.98237 	0.98532 	0.98506 	0.98564 	0.99662 	0.96557 	0.97201 	0.98571 	0.96693 	0.98529 	0.98636 	-0.15251 	-0.14946 	-0.15508 	0.05495 	0.01249 	0.55837 	-0.15034 	-0.16786 	0.00331 	-0.17087 	0.25001 	0.07550 	-0.05020 	-0.04919 	-0.05104 	0.04910 	0.00411 	0.12842 	-0.04948 	-0.05525 	0.00197 	-0.05624 	0.08229 	0.07416 	0.00851	0.02863
Replication244	 -1.45078	0.99805	0.97409 	0.97981 	0.98313 	0.98266 	0.98273 	0.99523 	0.96255 	0.96926 	0.98249 	0.96383 	0.97703 	0.98379 	-0.16152 	-0.15693 	-0.15330 	0.06032 	0.00000 	0.61965 	-0.12637 	-0.13332 	0.00374 	-0.15248 	0.12588 	0.08369 	-0.05319 	-0.05168 	-0.05048 	0.05377 	0.00000 	0.13863 	-0.04161 	-0.04390 	0.00224 	-0.05021 	0.04145 	0.08220 	0.00934	0.02722
Replication245	 -1.44423	0.99813	0.97775 	0.98220 	0.98414 	0.98510 	0.98528 	0.99590 	0.96260 	0.96909 	0.98302 	0.96336 	0.97769 	0.98419 	-0.13673 	-0.14368 	-0.16020 	0.05508 	0.01110 	0.59314 	-0.12423 	-0.14338 	0.00365 	-0.16698 	0.14009 	0.08241 	-0.04502 	-0.04730 	-0.05274 	0.04879 	0.00366 	0.13087 	-0.04090 	-0.04720 	0.00221 	-0.05497 	0.04612 	0.08097 	0.01028	0.02448
Replication246	 -1.44898	0.99820	0.97786 	0.98292 	0.98489 	0.98545 	0.98527 	0.99635 	0.96320 	0.97040 	0.98448 	0.96562 	0.98199 	0.98533 	-0.14305 	-0.13058 	-0.15807 	0.05422 	0.00000 	0.57193 	-0.15836 	-0.16870 	0.00346 	-0.14832 	0.20831 	0.07877 	-0.04709 	-0.04298 	-0.05203 	0.04819 	0.00000 	0.12864 	-0.05213 	-0.05553 	0.00208 	-0.04882 	0.06857 	0.07739 	0.00961	0.02627
Replication247	 -1.48711	0.99852	0.97987 	0.98460 	0.98860 	0.98728 	0.98967 	0.99850 	0.97215 	0.97830 	0.99013 	0.97425 	0.99303 	0.99037 	-0.15622 	-0.16523 	-0.14054 	0.04987 	0.04867 	0.47730 	-0.15986 	-0.15968 	0.00273 	-0.15037 	0.29625 	0.06269 	-0.05139 	-0.05436 	-0.04623 	0.04491 	0.01601 	0.11298 	-0.05259 	-0.05253 	0.00159 	-0.04947 	0.09746 	0.06156 	0.00559	0.02794
Replication248	 -1.45002	0.99818	0.97734 	0.98253 	0.98492 	0.98510 	0.98500 	0.99625 	0.96281 	0.97053 	0.98413 	0.96590 	0.98009 	0.98516 	-0.14519 	-0.13587 	-0.14868 	0.05501 	0.00000 	0.57754 	-0.15947 	-0.15233 	0.00351 	-0.13050 	0.16632 	0.07930 	-0.04779 	-0.04473 	-0.04894 	0.04889 	0.00000 	0.12824 	-0.05250 	-0.05015 	0.00211 	-0.04296 	0.05475 	0.07791 	0.00965	0.02483
Replication249	 -1.45532	0.99832	0.97900 	0.98375 	0.98662 	0.98637 	0.98712 	0.99721 	0.96507 	0.97286 	0.98632 	0.96823 	0.98481 	0.98702 	-0.14237 	-0.14461 	-0.13989 	0.05211 	0.01694 	0.53618 	-0.17245 	-0.15682 	0.00322 	-0.14191 	0.22529 	0.07338 	-0.04686 	-0.04759 	-0.04604 	0.04646 	0.00558 	0.12061 	-0.05676 	-0.05161 	0.00192 	-0.04670 	0.07414 	0.07209 	0.00908	0.02524