
Replication	FitnessValue	Frequency	Bus1	Bus2	Bus3	Bus4	Bus5	Bus6	Bus7	Bus8	Bus9	Bus10	Bus11	Bus12	Bus1_P	Bus2_P	Bus3_P	Bus4_P	Bus5_P	Bus6_P	Bus7_P	Bus8_P	Bus9_P	Bus10_P	Bus11_P	Bus12_P	Bus1_Q	Bus2_Q	Bus3_Q	Bus4_Q	Bus5_Q	Bus6_Q	Bus7_Q	Bus8_Q	Bus9_Q	Bus10_Q	Bus11_Q	Bus12_Q	PLoss	QLoss
Replication0	 0.10320	1.01250	0.96391 	0.96333 	0.96341 	0.96172 	0.97040 	0.96250 	1.00532 	1.00918 	1.01012 	1.00926 	1.01809 	1.00847 	-0.01415 	-0.01375 	-0.01656 	-0.05283 	0.00000 	-0.05166 	-0.01326 	-0.01485 	-0.01464 	-0.01488 	0.22732 	-0.02285 	-0.00453 	-0.00440 	-0.00530 	-0.00965 	0.00000 	-0.00917 	-0.00424 	-0.00475 	0.01475 	-0.00476 	0.07272 	0.02103 	0.00489	0.01422
Replication1	 0.04833	1.00677	0.99644 	0.99630 	0.99638 	0.99577 	1.00062 	0.99620 	1.01912 	1.02076 	1.02235 	1.02085 	1.02645 	1.02136 	-0.01668 	-0.01565 	-0.01691 	-0.02090 	0.01045 	-0.02034 	-0.01603 	-0.01633 	-0.00179 	-0.01449 	0.13098 	-0.00514 	-0.00540 	-0.00507 	-0.00547 	0.00249 	0.00338 	0.00267 	-0.00519 	-0.00529 	0.01413 	-0.00469 	0.04238 	0.01862 	0.00149	0.00424
Replication2	 0.05303	1.00886	0.98375 	0.98355 	0.98382 	0.98255 	0.98884 	0.98327 	1.01436 	1.01684 	1.01829 	1.01691 	1.02391 	1.01703 	-0.01692 	-0.01546 	-0.01250 	-0.03307 	0.00000 	-0.03218 	-0.01338 	-0.01623 	-0.00628 	-0.01590 	0.17025 	-0.01139 	-0.00545 	-0.00498 	-0.00403 	-0.00245 	0.00000 	-0.00205 	-0.00431 	-0.00523 	0.01456 	-0.00513 	0.05486 	0.01972 	0.00264	0.00761
Replication3	 0.05497	1.00911	0.98252 	0.98204 	0.98207 	0.98110 	0.98751 	0.98159 	1.01401 	1.01673 	1.01814 	1.01687 	1.02408 	1.01682 	-0.01282 	-0.01573 	-0.01758 	-0.03444 	0.00000 	-0.03369 	-0.01811 	-0.01697 	-0.00664 	-0.01353 	0.17837 	-0.01195 	-0.00413 	-0.00506 	-0.00566 	-0.00296 	0.00000 	-0.00270 	-0.00583 	-0.00547 	0.01479 	-0.00436 	0.05745 	0.02004 	0.00288	0.00828
Replication4	 0.08853	1.01484	0.95170 	0.95099 	0.95126 	0.94895 	0.95923 	0.95002 	1.00005 	1.00471 	1.00548 	1.00482 	1.01494 	1.00357 	-0.01453 	-0.01555 	-0.01372 	-0.06512 	0.00000 	-0.06363 	-0.01365 	-0.01557 	-0.01970 	-0.01479 	0.26526 	-0.02986 	-0.00463 	-0.00495 	-0.00437 	-0.01387 	0.00000 	-0.01319 	-0.00435 	-0.00496 	0.01519 	-0.00471 	0.08446 	0.02223 	0.00670	0.01954
Replication5	 0.09756	1.01656	0.94296 	0.94218 	0.94235 	0.93985 	0.95145 	0.94099 	0.99786 	1.00324 	1.00403 	1.00333 	1.01463 	1.00187 	-0.01623 	-0.01540 	-0.01736 	-0.07399 	0.00000 	-0.07233 	-0.01523 	-0.01517 	-0.02245 	-0.01591 	0.29786 	-0.03388 	-0.00515 	-0.00489 	-0.00551 	-0.01679 	0.00000 	-0.01605 	-0.00483 	-0.00481 	0.01648 	-0.00505 	0.09452 	0.02424 	0.00862	0.02521
Replication6	 0.07620	1.01563	0.94785 	0.94711 	0.94729 	0.94495 	0.95579 	0.94601 	0.99768 	1.00260 	1.00326 	1.00269 	1.01326 	1.00127 	-0.01516 	-0.01488 	-0.01612 	-0.06909 	0.00662 	-0.06754 	-0.01723 	-0.01508 	-0.02175 	-0.01572 	0.27837 	-0.03261 	-0.00482 	-0.00473 	-0.00513 	-0.01509 	0.00211 	-0.01441 	-0.00548 	-0.00479 	0.01501 	-0.00500 	0.08850 	0.02225 	0.00721	0.02105
Replication7	 0.09464	1.01070	0.97400 	0.97372 	0.97392 	0.97240 	0.97991 	0.97321 	1.00785 	1.01097 	1.01185 	1.01105 	1.01854 	1.01047 	-0.01774 	-0.01430 	-0.01454 	-0.04281 	0.01169 	-0.04175 	-0.01613 	-0.01403 	-0.01166 	-0.01351 	0.19086 	-0.01850 	-0.00569 	-0.00459 	-0.00467 	-0.00585 	0.00375 	-0.00537 	-0.00518 	-0.00450 	0.01350 	-0.00434 	0.06128 	0.01906 	0.00328	0.00950
Replication8	 0.05404	1.01158	0.96887 	0.96819 	0.96840 	0.96682 	0.97497 	0.96758 	1.00788 	1.01154 	1.01259 	1.01160 	1.02008 	1.01100 	-0.01255 	-0.01822 	-0.01512 	-0.04794 	0.00000 	-0.04684 	-0.01686 	-0.01398 	-0.01232 	-0.01520 	0.21618 	-0.01972 	-0.00402 	-0.00584 	-0.00485 	-0.00795 	0.00000 	-0.00749 	-0.00540 	-0.00448 	0.01490 	-0.00487 	0.06928 	0.02091 	0.00437	0.01269
Replication9	 0.08234	1.01651	0.94325 	0.94249 	0.94273 	0.94015 	0.95155 	0.94132 	0.99682 	1.00223 	1.00275 	1.00232 	1.01324 	1.00065 	-0.01524 	-0.01462 	-0.01457 	-0.07372 	0.00000 	-0.07205 	-0.01610 	-0.01323 	-0.02304 	-0.01373 	0.29106 	-0.03453 	-0.00484 	-0.00464 	-0.00462 	-0.01667 	0.00000 	-0.01591 	-0.00511 	-0.00420 	0.01579 	-0.00436 	0.09236 	0.02344 	0.00822	0.02406