
Replication	FitnessValue	Frequency	Bus1	Bus2	Bus3	Bus4	Bus5	Bus6	Bus1_P	Bus2_P	Bus3_P	Bus4_P	Bus5_P	Bus6_P	Bus1_Q	Bus2_Q	Bus3_Q	Bus4_Q	Bus5_Q	Bus6_Q	PLoss	QLoss
Replication0	 -1.48785	0.99875	0.96850 	0.96922 	0.98611 	0.98251 	0.97924 	0.99010 	-0.17252 	-0.46542 	0.08280 	0.24818 	0.01492 	0.29840 	-0.05673 	-0.15304 	0.02723 	0.10843 	0.00490 	0.08878 	0.00636	0.01957
Replication1	 -1.50884	1.00071	1.01490 	1.01829 	1.03765 	1.01580 	1.02216 	1.02381 	-0.06829 	-0.15784 	0.50151 	-0.07720 	0.00000 	-0.19369 	-0.02237 	-0.05170 	0.16426 	0.00194 	0.00000 	-0.07497 	0.00449	0.01716
Replication2	 -1.44951	0.99973	1.01705 	0.98738 	1.00440 	1.00317 	1.00466 	1.00370 	0.37387 	-0.67716 	0.13930 	0.05911 	0.03110 	0.08348 	0.12269 	-0.22223 	0.04571 	0.02950 	0.01021 	0.03906 	0.00969	0.02494
Replication3	 0.01318	1.00204	1.04233 	1.05746 	1.06318 	1.03965 	1.05093 	1.04420 	-0.11852 	0.41504 	0.49466 	-0.30631 	0.02772 	-0.50373 	-0.03872 	0.13558 	0.16159 	-0.07838 	0.00905 	-0.16184 	0.00885	0.02728
Replication4	 -1.43329	0.99991	0.98385 	1.01717 	1.00023 	1.00545 	1.00200 	1.00645 	-0.45987 	0.63814 	-0.24400 	0.03453 	0.00000 	0.04205 	-0.15086 	0.20935 	-0.08004 	0.02445 	0.00000 	0.02693 	0.01086	0.02983
Replication5	 0.01568	0.99735	0.93432 	0.93763 	0.93446 	0.95954 	0.94392 	0.96096 	-0.25876 	-0.38961 	-0.50966 	0.47503 	0.00000 	0.69878 	-0.08533 	-0.12847 	-0.16805 	0.17955 	0.00000 	0.25556 	0.01577	0.05325
Replication6	 0.01023	0.99796	0.96070 	0.96047 	0.93977 	0.97525 	0.95986 	0.96875 	-0.10827 	-0.07482 	-0.71529 	0.33900 	0.00000 	0.57175 	-0.03566 	-0.02464 	-0.23557 	0.11176 	0.00000 	0.23090 	0.01237	0.04680
Replication7	 0.02336	1.00218	1.07336 	1.05066 	1.06006 	1.04534 	1.05644 	1.04286 	0.50702 	-0.11053 	0.44266 	-0.35088 	0.02485 	-0.50222 	0.16558 	-0.03610 	0.14456 	-0.10759 	0.00811 	-0.13728 	0.01090	0.03729
Replication8	 0.00598	0.99777	0.94900 	0.95170 	0.94402 	0.96914 	0.95674 	0.96841 	-0.21126 	-0.26646 	-0.52480 	0.38939 	0.03318 	0.59122 	-0.06960 	-0.08779 	-0.17290 	0.14068 	0.01093 	0.21815 	0.01127	0.03948
Replication9	 0.01669	0.99839	0.93331 	0.96764 	0.97229 	0.97214 	0.96411 	0.98274 	-0.63071 	0.02680 	-0.11471 	0.33523 	0.00000 	0.39975 	-0.20754 	0.00882 	-0.03775 	0.15589 	0.00000 	0.13075 	0.01637	0.05018
Replication10	 0.01381	0.99758	0.94958 	0.93619 	0.94567 	0.96341 	0.95109 	0.96590 	-0.03916 	-0.70735 	-0.30700 	0.43744 	0.00000 	0.63193 	-0.01291 	-0.23314 	-0.10118 	0.16701 	0.00000 	0.22628 	0.01586	0.04606
Replication11	 -1.46921	0.99977	0.99280 	1.01445 	0.99122 	1.00641 	1.00093 	1.00239 	-0.28033 	0.57002 	-0.41181 	0.03628 	0.00000 	0.09356 	-0.09199 	0.18705 	-0.13514 	0.01028 	0.00000 	0.05456 	0.00772	0.02477
Replication12	 0.00758	1.00154	1.05758 	1.04629 	1.04003 	1.03828 	1.04358 	1.03238 	0.32776 	0.20747 	0.08665 	-0.26956 	0.00000 	-0.34691 	0.10717 	0.06784 	0.02833 	-0.09735 	0.00000 	-0.08859 	0.00542	0.01741
Replication13	 -1.52201	0.99915	0.97377 	0.99027 	0.99044 	0.99199 	0.98789 	0.99629 	-0.31443 	0.04323 	-0.09395 	0.16427 	0.00000 	0.20461 	-0.10331 	0.01420 	-0.03087 	0.06932 	0.00000 	0.06218 	0.00373	0.01153
Replication14	 -1.54574	0.99933	0.99378 	0.98756 	0.99640 	0.99658 	0.99532 	0.99914 	0.00538 	-0.32873 	0.01891 	0.12454 	0.01991 	0.16194 	0.00177 	-0.10797 	0.00621 	0.04951 	0.00654 	0.04939 	0.00196	0.00546
Replication15	 0.04607	0.99695	0.90393 	0.91032 	0.93640 	0.94180 	0.92749 	0.95539 	-0.42369 	-0.84220 	-0.10101 	0.61236 	0.00000 	0.78624 	-0.13982 	-0.27793 	-0.03333 	0.27245 	0.00000 	0.27638 	0.03171	0.09775
Replication16	 -1.41272	0.99934	0.96518 	1.00109 	0.98739 	0.99386 	0.98851 	0.99711 	-0.54611 	0.50160 	-0.27822 	0.14169 	0.01249 	0.18091 	-0.17936 	0.16474 	-0.09138 	0.06773 	0.00410 	0.06998 	0.01236	0.03582
Replication17	 -1.56630	0.99968	1.00433 	1.00306 	0.99938 	1.00536 	1.00308 	1.00385 	0.00608 	-0.01314 	-0.12717 	0.04795 	0.00000 	0.08661 	0.00200 	-0.00431 	-0.04174 	0.01223 	0.00000 	0.03304 	0.00033	0.00121
Replication18	 0.04448	0.99660	0.91422 	0.91288 	0.90552 	0.94413 	0.92245 	0.94365 	-0.25487 	-0.53736 	-0.73286 	0.61679 	0.00744 	0.92986 	-0.08417 	-0.17745 	-0.24202 	0.23773 	0.00246 	0.36127 	0.02901	0.09783
Replication19	 -1.48881	0.99838	0.97316 	0.96415 	0.96598 	0.98094 	0.97291 	0.98082 	-0.00861 	-0.41419 	-0.28150 	0.27887 	0.01231 	0.41945 	-0.00283 	-0.13630 	-0.09263 	0.09819 	0.00405 	0.14843 	0.00633	0.01891
Replication20	 0.00298	0.99824	0.94702 	0.96443 	0.96531 	0.97427 	0.96637 	0.97971 	-0.40531 	-0.13580 	-0.25292 	0.32979 	0.03159 	0.44182 	-0.13341 	-0.04470 	-0.08325 	0.13371 	0.01040 	0.14769 	0.00917	0.03044
Replication21	 -1.42137	0.99955	1.01061 	1.00507 	0.97246 	1.00690 	0.99760 	0.99345 	0.13960 	0.32369 	-0.70489 	0.04540 	0.00810 	0.19904 	0.04583 	0.10627 	-0.23141 	-0.00522 	0.00266 	0.12311 	0.01093	0.04123
Replication22	 -1.54466	0.99996	1.02059 	1.00632 	1.00413 	1.01119 	1.01005 	1.00726 	0.22838 	-0.14936 	-0.10196 	-0.00529 	0.00000 	0.03030 	0.07491 	-0.04899 	-0.03345 	-0.01009 	0.00000 	0.02310 	0.00207	0.00549
Replication23	 -1.49099	0.99918	1.00608 	0.98577 	0.97905 	0.99840 	0.99210 	0.99198 	0.26744 	-0.28730 	-0.33946 	0.12125 	0.00000 	0.24430 	0.08787 	-0.09439 	-0.11153 	0.02930 	0.00000 	0.10637 	0.00624	0.01761
Replication24	 -1.47263	0.99908	1.00501 	0.98270 	0.97511 	0.99678 	0.98967 	0.98969 	0.29188 	-0.31642 	-0.37980 	0.13720 	0.00000 	0.27481 	0.09591 	-0.10398 	-0.12480 	0.03425 	0.00000 	0.12037 	0.00767	0.02175
Replication25	 -1.53329	0.99892	0.97468 	0.98265 	0.98376 	0.98904 	0.98379 	0.99194 	-0.20948 	-0.10934 	-0.14112 	0.19641 	0.00000 	0.26635 	-0.06886 	-0.03594 	-0.04639 	0.07552 	0.00000 	0.08501 	0.00282	0.00934
Replication26	 0.05411	0.99738	0.89589 	0.92995 	0.94680 	0.94749 	0.93466 	0.96342 	-0.72802 	-0.35924 	-0.11194 	0.55175 	0.00639 	0.67260 	-0.24004 	-0.11845 	-0.03691 	0.25921 	0.00211 	0.23380 	0.03154	0.09972
Replication27	 -1.45810	1.00004	1.03344 	1.00356 	1.00029 	1.01347 	1.01160 	1.00577 	0.49116 	-0.31731 	-0.17728 	-0.02501 	0.00000 	0.03739 	0.16109 	-0.10407 	-0.05814 	-0.02005 	0.00000 	0.04484 	0.00895	0.02367
Replication28	 -1.49469	0.99893	0.98606 	0.98858 	0.96885 	0.99375 	0.98431 	0.98741 	-0.06724 	0.13165 	-0.53349 	0.16518 	0.00000 	0.30937 	-0.02210 	0.04327 	-0.17536 	0.04570 	0.00000 	0.13015 	0.00546	0.02165
Replication29	 -1.55201	0.99950	0.98819 	0.99836 	0.99954 	0.99935 	0.99798 	1.00241 	-0.20316 	0.01124 	-0.03739 	0.09679 	0.01855 	0.11541 	-0.06670 	0.00369 	-0.01227 	0.04136 	0.00609 	0.03226 	0.00144	0.00442
Replication30	 -1.47534	0.99855	0.96187 	0.97817 	0.96572 	0.98326 	0.97353 	0.98306 	-0.32073 	0.11496 	-0.42714 	0.25446 	0.00180 	0.38367 	-0.10550 	0.03782 	-0.14051 	0.09241 	0.00059 	0.14060 	0.00703	0.02540
Replication31	 -1.52167	0.99894	0.97439 	0.98719 	0.97970 	0.99053 	0.98391 	0.99117 	-0.25295 	0.07844 	-0.27901 	0.18533 	0.00000 	0.27183 	-0.08314 	0.02578 	-0.09171 	0.06721 	0.00000 	0.09465 	0.00364	0.01279
Replication32	 -1.50210	0.99851	0.96858 	0.97446 	0.96595 	0.98360 	0.97424 	0.98262 	-0.18293 	-0.06687 	-0.39120 	0.25461 	0.00000 	0.39143 	-0.06018 	-0.02200 	-0.12870 	0.08794 	0.00000 	0.14143 	0.00503	0.01849
Replication33	 0.02208	0.99750	0.92792 	0.94614 	0.93549 	0.96122 	0.94585 	0.96298 	-0.43827 	-0.10473 	-0.57976 	0.45602 	0.01678 	0.66694 	-0.14447 	-0.03452 	-0.19112 	0.17680 	0.00553 	0.24810 	0.01698	0.06031
Replication34	 -1.47479	0.99887	0.99740 	0.97655 	0.97173 	0.99235 	0.98560 	0.98681 	0.23399 	-0.38077 	-0.36493 	0.17766 	0.02123 	0.32035 	0.07692 	-0.12518 	-0.11997 	0.05135 	0.00698 	0.13089 	0.00753	0.02100
Replication35	 -1.32937	1.00000	1.04049 	1.00135 	0.98602 	1.01403 	1.00848 	0.99983 	0.67618 	-0.27299 	-0.45749 	-0.02587 	0.00000 	0.09936 	0.22179 	-0.08954 	-0.15006 	-0.02640 	0.00000 	0.09856 	0.01919	0.05434
Replication36	 0.00332	0.99935	0.94668 	0.98718 	1.00360 	0.98449 	0.98373 	1.00057 	-0.69596 	0.07555 	0.27884 	0.20194 	0.01306 	0.14645 	-0.22857 	0.02481 	0.09158 	0.12904 	0.00429 	0.03710 	0.01990	0.05826
Replication37	 -1.54026	0.99911	0.97917 	0.98927 	0.98785 	0.99293 	0.98842 	0.99519 	-0.21860 	-0.01258 	-0.14707 	0.16018 	0.00216 	0.21821 	-0.07183 	-0.00414 	-0.04832 	0.06131 	0.00071 	0.06990 	0.00229	0.00763
Replication38	 0.07454	0.99622	0.87546 	0.89773 	0.89861 	0.92862 	0.90617 	0.93678 	-0.62590 	-0.49721 	-0.63427 	0.73866 	0.03282 	1.02862 	-0.20685 	-0.16432 	-0.20962 	0.31703 	0.01085 	0.39618 	0.04272	0.14326
Replication39	 0.04630	0.99756	0.90370 	0.93566 	0.95268 	0.95189 	0.94113 	0.96732 	-0.69423 	-0.35268 	-0.08043 	0.51292 	0.02297 	0.61934 	-0.22882 	-0.11624 	-0.02651 	0.24088 	0.00757 	0.21128 	0.02788	0.08816
Replication40	 -1.48587	1.00107	1.01901 	1.02768 	1.04676 	1.02095 	1.02895 	1.02985 	-0.12395 	-0.03467 	0.57862 	-0.13088 	0.00000 	-0.28289 	-0.04057 	-0.01135 	0.18938 	-0.01123 	0.00000 	-0.10341 	0.00623	0.02283
Replication41	 0.00503	0.99849	0.94497 	0.97000 	0.97505 	0.97630 	0.97065 	0.98490 	-0.50805 	-0.07170 	-0.11970 	0.30278 	0.03720 	0.37043 	-0.16714 	-0.02359 	-0.03938 	0.13447 	0.01224 	0.11796 	0.01096	0.03456
Replication42	 0.00316	0.99771	0.94708 	0.94697 	0.94684 	0.96683 	0.95405 	0.96837 	-0.18820 	-0.40220 	-0.40349 	0.40812 	0.00000 	0.59717 	-0.06201 	-0.13253 	-0.13295 	0.15198 	0.00000 	0.21296 	0.01141	0.03745
Replication43	 -1.53501	0.99889	0.98245 	0.97900 	0.98157 	0.98971 	0.98537 	0.99073 	-0.05447 	-0.27833 	-0.16525 	0.19382 	0.02616 	0.28080 	-0.01791 	-0.09150 	-0.05432 	0.06937 	0.00860 	0.09412 	0.00274	0.00837
Replication44	 -1.50744	0.99851	0.97118 	0.97311 	0.96664 	0.98379 	0.97475 	0.98273 	-0.13087 	-0.14153 	-0.36671 	0.25339 	0.00000 	0.39040 	-0.04305 	-0.04656 	-0.12064 	0.08666 	0.00000 	0.14030 	0.00467	0.01671
Replication45	 -1.44650	0.99866	0.99206 	0.97507 	0.95978 	0.98983 	0.97908 	0.98123 	0.19254 	-0.21585 	-0.56451 	0.20542 	0.00000 	0.39182 	0.06332 	-0.07099 	-0.18566 	0.05621 	0.00000 	0.16799 	0.00941	0.03087
Replication46	 0.02887	0.99793	0.92113 	0.94764 	0.96419 	0.96117 	0.95206 	0.97490 	-0.59066 	-0.32284 	-0.01420 	0.43254 	0.00000 	0.51525 	-0.19454 	-0.10633 	-0.00468 	0.20091 	0.00000 	0.16782 	0.02009	0.06318
Replication47	 0.01803	0.99755	0.93197 	0.94441 	0.94126 	0.96190 	0.94917 	0.96522 	-0.38083 	-0.26842 	-0.46435 	0.44897 	0.03826 	0.64116 	-0.12553 	-0.08848 	-0.15306 	0.17499 	0.01261 	0.23019 	0.01478	0.05073
Replication48	 0.01552	0.99822	0.93448 	0.95332 	0.97475 	0.96719 	0.96067 	0.98089 	-0.48159 	-0.42383 	0.11213 	0.37716 	0.00000 	0.43237 	-0.15853 	-0.13951 	0.03691 	0.17826 	0.00000 	0.13403 	0.01625	0.05117
Replication49	 0.01167	0.99816	0.93833 	0.95435 	0.97097 	0.96837 	0.96098 	0.97961 	-0.43132 	-0.39004 	0.01201 	0.37284 	0.00000 	0.44991 	-0.14200 	-0.12841 	0.00395 	0.16722 	0.00000 	0.14148 	0.01340	0.04225
Replication50	 -1.55631	0.99995	0.99915 	1.01025 	1.01092 	1.00727 	1.00758 	1.01004 	-0.17863 	0.11200 	0.03762 	0.02042 	0.00609 	0.00365 	-0.05860 	0.03674 	0.01234 	0.01502 	0.00200 	-0.00445 	0.00114	0.00305
Replication51	 -1.56627	0.99972	1.00141 	1.00497 	1.00128 	1.00546 	1.00412 	1.00500 	-0.06962 	0.04687 	-0.10928 	0.04494 	0.01558 	0.07185 	-0.02285 	0.01538 	-0.03587 	0.01399 	0.00511 	0.02544 	0.00033	0.00121
Replication52	 0.06885	0.99754	0.88115 	0.91918 	0.95726 	0.94046 	0.93033 	0.96544 	-0.83288 	-0.62113 	0.26253 	0.58836 	0.01217 	0.63952 	-0.27453 	-0.20474 	0.08653 	0.31379 	0.00401 	0.22766 	0.04857	0.15272
Replication53	 -1.44043	0.99867	0.99042 	0.96460 	0.97320 	0.98594 	0.97947 	0.98467 	0.25325 	-0.65827 	-0.17302 	0.23049 	0.00000 	0.35803 	0.08329 	-0.21649 	-0.05690 	0.08166 	0.00000 	0.13479 	0.01048	0.02635
Replication54	 -1.53550	0.99997	1.01016 	0.99992 	1.01519 	1.00643 	1.00845 	1.01023 	0.10305 	-0.36873 	0.24264 	0.02506 	0.00000 	0.00066 	0.03380 	-0.12095 	0.07959 	0.02121 	0.00000 	-0.00511 	0.00268	0.00854
Replication55	 -1.51828	0.99997	1.02506 	1.00437 	1.00297 	1.01163 	1.01066 	1.00664 	0.32729 	-0.24219 	-0.11433 	-0.00896 	0.00725 	0.03512 	0.10736 	-0.07944 	-0.03750 	-0.01219 	0.00238 	0.03026 	0.00417	0.01086
Replication56	 -1.54534	0.99902	0.98204 	0.98445 	0.98557 	0.99174 	0.98695 	0.99335 	-0.11908 	-0.15652 	-0.14031 	0.17342 	0.00000 	0.24440 	-0.03913 	-0.05144 	-0.04611 	0.06349 	0.00000 	0.07951 	0.00191	0.00631
Replication57	 0.00278	0.99817	0.94722 	0.96204 	0.96339 	0.97323 	0.96385 	0.97828 	-0.36810 	-0.17524 	-0.25520 	0.34095 	0.00425 	0.46226 	-0.12118 	-0.05769 	-0.08401 	0.13612 	0.00140 	0.15501 	0.00892	0.02965
Replication58	 -1.50971	0.99890	0.98759 	0.98584 	0.97064 	0.99316 	0.98444 	0.98765 	-0.01768 	0.01168 	-0.46964 	0.17058 	0.00000 	0.30947 	-0.00581 	0.00384 	-0.15438 	0.04790 	0.00000 	0.12545 	0.00442	0.01699
Replication59	 -1.49580	0.99842	0.97378 	0.96582 	0.96722 	0.98173 	0.97341 	0.98162 	-0.01546 	-0.38445 	-0.27404 	0.27147 	0.00000 	0.40824 	-0.00509 	-0.12650 	-0.09017 	0.09526 	0.00000 	0.14392 	0.00577	0.01743
Replication60	 0.00052	0.99847	0.94948 	0.97621 	0.96509 	0.97927 	0.96919 	0.98199 	-0.47790 	0.19639 	-0.39295 	0.28475 	0.00000 	0.40066 	-0.15723 	0.06461 	-0.12928 	0.11397 	0.00000 	0.14448 	0.01095	0.03655
Replication61	 -1.56084	1.00027	1.02267 	1.01769 	1.01201 	1.01646 	1.01652 	1.01297 	0.11865 	0.07128 	-0.08093 	-0.05689 	0.00000 	-0.05137 	0.03890 	0.02337 	-0.02653 	-0.02692 	0.00000 	-0.00642 	0.00075	0.00240
Replication62	 0.03285	0.99776	0.91715 	0.94397 	0.95794 	0.95851 	0.94797 	0.97142 	-0.59851 	-0.31232 	-0.09080 	0.45927 	0.00000 	0.56329 	-0.19719 	-0.10290 	-0.02992 	0.20875 	0.00000 	0.18751 	0.02094	0.06626
Replication63	 0.02014	1.00218	1.07014 	1.05645 	1.05871 	1.04658 	1.05637 	1.04318 	0.38532 	0.13111 	0.34426 	-0.35871 	0.01129 	-0.50501 	0.12584 	0.04282 	0.11243 	-0.11583 	0.00369 	-0.14070 	0.00825	0.02823
Replication64	 -1.52551	0.99954	1.00512 	1.00288 	0.98595 	1.00519 	1.00142 	0.99848 	0.03394 	0.12858 	-0.41687 	0.05679 	0.05046 	0.15039 	0.01114 	0.04221 	-0.13686 	0.00566 	0.01657 	0.07369 	0.00329	0.01241
Replication65	 -1.51191	0.99910	1.00012 	0.98509 	0.97884 	0.99664 	0.99149 	0.99161 	0.16796 	-0.25224 	-0.33138 	0.13678 	0.02931 	0.25412 	0.05519 	-0.08288 	-0.10889 	0.03654 	0.00963 	0.10375 	0.00456	0.01335
Replication66	 -1.47613	0.99855	0.95557 	0.96995 	0.97842 	0.97900 	0.97290 	0.98645 	-0.35307 	-0.21368 	-0.05806 	0.28177 	0.00000 	0.35025 	-0.11614 	-0.07029 	-0.01910 	0.12033 	0.00000 	0.10809 	0.00721	0.02288
Replication67	 0.04213	0.99826	0.90787 	0.95100 	0.97571 	0.95966 	0.95269 	0.98018 	-0.81358 	-0.22622 	0.21232 	0.42392 	0.00025 	0.43621 	-0.26779 	-0.07446 	0.06988 	0.22913 	0.00008 	0.14403 	0.03289	0.10088
Replication68	 0.01149	1.00194	1.06149 	1.05292 	1.05382 	1.04278 	1.05345 	1.04015 	0.27037 	0.16748 	0.28423 	-0.32083 	0.06037 	-0.45566 	0.08834 	0.05472 	0.09287 	-0.10443 	0.01972 	-0.13105 	0.00596	0.02018
Replication69	 -1.53748	0.99990	1.01324 	1.01258 	0.99654 	1.01133 	1.00764 	1.00500 	0.05199 	0.21782 	-0.32147 	-0.00299 	0.00000 	0.05707 	0.01706 	0.07146 	-0.10546 	-0.01422 	0.00000 	0.04022 	0.00243	0.00905
Replication70	 -1.52395	1.00108	1.04188 	1.03991 	1.02747 	1.03096 	1.03342 	1.02496 	0.15725 	0.34983 	-0.07179 	-0.19605 	0.00000 	-0.23567 	0.05147 	0.11450 	-0.02350 	-0.07589 	0.00000 	-0.05544 	0.00357	0.01114
Replication71	 -1.53508	1.00128	1.04046 	1.03873 	1.04248 	1.03077 	1.03719 	1.03109 	0.11441 	0.12652 	0.28040 	-0.20620 	0.00000 	-0.31249 	0.03743 	0.04139 	0.09174 	-0.06322 	0.00000 	-0.09801 	0.00264	0.00934
Replication72	 -1.50519	0.99878	0.98954 	0.97540 	0.97341 	0.98979 	0.98261 	0.98679 	0.12044 	-0.34747 	-0.29532 	0.19934 	0.00000 	0.32813 	0.03960 	-0.11425 	-0.09710 	0.06290 	0.00000 	0.12348 	0.00511	0.01463
Replication73	 -1.51844	1.00082	1.02036 	1.02180 	1.03902 	1.01867 	1.02521 	1.02533 	-0.02144 	-0.12911 	0.47385 	-0.10188 	0.00000 	-0.21764 	-0.00702 	-0.04228 	0.15517 	-0.01054 	0.00000 	-0.08063 	0.00377	0.01469
Replication74	 -1.53123	1.00071	1.01333 	1.02850 	1.03086 	1.01897 	1.02292 	1.02287 	-0.19091 	0.26327 	0.21262 	-0.09754 	0.00000 	-0.18433 	-0.06253 	0.08623 	0.06964 	-0.01877 	0.00000 	-0.06619 	0.00312	0.00838
Replication75	 -1.50604	0.99847	0.96941 	0.96810 	0.97037 	0.98164 	0.97457 	0.98329 	-0.11741 	-0.31788 	-0.23350 	0.26940 	0.01630 	0.38801 	-0.03863 	-0.10458 	-0.07682 	0.09857 	0.00536 	0.13176 	0.00492	0.01565
Replication76	 0.05372	0.99631	0.89628 	0.90220 	0.89898 	0.93535 	0.91187 	0.93825 	-0.38787 	-0.57312 	-0.70099 	0.69017 	0.00000 	1.00704 	-0.12816 	-0.18938 	-0.23163 	0.27823 	0.00000 	0.38913 	0.03524	0.11820
Replication77	 0.01990	0.99761	0.93536 	0.93010 	0.95558 	0.95797 	0.94861 	0.96836 	-0.21026 	-0.84605 	-0.01054 	0.47104 	0.01087 	0.60542 	-0.06930 	-0.27883 	-0.00347 	0.20399 	0.00358 	0.20484 	0.02047	0.06080
Replication78	 -1.52566	1.00146	1.04313 	1.04537 	1.04481 	1.03418 	1.04071 	1.03358 	0.07851 	0.27544 	0.23906 	-0.23817 	0.00000 	-0.35143 	0.02568 	0.09008 	0.07818 	-0.07552 	0.00000 	-0.10745 	0.00342	0.01097
Replication79	 0.02089	0.99742	0.92911 	0.93867 	0.94019 	0.95881 	0.94449 	0.96333 	-0.35337 	-0.37497 	-0.40270 	0.47630 	0.00000 	0.67053 	-0.11651 	-0.12363 	-0.13277 	0.18775 	0.00000 	0.23770 	0.01578	0.05254
Replication80	 -1.55177	0.99926	0.99021 	0.99314 	0.98801 	0.99753 	0.99490 	0.99672 	-0.10251 	-0.03156 	-0.22763 	0.12200 	0.05023 	0.19086 	-0.03367 	-0.01037 	-0.07477 	0.03983 	0.01650 	0.06761 	0.00139	0.00512
Replication81	 -1.54892	0.99935	1.00042 	0.99468 	0.98782 	1.00063 	0.99592 	0.99713 	0.05768 	-0.07586 	-0.25640 	0.09688 	0.00000 	0.17933 	0.01894 	-0.02491 	-0.08421 	0.02470 	0.00000 	0.07106 	0.00163	0.00558
Replication82	 0.03394	0.99733	0.91606 	0.93884 	0.93507 	0.95535 	0.93937 	0.96085 	-0.52549 	-0.18039 	-0.47906 	0.50353 	0.00000 	0.70177 	-0.17328 	-0.05949 	-0.15797 	0.20541 	0.00000 	0.25459 	0.02036	0.06926
Replication83	 -1.44956	0.99951	0.97725 	1.00677 	0.98920 	0.99924 	0.99362 	0.99938 	-0.42943 	0.52658 	-0.32964 	0.09732 	0.00000 	0.14455 	-0.14099 	0.17289 	-0.10823 	0.04231 	0.00000 	0.06205 	0.00938	0.02803
Replication84	 -1.52282	0.99950	1.01181 	0.99577 	0.98900 	1.00415 	0.99978 	0.99838 	0.23112 	-0.17843 	-0.26919 	0.06561 	0.00000 	0.15462 	0.07588 	-0.05858 	-0.08838 	0.01024 	0.00000 	0.07156 	0.00373	0.01071
Replication85	 -1.50970	0.99865	0.96490 	0.97476 	0.97737 	0.98321 	0.97671 	0.98730 	-0.26278 	-0.15920 	-0.15711 	0.24942 	0.00000 	0.33428 	-0.08643 	-0.05236 	-0.05167 	0.09817 	0.00000 	0.10741 	0.00461	0.01512
Replication86	 -1.54565	1.00024	1.02289 	1.01977 	1.00700 	1.01713 	1.01571 	1.01129 	0.10948 	0.19857 	-0.21325 	-0.05988 	0.00000 	-0.03305 	0.03589 	0.06510 	-0.06991 	-0.03256 	0.00000 	0.00793 	0.00187	0.00644
Replication87	 -1.47697	0.99823	0.96822 	0.96284 	0.95840 	0.97886 	0.96904 	0.97722 	-0.05790 	-0.31162 	-0.40759 	0.30086 	0.01616 	0.46717 	-0.01906 	-0.10257 	-0.13417 	0.10318 	0.00532 	0.17064 	0.00708	0.02334
Replication88	 0.04399	0.99690	0.90601 	0.92582 	0.91820 	0.94729 	0.92755 	0.95103 	-0.50956 	-0.24809 	-0.62914 	0.57971 	0.00000 	0.83313 	-0.16817 	-0.08188 	-0.20764 	0.23382 	0.00000 	0.31430 	0.02605	0.09043
Replication89	 -1.47660	0.99899	0.97259 	0.99224 	0.97445 	0.99181 	0.98339 	0.98999 	-0.32174 	0.31621 	-0.44138 	0.17446 	0.00000 	0.27944 	-0.10575 	0.10393 	-0.14507 	0.06149 	0.00000 	0.11000 	0.00699	0.02461
Replication90	 -1.51484	0.99929	0.99067 	0.99917 	0.98077 	0.99950 	0.99247 	0.99472 	-0.13117 	0.25259 	-0.43295 	0.10763 	0.00000 	0.20794 	-0.04308 	0.08297 	-0.14221 	0.02857 	0.00000 	0.08936 	0.00404	0.01561
Replication91	 -1.54457	1.00058	1.03327 	1.01997 	1.02224 	1.02076 	1.02450 	1.01841 	0.24211 	-0.11590 	0.07997 	-0.10213 	0.02834 	-0.13037 	0.07932 	-0.03797 	0.02620 	-0.03746 	0.00929 	-0.03337 	0.00202	0.00600
Replication92	 -1.52337	0.99881	0.97612 	0.98319 	0.97470 	0.98925 	0.98166 	0.98832 	-0.17573 	0.00307 	-0.33507 	0.20085 	0.00000 	0.31033 	-0.05778 	0.00101 	-0.11017 	0.06830 	0.00000 	0.11151 	0.00346	0.01288
Replication93	 0.03345	0.99693	0.91655 	0.92166 	0.92423 	0.94868 	0.93151 	0.95304 	-0.33987 	-0.53524 	-0.49321 	0.56921 	0.01064 	0.81142 	-0.11217 	-0.17664 	-0.16277 	0.22629 	0.00351 	0.29705 	0.02294	0.07528
Replication94	 0.01204	0.99796	0.93796 	0.95595 	0.95777 	0.96829 	0.95751 	0.97438 	-0.42844 	-0.18554 	-0.27638 	0.38454 	0.00000 	0.51757 	-0.14110 	-0.06111 	-0.09102 	0.15653 	0.00000 	0.17554 	0.01174	0.03883
Replication95	 -1.47784	1.00117	1.01623 	1.03656 	1.04560 	1.02356 	1.03062 	1.03106 	-0.26236 	0.28941 	0.43570 	-0.15303 	0.00000 	-0.30251 	-0.08585 	0.09470 	0.14258 	-0.02290 	0.00000 	-0.10733 	0.00720	0.02120
Replication96	 -1.53276	0.99927	0.98056 	0.98742 	0.99806 	0.99310 	0.99192 	0.99927 	-0.20181 	-0.21323 	0.08507 	0.15040 	0.01691 	0.16555 	-0.06629 	-0.07004 	0.02794 	0.06884 	0.00555 	0.04321 	0.00288	0.00921
Replication97	 -1.51083	0.99856	0.97550 	0.96965 	0.97260 	0.98385 	0.97668 	0.98470 	-0.03958 	-0.35792 	-0.21434 	0.24987 	0.00000 	0.36658 	-0.01302 	-0.11774 	-0.07051 	0.08936 	0.00000 	0.12581 	0.00461	0.01391
Replication98	 0.00752	0.99779	0.94248 	0.94742 	0.95303 	0.96622 	0.95667 	0.97107 	-0.28245 	-0.42819 	-0.29070 	0.40745 	0.04148 	0.56407 	-0.09305 	-0.14107 	-0.09577 	0.16044 	0.01367 	0.19355 	0.01167	0.03776
Replication99	 -1.53890	0.99909	0.98929 	0.99013 	0.98033 	0.99562 	0.98916 	0.99261 	-0.05586 	0.00005 	-0.33093 	0.14391 	0.00000 	0.24513 	-0.01836 	0.00002 	-0.10874 	0.04267 	0.00000 	0.09328 	0.00230	0.00888