
 Replication 	 FitnessValue 	 Frequency	Bus1	Bus2	Bus3	Bus4	Bus5	Bus6
Replication0	 0.03285	0.99809	1.00228 	1.00499 	1.00290 	1.00631 	1.00636 	1.00583 
Replication1	 0.02726	0.99771	1.00033 	1.00389 	1.00183 	1.00545 	1.00561 	1.00511 
Replication2	 0.02548	0.99745	0.99910 	1.00319 	1.00100 	1.00491 	1.00510 	1.00459 
Replication3	 0.02457	0.99746	0.99968 	1.00324 	1.00066 	1.00505 	1.00515 	1.00448 
Replication4	 0.03526	0.99826	1.00264 	1.00539 	1.00390 	1.00656 	1.00669 	1.00634 
Replication5	 0.02760	0.99758	0.99888 	1.00351 	1.00202 	1.00500 	1.00532 	1.00507 
Replication6	 0.02689	0.99759	0.99932 	1.00355 	1.00178 	1.00511 	1.00536 	1.00499 
Replication7	 0.02392	0.99719	0.99819 	1.00248 	0.99987 	1.00443 	1.00460 	1.00396 
Replication8	 0.02773	0.99756	0.99866 	1.00385 	1.00149 	1.00505 	1.00525 	1.00491 
Replication9	 0.02688	0.99756	0.99911 	1.00347 	1.00173 	1.00503 	1.00530 	1.00495 
Replication10	 0.03006	0.99788	1.00217 	1.00440 	1.00169 	1.00605 	1.00599 	1.00521 
Replication11	 0.02762	0.99773	1.00046 	1.00395 	1.00190 	1.00551 	1.00565 	1.00516 
Replication12	 0.03455	0.99820	1.00319 	1.00526 	1.00310 	1.00662 	1.00660 	1.00599 
Replication13	 0.02653	0.99763	1.00145 	1.00371 	1.00048 	1.00561 	1.00550 	1.00455 
Replication14	 0.02861	0.99769	0.99919 	1.00424 	1.00201 	1.00531 	1.00552 	1.00522 
Replication15	 0.02866	0.99766	0.99890 	1.00390 	1.00228 	1.00514 	1.00545 	1.00526 
Replication16	 0.02801	0.99776	1.00063 	1.00403 	1.00196 	1.00557 	1.00571 	1.00520 
Replication17	 0.02434	0.99705	0.99723 	1.00208 	0.99961 	1.00406 	1.00431 	1.00375 
Replication18	 0.02833	0.99767	0.99921 	1.00442 	1.00154 	1.00537 	1.00547 	1.00506 
Replication19	 0.03067	0.99795	1.00108 	1.00454 	1.00294 	1.00588 	1.00607 	1.00572 
Replication20	 0.02494	0.99743	0.99920 	1.00313 	1.00075 	1.00491 	1.00506 	1.00448 
Replication21	 0.02594	0.99716	0.99673 	1.00234 	1.00069 	1.00407 	1.00448 	1.00423 
Replication22	 0.02571	0.99754	0.99962 	1.00343 	1.00122 	1.00512 	1.00528 	1.00475 
Replication23	 0.02434	0.99696	0.99742 	1.00186 	0.99888 	1.00401 	1.00416 	1.00340 
Replication24	 0.02546	0.99705	0.99617 	1.00202 	1.00032 	1.00382 	1.00425 	1.00400 
Replication25	 0.03580	0.99831	1.00206 	1.00599 	1.00395 	1.00663 	1.00671 	1.00645 
Replication26	 0.02587	0.99738	0.99839 	1.00336 	1.00050 	1.00479 	1.00492 	1.00440 
Replication27	 0.02740	0.99752	0.99856 	1.00362 	1.00149 	1.00495 	1.00519 	1.00486 
Replication28	 0.02378	0.99706	0.99896 	1.00217 	0.99845 	1.00446 	1.00440 	1.00333 
Replication29	 0.02470	0.99678	0.99664 	1.00135 	0.99816 	1.00364 	1.00379 	1.00298 
Replication30	 0.02659	0.99766	1.00006 	1.00376 	1.00172 	1.00535 	1.00551 	1.00503 
Replication31	 0.02926	0.99782	1.00145 	1.00468 	1.00121 	1.00596 	1.00583 	1.00504 
Replication32	 0.02442	0.99704	0.99706 	1.00205 	0.99966 	1.00402 	1.00428 	1.00376 
Replication33	 0.02554	0.99752	0.99957 	1.00338 	1.00112 	1.00509 	1.00524 	1.00469 
Replication34	 0.02614	0.99762	1.00046 	1.00366 	1.00113 	1.00539 	1.00545 	1.00478 
Replication35	 0.02377	0.99730	0.99894 	1.00279 	1.00007 	1.00471 	1.00482 	1.00413 
Replication36	 0.03564	0.99826	1.00397 	1.00543 	1.00292 	1.00685 	1.00673 	1.00597 
Replication37	 0.02961	0.99786	1.00124 	1.00447 	1.00205 	1.00587 	1.00592 	1.00534 
Replication38	 0.03247	0.99808	1.00166 	1.00488 	1.00335 	1.00614 	1.00631 	1.00597 
Replication39	 0.02751	0.99767	0.99956 	1.00376 	1.00212 	1.00524 	1.00551 	1.00518 
Replication40	 0.02861	0.99772	0.99937 	1.00388 	1.00260 	1.00525 	1.00559 	1.00540 
Replication41	 0.02403	0.99698	0.99826 	1.00193 	0.99839 	1.00422 	1.00422 	1.00324 
Replication42	 0.02424	0.99723	0.99818 	1.00258 	1.00016 	1.00447 	1.00467 	1.00410 
Replication43	 0.03287	0.99809	1.00243 	1.00493 	1.00287 	1.00632 	1.00636 	1.00581 
Replication44	 0.03252	0.99807	1.00169 	1.00523 	1.00289 	1.00625 	1.00630 	1.00585 
Replication45	 0.03289	0.99810	1.00225 	1.00496 	1.00307 	1.00630 	1.00638 	1.00589 
Replication46	 0.02610	0.99762	1.00005 	1.00365 	1.00144 	1.00530 	1.00544 	1.00489 
Replication47	 0.02679	0.99767	1.00021 	1.00381 	1.00169 	1.00539 	1.00554 	1.00503 
Replication48	 0.02630	0.99759	0.99971 	1.00358 	1.00152 	1.00520 	1.00538 	1.00490 
Replication49	 0.02406	0.99710	0.99836 	1.00229 	0.99910 	1.00438 	1.00444 	1.00361 
Replication50	 0.03408	0.99819	1.00191 	1.00537 	1.00366 	1.00637 	1.00651 	1.00621 
Replication51	 0.02505	0.99730	0.99821 	1.00277 	1.00061 	1.00455 	1.00480 	1.00432 
Replication52	 0.03239	0.99803	1.00342 	1.00481 	1.00176 	1.00648 	1.00630 	1.00536 
Replication53	 0.02580	0.99760	1.00020 	1.00360 	1.00118 	1.00531 	1.00540 	1.00478 
Replication54	 0.03242	0.99807	1.00133 	1.00506 	1.00332 	1.00613 	1.00629 	1.00599 
Replication55	 0.03438	0.99820	1.00230 	1.00535 	1.00360 	1.00646 	1.00656 	1.00619 
Replication56	 0.02845	0.99779	1.00031 	1.00411 	1.00242 	1.00554 	1.00576 	1.00540 
Replication57	 0.03181	0.99800	1.00269 	1.00473 	1.00213 	1.00629 	1.00623 	1.00547 
Replication58	 0.04100	0.99866	1.00315 	1.00787 	1.00431 	1.00752 	1.00734 	1.00700 
Replication59	 0.02432	0.99745	0.99970 	1.00320 	1.00054 	1.00504 	1.00512 	1.00442 
Replication60	 0.02842	0.99779	1.00028 	1.00410 	1.00243 	1.00553 	1.00575 	1.00540 
Replication61	 0.02435	0.99739	0.99924 	1.00303 	1.00047 	1.00487 	1.00500 	1.00435 
Replication62	 0.03304	0.99795	0.99875 	1.00543 	1.00326 	1.00565 	1.00591 	1.00596 
Replication63	 0.02541	0.99745	0.99911 	1.00318 	1.00097 	1.00491 	1.00510 	1.00458 
Replication64	 0.02706	0.99756	0.99899 	1.00345 	1.00179 	1.00500 	1.00529 	1.00497 
Replication65	 0.02554	0.99716	0.99690 	1.00234 	1.00054 	1.00410 	1.00448 	1.00417 
Replication66	 0.02490	0.99732	0.99845 	1.00304 	1.00027 	1.00469 	1.00483 	1.00424 
Replication67	 0.03447	0.99819	1.00275 	1.00576 	1.00264 	1.00667 	1.00654 	1.00588 
Replication68	 0.02435	0.99702	0.99718 	1.00199 	0.99941 	1.00402 	1.00424 	1.00364 
Replication69	 0.02675	0.99765	1.00105 	1.00377 	1.00094 	1.00555 	1.00553 	1.00474 
Replication70	 0.02395	0.99720	0.99813 	1.00250 	0.99999 	1.00443 	1.00461 	1.00401 
Replication71	 0.02806	0.99777	1.00012 	1.00403 	1.00239 	1.00547 	1.00570 	1.00536 
Replication72	 0.02570	0.99702	0.99748 	1.00248 	0.99859 	1.00423 	1.00424 	1.00340 
Replication73	 0.02457	0.99750	1.00039 	1.00336 	1.00039 	1.00525 	1.00524 	1.00441 
Replication74	 0.02774	0.99759	0.99883 	1.00352 	1.00208 	1.00499 	1.00533 	1.00510 
Replication75	 0.02452	0.99674	0.99742 	1.00128 	0.99735 	1.00377 	1.00375 	1.00265 
Replication76	 0.03112	0.99799	1.00113 	1.00463 	1.00312 	1.00593 	1.00613 	1.00581 
Replication77	 0.03009	0.99791	1.00084 	1.00442 	1.00280 	1.00578 	1.00598 	1.00563 
Replication78	 0.02559	0.99742	0.99877 	1.00308 	1.00099 	1.00480 	1.00502 	1.00456 
Replication79	 0.03290	0.99811	1.00177 	1.00496 	1.00347 	1.00620 	1.00637 	1.00604 
Replication80	 0.03771	0.99842	1.00362 	1.00618 	1.00384 	1.00705 	1.00699 	1.00649 
Replication81	 0.03405	0.99818	1.00209 	1.00517 	1.00376 	1.00635 	1.00652 	1.00622 
Replication82	 0.03049	0.99795	1.00013 	1.00486 	1.00309 	1.00577 	1.00600 	1.00582 
Replication83	 0.02411	0.99707	0.99772 	1.00214 	0.99936 	1.00419 	1.00435 	1.00366 
Replication84	 0.02635	0.99762	1.00114 	1.00369 	1.00066 	1.00554 	1.00548 	1.00461 
Replication85	 0.02638	0.99764	1.00010 	1.00370 	1.00153 	1.00533 	1.00548 	1.00495 
Replication86	 0.02447	0.99748	1.00056 	1.00332 	1.00015 	1.00526 	1.00521 	1.00431 
Replication87	 0.03452	0.99822	1.00129 	1.00581 	1.00386 	1.00638 	1.00653 	1.00636 
Replication88	 0.02592	0.99740	0.99849 	1.00304 	1.00109 	1.00472 	1.00499 	1.00458 
Replication89	 0.02430	0.99736	0.99902 	1.00294 	1.00041 	1.00479 	1.00493 	1.00429 
Replication90	 0.02928	0.99784	1.00101 	1.00453 	1.00191 	1.00583 	1.00586 	1.00529 
Replication91	 0.02923	0.99784	1.00082 	1.00426 	1.00240 	1.00571 	1.00587 	1.00544 
Replication92	 0.02445	0.99744	0.99955 	1.00317 	1.00058 	1.00499 	1.00510 	1.00443 
Replication93	 0.02812	0.99766	0.99915 	1.00397 	1.00199 	1.00521 	1.00545 	1.00516 
Replication94	 0.02864	0.99780	1.00110 	1.00415 	1.00189 	1.00572 	1.00580 	1.00521 
Replication95	 0.02481	0.99687	0.99640 	1.00157 	0.99895 	1.00368 	1.00394 	1.00334 
Replication96	 0.02413	0.99723	0.99820 	1.00257 	1.00011 	1.00447 	1.00466 	1.00408 
Replication97	 0.03318	0.99813	1.00152 	1.00501 	1.00380 	1.00616 	1.00640 	1.00618 
Replication98	 0.02720	0.99770	1.00042 	1.00388 	1.00173 	1.00547 	1.00560 	1.00507 
Replication99	 0.02887	0.99783	1.00002 	1.00433 	1.00265 	1.00556 	1.00580 	1.00553 
Replication100	 0.02329	0.99732	1.00001 	1.00288 	0.99946 	1.00497 	1.00491 	1.00392 
Replication101	 0.02357	0.99729	0.99906 	1.00277 	0.99992 	1.00473 	1.00481 	1.00406 
Replication102	 0.02549	0.99747	0.99922 	1.00324 	1.00103 	1.00496 	1.00514 	1.00462 
Replication103	 0.03458	0.99821	1.00169 	1.00625 	1.00296 	1.00660 	1.00651 	1.00608 
Replication104	 0.03094	0.99796	1.00144 	1.00497 	1.00219 	1.00608 	1.00608 	1.00550 
Replication105	 0.03564	0.99826	1.00397 	1.00543 	1.00291 	1.00685 	1.00673 	1.00597 
Replication106	 0.02545	0.99753	0.99968 	1.00341 	1.00110 	1.00512 	1.00526 	1.00469 
Replication107	 0.03709	0.99839	1.00254 	1.00662 	1.00364 	1.00694 	1.00686 	1.00646 
Replication108	 0.03508	0.99827	1.00036 	1.00620 	1.00443 	1.00632 	1.00656 	1.00664 
Replication109	 0.03779	0.99842	1.00301 	1.00710 	1.00304 	1.00719 	1.00692 	1.00631 
Replication110	 0.02499	0.99730	0.99821 	1.00275 	1.00057 	1.00455 	1.00479 	1.00430 
Replication111	 0.02531	0.99658	0.99555 	1.00079 	0.99759 	1.00319 	1.00339 	1.00261 
Replication112	 0.03178	0.99781	0.99837 	1.00465 	1.00315 	1.00530 	1.00567 	1.00575 
Replication113	 0.03117	0.99797	1.00192 	1.00462 	1.00246 	1.00608 	1.00614 	1.00557 
Replication114	 0.02613	0.99743	0.99859 	1.00323 	1.00105 	1.00481 	1.00503 	1.00461 
Replication115	 0.02583	0.99758	0.99983 	1.00354 	1.00131 	1.00521 	1.00535 	1.00481 
Replication116	 0.03013	0.99750	0.99702 	1.00326 	1.00269 	1.00451 	1.00509 	1.00525 
Replication117	 0.02604	0.99758	1.00135 	1.00360 	1.00026 	1.00555 	1.00543 	1.00443 
Replication118	 0.02707	0.99764	0.99983 	1.00477 	1.00039 	1.00559 	1.00542 	1.00466 
Replication119	 0.02584	0.99720	0.99709 	1.00273 	1.00037 	1.00427 	1.00455 	1.00418 
Replication120	 0.02777	0.99750	0.99817 	1.00326 	1.00195 	1.00475 	1.00514 	1.00497 
Replication121	 0.03014	0.99768	0.99824 	1.00390 	1.00290 	1.00501 	1.00546 	1.00549 
Replication122	 0.02871	0.99763	0.99862 	1.00361 	1.00249 	1.00498 	1.00539 	1.00528 
Replication123	 0.02530	0.99729	0.99868 	1.00329 	0.99947 	1.00480 	1.00476 	1.00396 
Replication124	 0.03674	0.99836	1.00347 	1.00566 	1.00394 	1.00684 	1.00689 	1.00643 
Replication125	 0.02838	0.99766	0.99899 	1.00370 	1.00242 	1.00510 	1.00545 	1.00528 
Replication126	 0.02489	0.99751	1.00047 	1.00355 	1.00021 	1.00532 	1.00526 	1.00437 
Replication127	 0.02640	0.99763	0.99990 	1.00368 	1.00165 	1.00528 	1.00546 	1.00499 
Replication128	 0.03017	0.99791	1.00105 	1.00443 	1.00267 	1.00583 	1.00599 	1.00559 
Replication129	 0.03180	0.99801	1.00241 	1.00473 	1.00236 	1.00623 	1.00622 	1.00556 
Replication130	 0.02589	0.99759	1.00087 	1.00361 	1.00066 	1.00545 	1.00542 	1.00458 
Replication131	 0.02617	0.99762	1.00012 	1.00366 	1.00142 	1.00532 	1.00545 	1.00489 
Replication132	 0.03192	0.99804	1.00059 	1.00527 	1.00324 	1.00602 	1.00619 	1.00597 
Replication133	 0.02974	0.99788	1.00085 	1.00435 	1.00262 	1.00575 	1.00594 	1.00555 
Replication134	 0.02663	0.99765	1.00041 	1.00376 	1.00140 	1.00542 	1.00551 	1.00491 
Replication135	 0.02653	0.99753	0.99904 	1.00338 	1.00154 	1.00498 	1.00523 	1.00485 
Replication136	 0.02419	0.99710	0.99827 	1.00231 	0.99910 	1.00437 	1.00443 	1.00361 
Replication137	 0.02756	0.99749	0.99830 	1.00367 	1.00126 	1.00490 	1.00511 	1.00477 
Replication138	 0.03543	0.99826	1.00376 	1.00541 	1.00305 	1.00680 	1.00672 	1.00602 
Replication139	 0.03234	0.99806	1.00131 	1.00538 	1.00284 	1.00621 	1.00626 	1.00585 
Replication140	 0.02531	0.99703	0.99768 	1.00242 	0.99870 	1.00426 	1.00428 	1.00344 
Replication141	 0.03218	0.99806	1.00066 	1.00509 	1.00361 	1.00599 	1.00624 	1.00609 
Replication142	 0.02556	0.99718	0.99704 	1.00239 	1.00059 	1.00416 	1.00452 	1.00420 
Replication143	 0.02557	0.99733	0.99810 	1.00282 	1.00083 	1.00455 	1.00483 	1.00442 
Replication144	 0.02478	0.99723	0.99893 	1.00299 	0.99908 	1.00475 	1.00467 	1.00375 
Replication145	 0.02818	0.99776	0.99995 	1.00483 	1.00139 	1.00567 	1.00564 	1.00509 
Replication146	 0.02563	0.99758	1.00052 	1.00356 	1.00082 	1.00536 	1.00538 	1.00463 
Replication147	 0.03655	0.99834	1.00370 	1.00562 	1.00365 	1.00687 	1.00686 	1.00631 
Replication148	 0.02640	0.99762	0.99982 	1.00366 	1.00164 	1.00525 	1.00544 	1.00497 
Replication149	 0.03132	0.99800	1.00123 	1.00466 	1.00313 	1.00596 	1.00616 	1.00583 
Replication150	 0.02892	0.99779	0.99972 	1.00462 	1.00210 	1.00557 	1.00570 	1.00534 
Replication151	 0.03134	0.99798	1.00171 	1.00485 	1.00244 	1.00612 	1.00615 	1.00559 
Replication152	 0.03033	0.99793	1.00090 	1.00448 	1.00292 	1.00582 	1.00602 	1.00569 
Replication153	 0.02585	0.99759	1.00091 	1.00360 	1.00060 	1.00545 	1.00541 	1.00456 
Replication154	 0.02490	0.99719	0.99777 	1.00273 	0.99979 	1.00441 	1.00456 	1.00396 
Replication155	 0.02578	0.99743	0.99873 	1.00310 	1.00107 	1.00480 	1.00504 	1.00460 
Replication156	 0.03334	0.99813	1.00249 	1.00504 	1.00310 	1.00638 	1.00644 	1.00593 
Replication157	 0.02436	0.99699	0.99738 	1.00194 	0.99911 	1.00404 	1.00421 	1.00351 
Replication158	 0.02754	0.99730	0.99691 	1.00305 	1.00101 	1.00436 	1.00471 	1.00450 
Replication159	 0.02576	0.99712	0.99654 	1.00223 	1.00056 	1.00399 	1.00440 	1.00415 
Replication160	 0.02424	0.99703	0.99767 	1.00203 	0.99913 	1.00414 	1.00428 	1.00355 
Replication161	 0.02931	0.99785	1.00099 	1.00445 	1.00207 	1.00580 	1.00587 	1.00534 
Replication162	 0.02387	0.99745	1.00005 	1.00321 	1.00028 	1.00511 	1.00513 	1.00433 
Replication163	 0.02355	0.99725	0.99914 	1.00266 	0.99958 	1.00470 	1.00474 	1.00390 
Replication164	 0.03086	0.99795	1.00153 	1.00456 	1.00263 	1.00598 	1.00609 	1.00561 
Replication165	 0.02632	0.99762	1.00072 	1.00369 	1.00100 	1.00545 	1.00548 	1.00474 
Replication166	 0.02968	0.99786	1.00109 	1.00502 	1.00142 	1.00600 	1.00588 	1.00518 
Replication167	 0.03486	0.99824	1.00098 	1.00624 	1.00373 	1.00645 	1.00654 	1.00637 
Replication168	 0.02409	0.99737	1.00047 	1.00302 	0.99943 	1.00512 	1.00501 	1.00395 
Replication169	 0.02762	0.99758	0.99880 	1.00349 	1.00202 	1.00497 	1.00530 	1.00507 
Replication170	 0.02471	0.99751	0.99996 	1.00337 	1.00078 	1.00517 	1.00525 	1.00457 
Replication171	 0.02957	0.99787	1.00100 	1.00432 	1.00243 	1.00577 	1.00592 	1.00546 
Replication172	 0.02724	0.99770	1.00032 	1.00398 	1.00170 	1.00548 	1.00560 	1.00507 
Replication173	 0.02591	0.99742	0.99865 	1.00309 	1.00112 	1.00478 	1.00503 	1.00461 
Replication174	 0.02471	0.99690	0.99661 	1.00165 	0.99899 	1.00376 	1.00400 	1.00338 
Replication175	 0.02504	0.99747	0.99948 	1.00325 	1.00086 	1.00502 	1.00515 	1.00456 
Replication176	 0.02695	0.99768	1.00034 	1.00383 	1.00167 	1.00543 	1.00557 	1.00503 
Replication177	 0.02707	0.99767	1.00119 	1.00383 	1.00098 	1.00561 	1.00558 	1.00477 
Replication178	 0.02664	0.99629	0.99381 	1.00008 	0.99668 	1.00252 	1.00279 	1.00204 
Replication179	 0.03115	0.99796	1.00241 	1.00461 	1.00203 	1.00618 	1.00614 	1.00540 
Replication180	 0.02475	0.99728	0.99824 	1.00272 	1.00047 	1.00454 	1.00476 	1.00425 
Replication181	 0.03603	0.99832	1.00255 	1.00553 	1.00434 	1.00660 	1.00678 	1.00654 
Replication182	 0.03226	0.99806	1.00160 	1.00501 	1.00308 	1.00616 	1.00628 	1.00588 
Replication183	 0.03362	0.99815	1.00262 	1.00509 	1.00313 	1.00643 	1.00648 	1.00595 
Replication184	 0.02379	0.99723	0.99850 	1.00260 	0.99993 	1.00454 	1.00468 	1.00402 
Replication185	 0.02567	0.99722	0.99731 	1.00252 	1.00070 	1.00426 	1.00461 	1.00429 
Replication186	 0.03517	0.99825	1.00194 	1.00632 	1.00311 	1.00668 	1.00660 	1.00616 
Replication187	 0.02356	0.99733	0.99930 	1.00288 	1.00004 	1.00482 	1.00490 	1.00414 
Replication188	 0.02952	0.99770	0.99876 	1.00412 	1.00249 	1.00519 	1.00551 	1.00538 
Replication189	 0.03401	0.99817	1.00185 	1.00589 	1.00293 	1.00651 	1.00647 	1.00600 
Replication190	 0.02430	0.99682	0.99798 	1.00151 	0.99751 	1.00399 	1.00393 	1.00278 
Replication191	 0.02960	0.99786	1.00069 	1.00493 	1.00182 	1.00589 	1.00587 	1.00532 
Replication192	 0.02883	0.99781	1.00114 	1.00418 	1.00195 	1.00574 	1.00582 	1.00524 
Replication193	 0.02772	0.99719	0.99603 	1.00271 	1.00089 	1.00404 	1.00447 	1.00436 
Replication194	 0.03144	0.99801	1.00034 	1.00504 	1.00339 	1.00589 	1.00613 	1.00598 
Replication195	 0.02518	0.99754	1.00066 	1.00347 	1.00047 	1.00535 	1.00532 	1.00447 
Replication196	 0.02803	0.99764	0.99909 	1.00367 	1.00227 	1.00511 	1.00544 	1.00522 
Replication197	 0.02652	0.99760	0.99955 	1.00358 	1.00165 	1.00516 	1.00538 	1.00495 
Replication198	 0.02622	0.99759	0.99969 	1.00356 	1.00148 	1.00519 	1.00537 	1.00488 
Replication199	 0.02967	0.99787	1.00104 	1.00434 	1.00244 	1.00579 	1.00593 	1.00547 
Replication200	 0.02524	0.99754	1.00076 	1.00348 	1.00042 	1.00538 	1.00533 	1.00446 
Replication201	 0.02676	0.99735	0.99766 	1.00286 	1.00131 	1.00448 	1.00485 	1.00461 
Replication202	 0.02444	0.99745	1.00050 	1.00336 	0.99981 	1.00525 	1.00515 	1.00417 
Replication203	 0.02678	0.99760	0.99953 	1.00400 	1.00114 	1.00529 	1.00536 	1.00482 
Replication204	 0.04288	0.99877	1.00480 	1.00786 	1.00438 	1.00790 	1.00763 	1.00708 
Replication205	 0.02588	0.99752	0.99935 	1.00336 	1.00124 	1.00503 	1.00522 	1.00473 
Replication206	 0.02387	0.99741	0.99973 	1.00311 	1.00027 	1.00500 	1.00506 	1.00429 
Replication207	 0.02547	0.99754	0.99976 	1.00344 	1.00112 	1.00515 	1.00529 	1.00471 
Replication208	 0.02731	0.99752	0.99854 	1.00332 	1.00181 	1.00485 	1.00519 	1.00494 
Replication209	 0.02667	0.99727	0.99718 	1.00303 	1.00061 	1.00440 	1.00468 	1.00434 
Replication210	 0.03687	0.99838	1.00173 	1.00670 	1.00406 	1.00679 	1.00682 	1.00663 
Replication211	 0.03728	0.99840	1.00345 	1.00576 	1.00422 	1.00688 	1.00695 	1.00656 
Replication212	 0.02463	0.99731	0.99846 	1.00278 	1.00045 	1.00461 	1.00481 	1.00427 
Replication213	 0.02888	0.99779	0.99978 	1.00448 	1.00231 	1.00554 	1.00572 	1.00541 
Replication214	 0.02639	0.99746	0.99866 	1.00319 	1.00135 	1.00482 	1.00510 	1.00473 
Replication215	 0.02524	0.99722	0.99808 	1.00298 	0.99955 	1.00456 	1.00462 	1.00392 
Replication216	 0.02436	0.99689	0.99742 	1.00167 	0.99837 	1.00393 	1.00402 	1.00315 
Replication217	 0.02577	0.99728	0.99771 	1.00276 	1.00076 	1.00444 	1.00474 	1.00437 
Replication218	 0.02391	0.99707	0.99853 	1.00218 	0.99881 	1.00437 	1.00439 	1.00347 
Replication219	 0.02637	0.99750	0.99894 	1.00329 	1.00140 	1.00492 	1.00517 	1.00477 
Replication220	 0.02774	0.99774	1.00065 	1.00398 	1.00181 	1.00556 	1.00567 	1.00513 
Replication221	 0.02779	0.99774	1.00091 	1.00399 	1.00162 	1.00562 	1.00568 	1.00506 
Replication222	 0.02703	0.99654	0.99369 	1.00088 	0.99827 	1.00281 	1.00322 	1.00285 
Replication223	 0.02535	0.99704	0.99616 	1.00200 	1.00026 	1.00381 	1.00423 	1.00397 
Replication224	 0.03010	0.99791	1.00072 	1.00441 	1.00289 	1.00575 	1.00598 	1.00567 
Replication225	 0.02412	0.99714	0.99773 	1.00233 	0.99986 	1.00427 	1.00449 	1.00391 
Replication226	 0.02448	0.99720	0.99780 	1.00248 	1.00019 	1.00435 	1.00459 	1.00408 
Replication227	 0.02942	0.99785	1.00091 	1.00466 	1.00191 	1.00585 	1.00587 	1.00531 
Replication228	 0.03774	0.99846	1.00161 	1.00604 	1.00561 	1.00659 	1.00696 	1.00714 
Replication229	 0.02444	0.99724	0.99807 	1.00259 	1.00028 	1.00445 	1.00468 	1.00415 
Replication230	 0.03106	0.99795	1.00243 	1.00459 	1.00197 	1.00618 	1.00613 	1.00537 
Replication231	 0.02379	0.99725	0.99863 	1.00268 	0.99996 	1.00460 	1.00473 	1.00405 
Replication232	 0.02511	0.99719	0.99734 	1.00243 	1.00044 	1.00423 	1.00455 	1.00416 
Replication233	 0.03541	0.99825	1.00358 	1.00568 	1.00282 	1.00684 	1.00670 	1.00597 
Replication234	 0.03638	0.99834	1.00215 	1.00660 	1.00344 	1.00683 	1.00675 	1.00636 
Replication235	 0.02545	0.99750	0.99948 	1.00333 	1.00106 	1.00505 	1.00521 	1.00466 
Replication236	 0.02461	0.99698	0.99664 	1.00187 	0.99953 	1.00385 	1.00415 	1.00365 
Replication237	 0.03025	0.99791	1.00172 	1.00445 	1.00217 	1.00597 	1.00602 	1.00540 
Replication238	 0.03833	0.99847	1.00386 	1.00617 	1.00411 	1.00711 	1.00708 	1.00661 
Replication239	 0.03772	0.99844	1.00252 	1.00666 	1.00416 	1.00696 	1.00696 	1.00668 
Replication240	 0.02681	0.99768	1.00026 	1.00380 	1.00167 	1.00540 	1.00555 	1.00502 
Replication241	 0.03173	0.99801	1.00211 	1.00472 	1.00258 	1.00617 	1.00621 	1.00564 
Replication242	 0.02720	0.99760	0.99928 	1.00396 	1.00142 	1.00522 	1.00536 	1.00492 
Replication243	 0.02451	0.99718	0.99765 	1.00242 	1.00017 	1.00429 	1.00455 	1.00406 
Replication244	 0.03518	0.99825	1.00257 	1.00592 	1.00320 	1.00670 	1.00664 	1.00614 
Replication245	 0.02830	0.99778	1.00010 	1.00439 	1.00209 	1.00558 	1.00572 	1.00531 
Replication246	 0.02697	0.99769	1.00035 	1.00383 	1.00167 	1.00544 	1.00557 	1.00504 
Replication247	 0.02347	0.99733	0.99934 	1.00288 	1.00000 	1.00483 	1.00489 	1.00412 
Replication248	 0.02464	0.99751	1.00029 	1.00337 	1.00051 	1.00523 	1.00525 	1.00446 
Replication249	 0.03251	0.99805	1.00266 	1.00486 	1.00250 	1.00634 	1.00632 	1.00565 
Replication250	 0.04686	0.99906	1.00529 	1.00896 	1.00543 	1.00842 	1.00813 	1.00774 
Replication251	 0.02347	0.99729	0.99937 	1.00278 	0.99970 	1.00479 	1.00482 	1.00398 
Replication252	 0.02384	0.99705	0.99877 	1.00213 	0.99849 	1.00440 	1.00436 	1.00333 
Replication253	 0.02474	0.99695	0.99639 	1.00178 	0.99950 	1.00377 	1.00409 	1.00362 
Replication254	 0.03214	0.99804	1.00051 	1.00596 	1.00243 	1.00621 	1.00616 	1.00576 
Replication255	 0.03172	0.99792	0.99928 	1.00553 	1.00257 	1.00578 	1.00589 	1.00570 
Replication256	 0.03921	0.99855	1.00209 	1.00724 	1.00473 	1.00708 	1.00711 	1.00702 
Replication257	 0.02849	0.99737	0.99690 	1.00288 	1.00197 	1.00433 	1.00486 	1.00487 
Replication258	 0.03176	0.99802	1.00144 	1.00502 	1.00282 	1.00612 	1.00620 	1.00577 
Replication259	 0.03245	0.99806	1.00099 	1.00596 	1.00229 	1.00632 	1.00621 	1.00572 
Replication260	 0.02763	0.99774	1.00000 	1.00395 	1.00227 	1.00541 	1.00565 	1.00530 
Replication261	 0.02656	0.99764	1.00080 	1.00373 	1.00105 	1.00549 	1.00551 	1.00477 
Replication262	 0.02536	0.99723	0.99749 	1.00254 	1.00059 	1.00431 	1.00463 	1.00425 
Replication263	 0.02346	0.99723	0.99982 	1.00264 	0.99898 	1.00483 	1.00474 	1.00367 
Replication264	 0.02832	0.99778	0.99999 	1.00440 	1.00216 	1.00555 	1.00571 	1.00533 
Replication265	 0.02929	0.99780	0.99952 	1.00408 	1.00300 	1.00537 	1.00573 	1.00561 
Replication266	 0.02789	0.99770	0.99962 	1.00394 	1.00221 	1.00532 	1.00557 	1.00526 
Replication267	 0.02651	0.99764	1.00031 	1.00378 	1.00136 	1.00540 	1.00549 	1.00489 
Replication268	 0.02800	0.99755	0.99841 	1.00340 	1.00211 	1.00486 	1.00524 	1.00507 
Replication269	 0.02863	0.99772	0.99932 	1.00387 	1.00261 	1.00524 	1.00558 	1.00540 
Replication270	 0.02817	0.99777	1.00003 	1.00464 	1.00168 	1.00563 	1.00567 	1.00518 
Replication271	 0.02732	0.99769	0.99984 	1.00383 	1.00209 	1.00533 	1.00556 	1.00519 
Replication272	 0.02481	0.99683	0.99638 	1.00146 	0.99867 	1.00363 	1.00387 	1.00321 
Replication273	 0.02445	0.99729	0.99848 	1.00276 	1.00037 	1.00460 	1.00479 	1.00423 
Replication274	 0.03095	0.99798	1.00066 	1.00462 	1.00335 	1.00582 	1.00609 	1.00589 
Replication275	 0.02501	0.99754	0.99998 	1.00344 	1.00094 	1.00520 	1.00529 	1.00464 
Replication276	 0.02798	0.99774	0.99985 	1.00396 	1.00241 	1.00539 	1.00565 	1.00535 
Replication277	 0.02515	0.99754	0.99991 	1.00344 	1.00100 	1.00518 	1.00529 	1.00466 
Replication278	 0.02780	0.99762	0.99909 	1.00408 	1.00154 	1.00522 	1.00538 	1.00499 
Replication279	 0.02432	0.99708	0.99727 	1.00214 	0.99974 	1.00410 	1.00435 	1.00381 
Replication280	 0.02822	0.99768	0.99924 	1.00392 	1.00219 	1.00522 	1.00550 	1.00523 
Replication281	 0.02804	0.99774	1.00125 	1.00401 	1.00142 	1.00570 	1.00571 	1.00499 
Replication282	 0.03409	0.99819	1.00171 	1.00543 	1.00375 	1.00635 	1.00651 	1.00625 
Replication283	 0.03455	0.99822	1.00232 	1.00526 	1.00382 	1.00644 	1.00659 	1.00627 
Replication284	 0.02595	0.99760	1.00054 	1.00362 	1.00097 	1.00539 	1.00542 	1.00471 
Replication285	 0.03600	0.99832	1.00257 	1.00553 	1.00431 	1.00660 	1.00678 	1.00653 
Replication286	 0.02518	0.99726	0.99782 	1.00263 	1.00058 	1.00442 	1.00470 	1.00427 
Replication287	 0.02522	0.99699	0.99882 	1.00238 	0.99750 	1.00447 	1.00424 	1.00297 
Replication288	 0.02396	0.99743	1.00043 	1.00318 	0.99990 	1.00518 	1.00512 	1.00418 
Replication289	 0.02533	0.99728	0.99791 	1.00270 	1.00068 	1.00446 	1.00474 	1.00433 
Replication290	 0.02472	0.99746	0.99958 	1.00323 	1.00072 	1.00503 	1.00514 	1.00450 
Replication291	 0.02725	0.99757	0.99898 	1.00349 	1.00188 	1.00501 	1.00531 	1.00501 
Replication292	 0.02511	0.99728	0.99802 	1.00270 	1.00059 	1.00448 	1.00475 	1.00429 
Replication293	 0.03457	0.99822	1.00261 	1.00527 	1.00360 	1.00650 	1.00660 	1.00618 
Replication294	 0.02558	0.99742	0.99885 	1.00330 	1.00073 	1.00488 	1.00503 	1.00449 
Replication295	 0.02926	0.99783	0.99975 	1.00417 	1.00304 	1.00545 	1.00579 	1.00565 
Replication296	 0.02871	0.99781	1.00050 	1.00416 	1.00240 	1.00560 	1.00580 	1.00541 
Replication297	 0.02392	0.99710	0.99848 	1.00225 	0.99906 	1.00439 	1.00445 	1.00358 
Replication298	 0.02682	0.99719	0.99661 	1.00317 	1.00004 	1.00430 	1.00450 	1.00411 
Replication299	 0.02383	0.99742	0.99983 	1.00314 	1.00027 	1.00504 	1.00508 	1.00430 
Replication300	 0.03209	0.99805	1.00139 	1.00481 	1.00338 	1.00606 	1.00626 	1.00596 
Replication301	 0.02556	0.99741	0.99871 	1.00305 	1.00096 	1.00477 	1.00500 	1.00454 
Replication302	 0.03522	0.99825	1.00320 	1.00546 	1.00332 	1.00669 	1.00668 	1.00612 
Replication303	 0.03379	0.99816	1.00231 	1.00512 	1.00346 	1.00638 	1.00649 	1.00609 
Replication304	 0.02787	0.99767	0.99956 	1.00463 	1.00104 	1.00550 	1.00547 	1.00490 
Replication305	 0.02848	0.99766	0.99897 	1.00371 	1.00246 	1.00510 	1.00546 	1.00530 
Replication306	 0.02560	0.99748	0.99924 	1.00359 	1.00062 	1.00507 	1.00513 	1.00451 
Replication307	 0.02436	0.99736	0.99899 	1.00294 	1.00042 	1.00478 	1.00493 	1.00430 
Replication308	 0.02955	0.99787	0.99991 	1.00446 	1.00298 	1.00558 	1.00586 	1.00569 
Replication309	 0.02851	0.99779	1.00064 	1.00412 	1.00220 	1.00561 	1.00577 	1.00532 
Replication310	 0.02626	0.99697	0.99602 	1.00228 	0.99930 	1.00384 	1.00408 	1.00362 
Replication311	 0.02873	0.99769	0.99904 	1.00378 	1.00259 	1.00514 	1.00551 	1.00537 
Replication312	 0.02860	0.99781	1.00018 	1.00413 	1.00259 	1.00552 	1.00577 	1.00547 
Replication313	 0.02425	0.99744	0.99970 	1.00319 	1.00051 	1.00503 	1.00511 	1.00440 
Replication314	 0.02427	0.99695	0.99760 	1.00184 	0.99869 	1.00405 	1.00415 	1.00333 
Replication315	 0.02714	0.99769	0.99989 	1.00396 	1.00181 	1.00538 	1.00554 	1.00511 
Replication316	 0.02644	0.99739	0.99812 	1.00299 	1.00126 	1.00462 	1.00495 	1.00463 
Replication317	 0.02832	0.99778	1.00069 	1.00409 	1.00206 	1.00561 	1.00575 	1.00526 
Replication318	 0.02640	0.99747	0.99871 	1.00321 	1.00137 	1.00484 	1.00511 	1.00474 
Replication319	 0.02422	0.99713	0.99750 	1.00228 	0.99992 	1.00420 	1.00445 	1.00392 
Replication320	 0.02377	0.99738	0.99957 	1.00303 	1.00020 	1.00494 	1.00500 	1.00424 
Replication321	 0.03253	0.99809	1.00098 	1.00488 	1.00389 	1.00600 	1.00630 	1.00618 
Replication322	 0.02365	0.99721	0.99887 	1.00255 	0.99952 	1.00460 	1.00466 	1.00385 
Replication323	 0.02553	0.99757	1.00021 	1.00354 	1.00103 	1.00529 	1.00537 	1.00471 
Replication324	 0.02452	0.99696	0.99703 	1.00183 	0.99911 	1.00392 	1.00413 	1.00348 
Replication325	 0.03053	0.99795	1.00005 	1.00449 	1.00364 	1.00565 	1.00602 	1.00598 
Replication326	 0.02987	0.99791	1.00008 	1.00438 	1.00332 	1.00561 	1.00594 	1.00582 
Replication327	 0.02668	0.99765	1.00054 	1.00376 	1.00133 	1.00545 	1.00552 	1.00488 
Replication328	 0.02386	0.99712	0.99834 	1.00230 	0.99928 	1.00438 	1.00448 	1.00368 
Replication329	 0.02589	0.99733	0.99797 	1.00282 	1.00096 	1.00452 	1.00483 	1.00447 
Replication330	 0.02522	0.99738	0.99868 	1.00298 	1.00079 	1.00474 	1.00495 	1.00445 
Replication331	 0.02423	0.99691	0.99774 	1.00173 	0.99828 	1.00403 	1.00407 	1.00314 
Replication332	 0.02391	0.99731	0.99894 	1.00281 	1.00014 	1.00472 	1.00484 	1.00416 
Replication333	 0.02729	0.99771	1.00037 	1.00389 	1.00182 	1.00546 	1.00561 	1.00511 
Replication334	 0.02526	0.99721	0.99746 	1.00251 	1.00054 	1.00429 	1.00461 	1.00422 
Replication335	 0.03152	0.99798	1.00251 	1.00468 	1.00213 	1.00623 	1.00619 	1.00546 
Replication336	 0.03759	0.99842	1.00284 	1.00657 	1.00384 	1.00700 	1.00694 	1.00654 
Replication337	 0.02660	0.99754	0.99911 	1.00342 	1.00159 	1.00501 	1.00526 	1.00488 
Replication338	 0.02557	0.99752	0.99964 	1.00402 	1.00024 	1.00529 	1.00521 	1.00445 
Replication339	 0.03367	0.99817	1.00120 	1.00509 	1.00426 	1.00613 	1.00645 	1.00638 
Replication340	 0.02451	0.99703	0.99686 	1.00200 	0.99970 	1.00396 	1.00425 	1.00376 
Replication341	 0.02889	0.99782	1.00021 	1.00458 	1.00218 	1.00567 	1.00579 	1.00538 
Replication342	 0.03180	0.99803	1.00137 	1.00475 	1.00325 	1.00603 	1.00622 	1.00590 
Replication343	 0.02329	0.99736	0.99985 	1.00297 	0.99981 	1.00497 	1.00496 	1.00408 
Replication344	 0.02535	0.99731	0.99811 	1.00278 	1.00073 	1.00454 	1.00480 	1.00437 
Replication345	 0.02919	0.99785	1.00028 	1.00424 	1.00280 	1.00559 	1.00585 	1.00558 
Replication346	 0.02682	0.99750	0.99866 	1.00328 	1.00160 	1.00486 	1.00516 	1.00485 
Replication347	 0.02390	0.99717	0.99824 	1.00243 	0.99971 	1.00442 	1.00457 	1.00389 
Replication348	 0.02693	0.99767	1.00030 	1.00433 	1.00087 	1.00557 	1.00551 	1.00480 
Replication349	 0.02396	0.99710	0.99836 	1.00226 	0.99916 	1.00437 	1.00445 	1.00363 
Replication350	 0.03944	0.99855	1.00435 	1.00617 	1.00455 	1.00723 	1.00725 	1.00681 
Replication351	 0.02485	0.99732	0.99845 	1.00286 	1.00050 	1.00464 	1.00484 	1.00430 
Replication352	 0.02977	0.99789	1.00058 	1.00435 	1.00285 	1.00570 	1.00593 	1.00563 
Replication353	 0.02910	0.99770	0.99894 	1.00381 	1.00274 	1.00513 	1.00553 	1.00543 
Replication354	 0.03420	0.99817	1.00281 	1.00575 	1.00239 	1.00667 	1.00650 	1.00578 
Replication355	 0.02479	0.99737	0.99888 	1.00298 	1.00062 	1.00478 	1.00495 	1.00439 
Replication356	 0.02622	0.99763	1.00000 	1.00367 	1.00154 	1.00530 	1.00545 	1.00494 
Replication357	 0.02521	0.99753	0.99983 	1.00372 	1.00057 	1.00524 	1.00525 	1.00454 
Replication358	 0.03416	0.99819	1.00163 	1.00587 	1.00325 	1.00647 	1.00649 	1.00612 
Replication359	 0.03384	0.99817	1.00213 	1.00513 	1.00363 	1.00634 	1.00650 	1.00616 
Replication360	 0.02523	0.99720	0.99740 	1.00248 	1.00051 	1.00427 	1.00459 	1.00420 
Replication361	 0.02751	0.99764	0.99937 	1.00379 	1.00196 	1.00520 	1.00545 	1.00511 
Replication362	 0.03339	0.99810	1.00254 	1.00585 	1.00183 	1.00662 	1.00636 	1.00555 
Replication363	 0.02819	0.99728	0.99639 	1.00262 	1.00170 	1.00411 	1.00467 	1.00469 
Replication364	 0.02815	0.99778	1.00004 	1.00405 	1.00249 	1.00546 	1.00571 	1.00541 
Replication365	 0.02454	0.99694	0.99698 	1.00178 	0.99903 	1.00389 	1.00410 	1.00344 
Replication366	 0.02605	0.99719	0.99688 	1.00268 	1.00042 	1.00421 	1.00452 	1.00419 
Replication367	 0.02839	0.99778	1.00075 	1.00432 	1.00173 	1.00570 	1.00575 	1.00517 
Replication368	 0.02483	0.99688	0.99637 	1.00159 	0.99903 	1.00369 	1.00396 	1.00338 
Replication369	 0.02750	0.99745	0.99799 	1.00314 	1.00178 	1.00466 	1.00505 	1.00487 
Replication370	 0.02886	0.99780	1.00159 	1.00416 	1.00154 	1.00583 	1.00582 	1.00508 
Replication371	 0.02367	0.99726	0.99880 	1.00268 	0.99990 	1.00464 	1.00474 	1.00403 
Replication372	 0.02981	0.99778	0.99913 	1.00402 	1.00316 	1.00526 	1.00568 	1.00566 
Replication373	 0.02786	0.99773	1.00111 	1.00398 	1.00145 	1.00565 	1.00568 	1.00499 
Replication374	 0.02477	0.99739	0.99898 	1.00301 	1.00063 	1.00481 	1.00498 	1.00440 
Replication375	 0.03194	0.99804	1.00099 	1.00514 	1.00314 	1.00607 	1.00621 	1.00592 
Replication376	 0.02665	0.99762	0.99972 	1.00404 	1.00113 	1.00534 	1.00540 	1.00483 
Replication377	 0.03821	0.99847	1.00226 	1.00702 	1.00420 	1.00702 	1.00700 	1.00676 
Replication378	 0.02824	0.99777	1.00049 	1.00440 	1.00172 	1.00566 	1.00571 	1.00517 
Replication379	 0.03360	0.99815	1.00248 	1.00509 	1.00323 	1.00640 	1.00647 	1.00599 
Replication380	 0.02556	0.99755	0.99977 	1.00346 	1.00117 	1.00516 	1.00530 	1.00474 
Replication381	 0.02549	0.99753	0.99966 	1.00341 	1.00112 	1.00512 	1.00526 	1.00470 
Replication382	 0.02501	0.99753	1.00072 	1.00344 	1.00033 	1.00535 	1.00530 	1.00441 
Replication383	 0.02518	0.99710	0.99670 	1.00219 	1.00032 	1.00400 	1.00437 	1.00404 
Replication384	 0.02824	0.99775	0.99976 	1.00397 	1.00251 	1.00537 	1.00565 	1.00539 
Replication385	 0.02490	0.99751	1.00082 	1.00339 	1.00015 	1.00535 	1.00527 	1.00433 
Replication386	 0.02371	0.99721	0.99871 	1.00254 	0.99962 	1.00456 	1.00465 	1.00388 
Replication387	 0.02478	0.99684	0.99645 	1.00149 	0.99870 	1.00366 	1.00389 	1.00323 
Replication388	 0.02774	0.99725	0.99641 	1.00255 	1.00150 	1.00409 	1.00462 	1.00460 
Replication389	 0.02859	0.99761	0.99860 	1.00422 	1.00155 	1.00516 	1.00532 	1.00500 
Replication390	 0.03553	0.99828	1.00280 	1.00544 	1.00391 	1.00661 	1.00672 	1.00635 
Replication391	 0.02524	0.99749	0.99947 	1.00329 	1.00096 	1.00503 	1.00518 	1.00460 
Replication392	 0.03125	0.99800	1.00020 	1.00463 	1.00387 	1.00573 	1.00611 	1.00610 
Replication393	 0.02695	0.99751	0.99865 	1.00330 	1.00167 	1.00486 	1.00518 	1.00488 
Replication394	 0.02519	0.99740	0.99886 	1.00304 	1.00081 	1.00480 	1.00500 	1.00448 
Replication395	 0.02415	0.99736	0.99970 	1.00325 	0.99956 	1.00502 	1.00495 	1.00402 
Replication396	 0.03450	0.99820	1.00321 	1.00525 	1.00306 	1.00661 	1.00659 	1.00597 
Replication397	 0.02480	0.99697	0.99677 	1.00195 	0.99929 	1.00390 	1.00414 	1.00357 
Replication398	 0.02783	0.99775	1.00000 	1.00399 	1.00236 	1.00543 	1.00567 	1.00534 
Replication399	 0.02412	0.99706	0.99770 	1.00213 	0.99935 	1.00418 	1.00435 	1.00366 
Replication400	 0.03014	0.99791	1.00111 	1.00443 	1.00262 	1.00584 	1.00599 	1.00557 
Replication401	 0.03488	0.99823	1.00300 	1.00555 	1.00312 	1.00667 	1.00663 	1.00605 
Replication402	 0.03012	0.99789	1.00141 	1.00505 	1.00146 	1.00608 	1.00595 	1.00521 
Replication403	 0.02917	0.99783	1.00157 	1.00434 	1.00161 	1.00589 	1.00586 	1.00515 
Replication404	 0.02552	0.99754	1.00066 	1.00389 	0.99996 	1.00547 	1.00531 	1.00434 
Replication405	 0.03211	0.99802	1.00281 	1.00478 	1.00217 	1.00634 	1.00627 	1.00550 
Replication406	 0.02948	0.99786	1.00089 	1.00430 	1.00247 	1.00574 	1.00590 	1.00547 
Replication407	 0.02395	0.99712	0.99811 	1.00229 	0.99946 	1.00433 	1.00447 	1.00375 
Replication408	 0.02599	0.99752	0.99930 	1.00336 	1.00129 	1.00503 	1.00523 	1.00475 
Replication409	 0.03122	0.99799	1.00116 	1.00464 	1.00314 	1.00594 	1.00614 	1.00583 
Replication410	 0.02830	0.99778	1.00031 	1.00408 	1.00235 	1.00553 	1.00574 	1.00536 
Replication411	 0.03436	0.99817	1.00345 	1.00553 	1.00226 	1.00674 	1.00654 	1.00570 
Replication412	 0.02833	0.99772	0.99951 	1.00389 	1.00250 	1.00529 	1.00559 	1.00537 
Replication413	 0.02558	0.99757	1.00054 	1.00355 	1.00078 	1.00536 	1.00538 	1.00461 
Replication414	 0.03170	0.99800	1.00250 	1.00471 	1.00223 	1.00624 	1.00621 	1.00550 
Replication415	 0.02401	0.99744	1.00046 	1.00322 	0.99997 	1.00520 	1.00514 	1.00421 
Replication416	 0.02760	0.99746	0.99799 	1.00318 	1.00181 	1.00467 	1.00507 	1.00489 
Replication417	 0.02373	0.99730	0.99900 	1.00280 	1.00007 	1.00473 	1.00483 	1.00413 
Replication418	 0.03070	0.99791	1.00244 	1.00468 	1.00147 	1.00620 	1.00605 	1.00518 
Replication419	 0.02804	0.99772	1.00212 	1.00399 	1.00065 	1.00587 	1.00571 	1.00469 
Replication420	 0.02652	0.99764	1.00052 	1.00382 	1.00115 	1.00545 	1.00549 	1.00482 
Replication421	 0.02683	0.99765	0.99977 	1.00372 	1.00184 	1.00527 	1.00548 	1.00506 
Replication422	 0.03060	0.99793	1.00192 	1.00451 	1.00218 	1.00604 	1.00606 	1.00543 
Replication423	 0.02660	0.99763	1.00129 	1.00373 	1.00065 	1.00559 	1.00552 	1.00462 
Replication424	 0.02650	0.99746	0.99861 	1.00319 	1.00139 	1.00481 	1.00509 	1.00474 
Replication425	 0.02414	0.99703	0.99767 	1.00204 	0.99916 	1.00414 	1.00429 	1.00356 
Replication426	 0.02456	0.99688	0.99694 	1.00162 	0.99863 	1.00381 	1.00398 	1.00324 
Replication427	 0.03156	0.99797	0.99963 	1.00453 	1.00407 	1.00558 	1.00604 	1.00615 
Replication428	 0.02715	0.99739	0.99777 	1.00311 	1.00132 	1.00459 	1.00493 	1.00467 
Replication429	 0.02410	0.99707	0.99774 	1.00214 	0.99935 	1.00420 	1.00436 	1.00366 
Replication430	 0.02548	0.99757	1.00042 	1.00353 	1.00082 	1.00533 	1.00536 	1.00463 
Replication431	 0.03092	0.99797	1.00111 	1.00459 	1.00303 	1.00591 	1.00610 	1.00577 
Replication432	 0.02519	0.99736	0.99856 	1.00314 	1.00045 	1.00475 	1.00490 	1.00434 
Replication433	 0.02485	0.99722	0.99771 	1.00253 	1.00040 	1.00435 	1.00463 	1.00417 
Replication434	 0.02798	0.99766	0.99926 	1.00379 	1.00221 	1.00518 	1.00548 	1.00522 
Replication435	 0.02335	0.99732	0.99969 	1.00287 	0.99967 	1.00490 	1.00489 	1.00400 
Replication436	 0.03047	0.99793	1.00130 	1.00470 	1.00234 	1.00597 	1.00603 	1.00551 
Replication437	 0.02705	0.99741	0.99792 	1.00303 	1.00155 	1.00460 	1.00498 	1.00476 
Replication438	 0.03071	0.99794	1.00052 	1.00521 	1.00240 	1.00596 	1.00601 	1.00561 
Replication439	 0.02765	0.99737	0.99738 	1.00319 	1.00128 	1.00452 	1.00487 	1.00466 
Replication440	 0.02880	0.99779	1.00116 	1.00476 	1.00098 	1.00591 	1.00576 	1.00495 
Replication441	 0.03664	0.99836	1.00255 	1.00629 	1.00379 	1.00683 	1.00682 	1.00646 
Replication442	 0.02454	0.99695	0.99699 	1.00181 	0.99911 	1.00390 	1.00412 	1.00348 
Replication443	 0.03434	0.99790	0.99772 	1.00497 	1.00402 	1.00528 	1.00579 	1.00615 
Replication444	 0.02551	0.99703	0.99601 	1.00197 	1.00031 	1.00377 	1.00421 	1.00398 
Replication445	 0.03249	0.99805	1.00212 	1.00542 	1.00216 	1.00639 	1.00627 	1.00560 
Replication446	 0.02560	0.99698	0.99562 	1.00183 	1.00024 	1.00363 	1.00411 	1.00391 
Replication447	 0.02544	0.99746	0.99918 	1.00321 	1.00100 	1.00494 	1.00512 	1.00460 
Replication448	 0.02773	0.99761	0.99901 	1.00391 	1.00167 	1.00515 	1.00536 	1.00501 
Replication449	 0.02473	0.99750	1.00062 	1.00336 	1.00023 	1.00530 	1.00525 	1.00435 
Replication450	 0.03149	0.99799	1.00200 	1.00468 	1.00255 	1.00613 	1.00618 	1.00562 
Replication451	 0.02571	0.99758	1.00052 	1.00358 	1.00086 	1.00536 	1.00539 	1.00465 
Replication452	 0.02603	0.99741	0.99852 	1.00316 	1.00102 	1.00477 	1.00500 	1.00458 
Replication453	 0.02483	0.99710	0.99748 	1.00244 	0.99952 	1.00424 	1.00440 	1.00378 
Replication454	 0.03071	0.99793	1.00209 	1.00469 	1.00186 	1.00613 	1.00607 	1.00533 
Replication455	 0.02352	0.99717	0.99974 	1.00248 	0.99861 	1.00475 	1.00462 	1.00348 
Replication456	 0.02368	0.99718	0.99912 	1.00249 	0.99916 	1.00463 	1.00462 	1.00370 
Replication457	 0.03236	0.99806	1.00207 	1.00484 	1.00292 	1.00621 	1.00629 	1.00580 
Replication458	 0.02936	0.99781	1.00267 	1.00423 	1.00083 	1.00608 	1.00588 	1.00483 
Replication459	 0.02397	0.99739	0.99948 	1.00303 	1.00028 	1.00492 	1.00500 	1.00427 
Replication460	 0.03222	0.99806	1.00155 	1.00483 	1.00331 	1.00610 	1.00628 	1.00595 
Replication461	 0.02690	0.99768	1.00042 	1.00382 	1.00159 	1.00544 	1.00556 	1.00500 
Replication462	 0.03300	0.99809	1.00286 	1.00495 	1.00257 	1.00642 	1.00638 	1.00570 
Replication463	 0.02989	0.99788	1.00121 	1.00470 	1.00197 	1.00593 	1.00594 	1.00535 
Replication464	 0.02705	0.99768	1.00061 	1.00383 	1.00146 	1.00549 	1.00557 	1.00495 
Replication465	 0.02774	0.99774	1.00072 	1.00398 	1.00176 	1.00557 	1.00568 	1.00511 
Replication466	 0.02961	0.99787	1.00086 	1.00470 	1.00204 	1.00585 	1.00589 	1.00537 
Replication467	 0.02377	0.99725	0.99875 	1.00269 	0.99986 	1.00463 	1.00473 	1.00401 
Replication468	 0.03202	0.99802	1.00270 	1.00485 	1.00210 	1.00633 	1.00625 	1.00548 
Replication469	 0.03081	0.99790	0.99947 	1.00433 	1.00369 	1.00546 	1.00590 	1.00595 
Replication470	 0.02523	0.99720	0.99739 	1.00247 	1.00051 	1.00426 	1.00458 	1.00420 
Replication471	 0.02656	0.99759	0.99947 	1.00355 	1.00165 	1.00514 	1.00536 	1.00494 
Replication472	 0.03269	0.99808	1.00190 	1.00536 	1.00259 	1.00633 	1.00630 	1.00576 
Replication473	 0.02653	0.99712	0.99612 	1.00220 	1.00081 	1.00389 	1.00437 	1.00423 
Replication474	 0.02386	0.99726	0.99858 	1.00267 	1.00005 	1.00459 	1.00473 	1.00408 
Replication475	 0.02598	0.99757	1.00149 	1.00358 	1.00010 	1.00557 	1.00542 	1.00437 
Replication476	 0.03597	0.99830	1.00364 	1.00552 	1.00342 	1.00682 	1.00679 	1.00619 
Replication477	 0.02865	0.99771	0.99926 	1.00385 	1.00260 	1.00522 	1.00556 	1.00539 
Replication478	 0.02421	0.99699	0.99774 	1.00195 	0.99884 	1.00411 	1.00422 	1.00341 
Replication479	 0.02590	0.99760	1.00034 	1.00361 	1.00110 	1.00534 	1.00542 	1.00476 
Replication480	 0.02454	0.99698	0.99679 	1.00187 	0.99943 	1.00389 	1.00416 	1.00362 
Replication481	 0.02857	0.99780	1.00065 	1.00413 	1.00222 	1.00562 	1.00578 	1.00533 
Replication482	 0.02672	0.99765	1.00075 	1.00377 	1.00117 	1.00549 	1.00553 	1.00483 
Replication483	 0.03019	0.99787	1.00288 	1.00438 	1.00107 	1.00619 	1.00599 	1.00497 
Replication484	 0.02438	0.99748	0.99987 	1.00328 	1.00060 	1.00511 	1.00517 	1.00447 
Replication485	 0.02616	0.99762	1.00008 	1.00366 	1.00144 	1.00531 	1.00545 	1.00490 
Replication486	 0.02715	0.99727	0.99691 	1.00263 	1.00130 	1.00423 	1.00468 	1.00454 
Replication487	 0.02414	0.99704	0.99766 	1.00206 	0.99922 	1.00415 	1.00430 	1.00359 
Replication488	 0.03289	0.99810	1.00228 	1.00496 	1.00305 	1.00630 	1.00638 	1.00589 
Replication489	 0.02499	0.99689	0.99589 	1.00161 	0.99947 	1.00359 	1.00396 	1.00356 
Replication490	 0.02406	0.99746	0.99990 	1.00323 	1.00045 	1.00509 	1.00514 	1.00440 
Replication491	 0.02988	0.99788	1.00168 	1.00456 	1.00177 	1.00599 	1.00595 	1.00526 
Replication492	 0.03445	0.99823	1.00051 	1.00588 	1.00434 	1.00624 	1.00650 	1.00654 
Replication493	 0.02475	0.99692	0.99635 	1.00171 	0.99935 	1.00373 	1.00404 	1.00354 
Replication494	 0.02405	0.99705	0.99814 	1.00212 	0.99897 	1.00427 	1.00435 	1.00351 
Replication495	 0.03277	0.99810	1.00094 	1.00553 	1.00323 	1.00619 	1.00630 	1.00603 
Replication496	 0.02341	0.99725	1.00000 	1.00269 	0.99895 	1.00489 	1.00477 	1.00367 
Replication497	 0.02667	0.99756	0.99921 	1.00347 	1.00165 	1.00505 	1.00530 	1.00492 
Replication498	 0.02481	0.99689	0.99622 	1.00161 	0.99919 	1.00366 	1.00397 	1.00345 
Replication499	 0.02390	0.99706	0.99856 	1.00217 	0.99875 	1.00438 	1.00439 	1.00344 
Replication500	 0.02610	0.99744	0.99867 	1.00314 	1.00122 	1.00480 	1.00506 	1.00466 
Replication501	 0.02952	0.99787	1.00040 	1.00430 	1.00286 	1.00564 	1.00590 	1.00562 
Replication502	 0.02448	0.99700	0.99690 	1.00193 	0.99947 	1.00393 	1.00420 	1.00365 
Replication503	 0.02506	0.99715	0.99711 	1.00233 	1.00036 	1.00414 	1.00448 	1.00410 
Replication504	 0.02765	0.99770	1.00179 	1.00392 	1.00075 	1.00577 	1.00566 	1.00471 
Replication505	 0.03229	0.99804	1.00169 	1.00566 	1.00199 	1.00637 	1.00621 	1.00556 
Replication506	 0.03662	0.99834	1.00334 	1.00619 	1.00325 	1.00696 	1.00684 	1.00624 
Replication507	 0.02745	0.99764	0.99950 	1.00433 	1.00115 	1.00539 	1.00542 	1.00489 
Replication508	 0.02335	0.99731	0.99973 	1.00284 	0.99958 	1.00490 	1.00487 	1.00396 
Replication509	 0.02433	0.99687	0.99751 	1.00161 	0.99815 	1.00393 	1.00399 	1.00306 
Replication510	 0.02513	0.99753	0.99983 	1.00341 	1.00097 	1.00515 	1.00526 	1.00465 
Replication511	 0.02959	0.99786	1.00148 	1.00432 	1.00205 	1.00587 	1.00593 	1.00532 
Replication512	 0.02415	0.99709	0.99765 	1.00221 	0.99959 	1.00420 	1.00440 	1.00377 
Replication513	 0.02587	0.99663	0.99561 	1.00113 	0.99764 	1.00331 	1.00348 	1.00269 
Replication514	 0.03140	0.99800	1.00085 	1.00513 	1.00285 	1.00602 	1.00613 	1.00579 
Replication515	 0.02513	0.99755	1.00013 	1.00347 	1.00089 	1.00524 	1.00531 	1.00463 
Replication516	 0.03197	0.99802	1.00226 	1.00476 	1.00257 	1.00622 	1.00624 	1.00565 
Replication517	 0.02689	0.99741	0.99801 	1.00302 	1.00144 	1.00462 	1.00497 	1.00471 
Replication518	 0.02641	0.99737	0.99797 	1.00292 	1.00121 	1.00457 	1.00490 	1.00459 
Replication519	 0.02872	0.99781	1.00045 	1.00459 	1.00185 	1.00572 	1.00577 	1.00526 
Replication520	 0.03088	0.99796	1.00129 	1.00456 	1.00283 	1.00593 	1.00609 	1.00569 
Replication521	 0.02861	0.99778	1.00130 	1.00423 	1.00150 	1.00578 	1.00578 	1.00507 
Replication522	 0.03112	0.99799	1.00013 	1.00501 	1.00333 	1.00583 	1.00608 	1.00595 
Replication523	 0.02810	0.99749	0.99801 	1.00374 	1.00141 	1.00486 	1.00511 	1.00484 
Replication524	 0.02879	0.99781	1.00067 	1.00417 	1.00231 	1.00564 	1.00581 	1.00538 
Replication525	 0.02529	0.99753	1.00079 	1.00371 	1.00000 	1.00545 	1.00530 	1.00433 
Replication526	 0.02796	0.99773	1.00087 	1.00455 	1.00088 	1.00577 	1.00565 	1.00486 
Replication527	 0.03400	0.99818	1.00143 	1.00565 	1.00360 	1.00635 	1.00647 	1.00622 
Replication528	 0.02478	0.99719	0.99755 	1.00245 	1.00033 	1.00429 	1.00457 	1.00412 
Replication529	 0.02640	0.99755	0.99928 	1.00345 	1.00153 	1.00505 	1.00528 	1.00487 
Replication530	 0.02912	0.99783	1.00119 	1.00424 	1.00205 	1.00578 	1.00586 	1.00530 
Replication531	 0.02702	0.99769	1.00051 	1.00384 	1.00157 	1.00547 	1.00558 	1.00500 
Replication532	 0.02920	0.99785	1.00044 	1.00425 	1.00268 	1.00563 	1.00586 	1.00554 
Replication533	 0.02595	0.99703	0.99578 	1.00195 	1.00045 	1.00371 	1.00420 	1.00403 
Replication534	 0.02447	0.99747	0.99979 	1.00326 	1.00063 	1.00508 	1.00517 	1.00448 
Replication535	 0.02532	0.99745	0.99918 	1.00319 	1.00094 	1.00493 	1.00511 	1.00457 
Replication536	 0.02473	0.99743	0.99933 	1.00314 	1.00068 	1.00494 	1.00507 	1.00446 
Replication537	 0.02414	0.99712	0.99767 	1.00229 	0.99979 	1.00424 	1.00446 	1.00387 
Replication538	 0.03102	0.99796	1.00153 	1.00503 	1.00209 	1.00612 	1.00608 	1.00547 
Replication539	 0.02763	0.99774	0.99999 	1.00395 	1.00227 	1.00541 	1.00564 	1.00529 
Replication540	 0.02452	0.99735	0.99895 	1.00316 	1.00012 	1.00484 	1.00491 	1.00422 
Replication541	 0.02600	0.99754	0.99949 	1.00344 	1.00133 	1.00509 	1.00528 	1.00479 
Replication542	 0.02823	0.99778	1.00029 	1.00407 	1.00233 	1.00552 	1.00573 	1.00535 
Replication543	 0.02598	0.99757	0.99970 	1.00351 	1.00136 	1.00517 	1.00534 	1.00483 
Replication544	 0.02804	0.99753	0.99828 	1.00336 	1.00210 	1.00481 	1.00521 	1.00506 
Replication545	 0.02460	0.99733	1.00069 	1.00292 	0.99900 	1.00513 	1.00494 	1.00376 
Replication546	 0.02759	0.99741	0.99760 	1.00300 	1.00173 	1.00452 	1.00495 	1.00482 
Replication547	 0.03443	0.99818	1.00318 	1.00546 	1.00266 	1.00667 	1.00656 	1.00585 
Replication548	 0.02534	0.99756	1.00050 	1.00351 	1.00070 	1.00533 	1.00534 	1.00457 
Replication549	 0.02668	0.99767	1.00017 	1.00378 	1.00168 	1.00538 	1.00553 	1.00502 
Replication550	 0.03552	0.99829	1.00071 	1.00657 	1.00400 	1.00651 	1.00661 	1.00654 
Replication551	 0.03425	0.99819	1.00190 	1.00613 	1.00272 	1.00660 	1.00648 	1.00596 
Replication552	 0.03030	0.99793	0.99998 	1.00471 	1.00322 	1.00569 	1.00597 	1.00584 
Replication553	 0.02653	0.99752	0.99893 	1.00334 	1.00153 	1.00494 	1.00520 	1.00484 
Replication554	 0.03047	0.99792	1.00162 	1.00449 	1.00237 	1.00597 	1.00604 	1.00549 
Replication555	 0.03536	0.99827	1.00230 	1.00620 	1.00314 	1.00673 	1.00664 	1.00616 
Replication556	 0.02495	0.99705	0.99645 	1.00203 	1.00010 	1.00388 	1.00426 	1.00392 
Replication557	 0.02586	0.99759	0.99988 	1.00365 	1.00122 	1.00525 	1.00537 	1.00480 
Replication558	 0.02583	0.99705	0.99659 	1.00245 	0.99949 	1.00404 	1.00425 	1.00375 
Replication559	 0.02581	0.99754	1.00150 	1.00350 	0.99987 	1.00553 	1.00536 	1.00425 
Replication560	 0.03289	0.99810	1.00162 	1.00547 	1.00288 	1.00632 	1.00633 	1.00589 
Replication561	 0.02933	0.99776	0.99924 	1.00398 	1.00296 	1.00527 	1.00565 	1.00557 
Replication562	 0.02653	0.99760	0.99960 	1.00359 	1.00166 	1.00518 	1.00539 	1.00496 
Replication563	 0.02629	0.99758	0.99970 	1.00410 	1.00074 	1.00535 	1.00534 	1.00468 
Replication564	 0.02868	0.99775	0.99962 	1.00473 	1.00166 	1.00557 	1.00562 	1.00518 
Replication565	 0.03865	0.99850	1.00345 	1.00603 	1.00491 	1.00699 	1.00714 	1.00691 
Replication566	 0.02545	0.99726	0.99771 	1.00264 	1.00069 	1.00440 	1.00470 	1.00432 
Replication567	 0.02870	0.99780	1.00085 	1.00439 	1.00181 	1.00574 	1.00579 	1.00522 
Replication568	 0.02745	0.99768	0.99975 	1.00425 	1.00154 	1.00543 	1.00552 	1.00504 
Replication569	 0.02475	0.99730	0.99839 	1.00278 	1.00050 	1.00459 	1.00481 	1.00428 
Replication570	 0.02940	0.99785	1.00012 	1.00499 	1.00203 	1.00578 	1.00583 	1.00540 
Replication571	 0.02809	0.99774	1.00106 	1.00439 	1.00108 	1.00577 	1.00568 	1.00491 
Replication572	 0.02518	0.99724	0.99769 	1.00258 	1.00055 	1.00437 	1.00466 	1.00425 
Replication573	 0.03026	0.99789	1.00233 	1.00444 	1.00165 	1.00610 	1.00602 	1.00520 
Replication574	 0.02709	0.99770	1.00033 	1.00386 	1.00175 	1.00544 	1.00558 	1.00507 
Replication575	 0.02560	0.99739	0.99854 	1.00299 	1.00094 	1.00471 	1.00496 	1.00451 
Replication576	 0.02365	0.99734	0.99935 	1.00292 	1.00009 	1.00485 	1.00492 	1.00417 
Replication577	 0.02974	0.99786	1.00195 	1.00435 	1.00173 	1.00598 	1.00595 	1.00521 
Replication578	 0.02475	0.99747	0.99964 	1.00326 	1.00074 	1.00505 	1.00516 	1.00452 
Replication579	 0.02834	0.99766	0.99905 	1.00402 	1.00200 	1.00521 	1.00545 	1.00517 
Replication580	 0.03264	0.99809	1.00090 	1.00567 	1.00296 	1.00622 	1.00627 	1.00594 
Replication581	 0.02496	0.99657	0.99667 	1.00081 	0.99674 	1.00343 	1.00342 	1.00229 
Replication582	 0.03729	0.99838	1.00437 	1.00575 	1.00343 	1.00706 	1.00696 	1.00626 
Replication583	 0.02972	0.99788	1.00055 	1.00434 	1.00285 	1.00569 	1.00593 	1.00563 
Replication584	 0.02448	0.99691	0.99711 	1.00171 	0.99873 	1.00389 	1.00405 	1.00330 
Replication585	 0.02437	0.99720	0.99789 	1.00249 	1.00016 	1.00437 	1.00460 	1.00407 
Replication586	 0.02576	0.99729	0.99784 	1.00332 	1.00003 	1.00463 	1.00473 	1.00418 
Replication587	 0.02397	0.99717	0.99807 	1.00243 	0.99984 	1.00438 	1.00456 	1.00393 
Replication588	 0.02887	0.99780	1.00116 	1.00460 	1.00128 	1.00587 	1.00578 	1.00504 
Replication589	 0.03038	0.99793	1.00070 	1.00473 	1.00269 	1.00585 	1.00600 	1.00564 
Replication590	 0.02978	0.99788	1.00081 	1.00480 	1.00206 	1.00588 	1.00591 	1.00540 
Replication591	 0.02376	0.99744	1.00004 	1.00319 	1.00023 	1.00510 	1.00512 	1.00430 
Replication592	 0.03671	0.99835	1.00341 	1.00602 	1.00349 	1.00693 	1.00686 	1.00631 
Replication593	 0.02423	0.99747	0.99992 	1.00327 	1.00054 	1.00511 	1.00517 	1.00444 
Replication594	 0.02877	0.99773	0.99937 	1.00445 	1.00196 	1.00543 	1.00558 	1.00524 
Replication595	 0.02615	0.99734	0.99787 	1.00283 	1.00106 	1.00451 	1.00484 	1.00451 
Replication596	 0.02773	0.99770	1.00207 	1.00393 	1.00054 	1.00583 	1.00566 	1.00463 
Replication597	 0.02447	0.99705	0.99697 	1.00207 	0.99978 	1.00400 	1.00429 	1.00381 
Replication598	 0.03099	0.99783	0.99887 	1.00423 	1.00353 	1.00528 	1.00575 	1.00584 
Replication599	 0.03094	0.99797	1.00105 	1.00459 	1.00309 	1.00590 	1.00610 	1.00579 
Replication600	 0.02875	0.99780	1.00150 	1.00416 	1.00161 	1.00581 	1.00582 	1.00511 
Replication601	 0.02892	0.99780	0.99984 	1.00464 	1.00215 	1.00560 	1.00573 	1.00538 
Replication602	 0.02371	0.99725	0.99870 	1.00264 	0.99989 	1.00460 	1.00472 	1.00401 
Replication603	 0.03459	0.99822	1.00137 	1.00620 	1.00329 	1.00652 	1.00651 	1.00620 
Replication604	 0.02950	0.99785	1.00169 	1.00431 	1.00182 	1.00591 	1.00592 	1.00523 
Replication605	 0.02844	0.99779	1.00049 	1.00446 	1.00179 	1.00568 	1.00574 	1.00521 
Replication606	 0.02523	0.99750	0.99957 	1.00332 	1.00097 	1.00506 	1.00520 	1.00462 
Replication607	 0.03599	0.99830	1.00273 	1.00658 	1.00267 	1.00694 	1.00670 	1.00605 
Replication608	 0.02590	0.99706	0.99911 	1.00284 	0.99747 	1.00469 	1.00437 	1.00306 
Replication609	 0.03162	0.99799	1.00178 	1.00531 	1.00193 	1.00627 	1.00615 	1.00547 
Replication610	 0.02607	0.99760	0.99991 	1.00361 	1.00145 	1.00525 	1.00541 	1.00488 
Replication611	 0.02541	0.99728	0.99783 	1.00268 	1.00070 	1.00444 	1.00473 	1.00433 
Replication612	 0.02864	0.99781	1.00018 	1.00414 	1.00261 	1.00553 	1.00578 	1.00548 
Replication613	 0.02741	0.99745	0.99796 	1.00312 	1.00173 	1.00465 	1.00504 	1.00485 
Replication614	 0.03161	0.99800	1.00185 	1.00474 	1.00267 	1.00612 	1.00619 	1.00567 
Replication615	 0.03134	0.99801	1.00062 	1.00466 	1.00361 	1.00583 	1.00614 	1.00601 
Replication616	 0.02418	0.99700	0.99782 	1.00196 	0.99883 	1.00414 	1.00424 	1.00341 
Replication617	 0.02375	0.99716	0.99862 	1.00241 	0.99935 	1.00449 	1.00456 	1.00374 
Replication618	 0.03015	0.99791	0.99988 	1.00438 	1.00348 	1.00556 	1.00594 	1.00588 
Replication619	 0.02566	0.99742	0.99879 	1.00310 	1.00102 	1.00481 	1.00504 	1.00458 
Replication620	 0.02583	0.99751	0.99936 	1.00335 	1.00123 	1.00503 	1.00522 	1.00473 
Replication621	 0.02575	0.99734	0.99812 	1.00286 	1.00093 	1.00457 	1.00486 	1.00447 
Replication622	 0.02505	0.99691	0.99655 	1.00180 	0.99900 	1.00380 	1.00402 	1.00342 
Replication623	 0.02556	0.99758	1.00008 	1.00355 	1.00114 	1.00526 	1.00537 	1.00475 
Replication624	 0.03008	0.99790	1.00021 	1.00525 	1.00209 	1.00589 	1.00590 	1.00548 
Replication625	 0.02526	0.99689	0.99543 	1.00157 	0.99974 	1.00348 	1.00393 	1.00365 
Replication626	 0.02514	0.99750	1.00061 	1.00366 	0.99982 	1.00538 	1.00523 	1.00424 
Replication627	 0.02868	0.99780	1.00087 	1.00416 	1.00209 	1.00568 	1.00580 	1.00529 
Replication628	 0.03472	0.99824	1.00130 	1.00570 	1.00414 	1.00636 	1.00656 	1.00645 
Replication629	 0.02715	0.99746	0.99818 	1.00316 	1.00166 	1.00471 	1.00507 	1.00483 
Replication630	 0.02432	0.99720	0.99791 	1.00249 	1.00013 	1.00437 	1.00460 	1.00406 
Replication631	 0.03279	0.99806	1.00261 	1.00560 	1.00166 	1.00655 	1.00630 	1.00544 
Replication632	 0.02577	0.99737	0.99836 	1.00306 	1.00084 	1.00469 	1.00492 	1.00448 
Replication633	 0.03160	0.99800	1.00140 	1.00517 	1.00244 	1.00615 	1.00615 	1.00564 
Replication634	 0.02918	0.99783	1.00133 	1.00425 	1.00196 	1.00581 	1.00587 	1.00527 
Replication635	 0.02784	0.99753	0.99840 	1.00350 	1.00186 	1.00488 	1.00521 	1.00499 
Replication636	 0.03542	0.99827	1.00309 	1.00542 	1.00362 	1.00666 	1.00671 	1.00624 
Replication637	 0.02564	0.99751	0.99941 	1.00334 	1.00114 	1.00504 	1.00521 	1.00469 
Replication638	 0.02495	0.99699	0.99642 	1.00196 	0.99964 	1.00384 	1.00415 	1.00371 
Replication639	 0.02370	0.99723	0.99872 	1.00259 	0.99975 	1.00459 	1.00469 	1.00395 
Replication640	 0.02606	0.99746	0.99883 	1.00319 	1.00123 	1.00486 	1.00510 	1.00468 
Replication641	 0.02609	0.99739	0.99836 	1.00350 	1.00045 	1.00483 	1.00494 	1.00440 
Replication642	 0.02492	0.99685	0.99626 	1.00153 	0.99888 	1.00363 	1.00390 	1.00331 
Replication643	 0.03134	0.99794	1.00255 	1.00537 	1.00078 	1.00644 	1.00607 	1.00502 
Replication644	 0.03293	0.99811	1.00155 	1.00496 	1.00365 	1.00615 	1.00637 	1.00611 
Replication645	 0.02523	0.99742	0.99897 	1.00309 	1.00085 	1.00484 	1.00504 	1.00451 
Replication646	 0.02467	0.99751	1.00011 	1.00338 	1.00068 	1.00520 	1.00525 	1.00453 
Replication647	 0.03340	0.99814	1.00150 	1.00534 	1.00353 	1.00627 	1.00641 	1.00613 
Replication648	 0.02498	0.99728	0.99807 	1.00270 	1.00054 	1.00449 	1.00475 	1.00427 
Replication649	 0.02720	0.99736	0.99744 	1.00287 	1.00151 	1.00444 	1.00486 	1.00469 
Replication650	 0.02597	0.99760	1.00052 	1.00380 	1.00074 	1.00544 	1.00541 	1.00464 
Replication651	 0.03016	0.99790	1.00031 	1.00524 	1.00209 	1.00591 	1.00592 	1.00548 
Replication652	 0.02952	0.99787	1.00062 	1.00453 	1.00240 	1.00575 	1.00589 	1.00548 
Replication653	 0.02607	0.99674	0.99522 	1.00142 	0.99857 	1.00335 	1.00364 	1.00312 
Replication654	 0.02345	0.99731	0.99940 	1.00284 	0.99984 	1.00483 	1.00487 	1.00405 
Replication655	 0.02496	0.99745	0.99932 	1.00318 	1.00079 	1.00495 	1.00510 	1.00451 
Replication656	 0.03308	0.99812	1.00126 	1.00498 	1.00394 	1.00610 	1.00638 	1.00623 
Replication657	 0.02401	0.99737	0.99942 	1.00319 	0.99996 	1.00495 	1.00496 	1.00417 
Replication658	 0.02976	0.99790	1.00023 	1.00436 	1.00316 	1.00563 	1.00593 	1.00575 
Replication659	 0.03072	0.99793	1.00214 	1.00453 	1.00205 	1.00610 	1.00608 	1.00538 
Replication660	 0.02400	0.99708	0.99800 	1.00218 	0.99925 	1.00427 	1.00439 	1.00364 
Replication661	 0.02884	0.99782	1.00011 	1.00417 	1.00276 	1.00553 	1.00580 	1.00555 
Replication662	 0.03120	0.99796	1.00223 	1.00499 	1.00168 	1.00626 	1.00611 	1.00532 
Replication663	 0.03988	0.99859	1.00267 	1.00746 	1.00447 	1.00727 	1.00721 	1.00697 
Replication664	 0.03341	0.99814	1.00182 	1.00540 	1.00321 	1.00635 	1.00642 	1.00602 
Replication665	 0.02662	0.99765	0.99990 	1.00373 	1.00176 	1.00530 	1.00549 	1.00504 
Replication666	 0.02769	0.99772	1.00092 	1.00395 	1.00152 	1.00560 	1.00566 	1.00501 
Replication667	 0.03301	0.99811	1.00176 	1.00525 	1.00317 	1.00628 	1.00637 	1.00597 
Replication668	 0.02896	0.99782	0.99996 	1.00476 	1.00210 	1.00567 	1.00577 	1.00538 
Replication669	 0.02363	0.99742	1.00007 	1.00324 	0.99997 	1.00512 	1.00508 	1.00420 
Replication670	 0.03152	0.99798	1.00107 	1.00586 	1.00157 	1.00628 	1.00607 	1.00540 
Replication671	 0.03367	0.99816	0.99995 	1.00612 	1.00374 	1.00617 	1.00634 	1.00633 
Replication672	 0.03318	0.99813	1.00050 	1.00594 	1.00326 	1.00623 	1.00631 	1.00611 
Replication673	 0.02447	0.99721	0.99788 	1.00251 	1.00020 	1.00437 	1.00461 	1.00409 
Replication674	 0.02464	0.99698	0.99659 	1.00187 	0.99956 	1.00384 	1.00415 	1.00366 
Replication675	 0.02598	0.99754	0.99952 	1.00390 	1.00067 	1.00524 	1.00525 	1.00460 
Replication676	 0.03070	0.99795	1.00077 	1.00501 	1.00249 	1.00595 	1.00603 	1.00562 
Replication677	 0.03104	0.99798	1.00071 	1.00460 	1.00340 	1.00583 	1.00611 	1.00591 
Replication678	 0.02764	0.99768	0.99958 	1.00379 	1.00219 	1.00526 	1.00553 	1.00522 
Replication679	 0.03514	0.99826	1.00223 	1.00566 	1.00380 	1.00655 	1.00665 	1.00633 
Replication680	 0.02400	0.99714	0.99799 	1.00233 	0.99965 	1.00432 	1.00449 	1.00383 
Replication681	 0.03847	0.99849	1.00290 	1.00660 	1.00448 	1.00704 	1.00708 	1.00682 
Replication682	 0.03074	0.99782	0.99890 	1.00410 	1.00354 	1.00525 	1.00573 	1.00582 
Replication683	 0.02628	0.99728	0.99741 	1.00267 	1.00102 	1.00435 	1.00472 	1.00445 
Replication684	 0.02764	0.99755	0.99876 	1.00421 	1.00087 	1.00517 	1.00522 	1.00472 
Replication685	 0.03171	0.99800	1.00140 	1.00543 	1.00214 	1.00623 	1.00615 	1.00557 
Replication686	 0.02405	0.99708	0.99813 	1.00218 	0.99914 	1.00429 	1.00439 	1.00359 
Replication687	 0.03459	0.99822	1.00157 	1.00585 	1.00365 	1.00646 	1.00655 	1.00628 
Replication688	 0.02634	0.99739	0.99817 	1.00298 	1.00122 	1.00463 	1.00495 	1.00462 
Replication689	 0.02899	0.99783	1.00040 	1.00421 	1.00262 	1.00560 	1.00583 	1.00550 
Replication690	 0.02523	0.99729	0.99801 	1.00272 	1.00065 	1.00449 	1.00476 	1.00432 
Replication691	 0.03120	0.99792	0.99943 	1.00478 	1.00337 	1.00559 	1.00592 	1.00590 
Replication692	 0.02404	0.99745	1.00029 	1.00324 	1.00016 	1.00518 	1.00516 	1.00429 
Replication693	 0.02678	0.99762	0.99960 	1.00391 	1.00141 	1.00528 	1.00541 	1.00492 
Replication694	 0.02450	0.99707	0.99703 	1.00214 	0.99984 	1.00404 	1.00433 	1.00385 
Replication695	 0.02505	0.99697	0.99639 	1.00196 	0.99953 	1.00383 	1.00413 	1.00366 
Replication696	 0.02628	0.99723	0.99708 	1.00257 	1.00090 	1.00423 	1.00462 	1.00437 
Replication697	 0.02402	0.99731	0.99889 	1.00282 	1.00019 	1.00471 	1.00484 	1.00418 
Replication698	 0.02727	0.99769	0.99984 	1.00382 	1.00206 	1.00533 	1.00555 	1.00518 
Replication699	 0.03754	0.99841	1.00359 	1.00584 	1.00418 	1.00694 	1.00699 	1.00657 
Replication700	 0.02409	0.99714	0.99780 	1.00233 	0.99980 	1.00428 	1.00449 	1.00389 
Replication701	 0.02705	0.99769	1.00011 	1.00385 	1.00190 	1.00539 	1.00557 	1.00513 
Replication702	 0.03032	0.99735	0.99584 	1.00276 	1.00252 	1.00406 	1.00476 	1.00504 
Replication703	 0.02450	0.99707	0.99692 	1.00210 	0.99992 	1.00401 	1.00432 	1.00387 
Replication704	 0.03467	0.99822	1.00294 	1.00528 	1.00337 	1.00657 	1.00661 	1.00610 
Replication705	 0.02739	0.99765	0.99947 	1.00388 	1.00181 	1.00525 	1.00545 	1.00507 
Replication706	 0.02721	0.99725	0.99677 	1.00291 	1.00086 	1.00427 	1.00463 	1.00441 
Replication707	 0.02972	0.99783	1.00215 	1.00497 	1.00046 	1.00620 	1.00587 	1.00481 
Replication708	 0.03461	0.99821	1.00205 	1.00625 	1.00268 	1.00667 	1.00652 	1.00597 
Replication709	 0.02917	0.99785	0.99995 	1.00423 	1.00304 	1.00552 	1.00584 	1.00567 
Replication710	 0.02605	0.99720	0.99699 	1.00263 	1.00057 	1.00422 	1.00456 	1.00424 
Replication711	 0.03031	0.99791	1.00112 	1.00487 	1.00212 	1.00597 	1.00599 	1.00545 
Replication712	 0.02698	0.99769	1.00015 	1.00383 	1.00184 	1.00539 	1.00557 	1.00510 
Replication713	 0.03035	0.99792	1.00113 	1.00447 	1.00270 	1.00586 	1.00602 	1.00561 
Replication714	 0.02806	0.99775	1.00118 	1.00402 	1.00149 	1.00568 	1.00571 	1.00502 
Replication715	 0.02601	0.99761	1.00001 	1.00363 	1.00143 	1.00528 	1.00542 	1.00488 
Replication716	 0.02740	0.99770	0.99987 	1.00386 	1.00213 	1.00535 	1.00558 	1.00522 
Replication717	 0.02792	0.99771	0.99963 	1.00386 	1.00233 	1.00530 	1.00558 	1.00529 
Replication718	 0.02506	0.99750	0.99966 	1.00332 	1.00090 	1.00508 	1.00521 	1.00459 
Replication719	 0.02714	0.99766	1.00181 	1.00382 	1.00046 	1.00573 	1.00558 	1.00457 
Replication720	 0.02423	0.99740	0.99940 	1.00307 	1.00044 	1.00492 	1.00503 	1.00435 
Replication721	 0.02944	0.99785	1.00158 	1.00429 	1.00188 	1.00588 	1.00591 	1.00525 
Replication722	 0.02419	0.99696	0.99781 	1.00187 	0.99860 	1.00410 	1.00417 	1.00330 
Replication723	 0.02688	0.99742	0.99807 	1.00305 	1.00146 	1.00464 	1.00499 	1.00472 
Replication724	 0.02433	0.99708	0.99726 	1.00215 	0.99976 	1.00410 	1.00435 	1.00382 
Replication725	 0.03082	0.99788	0.99937 	1.00482 	1.00301 	1.00558 	1.00585 	1.00575 
Replication726	 0.02509	0.99714	0.99701 	1.00230 	1.00035 	1.00411 	1.00445 	1.00409 
Replication727	 0.02656	0.99764	1.00061 	1.00374 	1.00121 	1.00545 	1.00551 	1.00483 
Replication728	 0.02715	0.99720	0.99636 	1.00241 	1.00117 	1.00402 	1.00452 	1.00443 
Replication729	 0.02364	0.99726	0.99888 	1.00269 	0.99987 	1.00466 	1.00476 	1.00402 
Replication730	 0.02453	0.99681	0.99729 	1.00146 	0.99794 	1.00382 	1.00388 	1.00293 
Replication731	 0.02478	0.99743	0.99937 	1.00349 	1.00022 	1.00505 	1.00506 	1.00433 
Replication732	 0.02855	0.99776	1.00215 	1.00409 	1.00089 	1.00592 	1.00577 	1.00481 
Replication733	 0.02491	0.99690	0.99603 	1.00165 	0.99944 	1.00364 	1.00399 	1.00355 
Replication734	 0.02348	0.99728	0.99932 	1.00276 	0.99970 	1.00478 	1.00481 	1.00398 
Replication735	 0.02374	0.99715	0.99864 	1.00240 	0.99929 	1.00449 	1.00455 	1.00371 
Replication736	 0.03277	0.99807	1.00242 	1.00533 	1.00224 	1.00643 	1.00632 	1.00562 
Replication737	 0.02843	0.99765	0.99890 	1.00367 	1.00242 	1.00507 	1.00543 	1.00527 
Replication738	 0.03057	0.99792	1.00141 	1.00526 	1.00148 	1.00615 	1.00599 	1.00526 
Replication739	 0.02487	0.99747	0.99957 	1.00325 	1.00079 	1.00503 	1.00516 	1.00453 
Replication740	 0.04617	0.99900	1.00646 	1.00737 	1.00600 	1.00817 	1.00812 	1.00771 
Replication741	 0.02487	0.99727	0.99899 	1.00314 	0.99927 	1.00482 	1.00475 	1.00386 
Replication742	 0.03221	0.99803	1.00154 	1.00581 	1.00181 	1.00638 	1.00619 	1.00551 
Replication743	 0.02640	0.99764	1.00034 	1.00371 	1.00136 	1.00538 	1.00548 	1.00488 
Replication744	 0.02729	0.99769	0.99984 	1.00383 	1.00208 	1.00533 	1.00556 	1.00519 
Replication745	 0.02380	0.99732	0.99958 	1.00301 	0.99959 	1.00492 	1.00488 	1.00399 
Replication746	 0.02840	0.99760	0.99858 	1.00354 	1.00233 	1.00495 	1.00534 	1.00520 
Replication747	 0.02536	0.99742	0.99893 	1.00310 	1.00091 	1.00484 	1.00504 	1.00453 
Replication748	 0.02512	0.99676	0.99575 	1.00128 	0.99870 	1.00343 	1.00373 	1.00317 
Replication749	 0.02386	0.99738	0.99949 	1.00302 	1.00023 	1.00492 	1.00499 	1.00425 
Replication750	 0.02511	0.99754	1.00027 	1.00346 	1.00077 	1.00527 	1.00531 	1.00459 
Replication751	 0.03528	0.99825	1.00313 	1.00598 	1.00269 	1.00683 	1.00665 	1.00596 
Replication752	 0.02708	0.99743	0.99812 	1.00355 	1.00094 	1.00481 	1.00500 	1.00461 
Replication753	 0.03083	0.99797	1.00066 	1.00456 	1.00333 	1.00580 	1.00608 	1.00588 
Replication754	 0.03540	0.99829	1.00118 	1.00540 	1.00511 	1.00626 	1.00667 	1.00680 
Replication755	 0.02490	0.99749	0.99969 	1.00349 	1.00058 	1.00514 	1.00518 	1.00449 
Replication756	 0.02619	0.99760	0.99978 	1.00358 	1.00148 	1.00521 	1.00539 	1.00489 
Replication757	 0.02597	0.99738	0.99830 	1.00297 	1.00107 	1.00466 	1.00494 	1.00456 
Replication758	 0.02513	0.99753	1.00081 	1.00344 	1.00027 	1.00537 	1.00530 	1.00439 
Replication759	 0.02718	0.99770	1.00036 	1.00387 	1.00177 	1.00545 	1.00560 	1.00508 
Replication760	 0.02364	0.99723	0.99890 	1.00260 	0.99962 	1.00463 	1.00470 	1.00390 
Replication761	 0.02558	0.99753	0.99959 	1.00340 	1.00115 	1.00510 	1.00526 	1.00471 
Replication762	 0.02523	0.99727	0.99786 	1.00266 	1.00062 	1.00444 	1.00472 	1.00429 
Replication763	 0.02683	0.99731	0.99731 	1.00273 	1.00125 	1.00435 	1.00476 	1.00456 
Replication764	 0.02565	0.99745	0.99895 	1.00316 	1.00105 	1.00487 	1.00508 	1.00460 
Replication765	 0.02481	0.99720	0.99759 	1.00247 	1.00035 	1.00430 	1.00458 	1.00414 
Replication766	 0.02699	0.99752	0.99874 	1.00335 	1.00170 	1.00490 	1.00521 	1.00491 
Replication767	 0.03632	0.99833	1.00301 	1.00613 	1.00338 	1.00688 	1.00679 	1.00627 
Replication768	 0.02616	0.99758	0.99970 	1.00357 	1.00141 	1.00519 	1.00536 	1.00486 
Replication769	 0.02964	0.99779	0.99939 	1.00465 	1.00233 	1.00551 	1.00569 	1.00544 
Replication770	 0.02392	0.99720	0.99819 	1.00250 	0.99993 	1.00444 	1.00461 	1.00399 
Replication771	 0.02437	0.99727	0.99834 	1.00269 	1.00030 	1.00455 	1.00474 	1.00418 
Replication772	 0.02435	0.99697	0.99740 	1.00188 	0.99895 	1.00402 	1.00417 	1.00344 
Replication773	 0.02492	0.99753	1.00020 	1.00343 	1.00073 	1.00524 	1.00528 	1.00456 
Replication774	 0.02655	0.99754	0.99911 	1.00341 	1.00157 	1.00500 	1.00526 	1.00487 
Replication775	 0.02770	0.99758	0.99883 	1.00354 	1.00202 	1.00500 	1.00532 	1.00508 
Replication776	 0.03372	0.99816	1.00179 	1.00511 	1.00384 	1.00626 	1.00647 	1.00623 
Replication777	 0.02815	0.99765	0.99907 	1.00369 	1.00232 	1.00511 	1.00545 	1.00524 
Replication778	 0.03614	0.99833	1.00069 	1.00694 	1.00390 	1.00663 	1.00666 	1.00657 
Replication779	 0.02440	0.99700	0.99707 	1.00194 	0.99937 	1.00397 	1.00421 	1.00361 
Replication780	 0.02483	0.99706	0.99658 	1.00206 	1.00008 	1.00392 	1.00428 	1.00392 
Replication781	 0.02388	0.99739	1.00037 	1.00308 	0.99969 	1.00513 	1.00505 	1.00407 
Replication782	 0.02552	0.99753	0.99963 	1.00345 	1.00106 	1.00512 	1.00526 	1.00468 
Replication783	 0.02636	0.99765	1.00003 	1.00372 	1.00163 	1.00532 	1.00548 	1.00499 
Replication784	 0.02655	0.99756	0.99937 	1.00368 	1.00131 	1.00515 	1.00530 	1.00482 
Replication785	 0.03280	0.99810	1.00137 	1.00493 	1.00373 	1.00610 	1.00635 	1.00613 
Replication786	 0.02562	0.99741	0.99873 	1.00334 	1.00062 	1.00486 	1.00500 	1.00445 
Replication787	 0.02495	0.99750	0.99973 	1.00333 	1.00086 	1.00510 	1.00521 	1.00458 
Replication788	 0.02512	0.99714	0.99709 	1.00254 	1.00002 	1.00420 	1.00445 	1.00400 
Replication789	 0.02597	0.99750	0.99927 	1.00372 	1.00073 	1.00512 	1.00519 	1.00459 
Replication790	 0.03155	0.99793	0.99941 	1.00527 	1.00293 	1.00574 	1.00593 	1.00581 
Replication791	 0.03158	0.99801	1.00017 	1.00557 	1.00285 	1.00601 	1.00610 	1.00585 
Replication792	 0.02479	0.99720	0.99764 	1.00255 	1.00020 	1.00434 	1.00458 	1.00409 
Replication793	 0.02651	0.99759	0.99950 	1.00355 	1.00163 	1.00514 	1.00536 	1.00494 
Replication794	 0.03699	0.99839	1.00277 	1.00573 	1.00467 	1.00672 	1.00692 	1.00672 
Replication795	 0.03049	0.99795	1.00026 	1.00470 	1.00320 	1.00575 	1.00601 	1.00584 
Replication796	 0.02644	0.99720	0.99672 	1.00242 	1.00093 	1.00410 	1.00454 	1.00434 
Replication797	 0.02444	0.99732	0.99865 	1.00282 	1.00040 	1.00467 	1.00484 	1.00426 
Replication798	 0.02330	0.99738	0.99983 	1.00302 	0.99998 	1.00499 	1.00500 	1.00416 
Replication799	 0.03322	0.99813	1.00135 	1.00516 	1.00375 	1.00618 	1.00639 	1.00619 
Replication800	 0.02617	0.99758	0.99967 	1.00354 	1.00145 	1.00517 	1.00535 	1.00486 
Replication801	 0.02742	0.99737	0.99750 	1.00321 	1.00117 	1.00456 	1.00487 	1.00462 
Replication802	 0.03015	0.99751	0.99702 	1.00323 	1.00281 	1.00450 	1.00510 	1.00529 
Replication803	 0.03649	0.99832	1.00406 	1.00585 	1.00296 	1.00701 	1.00684 	1.00607 
Replication804	 0.02373	0.99734	0.99930 	1.00292 	1.00012 	1.00484 	1.00492 	1.00418 
Replication805	 0.02526	0.99747	0.99936 	1.00325 	1.00094 	1.00499 	1.00515 	1.00459 
Replication806	 0.02433	0.99739	0.99924 	1.00303 	1.00046 	1.00487 	1.00499 	1.00434 
Replication807	 0.03029	0.99793	1.00049 	1.00446 	1.00321 	1.00573 	1.00601 	1.00580 
Replication808	 0.02655	0.99740	0.99820 	1.00329 	1.00096 	1.00474 	1.00496 	1.00457 
Replication809	 0.03226	0.99791	0.99881 	1.00478 	1.00364 	1.00546 	1.00587 	1.00599 
Replication810	 0.02899	0.99783	1.00062 	1.00434 	1.00228 	1.00568 	1.00583 	1.00539 
Replication811	 0.02975	0.99788	1.00100 	1.00435 	1.00251 	1.00579 	1.00594 	1.00550 
Replication812	 0.03117	0.99797	1.00155 	1.00488 	1.00241 	1.00609 	1.00612 	1.00558 
Replication813	 0.02437	0.99722	0.99806 	1.00256 	1.00019 	1.00443 	1.00465 	1.00410 
Replication814	 0.02333	0.99738	0.99979 	1.00303 	1.00001 	1.00499 	1.00500 	1.00417 
Replication815	 0.02869	0.99778	1.00181 	1.00413 	1.00126 	1.00586 	1.00580 	1.00496 
Replication816	 0.02469	0.99679	0.99664 	1.00139 	0.99827 	1.00366 	1.00382 	1.00304 
Replication817	 0.02952	0.99785	1.00188 	1.00431 	1.00167 	1.00595 	1.00592 	1.00517 
Replication818	 0.02350	0.99731	0.99927 	1.00284 	0.99995 	1.00480 	1.00486 	1.00409 
Replication819	 0.03031	0.99794	1.00023 	1.00446 	1.00341 	1.00567 	1.00600 	1.00588 
Replication820	 0.02361	0.99723	0.99898 	1.00261 	0.99957 	1.00464 	1.00470 	1.00388 
Replication821	 0.02537	0.99745	0.99912 	1.00318 	1.00095 	1.00491 	1.00510 	1.00457 
Replication822	 0.03377	0.99814	1.00212 	1.00589 	1.00245 	1.00656 	1.00642 	1.00581 
Replication823	 0.03247	0.99808	1.00038 	1.00555 	1.00339 	1.00607 	1.00624 	1.00608 
Replication824	 0.02797	0.99770	0.99956 	1.00384 	1.00234 	1.00528 	1.00556 	1.00529 
Replication825	 0.02520	0.99687	0.99550 	1.00153 	0.99957 	1.00348 	1.00390 	1.00357 
Replication826	 0.03011	0.99785	1.00282 	1.00476 	1.00047 	1.00628 	1.00594 	1.00479 
Replication827	 0.03108	0.99794	1.00269 	1.00477 	1.00141 	1.00628 	1.00610 	1.00518 
Replication828	 0.02892	0.99783	1.00051 	1.00429 	1.00238 	1.00565 	1.00582 	1.00542 
Replication829	 0.02859	0.99780	1.00030 	1.00413 	1.00250 	1.00555 	1.00578 	1.00544 
Replication830	 0.02512	0.99713	0.99696 	1.00228 	1.00035 	1.00409 	1.00444 	1.00408 
Replication831	 0.02494	0.99676	0.99611 	1.00128 	0.99842 	1.00350 	1.00374 	1.00306 
Replication832	 0.02580	0.99754	0.99956 	1.00356 	1.00106 	1.00514 	1.00526 	1.00470 
Replication833	 0.02507	0.99734	0.99850 	1.00288 	1.00068 	1.00466 	1.00488 	1.00438 
Replication834	 0.02438	0.99728	0.99849 	1.00273 	1.00029 	1.00459 	1.00478 	1.00419 
Replication835	 0.03769	0.99842	1.00388 	1.00583 	1.00406 	1.00700 	1.00701 	1.00652 
Replication836	 0.02677	0.99766	1.00068 	1.00379 	1.00123 	1.00549 	1.00553 	1.00485 
Replication837	 0.02690	0.99764	0.99967 	1.00369 	1.00185 	1.00524 	1.00546 	1.00506 
Replication838	 0.02472	0.99750	1.00056 	1.00336 	1.00027 	1.00529 	1.00525 	1.00437 
Replication839	 0.03205	0.99802	1.00278 	1.00477 	1.00216 	1.00633 	1.00626 	1.00549 
Replication840	 0.03271	0.99807	1.00218 	1.00550 	1.00216 	1.00643 	1.00630 	1.00561 
Replication841	 0.02963	0.99777	0.99913 	1.00419 	1.00282 	1.00531 	1.00565 	1.00555 
Replication842	 0.02406	0.99745	0.99984 	1.00320 	1.00044 	1.00507 	1.00513 	1.00438 
Replication843	 0.02354	0.99722	0.99921 	1.00259 	0.99934 	1.00468 	1.00469 	1.00379 
Replication844	 0.03243	0.99804	1.00292 	1.00484 	1.00223 	1.00639 	1.00631 	1.00554 
Replication845	 0.02753	0.99759	0.99892 	1.00352 	1.00200 	1.00501 	1.00533 	1.00507 
Replication846	 0.03012	0.99789	1.00163 	1.00465 	1.00186 	1.00601 	1.00598 	1.00531 
Replication847	 0.03055	0.99795	1.00066 	1.00460 	1.00309 	1.00581 	1.00604 	1.00578 
Replication848	 0.02798	0.99774	1.00124 	1.00400 	1.00139 	1.00569 	1.00570 	1.00498 
Replication849	 0.03022	0.99761	0.99778 	1.00389 	1.00254 	1.00489 	1.00531 	1.00533 
Replication850	 0.02963	0.99775	0.99906 	1.00451 	1.00226 	1.00538 	1.00560 	1.00537 
Replication851	 0.02430	0.99694	0.99753 	1.00180 	0.99862 	1.00401 	1.00411 	1.00329 
Replication852	 0.02476	0.99739	0.99965 	1.00354 	0.99957 	1.00511 	1.00499 	1.00408 
Replication853	 0.02409	0.99739	1.00009 	1.00331 	0.99958 	1.00514 	1.00503 	1.00405 
Replication854	 0.02660	0.99752	0.99896 	1.00336 	1.00156 	1.00495 	1.00522 	1.00486 
Replication855	 0.02869	0.99773	0.99938 	1.00390 	1.00265 	1.00526 	1.00560 	1.00543 
Replication856	 0.02517	0.99716	0.99711 	1.00235 	1.00042 	1.00415 	1.00449 	1.00413 
Replication857	 0.03039	0.99792	1.00120 	1.00447 	1.00266 	1.00588 	1.00603 	1.00560 
Replication858	 0.02504	0.99714	0.99706 	1.00231 	1.00034 	1.00413 	1.00446 	1.00409 
Replication859	 0.03386	0.99817	1.00187 	1.00555 	1.00329 	1.00641 	1.00647 	1.00609 
Replication860	 0.02351	0.99724	0.99961 	1.00264 	0.99915 	1.00479 	1.00473 	1.00374 
Replication861	 0.03311	0.99807	1.00309 	1.00570 	1.00130 	1.00668 	1.00633 	1.00532 
Replication862	 0.02858	0.99780	1.00094 	1.00414 	1.00198 	1.00568 	1.00579 	1.00524 
Replication863	 0.03564	0.99829	1.00272 	1.00591 	1.00342 	1.00674 	1.00671 	1.00624 
Replication864	 0.02661	0.99762	0.99971 	1.00365 	1.00172 	1.00523 	1.00543 	1.00500 
Replication865	 0.02899	0.99783	1.00045 	1.00421 	1.00257 	1.00561 	1.00583 	1.00549 
Replication866	 0.03499	0.99826	1.00166 	1.00535 	1.00458 	1.00634 	1.00664 	1.00658 
Replication867	 0.02470	0.99732	0.99933 	1.00328 	0.99941 	1.00495 	1.00486 	1.00395 
Replication868	 0.02395	0.99733	0.99906 	1.00287 	1.00019 	1.00477 	1.00488 	1.00419 
Replication869	 0.03084	0.99793	1.00271 	1.00454 	1.00161 	1.00622 	1.00610 	1.00522 
Replication870	 0.02715	0.99766	1.00153 	1.00421 	1.00015 	1.00579 	1.00555 	1.00451 
Replication871	 0.03025	0.99789	1.00237 	1.00443 	1.00161 	1.00610 	1.00602 	1.00519 
Replication872	 0.04055	0.99860	1.00536 	1.00634 	1.00417 	1.00751 	1.00738 	1.00672 
Replication873	 0.03299	0.99809	1.00257 	1.00495 	1.00282 	1.00636 	1.00638 	1.00580 
Replication874	 0.02865	0.99778	0.99977 	1.00405 	1.00271 	1.00540 	1.00571 	1.00549 
Replication875	 0.02667	0.99765	1.00047 	1.00376 	1.00138 	1.00543 	1.00552 	1.00490 
Replication876	 0.02965	0.99786	0.99990 	1.00487 	1.00241 	1.00570 	1.00584 	1.00553 
Replication877	 0.02798	0.99765	0.99917 	1.00370 	1.00227 	1.00514 	1.00546 	1.00522 
Replication878	 0.02914	0.99781	1.00211 	1.00421 	1.00122 	1.00596 	1.00586 	1.00497 
Replication879	 0.02633	0.99745	0.99863 	1.00341 	1.00097 	1.00488 	1.00506 	1.00461 
Replication880	 0.02863	0.99780	1.00076 	1.00415 	1.00216 	1.00565 	1.00579 	1.00531 
Replication881	 0.02415	0.99706	0.99763 	1.00212 	0.99940 	1.00416 	1.00434 	1.00368 
Replication882	 0.02701	0.99769	1.00024 	1.00384 	1.00178 	1.00541 	1.00557 	1.00508 
Replication883	 0.02834	0.99754	0.99819 	1.00337 	1.00222 	1.00480 	1.00522 	1.00511 
Replication884	 0.02729	0.99770	1.00064 	1.00388 	1.00155 	1.00551 	1.00560 	1.00500 
Replication885	 0.02617	0.99734	0.99791 	1.00285 	1.00108 	1.00452 	1.00485 	1.00452 
Replication886	 0.02413	0.99705	0.99769 	1.00210 	0.99930 	1.00417 	1.00433 	1.00363 
Replication887	 0.02844	0.99774	0.99955 	1.00393 	1.00256 	1.00531 	1.00562 	1.00540 
Replication888	 0.02754	0.99772	1.00070 	1.00394 	1.00167 	1.00555 	1.00565 	1.00507 
Replication889	 0.02694	0.99768	1.00040 	1.00383 	1.00162 	1.00544 	1.00557 	1.00501 
Replication890	 0.02724	0.99746	0.99819 	1.00318 	1.00170 	1.00472 	1.00508 	1.00486 
Replication891	 0.02980	0.99784	0.99955 	1.00419 	1.00325 	1.00542 	1.00580 	1.00574 
Replication892	 0.03596	0.99832	1.00137 	1.00662 	1.00378 	1.00667 	1.00669 	1.00648 
Replication893	 0.03004	0.99786	1.00267 	1.00436 	1.00119 	1.00614 	1.00597 	1.00501 
Replication894	 0.02554	0.99742	0.99885 	1.00311 	1.00098 	1.00483 	1.00504 	1.00456 
Replication895	 0.03847	0.99847	1.00402 	1.00663 	1.00342 	1.00728 	1.00707 	1.00641 
Replication896	 0.02692	0.99759	0.99926 	1.00354 	1.00178 	1.00509 	1.00535 	1.00499 
Replication897	 0.02587	0.99759	1.00097 	1.00360 	1.00056 	1.00547 	1.00542 	1.00455 
Replication898	 0.02541	0.99743	0.99899 	1.00314 	1.00094 	1.00487 	1.00506 	1.00456 
Replication899	 0.03627	0.99833	1.00141 	1.00685 	1.00354 	1.00675 	1.00670 	1.00643 
Replication900	 0.02408	0.99692	0.99855 	1.00178 	0.99776 	1.00422 	1.00412 	1.00296 
Replication901	 0.03071	0.99793	1.00230 	1.00459 	1.00182 	1.00614 	1.00608 	1.00530 
Replication902	 0.03233	0.99807	1.00120 	1.00485 	1.00364 	1.00603 	1.00628 	1.00607 
Replication903	 0.02641	0.99698	0.99523 	1.00181 	1.00052 	1.00354 	1.00409 	1.00401 
Replication904	 0.03048	0.99774	0.99871 	1.00520 	1.00157 	1.00551 	1.00554 	1.00520 
Replication905	 0.02437	0.99728	0.99848 	1.00272 	1.00028 	1.00459 	1.00477 	1.00419 
Replication906	 0.03501	0.99824	1.00247 	1.00592 	1.00314 	1.00667 	1.00662 	1.00611 
Replication907	 0.02698	0.99768	1.00039 	1.00388 	1.00158 	1.00546 	1.00557 	1.00501 
Replication908	 0.03150	0.99799	1.00218 	1.00468 	1.00240 	1.00616 	1.00618 	1.00556 
Replication909	 0.02748	0.99768	0.99964 	1.00379 	1.00213 	1.00527 	1.00553 	1.00519 
Replication910	 0.02693	0.99766	1.00122 	1.00380 	1.00088 	1.00560 	1.00556 	1.00473 
Replication911	 0.02712	0.99731	0.99720 	1.00274 	1.00136 	1.00433 	1.00476 	1.00460 
Replication912	 0.02585	0.99703	0.99811 	1.00265 	0.99807 	1.00441 	1.00428 	1.00324 
Replication913	 0.02445	0.99695	0.99718 	1.00182 	0.99895 	1.00395 	1.00412 	1.00342 
Replication914	 0.03279	0.99808	1.00249 	1.00492 	1.00278 	1.00633 	1.00635 	1.00577 
Replication915	 0.02510	0.99752	1.00081 	1.00343 	1.00025 	1.00536 	1.00530 	1.00438 
Replication916	 0.02391	0.99711	0.99822 	1.00227 	0.99930 	1.00435 	1.00445 	1.00368 
Replication917	 0.02399	0.99701	0.99835 	1.00202 	0.99854 	1.00427 	1.00428 	1.00332 
Replication918	 0.03551	0.99827	1.00270 	1.00609 	1.00309 	1.00678 	1.00668 	1.00613 
Replication919	 0.03767	0.99845	1.00193 	1.00583 	1.00561 	1.00659 	1.00697 	1.00711 
Replication920	 0.03870	0.99851	1.00336 	1.00614 	1.00489 	1.00700 	1.00714 	1.00691 
Replication921	 0.02558	0.99683	0.99694 	1.00180 	0.99791 	1.00385 	1.00388 	1.00297 
Replication922	 0.03698	0.99837	1.00252 	1.00673 	1.00340 	1.00696 	1.00683 	1.00638 
Replication923	 0.02447	0.99706	0.99698 	1.00210 	0.99986 	1.00402 	1.00431 	1.00384 
Replication924	 0.02712	0.99766	0.99973 	1.00375 	1.00197 	1.00527 	1.00550 	1.00513 
Replication925	 0.02570	0.99702	0.99581 	1.00192 	1.00034 	1.00371 	1.00418 	1.00398 
Replication926	 0.02358	0.99728	0.99975 	1.00285 	0.99928 	1.00489 	1.00482 	1.00383 
Replication927	 0.02410	0.99715	0.99827 	1.00246 	0.99948 	1.00443 	1.00453 	1.00380 
Replication928	 0.02456	0.99705	0.99679 	1.00205 	0.99989 	1.00396 	1.00428 	1.00384 
Replication929	 0.02374	0.99706	0.99955 	1.00219 	0.99800 	1.00459 	1.00442 	1.00317 
Replication930	 0.03240	0.99805	1.00237 	1.00506 	1.00239 	1.00634 	1.00629 	1.00563 
Replication931	 0.03027	0.99793	1.00084 	1.00447 	1.00293 	1.00580 	1.00602 	1.00570 
Replication932	 0.02602	0.99745	0.99877 	1.00316 	1.00120 	1.00483 	1.00508 	1.00466 
Replication933	 0.03528	0.99825	1.00289 	1.00617 	1.00261 	1.00684 	1.00664 	1.00595 
Replication934	 0.02662	0.99765	1.00053 	1.00375 	1.00131 	1.00544 	1.00551 	1.00487 
Replication935	 0.03068	0.99794	1.00123 	1.00453 	1.00278 	1.00591 	1.00606 	1.00566 
Replication936	 0.02561	0.99744	0.99890 	1.00314 	1.00102 	1.00485 	1.00506 	1.00459 
Replication937	 0.02456	0.99731	0.99887 	1.00314 	0.99979 	1.00480 	1.00483 	1.00407 
Replication938	 0.02326	0.99734	0.99999 	1.00292 	0.99958 	1.00498 	1.00493 	1.00398 
Replication939	 0.02714	0.99751	0.99861 	1.00332 	1.00175 	1.00486 	1.00519 	1.00491 
Replication940	 0.02581	0.99759	0.99996 	1.00358 	1.00132 	1.00525 	1.00539 	1.00483 
Replication941	 0.03301	0.99812	1.00124 	1.00497 	1.00392 	1.00609 	1.00637 	1.00622 
Replication942	 0.02834	0.99778	1.00077 	1.00409 	1.00200 	1.00563 	1.00575 	1.00524 
Replication943	 0.02718	0.99770	0.99998 	1.00386 	1.00205 	1.00537 	1.00558 	1.00519 
Replication944	 0.02526	0.99727	0.99846 	1.00320 	0.99958 	1.00472 	1.00473 	1.00398 
Replication945	 0.02809	0.99768	1.00114 	1.00483 	0.99976 	1.00589 	1.00554 	1.00445 
Replication946	 0.02735	0.99772	1.00021 	1.00390 	1.00197 	1.00543 	1.00562 	1.00517 
Replication947	 0.02573	0.99739	0.99847 	1.00299 	1.00099 	1.00470 	1.00496 	1.00453 
Replication948	 0.02601	0.99756	0.99963 	1.00349 	1.00137 	1.00515 	1.00532 	1.00482 
Replication949	 0.04431	0.99889	1.00480 	1.00782 	1.00553 	1.00792 	1.00784 	1.00755 
Replication950	 0.02794	0.99776	1.00027 	1.00401 	1.00221 	1.00549 	1.00569 	1.00529 
Replication951	 0.02683	0.99763	0.99961 	1.00366 	1.00181 	1.00521 	1.00543 	1.00504 
Replication952	 0.03047	0.99792	1.00184 	1.00449 	1.00218 	1.00601 	1.00605 	1.00542 
Replication953	 0.02473	0.99677	0.99656 	1.00132 	0.99816 	1.00361 	1.00377 	1.00298 
Replication954	 0.02988	0.99760	0.99785 	1.00397 	1.00224 	1.00492 	1.00528 	1.00522 
Replication955	 0.02512	0.99680	0.99577 	1.00137 	0.99893 	1.00347 	1.00379 	1.00328 
Replication956	 0.02344	0.99733	0.99942 	1.00289 	0.99997 	1.00485 	1.00490 	1.00412 
Replication957	 0.02450	0.99719	0.99776 	1.00247 	1.00019 	1.00433 	1.00458 	1.00408 
Replication958	 0.02628	0.99753	0.99920 	1.00346 	1.00130 	1.00504 	1.00523 	1.00477 
Replication959	 0.02641	0.99731	0.99754 	1.00275 	1.00111 	1.00441 	1.00477 	1.00451 
Replication960	 0.02454	0.99698	0.99677 	1.00188 	0.99945 	1.00389 	1.00416 	1.00362 
Replication961	 0.03101	0.99785	0.99899 	1.00436 	1.00346 	1.00536 	1.00578 	1.00584 
Replication962	 0.03196	0.99804	1.00087 	1.00534 	1.00295 	1.00610 	1.00620 	1.00587 
Replication963	 0.03016	0.99790	1.00193 	1.00443 	1.00195 	1.00601 	1.00601 	1.00531 
Replication964	 0.02367	0.99736	0.99943 	1.00295 	1.00012 	1.00488 	1.00495 	1.00419 
Replication965	 0.02380	0.99721	0.99848 	1.00253 	0.99978 	1.00451 	1.00464 	1.00394 
Replication966	 0.02445	0.99740	0.99929 	1.00307 	1.00053 	1.00490 	1.00502 	1.00438 
Replication967	 0.02929	0.99786	1.00023 	1.00426 	1.00289 	1.00559 	1.00586 	1.00562 
Replication968	 0.03063	0.99771	0.99823 	1.00381 	1.00333 	1.00499 	1.00552 	1.00565 
Replication969	 0.02396	0.99711	0.99808 	1.00226 	0.99939 	1.00432 	1.00445 	1.00371 
Replication970	 0.02476	0.99748	0.99971 	1.00329 	1.00076 	1.00508 	1.00518 	1.00453 
Replication971	 0.02452	0.99696	0.99681 	1.00184 	0.99931 	1.00388 	1.00413 	1.00356 
Replication972	 0.03167	0.99788	0.99898 	1.00536 	1.00253 	1.00566 	1.00580 	1.00564 
Replication973	 0.02607	0.99712	0.99633 	1.00220 	1.00065 	1.00393 	1.00438 	1.00417 
Replication974	 0.02902	0.99782	1.00119 	1.00466 	1.00137 	1.00590 	1.00581 	1.00509 
Replication975	 0.02532	0.99727	0.99789 	1.00292 	1.00034 	1.00452 	1.00472 	1.00423 
Replication976	 0.02788	0.99744	0.99766 	1.00308 	1.00188 	1.00457 	1.00501 	1.00489 
Replication977	 0.02753	0.99765	0.99938 	1.00370 	1.00210 	1.00518 	1.00546 	1.00516 
Replication978	 0.03229	0.99806	1.00132 	1.00551 	1.00261 	1.00625 	1.00624 	1.00578 
Replication979	 0.03862	0.99850	1.00238 	1.00709 	1.00431 	1.00708 	1.00705 	1.00682 
Replication980	 0.02471	0.99718	0.99752 	1.00241 	1.00024 	1.00426 	1.00454 	1.00408 
Replication981	 0.02634	0.99756	0.99943 	1.00348 	1.00148 	1.00510 	1.00531 	1.00486 
Replication982	 0.02541	0.99714	0.99707 	1.00264 	0.99987 	1.00422 	1.00444 	1.00395 
Replication983	 0.03061	0.99793	1.00206 	1.00451 	1.00206 	1.00607 	1.00606 	1.00538 
Replication984	 0.02508	0.99690	0.99573 	1.00161 	0.99960 	1.00356 	1.00396 	1.00360 
Replication985	 0.02472	0.99715	0.99734 	1.00234 	1.00020 	1.00420 	1.00449 	1.00405 
Replication986	 0.02602	0.99755	0.99953 	1.00345 	1.00135 	1.00511 	1.00529 	1.00480 
Replication987	 0.02978	0.99787	1.00189 	1.00436 	1.00180 	1.00597 	1.00595 	1.00524 
Replication988	 0.02900	0.99764	0.99855 	1.00363 	1.00261 	1.00498 	1.00540 	1.00533 
Replication989	 0.03763	0.99837	1.00554 	1.00574 	1.00247 	1.00730 	1.00697 	1.00589 
Replication990	 0.03380	0.99814	1.00327 	1.00509 	1.00261 	1.00656 	1.00649 	1.00576 
Replication991	 0.03212	0.99806	1.00054 	1.00507 	1.00368 	1.00596 	1.00622 	1.00611 
Replication992	 0.02474	0.99711	0.99700 	1.00221 	1.00013 	1.00407 	1.00439 	1.00398 
Replication993	 0.03175	0.99803	1.00135 	1.00497 	1.00294 	1.00609 	1.00620 	1.00581 
Replication994	 0.02431	0.99684	0.99790 	1.00155 	0.99769 	1.00398 	1.00395 	1.00287 
Replication995	 0.03285	0.99809	0.99986 	1.00558 	1.00377 	1.00597 	1.00623 	1.00623 
Replication996	 0.02387	0.99742	0.99977 	1.00314 	1.00033 	1.00503 	1.00508 	1.00432 
Replication997	 0.02633	0.99745	0.99865 	1.00317 	1.00132 	1.00481 	1.00508 	1.00471 
Replication998	 0.02472	0.99741	0.99919 	1.00308 	1.00065 	1.00488 	1.00503 	1.00443 
Replication999	 0.03023	0.99791	1.00127 	1.00457 	1.00236 	1.00592 	1.00600 	1.00549 