
Replication	FitnessValue	Frequency	Bus1	Bus2	Bus3	Bus4	Bus5	Bus6	Bus7	Bus8	Bus9	Bus10	Bus11	Bus12	Bus1_P	Bus2_P	Bus3_P	Bus4_P	Bus5_P	Bus6_P	Bus7_P	Bus8_P	Bus9_P	Bus10_P	Bus11_P	Bus12_P	Bus1_Q	Bus2_Q	Bus3_Q	Bus4_Q	Bus5_Q	Bus6_Q	Bus7_Q	Bus8_Q	Bus9_Q	Bus10_Q	Bus11_Q	Bus12_Q	PLoss	QLoss
Replication0	 0.07922	0.97899	0.87078 	0.89328 	0.89281 	0.89163 	0.89276 	0.91389 	0.91572 	0.92265 	0.92715 	0.92252 	0.93187 	0.92443 	-0.45872 	0.00000 	-0.56952 	0.10889 	0.02129 	0.25222 	-0.16374 	-0.03509 	0.41603 	0.00000 	0.20548 	0.19197 	-0.15692 	0.00000 	-0.19482 	0.06022 	0.00728 	0.20752 	-0.05601 	-0.01200 	0.05688 	0.00000 	0.07029 	0.14825 	0.03120	0.13067
Replication1	 0.03090	0.98916	0.91910 	0.93541 	0.94657 	0.93396 	0.93777 	0.95580 	0.97244 	0.97043 	0.96766 	0.97138 	0.97692 	0.96659 	-0.35490 	-0.12278 	-0.20723 	0.06687 	0.00000 	0.14115 	0.00000 	0.00000 	0.21352 	-0.01720 	0.15912 	0.09758 	-0.11896 	-0.04115 	-0.06946 	0.04176 	0.00000 	0.11808 	0.00000 	0.00000 	0.02818 	-0.00576 	0.05334 	0.07502 	0.02385	0.08103
Replication2	 -1.53850	0.99796	1.00429 	1.00444 	1.00420 	1.00462 	1.00440 	1.00455 	0.99181 	0.99927 	1.00382 	0.99707 	1.00383 	1.00322 	0.00000 	0.00000 	0.00000 	0.00621 	0.00000 	0.01521 	-0.15199 	0.00000 	0.03509 	-0.03678 	0.11978 	0.01560 	0.00000 	0.00000 	0.00000 	0.00147 	0.00000 	0.01086 	-0.05006 	0.00000 	0.00016 	-0.01211 	0.03945 	0.01134 	0.00312	0.00111
Replication3	 0.19267	0.96590	0.80718 	0.84182 	0.85097 	0.83917 	0.84021 	0.86705 	0.75733 	0.81161 	0.86534 	0.78391 	0.82123 	0.85802 	-0.52000 	-0.00037 	-0.16777 	0.16151 	0.00000 	0.37816 	-0.64685 	0.00000 	0.70422 	-0.36865 	0.19204 	0.33757 	-0.18260 	-0.00013 	-0.05891 	0.08254 	0.00000 	0.30563 	-0.22715 	0.00000 	0.12148 	-0.12946 	0.06744 	0.26663 	0.06986	0.24548
Replication4	 0.14320	0.96277	0.80680 	0.82128 	0.85397 	0.82845 	0.83469 	0.86677 	0.82895 	0.82962 	0.87296 	0.82334 	0.84802 	0.86706 	-0.34081 	-0.50233 	0.00000 	0.17279 	0.00000 	0.38216 	-0.04897 	-0.53901 	0.70927 	-0.22725 	0.10048 	0.32288 	-0.12043 	-0.17751 	0.00000 	0.08656 	0.00000 	0.30295 	-0.01731 	-0.19047 	0.07294 	-0.08030 	0.03551 	0.24542 	0.02922	0.15737
Replication5	 0.24685	0.95643	0.81072 	0.83392 	0.83636 	0.83536 	0.83227 	0.84932 	0.70315 	0.74222 	0.83109 	0.70985 	0.75763 	0.82170 	-0.31968 	0.00000 	0.00000 	0.17520 	0.00000 	0.43063 	-0.40224 	-0.45230 	0.80000 	-0.52594 	0.03192 	0.41963 	-0.11441 	0.00000 	0.00000 	0.07428 	0.00000 	0.33794 	-0.14396 	-0.16187 	0.13825 	-0.18823 	0.01143 	0.32898 	0.15722	0.28241
Replication6	 0.00102	0.99398	0.96376 	0.97752 	0.98408 	0.97451 	0.97830 	0.98642 	0.98824 	0.98832 	0.99004 	0.98642 	0.99072 	0.98953 	-0.25488 	0.00000 	-0.01393 	0.03231 	0.02828 	0.06280 	0.00000 	0.00000 	0.10840 	-0.06932 	0.05214 	0.04695 	-0.08461 	0.00000 	-0.00462 	0.01838 	0.00939 	0.05000 	0.00000 	0.00000 	0.00556 	-0.02301 	0.01731 	0.03443 	0.00724	0.02282
Replication7	 0.15504	0.95944	0.82898 	0.82079 	0.81521 	0.83461 	0.82869 	0.84697 	0.80950 	0.80769 	0.85284 	0.79496 	0.83362 	0.84503 	-0.07497 	-0.33802 	-0.71572 	0.17225 	0.00073 	0.43304 	0.00000 	-0.48103 	0.79514 	-0.41115 	0.25507 	0.37012 	-0.02667 	-0.12025 	-0.25460 	0.07831 	0.00026 	0.34676 	0.00000 	-0.17112 	0.10194 	-0.14626 	0.09074 	0.28574 	0.00546	0.18485
Replication8	 0.10828	0.96931	0.85694 	0.87150 	0.86913 	0.87373 	0.87165 	0.89039 	0.84172 	0.86787 	0.89537 	0.86321 	0.87786 	0.89066 	-0.31628 	-0.06135 	-0.48810 	0.13287 	0.00000 	0.31872 	-0.42935 	-0.17528 	0.58940 	0.00000 	0.15337 	0.26915 	-0.11031 	-0.02140 	-0.17023 	0.06179 	0.00000 	0.25344 	-0.14974 	-0.06113 	0.06490 	0.00000 	0.05349 	0.20530 	0.00685	0.12611
Replication9	 0.11472	0.96962	0.88224 	0.89425 	0.89099 	0.89586 	0.89359 	0.90454 	0.84225 	0.85184 	0.89980 	0.83528 	0.87563 	0.89332 	-0.21576 	0.00000 	-0.23887 	0.11671 	0.01132 	0.28454 	-0.15266 	-0.42422 	0.57407 	-0.45303 	0.27136 	0.26353 	-0.07520 	0.00000 	-0.08326 	0.04635 	0.00395 	0.21992 	-0.05321 	-0.14786 	0.05492 	-0.15790 	0.09458 	0.20033 	0.03700	0.10263
Replication10	 -1.54250	1.00042	1.00729 	1.00929 	1.01011 	1.00880 	1.01041 	1.01010 	1.00818 	1.00759 	1.01082 	1.00214 	1.01779 	1.01005 	-0.04239 	0.00000 	0.00000 	0.00037 	0.03100 	-0.00068 	0.00000 	0.00000 	-0.00593 	-0.22364 	0.24402 	-0.00053 	-0.01389 	0.00000 	0.00000 	0.00135 	0.01016 	0.00021 	0.00000 	0.00000 	0.00123 	-0.07329 	0.07997 	0.00034 	0.00222	0.00608
Replication11	 -1.33826	1.00077	1.00237 	0.99921 	0.99303 	1.00078 	0.99899 	0.99998 	1.01478 	1.01156 	1.00592 	1.01384 	1.02094 	1.00524 	0.00000 	-0.00360 	-0.30735 	0.00570 	0.00000 	0.02315 	0.00000 	0.00000 	0.00511 	0.00000 	0.24866 	0.00868 	0.00000 	-0.00118 	-0.10066 	0.00747 	0.00000 	0.02478 	0.00000 	0.00000 	0.01819 	0.00000 	0.08144 	0.01027 	0.01965	0.04031
Replication12	 0.03094	0.98242	0.91906 	0.93120 	0.93372 	0.93110 	0.93266 	0.94430 	0.92309 	0.93464 	0.94884 	0.93387 	0.94662 	0.94617 	-0.26022 	-0.04944 	-0.24631 	0.07671 	0.02504 	0.17583 	-0.25530 	-0.16650 	0.32479 	0.00000 	0.21810 	0.14518 	-0.08841 	-0.01680 	-0.08368 	0.03600 	0.00851 	0.13843 	-0.08673 	-0.05657 	0.02430 	0.00000 	0.07410 	0.10860 	0.01213	0.05774
Replication13	 0.15387	0.96672	0.83626 	0.81844 	0.84070 	0.83738 	0.83897 	0.86252 	0.79613 	0.84281 	0.87341 	0.83237 	0.85308 	0.86787 	0.00000 	-0.73839 	-0.36324 	0.16184 	0.00528 	0.38812 	-0.66955 	0.00000 	0.67420 	-0.01516 	0.25393 	0.31714 	0.00000 	-0.25887 	-0.12734 	0.08476 	0.00185 	0.31733 	-0.23473 	0.00000 	0.10545 	-0.00532 	0.08902 	0.24791 	0.01417	0.22006
Replication14	 0.04545	0.98545	0.90455 	0.93286 	0.94717 	0.92711 	0.93226 	0.95219 	0.94926 	0.94466 	0.95886 	0.94884 	0.96364 	0.95621 	-0.46701 	0.00000 	0.00000 	0.07606 	0.00000 	0.15374 	-0.03313 	-0.39643 	0.27030 	0.00000 	0.27545 	0.12205 	-0.15770 	0.00000 	0.00000 	0.04236 	0.00000 	0.12278 	-0.01119 	-0.13387 	0.02162 	0.00000 	0.09302 	0.09178 	0.00103	0.06881
Replication15	 0.11337	0.97260	0.90270 	0.89802 	0.90752 	0.90617 	0.90636 	0.91493 	0.83663 	0.86367 	0.90921 	0.83934 	0.87807 	0.90370 	0.00000 	-0.31966 	0.00000 	0.10589 	0.01467 	0.25650 	-0.34304 	-0.13412 	0.52177 	-0.50415 	0.21203 	0.23980 	0.00000 	-0.11076 	0.00000 	0.04244 	0.00508 	0.19822 	-0.11886 	-0.04647 	0.05352 	-0.17468 	0.07346 	0.18280 	0.04970	0.10477
Replication16	 0.06505	0.97827	0.92845 	0.92464 	0.92873 	0.93063 	0.92967 	0.93667 	0.89411 	0.90526 	0.93441 	0.88495 	0.91617 	0.93069 	-0.00304 	-0.21981 	-0.10688 	0.08186 	0.00040 	0.19849 	-0.10986 	-0.05916 	0.40144 	-0.51600 	0.16848 	0.18026 	-0.00104 	-0.07530 	-0.03661 	0.03152 	0.00014 	0.15226 	-0.03763 	-0.02027 	0.03001 	-0.17677 	0.05772 	0.13505 	0.01618	0.05906
Replication17	 0.10786	0.97135	0.86880 	0.87995 	0.88071 	0.88305 	0.88167 	0.89872 	0.84214 	0.87438 	0.90239 	0.86083 	0.88322 	0.89787 	-0.26539 	-0.11340 	-0.38707 	0.12386 	0.00000 	0.29663 	-0.46814 	0.00000 	0.55194 	-0.18699 	0.19624 	0.25271 	-0.09218 	-0.03939 	-0.13445 	0.05750 	0.00000 	0.23568 	-0.16261 	0.00000 	0.06228 	-0.06495 	0.06816 	0.19310 	0.00039	0.12315
Replication18	 -1.54526	0.99929	1.00233 	1.00096 	1.00435 	1.00211 	1.00294 	1.00483 	1.00487 	1.00445 	1.00703 	0.99959 	1.01514 	1.00621 	0.00000 	-0.08618 	0.00000 	0.00645 	0.00000 	0.01312 	-0.01008 	0.00000 	0.01453 	-0.20611 	0.25858 	0.00826 	0.00000 	-0.02831 	0.00000 	0.00481 	0.00000 	0.01162 	-0.00331 	0.00000 	0.00243 	-0.06770 	0.08494 	0.00679 	0.00143	0.01126
Replication19	 0.08571	0.98368	0.86429 	0.89930 	0.91951 	0.89356 	0.90110 	0.93001 	0.93437 	0.94091 	0.94411 	0.93938 	0.94968 	0.94224 	-0.60558 	-0.08436 	-0.14572 	0.10207 	0.01263 	0.20866 	-0.14914 	0.00000 	0.32751 	-0.04097 	0.21253 	0.15167 	-0.20522 	-0.02859 	-0.04938 	0.06427 	0.00428 	0.17395 	-0.05054 	0.00000 	0.04861 	-0.01388 	0.07202 	0.11772 	0.01070	0.13323
Replication20	 0.00600	0.98900	0.95756 	0.95750 	0.94842 	0.95988 	0.95676 	0.96180 	0.95932 	0.96253 	0.96763 	0.96397 	0.97593 	0.96544 	-0.07542 	0.00000 	-0.45975 	0.04854 	0.00000 	0.12697 	-0.13390 	-0.12566 	0.21493 	0.00000 	0.27946 	0.10003 	-0.02529 	0.00000 	-0.15415 	0.02306 	0.00000 	0.10357 	-0.04490 	-0.04213 	0.02693 	0.00000 	0.09370 	0.07714 	0.02480	0.05794
Replication21	 0.01531	0.98806	0.96288 	0.96930 	0.97074 	0.96902 	0.96949 	0.97340 	0.94591 	0.95155 	0.97055 	0.93469 	0.96066 	0.96830 	-0.10801 	0.00000 	0.00000 	0.04310 	0.01323 	0.10024 	-0.03112 	0.00000 	0.21465 	-0.48111 	0.16867 	0.09533 	-0.03628 	0.00000 	0.00000 	0.01544 	0.00445 	0.07483 	-0.01046 	0.00000 	0.01052 	-0.16162 	0.05666 	0.07048 	0.01497	0.02403
Replication22	 0.06869	0.97429	0.88188 	0.89935 	0.89882 	0.89889 	0.89863 	0.91453 	0.88131 	0.89443 	0.91827 	0.88719 	0.90690 	0.91433 	-0.33317 	0.00000 	-0.35579 	0.10913 	0.01069 	0.25566 	-0.23074 	-0.18225 	0.48147 	-0.16636 	0.18678 	0.21692 	-0.11505 	0.00000 	-0.12286 	0.04959 	0.00369 	0.20098 	-0.07968 	-0.06293 	0.04211 	-0.05745 	0.06450 	0.16343 	0.00765	0.08635
Replication23	 0.09242	0.97633	0.91142 	0.91947 	0.91593 	0.92102 	0.91857 	0.92702 	0.85758 	0.88853 	0.92391 	0.88379 	0.90558 	0.91901 	-0.15755 	0.00000 	-0.21927 	0.09096 	0.00000 	0.22362 	-0.54214 	-0.29839 	0.44796 	0.00000 	0.27354 	0.20549 	-0.05418 	0.00000 	-0.07541 	0.03615 	0.00000 	0.17328 	-0.18645 	-0.10262 	0.04345 	0.00000 	0.09407 	0.15625 	0.02423	0.08454
Replication24	 0.07717	0.97444	0.89151 	0.89909 	0.88921 	0.90186 	0.89775 	0.90987 	0.88775 	0.89221 	0.91404 	0.87283 	0.90319 	0.90990 	-0.20911 	0.00000 	-0.55955 	0.10684 	0.00000 	0.26665 	0.00000 	0.00000 	0.49228 	-0.52524 	0.18770 	0.22557 	-0.07219 	0.00000 	-0.19316 	0.04764 	0.00000 	0.21228 	0.00000 	0.00000 	0.05544 	-0.18132 	0.06480 	0.17240 	0.01485	0.10590
Replication25	 0.16506	0.97335	0.78494 	0.82947 	0.86923 	0.82572 	0.83700 	0.88139 	0.85753 	0.87862 	0.89731 	0.86889 	0.88791 	0.89373 	-0.70804 	-0.29674 	0.00000 	0.16249 	0.00562 	0.33594 	-0.32474 	0.00000 	0.54938 	-0.16332 	0.20235 	0.25884 	-0.24495 	-0.10266 	0.00000 	0.10076 	0.00195 	0.27924 	-0.11235 	0.00000 	0.09387 	-0.05650 	0.07001 	0.20339 	0.02178	0.23275
Replication26	 0.04971	0.97842	0.93050 	0.92439 	0.90556 	0.93047 	0.92444 	0.92676 	0.90029 	0.91089 	0.92875 	0.90771 	0.92098 	0.92513 	0.00000 	0.00000 	-0.67255 	0.08180 	0.02954 	0.22205 	-0.20871 	-0.16803 	0.41631 	-0.06482 	0.15291 	0.19116 	0.00000 	0.00000 	-0.23033 	0.03181 	0.01012 	0.17614 	-0.07148 	-0.05755 	0.04748 	-0.02220 	0.05237 	0.14627 	0.02033	0.08264
Replication27	 0.02235	0.98385	0.94881 	0.94502 	0.95193 	0.95004 	0.95050 	0.95707 	0.93709 	0.93792 	0.95728 	0.92765 	0.94958 	0.95468 	0.00000 	-0.23452 	-0.04820 	0.06153 	0.00000 	0.14376 	0.00000 	-0.16079 	0.28851 	-0.33773 	0.16459 	0.12676 	0.00000 	-0.07945 	-0.01633 	0.02412 	0.00000 	0.10940 	0.00000 	-0.05447 	0.01243 	-0.11441 	0.05576 	0.09316 	0.00393	0.03021
Replication28	 0.17131	0.96208	0.85609 	0.86907 	0.87148 	0.87193 	0.86944 	0.88148 	0.77869 	0.79502 	0.86769 	0.78093 	0.81411 	0.85929 	-0.19165 	-0.05692 	0.00000 	0.14253 	0.00000 	0.34771 	-0.23643 	-0.68576 	0.73022 	-0.31157 	0.02498 	0.33904 	-0.06782 	-0.02014 	0.00000 	0.05470 	0.00000 	0.26704 	-0.08366 	-0.24266 	0.08210 	-0.11025 	0.00884 	0.26015 	0.10215	0.14829
Replication29	 0.02693	0.98389	0.93134 	0.92307 	0.94335 	0.93171 	0.93561 	0.94864 	0.94765 	0.94180 	0.95563 	0.94594 	0.95873 	0.95312 	0.00000 	-0.50214 	0.00000 	0.07458 	0.00000 	0.16389 	0.00000 	-0.38927 	0.29288 	-0.00013 	0.22415 	0.12983 	0.00000 	-0.17010 	0.00000 	0.03726 	0.00000 	0.12961 	0.00000 	-0.13186 	0.01748 	-0.00004 	0.07593 	0.09630 	0.00621	0.05458
Replication30	 -1.55215	0.99580	0.99610 	0.99469 	0.99448 	0.99615 	0.99720 	0.99652 	0.98760 	0.98927 	0.99625 	0.98189 	0.99730 	0.99515 	0.00000 	-0.05077 	-0.05554 	0.01475 	0.03838 	0.03670 	-0.01949 	0.00000 	0.07508 	-0.25024 	0.17826 	0.03388 	0.00000 	-0.01679 	-0.01837 	0.00503 	0.01269 	0.02777 	-0.00645 	0.00000 	0.00338 	-0.08277 	0.05896 	0.02515 	0.00100	0.00862
Replication31	 0.19305	0.96256	0.75695 	0.79128 	0.82313 	0.79358 	0.80036 	0.84389 	0.80608 	0.82183 	0.85720 	0.80140 	0.83449 	0.85133 	-0.59244 	-0.35959 	-0.21664 	0.19795 	0.00000 	0.43710 	-0.17447 	-0.09984 	0.75606 	-0.44611 	0.16963 	0.35436 	-0.20944 	-0.12712 	-0.07659 	0.11123 	0.00000 	0.35745 	-0.06168 	-0.03530 	0.11614 	-0.15771 	0.05997 	0.27646 	0.02601	0.25342
Replication32	 0.06463	0.97656	0.90871 	0.89998 	0.91198 	0.90973 	0.91092 	0.92293 	0.89980 	0.90474 	0.92676 	0.88537 	0.91376 	0.92343 	0.00000 	-0.42854 	-0.17209 	0.09877 	0.00827 	0.23317 	0.00000 	0.00000 	0.43791 	-0.52188 	0.14626 	0.19648 	0.00000 	-0.14731 	-0.05916 	0.04447 	0.00284 	0.18330 	0.00000 	0.00000 	0.03723 	-0.17940 	0.05028 	0.14771 	0.00166	0.07997
Replication33	 0.29140	0.95331	0.74451 	0.76904 	0.79809 	0.77622 	0.77947 	0.81561 	0.65860 	0.73552 	0.81060 	0.71779 	0.74684 	0.80303 	-0.43429 	-0.39765 	0.00000 	0.22105 	0.00000 	0.51456 	-0.85782 	-0.30128 	0.80000 	0.00000 	0.12927 	0.45999 	-0.15640 	-0.14320 	0.00000 	0.11292 	0.00000 	0.41525 	-0.30892 	-0.10850 	0.17014 	0.00000 	0.04655 	0.36286 	0.13382	0.39071
Replication34	 0.13771	0.97114	0.84245 	0.87366 	0.88452 	0.87019 	0.87244 	0.89540 	0.81229 	0.84902 	0.89431 	0.82025 	0.86461 	0.88818 	-0.47568 	0.00000 	-0.06091 	0.13328 	0.00000 	0.30477 	-0.45609 	0.00000 	0.57680 	-0.54354 	0.30206 	0.27218 	-0.16530 	0.00000 	-0.02117 	0.06644 	0.00000 	0.24338 	-0.15849 	0.00000 	0.08356 	-0.18888 	0.10496 	0.21214 	0.05286	0.17665
Replication35	 0.17288	0.96381	0.87224 	0.87256 	0.87637 	0.88007 	0.87811 	0.88591 	0.79478 	0.79829 	0.87251 	0.77712 	0.82547 	0.86358 	-0.04088 	-0.20760 	0.00000 	0.13471 	0.02193 	0.33527 	-0.03720 	-0.70790 	0.70165 	-0.56879 	0.14593 	0.32871 	-0.01442 	-0.07321 	0.00000 	0.05090 	0.00773 	0.25829 	-0.01312 	-0.24963 	0.08314 	-0.20058 	0.05146 	0.25342 	0.10582	0.15399
Replication36	 0.15640	0.96819	0.79741 	0.79360 	0.82433 	0.80981 	0.81460 	0.85208 	0.87046 	0.87059 	0.87674 	0.86514 	0.87793 	0.87313 	-0.25694 	-0.75243 	-0.52155 	0.17983 	0.00000 	0.41153 	0.00000 	0.00000 	0.65216 	-0.17338 	0.13782 	0.30517 	-0.08982 	-0.26302 	-0.18231 	0.10615 	0.00000 	0.34386 	0.00000 	0.00000 	0.10849 	-0.06061 	0.04817 	0.23899 	0.01780	0.24991
Replication37	 0.15985	0.97529	0.79015 	0.83926 	0.87365 	0.83289 	0.84321 	0.88740 	0.89405 	0.88829 	0.90519 	0.88955 	0.90909 	0.90119 	-0.76022 	-0.18375 	-0.09569 	0.15512 	0.00000 	0.31950 	0.00000 	-0.36707 	0.51028 	-0.09452 	0.28901 	0.24200 	-0.26199 	-0.06333 	-0.03298 	0.09789 	0.00000 	0.26694 	0.00000 	-0.12650 	0.08796 	-0.03257 	0.09960 	0.19059 	0.01466	0.22562
Replication38	 0.13826	0.97019	0.90383 	0.90890 	0.90428 	0.91203 	0.90858 	0.91270 	0.81174 	0.84073 	0.89974 	0.83071 	0.85903 	0.89286 	-0.07135 	0.00000 	-0.06056 	0.10450 	0.01370 	0.26440 	-0.45794 	-0.53482 	0.56938 	-0.15090 	0.13911 	0.26386 	-0.02484 	0.00000 	-0.02109 	0.03546 	0.00477 	0.20099 	-0.15943 	-0.18620 	0.05996 	-0.05253 	0.04843 	0.20185 	0.07939	0.10737
Replication39	 0.03643	0.97859	0.91357 	0.91672 	0.92551 	0.92088 	0.92208 	0.93495 	0.92015 	0.91858 	0.93868 	0.92049 	0.93249 	0.93555 	-0.13802 	-0.23512 	-0.15301 	0.08845 	0.00000 	0.20227 	-0.04845 	-0.39417 	0.38648 	-0.02136 	0.13506 	0.17026 	-0.04725 	-0.08049 	-0.05238 	0.03887 	0.00000 	0.15673 	-0.01659 	-0.13495 	0.02061 	-0.00731 	0.04624 	0.12572 	0.00763	0.04919
Replication40	 0.12569	0.96838	0.82431 	0.85468 	0.87841 	0.85340 	0.85956 	0.88895 	0.84719 	0.85348 	0.89338 	0.84179 	0.87497 	0.88782 	-0.49744 	-0.20169 	0.00000 	0.14847 	0.00913 	0.32314 	-0.12067 	-0.40314 	0.60300 	-0.34656 	0.24109 	0.27577 	-0.17381 	-0.07047 	0.00000 	0.07525 	0.00319 	0.25589 	-0.04217 	-0.14086 	0.06268 	-0.12109 	0.08424 	0.20999 	0.03111	0.14283
Replication41	 0.05617	0.98137	0.94968 	0.94902 	0.94259 	0.95196 	0.94845 	0.95027 	0.90813 	0.91453 	0.94447 	0.89383 	0.92544 	0.94077 	0.00000 	0.00000 	-0.16392 	0.06303 	0.00000 	0.16268 	-0.02540 	-0.09796 	0.34625 	-0.56230 	0.14372 	0.15700 	0.00000 	0.00000 	-0.05581 	0.01988 	0.00000 	0.12304 	-0.00865 	-0.03335 	0.02780 	-0.19144 	0.04893 	0.11824 	0.02310	0.04864
Replication42	 0.09706	0.97818	0.85294 	0.89071 	0.90629 	0.88421 	0.89062 	0.91793 	0.91108 	0.91348 	0.92729 	0.90203 	0.92070 	0.92461 	-0.61136 	0.00000 	-0.16029 	0.11512 	0.02228 	0.24340 	0.00000 	-0.01746 	0.42248 	-0.32927 	0.11987 	0.19244 	-0.20947 	0.00000 	-0.05492 	0.06459 	0.00763 	0.19699 	0.00000 	-0.00598 	0.04960 	-0.11282 	0.04107 	0.14705 	0.00278	0.12374
Replication43	 0.04347	0.99445	0.90653 	0.93302 	0.95604 	0.92861 	0.93666 	0.96201 	0.99113 	0.98665 	0.97890 	0.98981 	0.99972 	0.97795 	-0.51473 	-0.16962 	-0.05525 	0.06456 	0.00000 	0.12068 	0.00000 	-0.00158 	0.13615 	0.00000 	0.33795 	0.06948 	-0.17072 	-0.05626 	-0.01832 	0.05171 	0.00000 	0.10888 	0.00000 	-0.00053 	0.04135 	0.00000 	0.11208 	0.05794 	0.01237	0.12615
Replication44	 0.08333	0.97061	0.90110 	0.89393 	0.89749 	0.90325 	0.90404 	0.91049 	0.87355 	0.86667 	0.90840 	0.86761 	0.89225 	0.90260 	0.00000 	-0.31344 	-0.23321 	0.11028 	0.06355 	0.26925 	0.00000 	-0.73187 	0.54107 	-0.12872 	0.19850 	0.24407 	0.00000 	-0.10903 	-0.08112 	0.04222 	0.02211 	0.20674 	0.00000 	-0.25459 	0.03885 	-0.04478 	0.06905 	0.18293 	0.01948	0.07238
Replication45	 0.02706	0.98260	0.93621 	0.92907 	0.92707 	0.93593 	0.93368 	0.94116 	0.93333 	0.93485 	0.94661 	0.92294 	0.94626 	0.94388 	0.00000 	-0.21253 	-0.39911 	0.07305 	0.00000 	0.18316 	0.00000 	0.00000 	0.32957 	-0.37472 	0.23106 	0.14954 	0.00000 	-0.07218 	-0.13554 	0.03276 	0.00000 	0.14615 	0.00000 	0.00000 	0.03226 	-0.12726 	0.07847 	0.11335 	0.01998	0.06800
Replication46	 0.06265	0.97522	0.89705 	0.89563 	0.88735 	0.90206 	0.89790 	0.90972 	0.89758 	0.89874 	0.91739 	0.89349 	0.91842 	0.91303 	-0.11334 	-0.13618 	-0.62771 	0.10579 	0.00000 	0.26619 	-0.07347 	-0.23826 	0.47605 	-0.22199 	0.31939 	0.21853 	-0.03906 	-0.04694 	-0.21635 	0.04840 	0.00000 	0.21348 	-0.02532 	-0.08212 	0.05258 	-0.07651 	0.11008 	0.16698 	0.02498	0.10522
Replication47	 0.00135	0.99365	0.97007 	0.96381 	0.97830 	0.96937 	0.97347 	0.98094 	0.98897 	0.98484 	0.98776 	0.98714 	0.99774 	0.98656 	0.00000 	-0.36919 	0.00000 	0.03637 	0.02085 	0.07626 	0.00000 	-0.16913 	0.11771 	-0.02332 	0.24727 	0.05320 	0.00000 	-0.12264 	0.00000 	0.02167 	0.00693 	0.06276 	0.00000 	-0.05618 	0.00924 	-0.00775 	0.08214 	0.03999 	0.00999	0.03616
Replication48	 0.00824	0.98676	0.95463 	0.94932 	0.95108 	0.95453 	0.95384 	0.96018 	0.95947 	0.95550 	0.96468 	0.95831 	0.96695 	0.96261 	-0.00174 	-0.20271 	-0.24549 	0.05496 	0.00000 	0.13324 	0.00000 	-0.26099 	0.24253 	0.00000 	0.15528 	0.10797 	-0.00059 	-0.06827 	-0.08268 	0.02429 	0.00000 	0.10506 	0.00000 	-0.08790 	0.01618 	0.00000 	0.05230 	0.08042 	0.01694	0.03881
Replication49	 0.07336	0.97973	0.87664 	0.90669 	0.91822 	0.90171 	0.90580 	0.92888 	0.91996 	0.92362 	0.93689 	0.91987 	0.93334 	0.93431 	-0.50570 	0.00000 	-0.16812 	0.10082 	0.00096 	0.21558 	-0.08532 	-0.14244 	0.38184 	-0.12628 	0.14837 	0.17154 	-0.17273 	0.00000 	-0.05743 	0.05388 	0.00033 	0.17247 	-0.02914 	-0.04865 	0.03545 	-0.04313 	0.05068 	0.12937 	0.00875	0.09108
Replication50	 0.02226	0.98525	0.93638 	0.92774 	0.94213 	0.93602 	0.93845 	0.95013 	0.95086 	0.95083 	0.95816 	0.94391 	0.96099 	0.95629 	0.00000 	-0.43797 	-0.13571 	0.06992 	0.00000 	0.15887 	0.00000 	-0.02726 	0.27395 	-0.24719 	0.20702 	0.12211 	0.00000 	-0.14795 	-0.04585 	0.03577 	0.00000 	0.12750 	0.00000 	-0.00921 	0.02194 	-0.08350 	0.06994 	0.09143 	0.01627	0.06005
Replication51	 0.01613	0.98883	0.94341 	0.93387 	0.94858 	0.94224 	0.94499 	0.95694 	0.96892 	0.96587 	0.96785 	0.96449 	0.97987 	0.96613 	0.00000 	-0.45729 	-0.17530 	0.06133 	0.00000 	0.13877 	0.00000 	-0.07503 	0.21575 	-0.12939 	0.30150 	0.09882 	0.00000 	-0.15338 	-0.05880 	0.03546 	0.00000 	0.11501 	0.00000 	-0.02517 	0.02486 	-0.04340 	0.10113 	0.07558 	0.02084	0.07132
Replication52	 0.07294	0.97802	0.87706 	0.88257 	0.90140 	0.88857 	0.89251 	0.91508 	0.90035 	0.91733 	0.92769 	0.91293 	0.92866 	0.92488 	-0.24777 	-0.40705 	-0.23778 	0.11218 	0.00000 	0.25040 	-0.31484 	0.00000 	0.42272 	-0.06114 	0.27342 	0.19206 	-0.08492 	-0.13951 	-0.08150 	0.06129 	0.00000 	0.20365 	-0.10791 	0.00000 	0.04712 	-0.02095 	0.09371 	0.14634 	0.01778	0.11732
Replication53	 0.09164	0.97575	0.91592 	0.91053 	0.90683 	0.91761 	0.91406 	0.92093 	0.85836 	0.88887 	0.91989 	0.87380 	0.90191 	0.91530 	0.00000 	-0.17186 	-0.32699 	0.09408 	0.00000 	0.23881 	-0.45850 	-0.04912 	0.46443 	-0.25910 	0.26635 	0.21347 	0.00000 	-0.05917 	-0.11258 	0.03791 	0.00000 	0.18722 	-0.15787 	-0.01691 	0.04993 	-0.08921 	0.09171 	0.16302 	0.01158	0.09403
Replication54	 0.09402	0.97239	0.86346 	0.88543 	0.88649 	0.88439 	0.88548 	0.90332 	0.87308 	0.87942 	0.90678 	0.85598 	0.88906 	0.90242 	-0.40030 	0.00000 	-0.35485 	0.12169 	0.03192 	0.28451 	0.00000 	0.00000 	0.53051 	-0.59865 	0.14434 	0.24257 	-0.13876 	0.00000 	-0.12300 	0.05775 	0.01107 	0.22578 	0.00000 	0.00000 	0.05865 	-0.20751 	0.05003 	0.18513 	0.00174	0.11913
Replication55	 0.23936	0.96525	0.85533 	0.85840 	0.85698 	0.86579 	0.86185 	0.86788 	0.71064 	0.75490 	0.84878 	0.71074 	0.77935 	0.83705 	-0.06798 	-0.12733 	0.00000 	0.14325 	0.03100 	0.37685 	-0.44249 	-0.34969 	0.75707 	-0.76475 	0.24343 	0.37994 	-0.02390 	-0.04477 	0.00000 	0.06277 	0.01090 	0.30293 	-0.15559 	-0.12296 	0.16317 	-0.26890 	0.08559 	0.30764 	0.17928	0.31688
Replication56	 0.00271	0.99229	0.97249 	0.97989 	0.98290 	0.97875 	0.97964 	0.98483 	0.97075 	0.97386 	0.98506 	0.96270 	0.98428 	0.98345 	-0.12998 	0.00000 	0.00000 	0.03125 	0.00000 	0.06840 	-0.03091 	0.00000 	0.13708 	-0.35621 	0.22399 	0.06080 	-0.04330 	0.00000 	0.00000 	0.01339 	0.00000 	0.05199 	-0.01030 	0.00000 	0.00528 	-0.11865 	0.07461 	0.04475 	0.00441	0.01778
Replication57	 0.15189	0.96935	0.79811 	0.82816 	0.86313 	0.82945 	0.83791 	0.87619 	0.85587 	0.86050 	0.88839 	0.83931 	0.87354 	0.88384 	-0.54074 	-0.38354 	-0.03271 	0.16446 	0.00000 	0.35262 	0.00000 	-0.06630 	0.60903 	-0.55448 	0.18897 	0.28267 	-0.18858 	-0.13376 	-0.01141 	0.09346 	0.00000 	0.28742 	0.00000 	-0.02312 	0.08513 	-0.19337 	0.06590 	0.21890 	0.01998	0.20056
Replication58	 0.14110	0.96552	0.80890 	0.82831 	0.85105 	0.83291 	0.83771 	0.86925 	0.82766 	0.84699 	0.87940 	0.84512 	0.86392 	0.87403 	-0.41890 	-0.36302 	-0.23786 	0.16642 	0.00960 	0.37330 	-0.36011 	-0.34811 	0.66735 	0.00000 	0.21315 	0.30614 	-0.14721 	-0.12757 	-0.08359 	0.08657 	0.00337 	0.29996 	-0.12655 	-0.12233 	0.07810 	0.00000 	0.07491 	0.23441 	0.00797	0.17007
Replication59	 0.15586	0.96872	0.79414 	0.80362 	0.82421 	0.81392 	0.81798 	0.85445 	0.87346 	0.87201 	0.87856 	0.86769 	0.88395 	0.87455 	-0.40090 	-0.52269 	-0.63906 	0.17628 	0.01777 	0.40529 	0.00000 	-0.04869 	0.64243 	-0.17375 	0.21953 	0.30178 	-0.13999 	-0.18252 	-0.22315 	0.10384 	0.00620 	0.33875 	0.00000 	-0.01700 	0.10781 	-0.06067 	0.07665 	0.23670 	0.02201	0.24663
Replication60	 0.23944	0.96419	0.84327 	0.84013 	0.84926 	0.85135 	0.84857 	0.86127 	0.71056 	0.76585 	0.84859 	0.72438 	0.78437 	0.83809 	-0.03490 	-0.34698 	0.00000 	0.15478 	0.00000 	0.39379 	-0.57714 	-0.18088 	0.76663 	-0.64800 	0.23696 	0.37897 	-0.01230 	-0.12226 	0.00000 	0.07186 	0.00000 	0.31763 	-0.20336 	-0.06374 	0.15470 	-0.22833 	0.08350 	0.30448 	0.14325	0.30218
Replication61	 0.04858	0.97629	0.90142 	0.90816 	0.92015 	0.91161 	0.91366 	0.92841 	0.90950 	0.90269 	0.93096 	0.90638 	0.92401 	0.92685 	-0.18104 	-0.23826 	-0.07302 	0.09773 	0.00000 	0.22035 	0.00000 	-0.59950 	0.42817 	-0.03917 	0.19984 	0.18995 	-0.06227 	-0.08194 	-0.02511 	0.04282 	0.00000 	0.16992 	0.00000 	-0.20619 	0.02300 	-0.01347 	0.06873 	0.14062 	0.00504	0.05611
Replication62	 0.23755	0.95031	0.76808 	0.79321 	0.81426 	0.79775 	0.80010 	0.82989 	0.71245 	0.74186 	0.82133 	0.72456 	0.77053 	0.81349 	-0.40731 	-0.27118 	0.00000 	0.20915 	0.00855 	0.48361 	-0.39979 	-0.65051 	0.80000 	-0.31711 	0.21731 	0.44231 	-0.14757 	-0.09825 	0.00000 	0.09406 	0.00310 	0.37790 	-0.14484 	-0.23568 	0.11384 	-0.11489 	0.07873 	0.33893 	0.11501	0.26534
Replication63	 0.11630	0.96866	0.87311 	0.89008 	0.89131 	0.89023 	0.88899 	0.90300 	0.84482 	0.84936 	0.89800 	0.83370 	0.87025 	0.89176 	-0.27499 	0.00000 	-0.14587 	0.12185 	0.00000 	0.28923 	-0.06530 	-0.46843 	0.58746 	-0.44849 	0.17784 	0.26765 	-0.09603 	0.00000 	-0.05094 	0.04926 	0.00000 	0.22256 	-0.02280 	-0.16359 	0.05182 	-0.15662 	0.06211 	0.20245 	0.04096	0.09821
Replication64	 0.05378	0.97757	0.92641 	0.92897 	0.93537 	0.93246 	0.93304 	0.94067 	0.90501 	0.90386 	0.93689 	0.89622 	0.91943 	0.93295 	-0.07652 	-0.16478 	0.00000 	0.08135 	0.00999 	0.18967 	0.00000 	-0.42874 	0.40029 	-0.28473 	0.11973 	0.17648 	-0.02625 	-0.05653 	0.00000 	0.02942 	0.00343 	0.14196 	0.00000 	-0.14708 	0.01704 	-0.09767 	0.04107 	0.12983 	0.02275	0.03521
Replication65	 0.00499	0.99001	0.95480 	0.94689 	0.95415 	0.95357 	0.95451 	0.96336 	0.97194 	0.97211 	0.97245 	0.97368 	0.98201 	0.97106 	0.00000 	-0.32522 	-0.25048 	0.05187 	0.00000 	0.12217 	-0.06243 	-0.06192 	0.19253 	0.00000 	0.22145 	0.08781 	0.00000 	-0.10883 	-0.08381 	0.02874 	0.00000 	0.10092 	-0.02089 	-0.02072 	0.02181 	0.00000 	0.07410 	0.06702 	0.02421	0.05835
Replication66	 0.13755	0.96989	0.84836 	0.87668 	0.88904 	0.87410 	0.87676 	0.89826 	0.81245 	0.85153 	0.89538 	0.83422 	0.85910 	0.89006 	-0.43385 	-0.03762 	0.00000 	0.13194 	0.00390 	0.29926 	-0.52642 	-0.11941 	0.58440 	-0.22665 	0.10502 	0.26975 	-0.15114 	-0.01311 	0.00000 	0.06221 	0.00136 	0.23521 	-0.18338 	-0.04160 	0.06984 	-0.07896 	0.03658 	0.20711 	0.05030	0.14412
Replication67	 0.05398	0.98001	0.93856 	0.93607 	0.94189 	0.94098 	0.94071 	0.94667 	0.90657 	0.91130 	0.94304 	0.89602 	0.92808 	0.93913 	0.00000 	-0.20125 	0.00000 	0.07245 	0.00000 	0.17272 	-0.05828 	-0.25106 	0.36195 	-0.45623 	0.22303 	0.16167 	0.00000 	-0.06870 	0.00000 	0.02615 	0.00000 	0.13019 	-0.01989 	-0.08571 	0.02026 	-0.15575 	0.07614 	0.12007 	0.02500	0.04276
Replication68	 0.18949	0.96776	0.76051 	0.79083 	0.82247 	0.79491 	0.80242 	0.84816 	0.85456 	0.85461 	0.87125 	0.84211 	0.87284 	0.86632 	-0.60688 	-0.43242 	-0.41886 	0.19097 	0.00996 	0.42135 	0.00000 	-0.07922 	0.67153 	-0.38957 	0.31726 	0.31915 	-0.21232 	-0.15128 	-0.14654 	0.11630 	0.00349 	0.35276 	0.00000 	-0.02772 	0.12047 	-0.13629 	0.11099 	0.25207 	0.00328	0.28194
Replication69	 0.04266	0.98619	0.90734 	0.92369 	0.92242 	0.92237 	0.92256 	0.93966 	0.95605 	0.95534 	0.95305 	0.95587 	0.96593 	0.95110 	-0.36754 	0.00000 	-0.51668 	0.07858 	0.00000 	0.18291 	-0.04089 	0.00000 	0.28052 	-0.03997 	0.25780 	0.13144 	-0.12393 	0.00000 	-0.17422 	0.04661 	0.00000 	0.15355 	-0.01379 	0.00000 	0.04457 	-0.01348 	0.08693 	0.10272 	0.03383	0.10896
Replication70	 0.30953	0.97243	0.64047 	0.69040 	0.75670 	0.69824 	0.71204 	0.79292 	0.84378 	0.84000 	0.83754 	0.84267 	0.85096 	0.83297 	-0.84463 	-0.69832 	-0.48826 	0.25461 	0.00000 	0.54851 	0.00000 	-0.02381 	0.72781 	0.00000 	0.22004 	0.38059 	-0.29275 	-0.24204 	-0.16923 	0.19076 	0.00000 	0.48986 	0.00000 	-0.00825 	0.25659 	0.00000 	0.07626 	0.32323 	0.07653	0.62442
Replication71	 0.00697	0.98803	0.95910 	0.95942 	0.95494 	0.96170 	0.95975 	0.96459 	0.95724 	0.95833 	0.96751 	0.94877 	0.96796 	0.96549 	-0.06238 	-0.03674 	-0.29648 	0.04836 	0.00000 	0.12133 	0.00000 	0.00000 	0.22356 	-0.31449 	0.20145 	0.10094 	-0.02096 	-0.01234 	-0.09960 	0.02064 	0.00000 	0.09587 	0.00000 	0.00000 	0.01900 	-0.10565 	0.06768 	0.07604 	0.01446	0.04067
Replication72	 -1.29410	0.99885	0.98533 	0.98737 	0.98346 	0.98773 	0.98693 	0.99150 	1.00897 	1.00546 	0.99935 	1.00794 	1.01569 	0.99854 	-0.10020 	0.00000 	-0.31969 	0.01724 	0.00000 	0.04547 	0.00000 	0.00000 	0.04019 	0.00000 	0.26966 	0.02398 	-0.03294 	0.00000 	-0.10510 	0.01458 	0.00000 	0.04303 	0.00000 	0.00000 	0.02059 	0.00000 	0.08865 	0.02159 	0.02336	0.05041
Replication73	 0.15610	0.97026	0.88868 	0.89446 	0.89750 	0.89855 	0.89653 	0.90547 	0.79390 	0.83653 	0.89521 	0.82099 	0.85464 	0.88813 	-0.10696 	-0.11410 	0.00000 	0.11405 	0.00000 	0.28163 	-0.61203 	-0.36192 	0.58177 	-0.19844 	0.22495 	0.27320 	-0.03723 	-0.03972 	0.00000 	0.04517 	0.00000 	0.21836 	-0.21305 	-0.12599 	0.07345 	-0.06908 	0.07831 	0.21133 	0.08216	0.14154
Replication74	 0.03270	0.98232	0.94258 	0.93838 	0.94403 	0.94386 	0.94378 	0.95058 	0.91767 	0.93095 	0.95050 	0.91730 	0.93810 	0.94795 	0.00000 	-0.23319 	-0.09055 	0.06772 	0.00000 	0.16092 	-0.17840 	0.00000 	0.32089 	-0.32476 	0.13906 	0.14174 	0.00000 	-0.07924 	-0.03077 	0.02677 	0.00000 	0.12332 	-0.06062 	0.00000 	0.01874 	-0.11035 	0.04725 	0.10496 	0.00342	0.04006
Replication75	 0.13995	0.96376	0.81901 	0.82617 	0.81005 	0.83399 	0.82894 	0.84997 	0.84893 	0.84603 	0.86387 	0.84810 	0.85431 	0.85870 	-0.31042 	-0.11731 	-1.03203 	0.16768 	0.04001 	0.42128 	0.00000 	-0.29549 	0.72670 	0.00000 	0.02776 	0.33846 	-0.10947 	-0.04137 	-0.36396 	0.08376 	0.01411 	0.34420 	0.00000 	-0.10421 	0.10742 	0.00000 	0.00979 	0.26307 	0.03337	0.20335
Replication76	 0.12417	0.97124	0.82583 	0.86369 	0.88549 	0.85896 	0.86520 	0.89685 	0.87938 	0.87435 	0.90432 	0.87479 	0.89336 	0.89975 	-0.59088 	-0.09586 	-0.06208 	0.14119 	0.00000 	0.30119 	0.00000 	-0.52798 	0.54735 	-0.10319 	0.15625 	0.24908 	-0.20529 	-0.03330 	-0.02157 	0.07459 	0.00000 	0.24002 	0.00000 	-0.18343 	0.05589 	-0.03585 	0.05428 	0.18925 	0.01507	0.13459
Replication77	 0.03821	0.99064	0.91179 	0.94229 	0.95881 	0.93538 	0.94174 	0.96316 	0.96800 	0.97053 	0.97307 	0.96710 	0.98168 	0.97173 	-0.51603 	0.00000 	0.00000 	0.06414 	0.00000 	0.12198 	-0.07780 	0.00000 	0.18540 	-0.13804 	0.26887 	0.08582 	-0.17246 	0.00000 	0.00000 	0.04246 	0.00000 	0.10207 	-0.02600 	0.00000 	0.02542 	-0.04613 	0.08986 	0.06635 	0.00567	0.08156
Replication78	 0.22889	0.97113	0.88429 	0.88312 	0.86996 	0.88987 	0.88170 	0.88432 	0.72111 	0.79181 	0.86828 	0.75318 	0.80744 	0.85826 	0.00000 	0.00000 	-0.21873 	0.11923 	0.00000 	0.33128 	-0.78636 	-0.05589 	0.65114 	-0.51774 	0.28504 	0.33166 	0.00000 	0.00000 	-0.07601 	0.05238 	0.00000 	0.26988 	-0.27326 	-0.01942 	0.15781 	-0.17991 	0.09905 	0.27161 	0.13964	0.30213
Replication79	 0.11143	0.96804	0.88327 	0.87452 	0.87147 	0.88503 	0.88084 	0.89184 	0.83857 	0.85821 	0.89325 	0.85306 	0.87293 	0.88784 	0.00000 	-0.27870 	-0.46821 	0.12627 	0.00000 	0.31658 	-0.34250 	-0.32850 	0.60628 	-0.07423 	0.16849 	0.27607 	0.00000 	-0.09745 	-0.16371 	0.05226 	0.00000 	0.24861 	-0.11976 	-0.11486 	0.06014 	-0.02596 	0.05891 	0.20959 	0.00154	0.10777
Replication80	 -1.46903	0.99900	0.99404 	0.99032 	0.99890 	0.99323 	0.99579 	0.99994 	1.00282 	1.00637 	1.00508 	1.00703 	1.01557 	1.00455 	0.00000 	-0.21718 	0.00000 	0.01313 	0.01012 	0.02512 	-0.12083 	0.00000 	0.02255 	0.00000 	0.24726 	0.01188 	0.00000 	-0.07138 	0.00000 	0.01082 	0.00333 	0.02300 	-0.03971 	0.00000 	0.00551 	0.00000 	0.08126 	0.00980 	0.00795	0.02264
Replication81	 0.29694	0.93662	0.75555 	0.75662 	0.74649 	0.77104 	0.76178 	0.78456 	0.65306 	0.69653 	0.77401 	0.67876 	0.72639 	0.76866 	-0.18466 	-0.24586 	-0.66274 	0.24407 	0.00000 	0.60659 	-0.52648 	-0.53958 	0.80000 	-0.23611 	0.28668 	0.54567 	-0.06877 	-0.09155 	-0.24680 	0.09729 	0.00000 	0.47178 	-0.19605 	-0.20093 	0.13197 	-0.08792 	0.10676 	0.41382 	0.08759	0.32960
Replication82	 0.17584	0.96607	0.81384 	0.83225 	0.84529 	0.83659 	0.83877 	0.86501 	0.77416 	0.83068 	0.86986 	0.81748 	0.83580 	0.86386 	-0.38952 	-0.25539 	-0.29868 	0.16315 	0.01986 	0.38286 	-0.75214 	0.00000 	0.68990 	0.00000 	0.14755 	0.32580 	-0.13674 	-0.08965 	-0.10485 	0.08457 	0.00697 	0.31068 	-0.26403 	0.00000 	0.11001 	0.00000 	0.05180 	0.25521 	0.03338	0.22397
Replication83	 0.14068	0.97242	0.88433 	0.90010 	0.90232 	0.90017 	0.89910 	0.91114 	0.80932 	0.85654 	0.90397 	0.84657 	0.86669 	0.89821 	-0.24874 	0.00000 	-0.05274 	0.11039 	0.00000 	0.26577 	-0.69259 	-0.24931 	0.53833 	0.00000 	0.13837 	0.25091 	-0.08621 	0.00000 	-0.01828 	0.04650 	0.00000 	0.20710 	-0.24006 	-0.08641 	0.06691 	0.00000 	0.04796 	0.19352 	0.06040	0.13103
Replication84	 0.04789	0.98536	0.90211 	0.92739 	0.94204 	0.92314 	0.92820 	0.94887 	0.94927 	0.95013 	0.95758 	0.95163 	0.96046 	0.95574 	-0.44754 	-0.05857 	-0.06798 	0.07900 	0.00000 	0.16176 	-0.07519 	-0.17146 	0.27470 	0.00000 	0.17226 	0.12308 	-0.15115 	-0.01978 	-0.02296 	0.04510 	0.00000 	0.13062 	-0.02539 	-0.05791 	0.02454 	0.00000 	0.05818 	0.09263 	0.00995	0.07388
Replication85	 0.09045	0.98208	0.85955 	0.88200 	0.91055 	0.88251 	0.89192 	0.92137 	0.93643 	0.93544 	0.93803 	0.93128 	0.94534 	0.93608 	-0.48457 	-0.35733 	-0.11619 	0.11182 	0.03038 	0.23105 	0.00000 	0.00000 	0.35857 	-0.17078 	0.21786 	0.16559 	-0.16474 	-0.12148 	-0.03950 	0.07031 	0.01033 	0.19292 	0.00000 	0.00000 	0.05226 	-0.05806 	0.07407 	0.12830 	0.01361	0.14440
Replication86	 0.10974	0.97559	0.92970 	0.93105 	0.92659 	0.93423 	0.93040 	0.93202 	0.84026 	0.86646 	0.91926 	0.84567 	0.88435 	0.91320 	0.00000 	0.00000 	0.00000 	0.08239 	0.00000 	0.21246 	-0.36677 	-0.31229 	0.46759 	-0.44051 	0.21509 	0.21782 	0.00000 	0.00000 	0.00000 	0.02585 	0.00000 	0.16052 	-0.12632 	-0.10756 	0.05036 	-0.15172 	0.07408 	0.16703 	0.07579	0.09225
Replication87	 -1.56245	1.00111	1.01258 	1.01257 	1.01272 	1.01247 	1.01259 	1.01254 	1.01280 	1.01212 	1.01320 	1.00942 	1.01867 	1.01280 	0.00000 	0.00000 	0.00000 	-0.00305 	0.00000 	-0.00725 	0.00000 	0.00000 	-0.01860 	-0.12289 	0.15909 	-0.00672 	0.00000 	0.00000 	0.00000 	-0.00049 	0.00000 	-0.00489 	0.00000 	0.00000 	0.00033 	-0.04022 	0.05207 	-0.00441 	0.00060	0.00238
Replication88	 0.01027	0.98910	0.93973 	0.95719 	0.96552 	0.95380 	0.95674 	0.96894 	0.94175 	0.96162 	0.97212 	0.95825 	0.97008 	0.97043 	-0.30210 	0.00000 	0.00000 	0.05276 	0.00000 	0.10979 	-0.37658 	0.00000 	0.20125 	0.00000 	0.22669 	0.09000 	-0.10127 	0.00000 	0.00000 	0.02752 	0.00000 	0.08660 	-0.12624 	0.00000 	0.01497 	0.00000 	0.07599 	0.06733 	0.00180	0.04489
Replication89	 0.18499	0.96295	0.76501 	0.77930 	0.81250 	0.79008 	0.79678 	0.83857 	0.83336 	0.83663 	0.85843 	0.82156 	0.84582 	0.85354 	-0.43508 	-0.60426 	-0.39581 	0.19999 	0.01646 	0.44942 	0.00000 	-0.05879 	0.74920 	-0.38766 	0.11715 	0.34955 	-0.15369 	-0.21345 	-0.13982 	0.11418 	0.00582 	0.37060 	0.00000 	-0.02077 	0.11594 	-0.13694 	0.04138 	0.27246 	0.00016	0.25571
Replication90	 0.13117	0.97032	0.04047	0.18297
Replication91	 -1.36198	0.99803	0.82953 	0.85282 	0.87741 	0.85445 	0.86064 	0.88802 	0.84411 	0.85214 	0.89243 	0.81883 	0.87046 	0.88665 	-0.42783 	-0.29248 	0.00000 	0.14547 	0.01920 	0.32329 	0.00000 	-0.04982 	0.58912 	-0.82493 	0.28237 	0.27608 	-0.14891 	-0.10180 	0.00000 	0.07674 	0.00668 	0.26016 	0.00000 	-0.01734 	0.08194 	-0.28713 	0.09828 	0.21434 	0.01774	0.03454
Replication92	 0.00020	0.99480	0.98331 	0.98652 	0.98857 	0.98672 	0.98761 	0.99337 	1.00664 	1.00420 	0.99991 	1.00592 	1.01130 	0.99939 	-0.11051 	-0.05851 	-0.16404 	0.01891 	0.00000 	0.04187 	0.00000 	0.00000 	0.04564 	0.00000 	0.18576 	0.02314 	-0.03639 	-0.01927 	-0.05402 	0.01435 	0.00000 	0.03768 	0.00000 	0.00000 	0.01197 	0.00000 	0.06117 	0.01904 	0.02242	0.04122
Replication93	 0.09104	0.97101	0.98078 	0.97605 	0.97388 	0.97953 	0.97840 	0.98217 	0.99292 	0.99040 	0.98837 	0.99218 	0.99771 	0.98742 	0.00000 	-0.11469 	-0.29553 	0.02778 	0.00000 	0.07210 	0.00000 	-0.03755 	0.10614 	0.00000 	0.16905 	0.05029 	0.00000 	-0.03801 	-0.09795 	0.01574 	0.00000 	0.06104 	0.00000 	-0.01244 	0.01733 	0.00000 	0.05603 	0.03947 	0.03111	0.07168
Replication94	 0.00727	0.98773	0.89535 	0.89059 	0.90569 	0.89969 	0.90341 	0.91344 	0.87016 	0.86919 	0.91081 	0.85896 	0.88788 	0.90568 	-0.03303 	-0.41856 	0.00000 	0.11236 	0.05525 	0.26177 	0.00000 	-0.49804 	0.53077 	-0.34981 	0.13287 	0.23752 	-0.01148 	-0.14548 	0.00000 	0.04523 	0.01920 	0.20012 	0.00000 	-0.17311 	0.03539 	-0.12159 	0.04618 	0.17722 	0.00845	0.03348
Replication95	 0.04711	0.97915	0.94602 	0.95707 	0.95931 	0.95578 	0.95657 	0.96584 	0.96007 	0.95738 	0.96920 	0.95834 	0.97212 	0.96697 	-0.21430 	0.00000 	-0.14513 	0.05294 	0.00059 	0.11868 	-0.02688 	-0.27765 	0.22129 	-0.06160 	0.22530 	0.09830 	-0.07204 	0.00000 	-0.04879 	0.02452 	0.00020 	0.09258 	-0.00904 	-0.09333 	0.01157 	-0.02071 	0.07573 	0.07277 	0.01567	0.03246
Replication96	 0.06900	0.97983	0.92883 	0.93791 	0.93934 	0.93820 	0.93766 	0.94547 	0.91033 	0.91455 	0.94152 	0.90289 	0.92036 	0.93851 	-0.15567 	-0.01348 	-0.05919 	0.07543 	0.00000 	0.17651 	-0.02492 	-0.20213 	0.37360 	-0.31828 	0.00000 	0.16381 	-0.05323 	-0.00461 	-0.02024 	0.02714 	0.00000 	0.13216 	-0.00852 	-0.06912 	0.01730 	-0.10884 	0.00000 	0.12043 	0.00077	0.08665
Replication97	 0.16986	0.96112	0.92414 	0.92202 	0.91911 	0.92733 	0.92474 	0.93256 	0.88100 	0.91281 	0.93448 	0.90379 	0.92457 	0.93080 	-0.05373 	-0.14059 	-0.34026 	0.08241 	0.00000 	0.20667 	-0.52455 	0.00000 	0.38792 	-0.08894 	0.29187 	0.17842 	-0.01835 	-0.04801 	-0.11620 	0.03569 	0.00000 	0.16376 	-0.17914 	0.00000 	0.04315 	-0.03037 	0.09968 	0.13645 	0.01262	0.22103
Replication98	 0.13321	0.96948	0.79827 	0.81307 	0.81780 	0.81980 	0.81986 	0.84606 	0.78014 	0.81393 	0.85353 	0.79086 	0.82499 	0.84684 	-0.37135 	-0.24822 	-0.56009 	0.18088 	0.03413 	0.43343 	-0.40927 	0.00000 	0.77879 	-0.39154 	0.20107 	0.36479 	-0.13166 	-0.08800 	-0.19857 	0.09083 	0.01210 	0.35072 	-0.14510 	0.00000 	0.11433 	-0.13881 	0.07129 	0.28390 	0.05643	0.11421
Replication99	 0.15793	0.96468	0.90139 	0.89909 	0.89216 	0.90540 	0.90022 	0.90514 	0.81679 	0.84185 	0.89601 	0.82515 	0.86219 	0.88911 	0.00000 	-0.08197 	-0.22884 	0.11005 	0.00000 	0.28324 	-0.37098 	-0.39449 	0.58609 	-0.34562 	0.22690 	0.27205 	0.00000 	-0.02858 	-0.07979 	0.03938 	0.00000 	0.21833 	-0.12934 	-0.13754 	0.06457 	-0.12050 	0.07911 	0.20857 	0.03455	0.15225
Replication100	 0.14543	0.96485	0.86810 	0.86015 	0.85746 	0.87125 	0.86644 	0.87747 	0.79207 	0.82474 	0.87441 	0.80624 	0.83982 	0.86747 	0.00000 	-0.27716 	-0.39665 	0.14001 	0.00000 	0.35454 	-0.44011 	-0.23126 	0.68880 	-0.31401 	0.19031 	0.32007 	0.00000 	-0.09757 	-0.13963 	0.05821 	0.00000 	0.27940 	-0.15493 	-0.08141 	0.08513 	-0.11054 	0.06699 	0.24658 	0.01539	0.16841
Replication101	 0.17889	0.97055	0.87526 	0.86783 	0.84091 	0.87732 	0.86682 	0.87203 	0.80457 	0.82307 	0.87020 	0.81660 	0.84777 	0.86243 	0.00000 	0.00000 	-0.84186 	0.13547 	0.01891 	0.36735 	-0.34098 	-0.48800 	0.69930 	-0.14926 	0.28456 	0.32990 	0.00000 	0.00000 	-0.29625 	0.05407 	0.00665 	0.29259 	-0.11999 	-0.17172 	0.09866 	-0.05253 	0.10014 	0.25678 	0.13127	0.19711
Replication102	 0.22776	0.96677	0.90006 	0.90127 	0.89524 	0.90618 	0.90068 	0.90293 	0.77111 	0.81077 	0.88545 	0.77964 	0.83323 	0.87648 	0.00000 	-0.01503 	0.00000 	0.10826 	0.00000 	0.28740 	-0.48410 	-0.35211 	0.60716 	-0.57644 	0.26006 	0.29605 	0.00000 	-0.00523 	0.00000 	0.04005 	0.00000 	0.22475 	-0.16842 	-0.12250 	0.10376 	-0.20055 	0.09048 	0.23478 	0.08001	0.28459
Replication103	 0.08503	0.97440	0.85050 	0.85267 	0.83990 	0.86025 	0.85267 	0.86373 	0.72224 	0.79761 	0.85792 	0.78039 	0.80927 	0.84901 	-0.12414 	-0.06756 	-0.50310 	0.14544 	0.00000 	0.38517 	-0.93394 	-0.13091 	0.71799 	0.00000 	0.23647 	0.35459 	-0.04352 	-0.02368 	-0.17636 	0.06848 	0.00000 	0.31449 	-0.32739 	-0.04589 	0.15011 	0.00000 	0.08289 	0.28546 	0.02553	0.09885
Replication104	 0.00477	0.99023	0.86910 	0.89808 	0.91020 	0.89390 	0.89718 	0.91782 	0.86497 	0.88688 	0.91752 	0.86757 	0.89112 	0.91386 	-0.44804 	0.00000 	0.00000 	0.11257 	0.00000 	0.24768 	-0.26194 	0.00000 	0.48267 	-0.38484 	0.05970 	0.21774 	-0.15468 	0.00000 	0.00000 	0.05329 	0.00000 	0.19323 	-0.09043 	0.00000 	0.04520 	-0.13286 	0.02061 	0.16448 	0.00387	0.02808
Replication105	 0.05681	0.98222	0.97510 	0.97270 	0.96915 	0.97537 	0.97408 	0.97564 	0.95261 	0.96456 	0.97601 	0.95695 	0.97479 	0.97405 	0.00000 	-0.05056 	-0.19471 	0.03605 	0.01410 	0.09257 	-0.21737 	0.00000 	0.18049 	-0.18909 	0.24301 	0.08163 	0.00000 	-0.01691 	-0.06513 	0.01343 	0.00471 	0.07179 	-0.07270 	0.00000 	0.01354 	-0.06324 	0.08128 	0.06131 	0.03510	0.04688
Replication106	 0.10262	0.97299	0.95369 	0.95402 	0.94978 	0.95641 	0.95355 	0.95498 	0.91017 	0.91406 	0.94784 	0.89319 	0.92952 	0.94377 	0.00000 	0.00000 	-0.06700 	0.05886 	0.00000 	0.15050 	0.00000 	-0.18905 	0.32932 	-0.60130 	0.20362 	0.15015 	0.00000 	0.00000 	-0.02277 	0.01769 	0.00000 	0.11269 	0.00000 	-0.06425 	0.02552 	-0.20436 	0.06920 	0.11317 	0.01400	0.14050
Replication107	 0.01227	0.98637	0.84738 	0.85305 	0.87972 	0.86127 	0.86697 	0.89475 	0.89229 	0.89488 	0.90859 	0.88269 	0.90248 	0.90555 	-0.27513 	-0.52927 	-0.20283 	0.13751 	0.00571 	0.30436 	0.00000 	0.00000 	0.52021 	-0.34125 	0.13098 	0.23573 	-0.09525 	-0.18324 	-0.07022 	0.07496 	0.00198 	0.24691 	0.00000 	0.00000 	0.05863 	-0.11815 	0.04535 	0.17954 	0.00860	0.04178
Replication108	 0.00108	1.00608	0.95350 	0.95623 	0.95120 	0.95772 	0.95562 	0.96068 	0.93773 	0.94869 	0.96214 	0.93890 	0.95948 	0.95972 	-0.08863 	0.00000 	-0.27540 	0.05312 	0.00000 	0.13244 	-0.18354 	0.00000 	0.25303 	-0.25619 	0.24244 	0.11412 	-0.02987 	0.00000 	-0.09283 	0.02156 	0.00000 	0.10346 	-0.06186 	0.00000 	0.02017 	-0.08635 	0.08172 	0.08577 	0.00193	0.00809
Replication109	 0.11947	0.97368	1.02505 	1.02477 	1.02546 	1.02428 	1.02486 	1.02449 	1.03438 	1.03188 	1.02713 	1.03365 	1.03915 	1.02715 	0.00000 	0.00000 	0.00000 	-0.01725 	0.00000 	-0.04113 	0.00000 	0.00000 	-0.10089 	0.00000 	0.19775 	-0.04042 	0.00000 	0.00000 	0.00000 	-0.00315 	0.00000 	-0.02818 	0.00000 	0.00000 	0.00311 	0.00000 	0.06408 	-0.02776 	0.03463	0.13173
Replication110	 0.15697	0.98207	0.91283 	0.90952 	0.89460 	0.91542 	0.90896 	0.91150 	0.84109 	0.86254 	0.90526 	0.83053 	0.87678 	0.89925 	0.00000 	0.00000 	-0.42896 	0.09803 	0.01429 	0.26356 	-0.20894 	0.00000 	0.52382 	-0.71548 	0.24078 	0.24752 	0.00000 	0.00000 	-0.14831 	0.03708 	0.00494 	0.20758 	-0.07224 	0.00000 	0.07403 	-0.24736 	0.08325 	0.19277 	0.01176	0.29276
Replication111	 0.00622	0.98878	0.79303 	0.82312 	0.87790 	0.82621 	0.84157 	0.89015 	0.92513 	0.92188 	0.91800 	0.92418 	0.93134 	0.91606 	-0.63204 	-0.64617 	-0.00784 	0.15204 	0.01993 	0.30571 	0.00000 	-0.01634 	0.41577 	0.00000 	0.21532 	0.20538 	-0.21488 	-0.21968 	-0.00266 	0.11052 	0.00678 	0.26757 	0.00000 	-0.00555 	0.10938 	0.00000 	0.07320 	0.16808 	0.00836	0.03730
Replication112	 0.14960	0.96883	0.95110 	0.95575 	0.96176 	0.95712 	0.95850 	0.96756 	0.96711 	0.96072 	0.97231 	0.96458 	0.98021 	0.96988 	-0.13593 	-0.12987 	-0.11291 	0.05076 	0.00000 	0.11343 	0.00000 	-0.37113 	0.20345 	-0.02423 	0.30665 	0.09142 	-0.04560 	-0.04356 	-0.03788 	0.02478 	0.00000 	0.08956 	0.00000 	-0.12449 	0.01167 	-0.00813 	0.10286 	0.06808 	0.06515	0.17974
Replication113	 0.16728	0.96501	0.83649 	0.86838 	0.88006 	0.86498 	0.86716 	0.88997 	0.80040 	0.83588 	0.88586 	0.80417 	0.84452 	0.87971 	-0.46947 	0.00000 	0.00000 	0.13968 	0.00000 	0.32021 	-0.38842 	0.00000 	0.62061 	-0.58230 	0.13343 	0.29141 	-0.16389 	0.00000 	0.00000 	0.06750 	0.00000 	0.25391 	-0.13560 	0.00000 	0.08796 	-0.20328 	0.04658 	0.22657 	0.06036	0.18522
Replication114	 0.07274	0.98704	0.83455 	0.85814 	0.86035 	0.85801 	0.85664 	0.87613 	0.78924 	0.81546 	0.87140 	0.78272 	0.83008 	0.86402 	-0.37463 	0.00000 	-0.20710 	0.14908 	0.00000 	0.35739 	-0.26284 	-0.13421 	0.69456 	-0.66184 	0.17338 	0.32657 	-0.13179 	0.00000 	-0.07285 	0.06805 	0.00000 	0.28297 	-0.09246 	-0.04721 	0.09659 	-0.23282 	0.06099 	0.25378 	0.01474	0.14714
Replication115	 0.13273	0.96882	0.87726 	0.89645 	0.92544 	0.89740 	0.90741 	0.93493 	0.96070 	0.95568 	0.95340 	0.95923 	0.97032 	0.95166 	-0.45503 	-0.38908 	-0.10826 	0.09543 	0.03724 	0.19333 	0.00000 	-0.10437 	0.27224 	0.00000 	0.31432 	0.12945 	-0.15317 	-0.13097 	-0.03644 	0.06543 	0.01253 	0.16577 	0.00000 	-0.03513 	0.05082 	0.00000 	0.10580 	0.10249 	0.02288	0.13947
Replication116	 0.08367	0.97213	0.88074 	0.87247 	0.87400 	0.88315 	0.87998 	0.89129 	0.84038 	0.85042 	0.89034 	0.81727 	0.86029 	0.88469 	0.00000 	-0.31911 	-0.33473 	0.12672 	0.00000 	0.31708 	0.00000 	0.00000 	0.60796 	-0.77675 	0.12017 	0.28154 	0.00000 	-0.11141 	-0.11686 	0.05450 	0.00000 	0.25075 	0.00000 	0.00000 	0.07504 	-0.27117 	0.04195 	0.21667 	0.01995	0.06660
Replication117	 0.02792	0.98137	0.00391	0.03100
Replication118	 0.00896	1.01047	0.89965 	0.90890 	0.90480 	0.91062 	0.90853 	0.91740 	0.86633 	0.87419 	0.91354 	0.86887 	0.89310 	0.90830 	-0.17746 	0.00000 	-0.24880 	0.10326 	0.01488 	0.25112 	-0.17899 	-0.48898 	0.51347 	-0.17323 	0.17351 	0.23117 	-0.06154 	0.00000 	-0.08629 	0.03871 	0.00516 	0.19183 	-0.06207 	-0.16958 	0.03711 	-0.06008 	0.06017 	0.17318 	0.00114	0.01827
Replication119	 0.08854	0.97139	0.94130 	0.94550 	0.94164 	0.94698 	0.94487 	0.95031 	0.92208 	0.92397 	0.94856 	0.92618 	0.94006 	0.94510 	-0.09324 	0.00000 	-0.20096 	0.06659 	0.00000 	0.16257 	-0.12250 	-0.45700 	0.33458 	0.00000 	0.16548 	0.14839 	-0.03174 	0.00000 	-0.06842 	0.02343 	0.00000 	0.12293 	-0.04170 	-0.15559 	0.01613 	0.00000 	0.05634 	0.10962 	0.02054	0.06890
Replication120	 0.11360	0.97106	1.03516 	1.03468 	1.03579 	1.03388 	1.03481 	1.03418 	1.05020 	1.04605 	1.03860 	1.04843 	1.05896 	1.03851 	0.00000 	0.00000 	0.00000 	-0.02918 	0.00000 	-0.06897 	0.00000 	0.00000 	-0.17110 	-0.02221 	0.35789 	-0.06757 	0.00000 	0.00000 	0.00000 	-0.00493 	0.00000 	-0.04669 	0.00000 	0.00000 	0.00786 	-0.00713 	0.11495 	-0.04579 	0.02808	0.17178
Replication121	 0.13047	0.97056	0.88885 	0.89906 	0.90365 	0.90134 	0.90100 	0.91418 	0.86146 	0.87377 	0.91180 	0.86792 	0.88939 	0.90693 	-0.20271 	-0.10881 	-0.13236 	0.11074 	0.00000 	0.25960 	-0.23373 	-0.42265 	0.52474 	-0.14500 	0.13608 	0.23465 	-0.07041 	-0.03779 	-0.04597 	0.04448 	0.00000 	0.19874 	-0.08118 	-0.14680 	0.03579 	-0.05036 	0.04726 	0.17513 	0.03593	0.16303
Replication122	 0.07186	0.97765	0.83640 	0.83805 	0.85452 	0.84834 	0.85058 	0.87873 	0.89028 	0.88690 	0.89700 	0.88662 	0.90052 	0.89325 	-0.25737 	-0.49496 	-0.52332 	0.14898 	0.00000 	0.34474 	0.00000 	-0.19239 	0.56982 	-0.08931 	0.20355 	0.26218 	-0.08945 	-0.17202 	-0.18188 	0.08196 	0.00000 	0.28317 	0.00000 	-0.06687 	0.07520 	-0.03104 	0.07074 	0.20197 	0.00443	0.09411
Replication123	 0.16873	0.96462	0.81953 	0.86054 	0.88230 	0.85485 	0.86094 	0.89255 	0.83247 	0.86097 	0.89687 	0.85543 	0.87452 	0.89194 	-0.61003 	-0.05588 	0.00000 	0.14491 	0.00000 	0.31220 	-0.46951 	-0.28299 	0.57442 	-0.02270 	0.18020 	0.26531 	-0.21223 	-0.01944 	0.00000 	0.07674 	0.00000 	0.24958 	-0.16334 	-0.09845 	0.07132 	-0.00790 	0.06269 	0.20407 	0.04413	0.21393
Replication124	 0.10261	0.97383	0.88388 	0.90740 	0.91429 	0.90452 	0.90643 	0.92497 	0.87814 	0.90718 	0.92834 	0.89874 	0.91330 	0.92516 	-0.40190 	0.00000 	-0.16632 	0.10123 	0.00000 	0.22714 	-0.45816 	0.00000 	0.42408 	-0.06685 	0.15331 	0.19189 	-0.13785 	0.00000 	-0.05705 	0.04946 	0.00000 	0.17959 	-0.15715 	0.00000 	0.04206 	-0.02293 	0.05258 	0.14539 	0.02585	0.10939
Replication125	 0.13499	0.97055	0.80751 	0.82623 	0.84855 	0.83111 	0.83465 	0.86406 	0.78127 	0.82198 	0.86786 	0.79548 	0.83331 	0.86140 	-0.38042 	-0.34360 	-0.11412 	0.16874 	0.00000 	0.38667 	-0.49089 	0.00000 	0.70800 	-0.43394 	0.21150 	0.33219 	-0.13393 	-0.12097 	-0.04018 	0.08681 	0.00000 	0.31141 	-0.17282 	0.00000 	0.10334 	-0.15277 	0.07446 	0.25859 	0.02889	0.22928
Replication126	 0.05494	0.98189	0.87887 	0.88615 	0.90453 	0.89112 	0.89489 	0.91266 	0.84739 	0.88047 	0.91462 	0.87505 	0.89657 	0.90995 	-0.20676 	-0.33826 	0.00000 	0.11521 	0.01209 	0.26062 	-0.56008 	-0.25093 	0.49581 	0.00000 	0.27203 	0.22611 	-0.07146 	-0.11691 	0.00000 	0.05461 	0.00418 	0.20496 	-0.19358 	-0.08673 	0.04862 	0.00000 	0.09402 	0.17167 	0.02856	0.04935
Replication127	 0.07611	0.97191	0.82323 	0.81501 	0.83241 	0.83080 	0.83311 	0.86285 	0.87733 	0.88366 	0.88633 	0.88362 	0.89251 	0.88280 	-0.19169 	-0.65108 	-0.69324 	0.16210 	0.01737 	0.38325 	-0.14504 	0.00000 	0.60460 	0.00000 	0.20136 	0.28348 	-0.06669 	-0.22652 	-0.24118 	0.09390 	0.00604 	0.32061 	-0.05046 	0.00000 	0.10131 	0.00000 	0.07005 	0.22221 	0.01782	0.10023
Replication128	 0.06604	0.97468	0.94563 	0.94393 	0.94753 	0.94802 	0.94725 	0.95183 	0.90501 	0.91689 	0.94727 	0.89506 	0.92996 	0.94362 	0.00000 	-0.14986 	0.00000 	0.06525 	0.00000 	0.15839 	-0.12327 	-0.05914 	0.33383 	-0.56730 	0.21988 	0.15079 	0.00000 	-0.05097 	0.00000 	0.02330 	0.00000 	0.11986 	-0.04192 	-0.02012 	0.02426 	-0.19294 	0.07478 	0.11311 	0.01771	0.04389
Replication129	 0.05128	0.97590	0.87553 	0.87389 	0.88304 	0.88250 	0.88279 	0.90087 	0.89071 	0.88791 	0.90949 	0.88416 	0.90428 	0.90535 	-0.13578 	-0.36977 	-0.37660 	0.12359 	0.00000 	0.29086 	0.00000 	-0.31879 	0.52687 	-0.19041 	0.19497 	0.23724 	-0.04711 	-0.12829 	-0.13067 	0.05855 	0.00000 	0.23112 	0.00000 	-0.11061 	0.04686 	-0.06606 	0.06765 	0.17880 	0.00361	0.05860
Replication130	 0.04643	0.98108	0.92482 	0.92209 	0.91969 	0.92744 	0.92449 	0.92972 	0.88774 	0.89003 	0.92486 	0.88396 	0.90261 	0.92058 	0.00000 	-0.12145 	-0.18514 	0.08829 	0.00000 	0.21892 	-0.05662 	-0.43629 	0.45937 	-0.20454 	0.05106 	0.20410 	0.00000 	-0.04190 	-0.06388 	0.02965 	0.00000 	0.16506 	-0.01954 	-0.15054 	0.02659 	-0.07057 	0.01762 	0.15142 	0.00289	0.05762
Replication131	 0.12010	0.96993	0.90700 	0.89872 	0.91887 	0.90866 	0.91176 	0.92593 	0.90601 	0.90504 	0.92928 	0.89997 	0.91611 	0.92607 	0.00000 	-0.51177 	0.00000 	0.10029 	0.00000 	0.22670 	0.00000 	-0.32122 	0.43632 	-0.19509 	0.07649 	0.19190 	0.00000 	-0.17615 	0.00000 	0.04448 	0.00000 	0.17543 	0.00000 	-0.11057 	0.02446 	-0.06715 	0.02633 	0.14176 	0.02341	0.11926
Replication132	 0.17185	0.96552	0.90357 	0.92641 	0.93611 	0.92276 	0.92585 	0.94270 	0.92059 	0.92653 	0.94572 	0.91839 	0.93804 	0.94296 	-0.38133 	-0.00498 	-0.04787 	0.08422 	0.00000 	0.18108 	-0.10515 	-0.15493 	0.34509 	-0.24111 	0.17491 	0.15295 	-0.12990 	-0.00170 	-0.01631 	0.04041 	0.00000 	0.14084 	-0.03582 	-0.05278 	0.02182 	-0.08213 	0.05958 	0.11360 	0.03963	0.21420
Replication133	 0.03934	0.97953	0.82990 	0.87025 	0.88815 	0.86391 	0.86919 	0.89839 	0.86739 	0.86797 	0.90157 	0.86802 	0.87941 	0.89719 	-0.59489 	0.00000 	-0.02775 	0.13917 	0.00000 	0.29892 	-0.05992 	-0.50811 	0.56638 	-0.04590 	0.00000 	0.25553 	-0.20722 	0.00000 	-0.00967 	0.06953 	0.00000 	0.23496 	-0.02087 	-0.17699 	0.05254 	-0.01599 	0.00000 	0.19298 	0.01740	0.06878
Replication134	 0.07027	0.97556	0.81564 	0.84411 	0.84636 	0.84327 	0.84236 	0.86724 	0.77815 	0.82225 	0.86904 	0.79993 	0.83803 	0.86194 	-0.46883 	0.00000 	-0.36958 	0.15902 	0.00000 	0.37810 	-0.57437 	-0.06918 	0.69695 	-0.33502 	0.29234 	0.33020 	-0.16476 	0.00000 	-0.12988 	0.07916 	0.00000 	0.30475 	-0.20185 	-0.02431 	0.10762 	-0.11774 	0.10274 	0.25846 	0.02263	0.05361
Replication135	 -1.45230	1.00344	0.92965 	0.92315 	0.91638 	0.92984 	0.92604 	0.93259 	0.91066 	0.91870 	0.93628 	0.91297 	0.93296 	0.93282 	0.00000 	-0.14833 	-0.46585 	0.08096 	0.00000 	0.20691 	-0.16856 	-0.15860 	0.38536 	-0.17158 	0.24756 	0.17473 	0.00000 	-0.05069 	-0.15918 	0.03355 	0.00000 	0.16335 	-0.05760 	-0.05419 	0.03545 	-0.05863 	0.08459 	0.13213 	0.00887	0.03034
Replication136	 0.26668	0.95143	0.92117 	0.91733 	0.92246 	0.92375 	0.92284 	0.93039 	0.89186 	0.89128 	0.92729 	0.87973 	0.91045 	0.92266 	0.00000 	-0.23767 	-0.08363 	0.08991 	0.00000 	0.21639 	0.00000 	-0.40934 	0.44488 	-0.39279 	0.19585 	0.19903 	0.00000 	-0.08186 	-0.02880 	0.03331 	0.00000 	0.16440 	0.00000 	-0.14099 	0.02721 	-0.13529 	0.06746 	0.14819 	0.16812	0.30393
Replication137	 0.01989	0.98466	0.99579 	1.00472 	1.00994 	1.00205 	1.00473 	1.01073 	1.02685 	1.02298 	1.01728 	1.02571 	1.03425 	1.01695 	-0.18103 	0.00000 	-0.02610 	0.00169 	0.00379 	-0.00540 	0.00000 	-0.02634 	-0.05022 	0.00000 	0.29213 	-0.01739 	-0.05897 	0.00000 	-0.00850 	0.00967 	0.00124 	0.00192 	0.00000 	-0.00858 	0.00864 	0.00000 	0.09516 	-0.01023 	0.00709	0.04707
Replication138	 0.25578	0.94220	0.81558 	0.81801 	0.81984 	0.82801 	0.82274 	0.83566 	0.69022 	0.71931 	0.81551 	0.68332 	0.74474 	0.80606 	-0.09184 	-0.21965 	-0.06862 	0.18624 	0.00000 	0.46863 	-0.28162 	-0.56329 	0.80000 	-0.65295 	0.13528 	0.45593 	-0.03320 	-0.07940 	-0.02480 	0.07374 	0.00000 	0.36530 	-0.10180 	-0.20362 	0.13998 	-0.23604 	0.04890 	0.35487 	0.06335	0.39463
Replication139	 0.06122	0.98011	0.93753 	0.93011 	0.94801 	0.93791 	0.94129 	0.95290 	0.94637 	0.94787 	0.95844 	0.93907 	0.95474 	0.95674 	0.00000 	-0.45219 	0.00000 	0.06926 	0.00000 	0.15288 	0.00000 	-0.02546 	0.27825 	-0.27383 	0.12215 	0.12184 	0.00000 	-0.15294 	0.00000 	0.03373 	0.00000 	0.12025 	0.00000 	-0.00861 	0.01603 	-0.09261 	0.04131 	0.08992 	0.01835	0.10259
Replication140	 0.01156	0.98716	0.69553 	0.69924 	0.74504 	0.72044 	0.72567 	0.77527 	0.70849 	0.73366 	0.78406 	0.69422 	0.74578 	0.78102 	-0.33044 	-0.82389 	-0.26987 	0.27376 	0.00000 	0.62288 	-0.17628 	0.00000 	0.80000 	-0.70528 	0.15719 	0.51529 	-0.12168 	-0.30339 	-0.09938 	0.13990 	0.00000 	0.49993 	-0.06491 	0.00000 	0.15094 	-0.25971 	0.05788 	0.39504 	0.00247	0.04321
Replication141	 0.11675	0.96589	0.89632 	0.88878 	0.91295 	0.89945 	0.90413 	0.92400 	0.92819 	0.92879 	0.93687 	0.92357 	0.94049 	0.93450 	-0.07794 	-0.59957 	-0.15372 	0.10199 	0.00000 	0.22684 	-0.02993 	-0.06513 	0.37869 	-0.19662 	0.22626 	0.17078 	-0.02660 	-0.20464 	-0.05247 	0.05593 	0.00000 	0.18453 	-0.01022 	-0.02223 	0.03876 	-0.06711 	0.07723 	0.12940 	0.00622	0.14916
Replication142	 0.07310	0.97735	0.95133 	0.95590 	0.95623 	0.95699 	0.95654 	0.96330 	0.93860 	0.95024 	0.96518 	0.93844 	0.96474 	0.96260 	-0.11747 	-0.04741 	-0.16712 	0.05273 	0.00000 	0.12533 	-0.19909 	0.00000 	0.23762 	-0.32508 	0.33044 	0.10759 	-0.03953 	-0.01595 	-0.05624 	0.02300 	0.00000 	0.09803 	-0.06700 	0.00000 	0.01822 	-0.10940 	0.11120 	0.08088 	0.05259	0.04365
Replication143	 0.00534	0.99409	0.85688 	0.85145 	0.84729 	0.86242 	0.85906 	0.87389 	0.83325 	0.84563 	0.88021 	0.83471 	0.86879 	0.87388 	-0.09591 	-0.29305 	-0.63820 	0.14491 	0.02421 	0.36180 	-0.22584 	-0.29643 	0.66190 	-0.29392 	0.33824 	0.30606 	-0.03368 	-0.10291 	-0.22411 	0.06591 	0.00850 	0.28925 	-0.07931 	-0.10410 	0.07895 	-0.10322 	0.11878 	0.23510 	0.00939	0.04788
Replication144	 0.11142	0.97831	0.94151 	0.94284 	0.93933 	0.94540 	0.94234 	0.94389 	0.88324 	0.88918 	0.93320 	0.87690 	0.90601 	0.92830 	0.00000 	0.00000 	0.00000 	0.07237 	0.00000 	0.18219 	-0.09723 	-0.46331 	0.41273 	-0.36128 	0.12116 	0.18596 	0.00000 	0.00000 	0.00000 	0.01992 	0.00000 	0.13401 	-0.03337 	-0.15901 	0.02566 	-0.12399 	0.04158 	0.13884 	0.01186	0.15806
Replication145	 0.12639	0.97162	0.94466 	0.96589 	0.97745 	0.96087 	0.96550 	0.98024 	0.98953 	0.98827 	0.98772 	0.98703 	0.99497 	0.98705 	-0.37687 	0.00000 	0.00000 	0.04194 	0.00000 	0.07745 	0.00000 	0.00000 	0.11408 	-0.07994 	0.16218 	0.05176 	-0.12508 	0.00000 	0.00000 	0.02825 	0.00000 	0.06488 	0.00000 	0.00000 	0.01307 	-0.02653 	0.05383 	0.03947 	0.09110	0.10392
Replication146	 0.19036	0.96208	0.83858 	0.86864 	0.89359 	0.86687 	0.87439 	0.90744 	0.92088 	0.91615 	0.92397 	0.91950 	0.92983 	0.92118 	-0.56317 	-0.24409 	-0.19676 	0.12736 	0.00585 	0.26836 	0.00000 	-0.24288 	0.43091 	0.00000 	0.20344 	0.19912 	-0.19291 	-0.08361 	-0.06740 	0.07712 	0.00200 	0.22222 	0.00000 	-0.08320 	0.06016 	0.00000 	0.06969 	0.15399 	0.03051	0.24505
Replication147	 0.01732	0.98872	0.91694 	0.91854 	0.91335 	0.92226 	0.91779 	0.91971 	0.82682 	0.84296 	0.90478 	0.82361 	0.86428 	0.89769 	0.00000 	0.00000 	0.00000 	0.09553 	0.00000 	0.24612 	-0.22660 	-0.51854 	0.54278 	-0.46684 	0.16587 	0.25277 	0.00000 	0.00000 	0.00000 	0.02981 	0.00000 	0.18575 	-0.07867 	-0.18002 	0.05779 	-0.16207 	0.05758 	0.19373 	0.01998	0.02309
Replication148	 0.04825	0.97773	0.80419 	0.81195 	0.82105 	0.82133 	0.82021 	0.84663 	0.75964 	0.80762 	0.85296 	0.78400 	0.82223 	0.84554 	-0.27956 	-0.34737 	-0.45691 	0.17867 	0.00000 	0.43105 	-0.60114 	0.00000 	0.77220 	-0.33004 	0.29724 	0.36636 	-0.09892 	-0.12292 	-0.16168 	0.09086 	0.00000 	0.35040 	-0.21272 	0.00000 	0.12417 	-0.11678 	0.10518 	0.28747 	0.00651	0.07264
Replication149	 0.08703	0.97835	0.97565 	0.97605 	0.97386 	0.97739 	0.97578 	0.97660 	0.94656 	0.95129 	0.97191 	0.93268 	0.95998 	0.96954 	0.00000 	0.00000 	-0.02405 	0.03635 	0.00000 	0.09187 	0.00000 	0.00000 	0.20507 	-0.53241 	0.15100 	0.09215 	0.00000 	0.00000 	-0.00807 	0.01023 	0.00000 	0.06788 	0.00000 	0.00000 	0.01233 	-0.17861 	0.05066 	0.06869 	0.01046	0.09725
Replication150	 0.02365	0.98858	0.90228 	0.90612 	0.91627 	0.91087 	0.91324 	0.92727 	0.90175 	0.91164 	0.93239 	0.90222 	0.92694 	0.92892 	-0.17027 	-0.27134 	-0.19029 	0.09659 	0.02061 	0.22154 	-0.17922 	-0.13855 	0.41180 	-0.26196 	0.27022 	0.18435 	-0.05839 	-0.09305 	-0.06526 	0.04502 	0.00707 	0.17417 	-0.06146 	-0.04751 	0.03121 	-0.08984 	0.09267 	0.13802 	0.00517	0.04894
Replication151	 0.12006	0.97154	0.91455 	0.92086 	0.91482 	0.92294 	0.91987 	0.92828 	0.86297 	0.90069 	0.92770 	0.88950 	0.91112 	0.92356 	-0.15199 	0.00000 	-0.32839 	0.08725 	0.00000 	0.21846 	-0.58814 	0.00000 	0.41988 	-0.10016 	0.25921 	0.19434 	-0.05206 	0.00000 	-0.11248 	0.03712 	0.00000 	0.17242 	-0.20145 	0.00000 	0.04992 	-0.03431 	0.08878 	0.14931 	0.02643	0.11895
Replication152	 0.14835	0.97182	0.92635 	0.94956 	0.96123 	0.94469 	0.94947 	0.96515 	0.95518 	0.96481 	0.97048 	0.96305 	0.96791 	0.96942 	-0.39844 	0.00000 	0.00000 	0.05988 	0.01036 	0.11942 	-0.18175 	0.00000 	0.21041 	0.00000 	0.08240 	0.09254 	-0.13371 	0.00000 	0.00000 	0.03342 	0.00348 	0.09512 	-0.06099 	0.00000 	0.01519 	0.00000 	0.02765 	0.06878 	0.06188	0.14007
Replication153	 0.06160	0.97887	0.89727 	0.89123 	0.89069 	0.89981 	0.89651 	0.90518 	0.82994 	0.86312 	0.90228 	0.83965 	0.87338 	0.89695 	0.00000 	-0.23726 	-0.27760 	0.11166 	0.00000 	0.28097 	-0.42343 	0.00000 	0.55061 	-0.42897 	0.19613 	0.25432 	0.00000 	-0.08238 	-0.09639 	0.04575 	0.00000 	0.22044 	-0.14702 	0.00000 	0.06428 	-0.14895 	0.06810 	0.19512 	0.03600	0.03973
Replication154	 0.12803	0.96864	0.90203 	0.90417 	0.89465 	0.90855 	0.90355 	0.90800 	0.80165 	0.84643 	0.89892 	0.83632 	0.86408 	0.89206 	-0.06024 	0.00000 	-0.25824 	0.10509 	0.01157 	0.27393 	-0.67700 	-0.35141 	0.55779 	-0.04951 	0.24614 	0.26376 	-0.02090 	0.00000 	-0.08961 	0.03984 	0.00401 	0.21399 	-0.23493 	-0.12195 	0.07624 	-0.01718 	0.08542 	0.20514 	0.05072	0.15663
Replication155	 0.14098	0.96977	0.94089 	0.93985 	0.94161 	0.94385 	0.94300 	0.94622 	0.89621 	0.90254 	0.93929 	0.88840 	0.91835 	0.93505 	0.00000 	-0.11961 	0.00000 	0.07171 	0.01499 	0.17501 	-0.08865 	-0.32742 	0.38234 	-0.40815 	0.16481 	0.17096 	0.00000 	-0.04092 	0.00000 	0.02279 	0.00513 	0.13007 	-0.03033 	-0.11203 	0.02128 	-0.13965 	0.05639 	0.12701 	0.05459	0.12526
Replication156	 0.07322	0.97455	0.82960 	0.86475 	0.88091 	0.86060 	0.86449 	0.89096 	0.82723 	0.84366 	0.89072 	0.82197 	0.86381 	0.88451 	-0.52123 	-0.03313 	0.00000 	0.14303 	0.00000 	0.31806 	-0.21196 	-0.27491 	0.60843 	-0.51414 	0.25449 	0.28207 	-0.18204 	-0.01157 	0.00000 	0.07039 	0.00000 	0.25134 	-0.07403 	-0.09601 	0.07240 	-0.17956 	0.08888 	0.21682 	0.01264	0.10653
Replication157	 -1.56312	0.99997	0.88912 	0.88369 	0.89211 	0.89286 	0.89173 	0.90215 	0.80902 	0.84636 	0.89700 	0.83780 	0.86597 	0.89051 	0.00000 	-0.33156 	-0.06767 	0.11868 	0.00000 	0.29009 	-0.59112 	-0.40289 	0.58080 	-0.06663 	0.25593 	0.26897 	0.00000 	-0.11553 	-0.02358 	0.04867 	0.00000 	0.22579 	-0.20597 	-0.14038 	0.06422 	-0.02322 	0.08918 	0.20608 	0.00004	0.00729
Replication158	 0.00412	0.99088	0.88690 	0.88685 	0.89205 	0.89393 	0.89361 	0.90907 	0.89199 	0.89503 	0.91619 	0.87678 	0.90999 	0.91213 	-0.14089 	-0.28787 	-0.38255 	0.11237 	0.00451 	0.26845 	0.00000 	-0.03575 	0.48520 	-0.52360 	0.26645 	0.22103 	-0.04862 	-0.09935 	-0.13203 	0.05343 	0.00156 	0.21431 	0.00000 	-0.01234 	0.05025 	-0.18071 	0.09196 	0.16808 	0.01199	0.04310
Replication159	 0.04814	0.97888	1.00178 	1.00602 	1.00796 	1.00496 	1.00747 	1.00815 	1.00829 	1.00719 	1.00955 	1.00365 	1.01662 	1.00886 	-0.08638 	0.00000 	0.00000 	0.00363 	0.04097 	0.00447 	0.00000 	-0.02068 	0.00156 	-0.16550 	0.21960 	0.00230 	-0.02834 	0.00000 	0.00000 	0.00356 	0.01344 	0.00440 	0.00000 	-0.00678 	0.00103 	-0.05429 	0.07203 	0.00223 	0.00263	0.06035
Replication160	 0.04999	0.98048	0.96126 	0.95488 	0.96651 	0.96075 	0.96331 	0.97135 	0.96238 	0.97357 	0.97772 	0.97245 	0.98293 	0.97641 	0.00000 	-0.34091 	-0.07382 	0.04575 	0.00786 	0.10213 	-0.24583 	0.00000 	0.17008 	0.00000 	0.24648 	0.07626 	0.00000 	-0.11388 	-0.02466 	0.02462 	0.00263 	0.08273 	-0.08212 	0.00000 	0.01416 	0.00000 	0.08233 	0.05728 	0.00671	0.05933
Replication161	 0.16161	0.96571	0.91750 	0.91213 	0.92811 	0.92004 	0.92244 	0.93490 	0.90186 	0.91736 	0.93776 	0.90393 	0.92428 	0.93504 	-0.02677 	-0.41635 	-0.02622 	0.08871 	0.00000 	0.20207 	-0.21364 	0.00000 	0.38662 	-0.29786 	0.13510 	0.17097 	-0.00916 	-0.14245 	-0.00897 	0.03980 	0.00000 	0.15715 	-0.07310 	0.00000 	0.02572 	-0.10191 	0.04623 	0.12704 	0.06050	0.15984
Replication162	 0.11608	0.96805	0.91737 	0.93090 	0.93277 	0.93007 	0.93015 	0.94153 	0.90001 	0.91764 	0.94237 	0.91353 	0.93536 	0.93865 	-0.24565 	0.00000 	-0.15834 	0.07970 	0.00000 	0.18453 	-0.35532 	-0.25027 	0.35984 	-0.07772 	0.30780 	0.16214 	-0.08378 	0.00000 	-0.05400 	0.03449 	0.00000 	0.14300 	-0.12119 	-0.08536 	0.02618 	-0.02651 	0.10498 	0.12152 	0.00584	0.15432
Replication163	 0.14345	0.96680	0.86668 	0.85921 	0.87006 	0.87078 	0.86959 	0.88281 	0.78839 	0.82203 	0.87800 	0.79791 	0.83961 	0.87079 	0.00000 	-0.41281 	-0.10473 	0.13915 	0.00000 	0.34068 	-0.43011 	-0.23532 	0.66978 	-0.44546 	0.22692 	0.31240 	0.00000 	-0.14502 	-0.03679 	0.05973 	0.00000 	0.26773 	-0.15110 	-0.08267 	0.08368 	-0.15649 	0.07972 	0.24105 	0.08525	0.10989
Replication164	 0.07700	0.97517	0.83392 	0.85884 	0.85682 	0.85844 	0.85931 	0.88055 	0.84171 	0.85937 	0.88696 	0.84071 	0.86871 	0.88204 	-0.46427 	0.00000 	-0.54306 	0.14526 	0.04957 	0.34359 	-0.21083 	0.00000 	0.62421 	-0.40153 	0.16361 	0.28761 	-0.16233 	0.00000 	-0.18988 	0.07125 	0.01733 	0.27562 	-0.07372 	0.00000 	0.07811 	-0.14040 	0.05721 	0.22113 	0.02585	0.12461
Replication165	 0.16265	0.95916	0.88602 	0.89452 	0.89419 	0.89733 	0.89442 	0.90227 	0.80655 	0.82571 	0.88899 	0.81337 	0.84323 	0.88181 	-0.12098 	-0.03179 	0.00000 	0.11892 	0.00000 	0.29296 	-0.29226 	-0.59900 	0.62905 	-0.26046 	0.05946 	0.28936 	-0.04241 	-0.01114 	0.00000 	0.04204 	0.00000 	0.22233 	-0.10245 	-0.20997 	0.06165 	-0.09130 	0.02084 	0.22029 	0.05937	0.16411
Replication166	 0.14516	0.96845	0.88388 	0.87300 	0.88388 	0.88544 	0.88711 	0.90358 	0.89237 	0.90446 	0.91600 	0.89730 	0.91593 	0.91269 	-0.05282 	-0.51293 	-0.46221 	0.11772 	0.02934 	0.28094 	-0.21233 	0.00000 	0.48042 	-0.16791 	0.25466 	0.21927 	-0.01821 	-0.17681 	-0.15932 	0.06022 	0.01011 	0.22813 	-0.07319 	0.00000 	0.05615 	-0.05788 	0.08778 	0.16762 	0.08309	0.12553
Replication167	 0.06008	0.97907	0.80530 	0.82299 	0.84707 	0.82857 	0.83388 	0.86002 	0.79932 	0.79931 	0.85834 	0.78735 	0.81672 	0.85103 	-0.34554 	-0.36546 	0.00000 	0.17688 	0.03559 	0.40214 	0.00000 	-0.63567 	0.78184 	-0.34890 	0.00000 	0.35849 	-0.12299 	-0.13008 	0.00000 	0.08230 	0.01267 	0.31527 	0.00000 	-0.22625 	0.08386 	-0.12418 	0.00000 	0.27352 	0.01312	0.05916
Replication168	 0.15377	0.97658	0.89335 	0.89115 	0.89495 	0.89836 	0.89587 	0.90306 	0.82554 	0.82939 	0.89225 	0.80484 	0.85477 	0.88461 	0.00000 	-0.20929 	0.00000 	0.11627 	0.00000 	0.28932 	-0.01590 	-0.53243 	0.60565 	-0.65980 	0.20719 	0.28208 	0.00000 	-0.07312 	0.00000 	0.04321 	0.00000 	0.22221 	-0.00556 	-0.18601 	0.06648 	-0.23051 	0.07239 	0.21645 	0.00491	0.22709
Replication169	 0.03812	0.98082	0.93660 	0.93263 	0.92844 	0.93810 	0.93681 	0.93907 	0.88992 	0.90637 	0.93605 	0.89232 	0.92151 	0.93194 	0.00000 	-0.12091 	-0.25020 	0.07560 	0.04545 	0.19191 	-0.25782 	-0.15107 	0.38993 	-0.33972 	0.25301 	0.17695 	0.00000 	-0.04136 	-0.08558 	0.02711 	0.01554 	0.14738 	-0.08818 	-0.05167 	0.03215 	-0.11619 	0.08654 	0.13340 	0.00227	0.04849
Replication170	 -1.52109	1.00287	0.79623 	0.84113 	0.87424 	0.83616 	0.84600 	0.88928 	0.88741 	0.90015 	0.90859 	0.89873 	0.91001 	0.90566 	-0.73226 	-0.21907 	-0.15728 	0.15129 	0.00000 	0.31363 	-0.25142 	-0.03884 	0.48957 	0.00000 	0.21752 	0.23177 	-0.25170 	-0.07530 	-0.05406 	0.09705 	0.00000 	0.26380 	-0.08642 	-0.01335 	0.08926 	0.00000 	0.07477 	0.18304 	0.00396	0.01013
Replication171	 0.03957	0.98915	0.91869 	0.92480 	0.93813 	0.92760 	0.93035 	0.94361 	0.91188 	0.92776 	0.94578 	0.91704 	0.93243 	0.94351 	-0.16605 	-0.23868 	0.00000 	0.08107 	0.00000 	0.17918 	-0.23081 	0.00000 	0.34721 	-0.21527 	0.09349 	0.15213 	-0.05659 	-0.08135 	0.00000 	0.03664 	0.00000 	0.13837 	-0.07867 	0.00000 	0.01936 	-0.07337 	0.03186 	0.11222 	0.01651	0.11031
Replication172	 0.03212	0.98678	1.01492 	1.01471 	1.01430 	1.01461 	1.01470 	1.01492 	1.02215 	1.01900 	1.01736 	1.02123 	1.02813 	1.01694 	-0.00700 	0.00000 	-0.04749 	-0.00662 	0.00000 	-0.01482 	0.00000 	-0.07423 	-0.04555 	0.00000 	0.20852 	-0.01678 	-0.00228 	0.00000 	-0.01549 	0.00004 	0.00000 	-0.00870 	0.00000 	-0.02421 	0.00357 	0.00000 	0.06800 	-0.01080 	0.02342	0.08614
Replication173	 0.00453	0.99047	0.91665 	0.91043 	0.94273 	0.91989 	0.92800 	0.94865 	0.97189 	0.96922 	0.96481 	0.97100 	0.97714 	0.96392 	-0.10489 	-0.67483 	0.00000 	0.07694 	0.00965 	0.15828 	0.00000 	0.00000 	0.22172 	-0.00399 	0.19773 	0.10288 	-0.03516 	-0.22620 	0.00000 	0.05180 	0.00323 	0.13519 	0.00000 	0.00000 	0.03621 	-0.00134 	0.06628 	0.08030 	0.00292	0.02867
Replication174	 0.15606	0.97913	0.92942 	0.91788 	0.93740 	0.92814 	0.93190 	0.94679 	0.96157 	0.95997 	0.95958 	0.95845 	0.96842 	0.95820 	-0.00079 	-0.56224 	-0.17437 	0.07378 	0.00000 	0.16524 	0.00000 	0.00000 	0.25690 	-0.09615 	0.19748 	0.11672 	-0.00027 	-0.18936 	-0.05872 	0.04316 	0.00000 	0.13711 	0.00000 	0.00000 	0.03089 	-0.03238 	0.06651 	0.08921 	0.00342	0.24098
Replication175	 0.25954	0.96535	0.97709 	0.97544 	0.96954 	0.97749 	0.97504 	0.97642 	0.95097 	0.96406 	0.97647 	0.96207 	0.97649 	0.97429 	0.00000 	0.00000 	-0.21987 	0.03426 	0.00000 	0.09045 	-0.28572 	-0.11700 	0.17718 	-0.02703 	0.26390 	0.08090 	0.00000 	0.00000 	-0.07350 	0.01218 	0.00000 	0.07017 	-0.09552 	-0.03911 	0.01422 	-0.00904 	0.08823 	0.06106 	0.18312	0.32448
Replication176	 0.16156	0.96531	0.79394 	0.85115 	0.87708 	0.84066 	0.84982 	0.89414 	0.91236 	0.91186 	0.91412 	0.90973 	0.91687 	0.91178 	-0.86127 	0.00000 	-0.26605 	0.14512 	0.00000 	0.29930 	0.00000 	0.00000 	0.45197 	-0.08556 	0.10295 	0.21695 	-0.29454 	0.00000 	-0.09099 	0.09679 	0.00000 	0.25491 	0.00000 	0.00000 	0.09532 	-0.02926 	0.03521 	0.17353 	0.08603	0.15169
Replication177	 0.15709	0.95856	0.86642 	0.86660 	0.85417 	0.87380 	0.86507 	0.86781 	0.69046 	0.75250 	0.84611 	0.72010 	0.76949 	0.83453 	0.00000 	0.00000 	-0.12754 	0.13742 	0.00000 	0.37693 	-0.68024 	-0.38907 	0.76388 	-0.41654 	0.13343 	0.38485 	0.00000 	0.00000 	-0.04484 	0.05716 	0.00000 	0.30321 	-0.23914 	-0.13678 	0.17163 	-0.14643 	0.04691 	0.31276 	0.00657	0.17350
Replication178	 0.16459	0.96540	0.88949 	0.88746 	0.87224 	0.89423 	0.88823 	0.88894 	0.80559 	0.80524 	0.87566 	0.78844 	0.83692 	0.86646 	0.00000 	0.00000 	-0.33740 	0.12286 	0.04814 	0.32644 	-0.02104 	-0.76400 	0.67983 	-0.51560 	0.22538 	0.32142 	0.00000 	0.00000 	-0.11862 	0.04252 	0.01692 	0.25265 	-0.00740 	-0.26860 	0.08699 	-0.18127 	0.07924 	0.24926 	0.02394	0.23415
Replication179	 0.12433	0.97031	0.82699 	0.82844 	0.81658 	0.83785 	0.83086 	0.84840 	0.79853 	0.80474 	0.85123 	0.79291 	0.82487 	0.84374 	-0.16836 	-0.15584 	-0.73184 	0.17095 	0.00000 	0.43057 	-0.10614 	-0.44436 	0.80000 	-0.32354 	0.16152 	0.37360 	-0.06000 	-0.05554 	-0.26080 	0.07497 	0.00000 	0.34241 	-0.03782 	-0.15835 	0.09898 	-0.11530 	0.05756 	0.28738 	0.01102	0.16669
Replication180	 0.03536	0.98461	0.78541 	0.78997 	0.84038 	0.80414 	0.81463 	0.85504 	0.82469 	0.83995 	0.87133 	0.83693 	0.85887 	0.86605 	-0.30224 	-0.83295 	0.00000 	0.18712 	0.01074 	0.40742 	-0.29737 	-0.34527 	0.69145 	-0.06258 	0.24547 	0.32215 	-0.10624 	-0.29279 	0.00000 	0.10697 	0.00378 	0.33381 	-0.10453 	-0.12137 	0.10007 	-0.02200 	0.08629 	0.25016 	0.00741	0.04346
Replication181	 0.00702	0.98971	0.82567 	0.84179 	0.86204 	0.84660 	0.85069 	0.88137 	0.87473 	0.87672 	0.89560 	0.86179 	0.89083 	0.89143 	-0.39977 	-0.36668 	-0.33308 	0.15110 	0.00000 	0.33923 	0.00000 	-0.05519 	0.58023 	-0.43266 	0.23923 	0.26658 	-0.13915 	-0.12763 	-0.11594 	0.08233 	0.00000 	0.27607 	0.00000 	-0.01921 	0.07275 	-0.15060 	0.08327 	0.20481 	0.00906	0.02352
Replication182	 0.10901	0.97356	0.95846 	0.95687 	0.94948 	0.95976 	0.95632 	0.95818 	0.91464 	0.93368 	0.95564 	0.92338 	0.94619 	0.95249 	0.00000 	0.00000 	-0.23928 	0.05371 	0.00000 	0.14030 	-0.32368 	-0.07554 	0.28664 	-0.21947 	0.25441 	0.13034 	0.00000 	0.00000 	-0.08094 	0.01807 	0.00000 	0.10756 	-0.10948 	-0.02555 	0.02366 	-0.07424 	0.08605 	0.09832 	0.05727	0.07865
Replication183	 0.32899	0.92674	0.97195 	0.96987 	0.97437 	0.97290 	0.97368 	0.97686 	0.94298 	0.96066 	0.97596 	0.95167 	0.97075 	0.97396 	0.00000 	-0.14703 	0.00000 	0.03841 	0.01218 	0.09020 	-0.30825 	0.00000 	0.18507 	-0.18713 	0.24328 	0.08234 	0.00000 	-0.04923 	0.00000 	0.01459 	0.00408 	0.06831 	-0.10321 	0.00000 	0.00924 	-0.06265 	0.08145 	0.06093 	0.14399	0.47043
Replication184	 0.04966	0.97946	0.91268 	0.91971 	0.91954 	0.92164 	0.91952 	0.92575 	0.84099 	0.86922 	0.91553 	0.85283 	0.87776 	0.91048 	-0.10391 	-0.02092 	0.00000 	0.09372 	0.00000 	0.22961 	-0.38828 	-0.24541 	0.49553 	-0.28284 	0.05443 	0.22534 	-0.03593 	-0.00723 	0.00000 	0.03250 	0.00000 	0.17338 	-0.13427 	-0.08487 	0.04373 	-0.09781 	0.01882 	0.17034 	0.01705	0.05995
Replication185	 0.14617	0.96697	0.62101 	0.68374 	0.70704 	0.68376 	0.68527 	0.74238 	0.62263 	0.64801 	0.73330 	0.63118 	0.67864 	0.73073 	-0.75091 	-0.12194 	-0.32667 	0.31786 	0.00000 	0.71799 	-0.30744 	-0.69204 	0.80000 	-0.28790 	0.16367 	0.63135 	-0.28524 	-0.04632 	-0.12409 	0.14819 	0.00000 	0.56215 	-0.11678 	-0.26288 	0.16366 	-0.10936 	0.06217 	0.47893 	0.02209	0.16169
Replication186	 0.13599	0.97395	0.90034 	0.92361 	0.93368 	0.91994 	0.92293 	0.93941 	0.91815 	0.91100 	0.94082 	0.91702 	0.93759 	0.93651 	-0.37230 	0.00000 	0.00000 	0.08812 	0.00000 	0.19069 	-0.03308 	-0.69147 	0.37299 	0.00000 	0.29464 	0.16746 	-0.12724 	0.00000 	0.00000 	0.04053 	0.00000 	0.14698 	-0.01131 	-0.23632 	0.02187 	0.00000 	0.10070 	0.12472 	0.00211	0.18188
Replication187	 0.01522	0.98889	0.85512 	0.86468 	0.85941 	0.86902 	0.86513 	0.88073 	0.80383 	0.83807 	0.88097 	0.81630 	0.85443 	0.87440 	-0.23300 	-0.07414 	-0.46002 	0.13894 	0.00000 	0.34429 	-0.45636 	-0.08772 	0.65046 	-0.39175 	0.28751 	0.30390 	-0.08165 	-0.02598 	-0.16119 	0.06245 	0.00000 	0.27404 	-0.15991 	-0.03074 	0.08602 	-0.13727 	0.10074 	0.23519 	0.01054	0.06239
Replication188	 0.11070	0.97082	0.81401 	0.85796 	0.87379 	0.85126 	0.85655 	0.89165 	0.87604 	0.88951 	0.90516 	0.88096 	0.90076 	0.90151 	-0.69351 	0.00000 	-0.31396 	0.14355 	0.00000 	0.31077 	-0.22181 	-0.02820 	0.52179 	-0.19188 	0.22841 	0.24275 	-0.23964 	0.00000 	-0.10849 	0.08322 	0.00000 	0.25536 	-0.07665 	-0.00975 	0.07663 	-0.06630 	0.07893 	0.18856 	0.05735	0.07537
Replication189	 0.15748	0.96155	0.94358 	0.93478 	0.95614 	0.94309 	0.94767 	0.96059 	0.96036 	0.96440 	0.97007 	0.96592 	0.97959 	0.96831 	0.00000 	-0.52012 	0.00000 	0.06066 	0.00000 	0.12998 	-0.15834 	-0.14517 	0.20892 	0.00000 	0.31910 	0.09443 	0.00000 	-0.17443 	0.00000 	0.03492 	0.00000 	0.10634 	-0.05310 	-0.04869 	0.01901 	0.00000 	0.10702 	0.07131 	0.04334	0.15609
Replication190	 0.00356	0.99144	0.90958 	0.91428 	0.90953 	0.91721 	0.91401 	0.91823 	0.83930 	0.85646 	0.90674 	0.84323 	0.86693 	0.90115 	-0.07176 	0.00000 	-0.09085 	0.10007 	0.01343 	0.25052 	-0.24010 	-0.41961 	0.54406 	-0.27647 	0.00134 	0.24672 	-0.02495 	0.00000 	-0.03159 	0.03248 	0.00467 	0.18845 	-0.08349 	-0.14591 	0.04536 	-0.09613 	0.00047 	0.18601 	0.00988	0.04084
Replication191	 0.07842	0.97697	0.82041 	0.82998 	0.85377 	0.83786 	0.84115 	0.86680 	0.79252 	0.81755 	0.86697 	0.80309 	0.82586 	0.86087 	-0.25455 	-0.43156 	-0.02704 	0.16749 	0.00000 	0.38338 	-0.32661 	-0.31050 	0.73682 	-0.23666 	0.00613 	0.33644 	-0.09017 	-0.15287 	-0.00958 	0.07843 	0.00000 	0.30158 	-0.11570 	-0.10999 	0.07962 	-0.08383 	0.00217 	0.25644 	0.00266	0.11665
Replication192	 0.25443	0.93599	0.94899 	0.96365 	0.96933 	0.96088 	0.96318 	0.97438 	0.97898 	0.97348 	0.98015 	0.97737 	0.98947 	0.97832 	-0.27523 	0.00000 	-0.09918 	0.04499 	0.00000 	0.09429 	0.00000 	-0.27714 	0.15830 	0.00000 	0.27221 	0.07187 	-0.09183 	0.00000 	-0.03309 	0.02518 	0.00000 	0.07609 	0.00000 	-0.09247 	0.01207 	0.00000 	0.09083 	0.05407 	0.04376	0.29667
Replication193	 0.04777	0.98038	0.88541 	0.87158 	0.90519 	0.88601 	0.89233 	0.91384 	0.90167 	0.90961 	0.92501 	0.89715 	0.91968 	0.92225 	0.00000 	-0.77582 	0.00000 	0.11524 	0.00060 	0.25449 	-0.10281 	0.00000 	0.43938 	-0.33159 	0.19945 	0.19840 	0.00000 	-0.26647 	0.00000 	0.06189 	0.00021 	0.20549 	-0.03531 	0.00000 	0.04574 	-0.11389 	0.06850 	0.15048 	0.00930	0.06505
Replication194	 0.08204	0.97472	0.72186 	0.75187 	0.74033 	0.75619 	0.74898 	0.78220 	0.70408 	0.71755 	0.77764 	0.69557 	0.73719 	0.77437 	-0.49993 	0.00000 	-0.76864 	0.25542 	0.00000 	0.61291 	-0.13541 	-0.42283 	0.80000 	-0.44579 	0.11305 	0.53499 	-0.18641 	0.00000 	-0.28660 	0.10717 	0.00000 	0.47674 	-0.05049 	-0.15766 	0.11615 	-0.16622 	0.04215 	0.40182 	0.01644	0.13643
Replication195	 0.15258	0.95776	0.90223 	0.91091 	0.92777 	0.91412 	0.92040 	0.93601 	0.93252 	0.92738 	0.94305 	0.93102 	0.94220 	0.94026 	-0.25128 	-0.30751 	-0.08900 	0.09121 	0.05364 	0.19782 	0.00000 	-0.38741 	0.35878 	0.00000 	0.16541 	0.15904 	-0.08572 	-0.10490 	-0.03036 	0.04576 	0.01830 	0.15608 	0.00000 	-0.13216 	0.02340 	0.00000 	0.05643 	0.11822 	0.01158	0.16242
Replication196	 0.14997	0.97218	0.88237 	0.86796 	0.88280 	0.88203 	0.88314 	0.90099 	0.87284 	0.89829 	0.91276 	0.89382 	0.90890 	0.90925 	0.00000 	-0.58647 	-0.38398 	0.12069 	0.00271 	0.28760 	-0.43878 	0.00000 	0.49356 	-0.00180 	0.26346 	0.22657 	0.00000 	-0.20234 	-0.13248 	0.06213 	0.00094 	0.23383 	-0.15138 	0.00000 	0.06149 	-0.00062 	0.09090 	0.17398 	0.05823	0.14677
Replication197	 0.13511	0.97286	0.82503 	0.80976 	0.82294 	0.82767 	0.82618 	0.84767 	0.79742 	0.80853 	0.85271 	0.80821 	0.82245 	0.84624 	0.00000 	-0.60521 	-0.43007 	0.17914 	0.00000 	0.43315 	-0.22131 	-0.54105 	0.80000 	0.00000 	0.02745 	0.36947 	0.00000 	-0.21602 	-0.15350 	0.08133 	0.00000 	0.34331 	-0.07899 	-0.19312 	0.08800 	0.00000 	0.00980 	0.28160 	0.07546	0.13234