
Replication	FitnessValue	Frequency	Bus1	Bus2	Bus3	Bus4	Bus5	Bus6	Bus7	Bus8	Bus9	Bus10	Bus11	Bus12	Bus1_P	Bus2_P	Bus3_P	Bus4_P	Bus5_P	Bus6_P	Bus7_P	Bus8_P	Bus9_P	Bus10_P	Bus11_P	Bus12_P	Bus1_Q	Bus2_Q	Bus3_Q	Bus4_Q	Bus5_Q	Bus6_Q	Bus7_Q	Bus8_Q	Bus9_Q	Bus10_Q	Bus11_Q	Bus12_Q	PLoss	QLoss
Replication0	 0.05885	0.99428	0.89115 	0.90686 	0.94482 	0.92647 	0.92449 	0.96007 	0.92179 	0.91594 	0.95483 	0.90648 	0.93696 	0.96122 	-0.49683 	-0.74513 	0.01020 	0.69284 	0.00000 	0.42711 	0.07359 	-0.66536 	0.55967 	-0.39337 	0.15110 	0.41731 	-0.16483 	-0.24721 	0.00338 	0.09164 	0.00000 	0.42273 	0.02441 	-0.22075 	-0.04153 	-0.13051 	0.05013 	0.41292 	0.03114	0.20038
Replication1	 0.05470	1.00049	1.04572 	1.03594 	1.03493 	1.03213 	1.03395 	1.01879 	0.93160 	0.93925 	0.99557 	0.89530 	0.95581 	0.99382 	0.42188 	0.16958 	0.68080 	-0.12981 	0.00000 	-0.07502 	0.09180 	-0.16654 	0.04183 	-1.18141 	0.19222 	0.13749 	0.13824 	0.05557 	0.22308 	-0.07798 	0.00000 	-0.07464 	0.03008 	-0.05457 	0.09366 	-0.38712 	0.06299 	0.13786 	0.18281	0.14717
Replication2	 0.01371	0.99627	0.94474 	0.94903 	0.95478 	0.96088 	0.95600 	0.97465 	0.93629 	0.95720 	0.97370 	0.96264 	0.97022 	0.97790 	-0.26648 	-0.33334 	-0.45169 	0.42656 	0.00000 	0.30222 	-0.47101 	-0.34149 	0.36637 	0.25128 	0.22374 	0.27463 	-0.08806 	-0.11015 	-0.14926 	0.03472 	0.00000 	0.29936 	-0.15565 	-0.11285 	-0.02547 	0.08304 	0.07393 	0.27177 	0.01923	0.12137
Replication3	 0.11048	0.99510	0.95631 	0.94648 	0.96205 	0.96180 	0.95913 	0.97103 	0.83952 	0.87907 	0.94831 	0.85800 	0.89655 	0.95357 	0.07378 	-0.49707 	0.10285 	0.48399 	0.00000 	0.33356 	-0.57307 	-0.58590 	0.54734 	-0.37061 	0.12796 	0.48209 	0.02444 	-0.16464 	0.03407 	-0.03136 	0.00000 	0.32980 	-0.18982 	-0.19407 	0.03199 	-0.12276 	0.04239 	0.47834 	0.12494	0.23836
Replication4	 -1.51558	0.99998	1.03474 	1.00086 	1.00049 	1.01300 	1.01123 	1.00557 	0.99540 	1.00542 	1.00607 	1.00347 	1.00927 	1.00625 	0.52381 	-0.41812 	-0.20011 	-0.01294 	0.00000 	0.03769 	-0.20026 	0.07866 	0.01959 	-0.00669 	0.14727 	0.03193 	0.17182 	-0.13715 	-0.06564 	-0.01525 	0.00000 	0.03768 	-0.06569 	0.02580 	0.01728 	-0.00219 	0.04831 	0.03191 	0.00084	0.04688
Replication5	 0.00929	0.99977	0.94071 	0.99003 	1.01820 	0.98219 	0.98647 	1.00765 	0.99838 	1.00326 	1.01069 	0.99622 	1.01649 	1.01020 	-0.76286 	0.08652 	0.62215 	0.14286 	0.00000 	0.02006 	-0.11055 	-0.02337 	0.00900 	-0.24633 	0.31575 	-0.00162 	-0.25033 	0.02839 	0.20416 	0.11836 	0.00000 	0.01988 	-0.03628 	-0.00767 	-0.01550 	-0.08084 	0.10361 	-0.00180 	0.05160	0.08200
Replication6	 0.06755	0.99537	0.88245 	0.93015 	0.96412 	0.93515 	0.93488 	0.97135 	0.93486 	0.92664 	0.96526 	0.92370 	0.94892 	0.97002 	-0.82370 	-0.26386 	0.23364 	0.59497 	0.00000 	0.33066 	0.06712 	-0.78375 	0.45358 	-0.24097 	0.14398 	0.34205 	-0.27269 	-0.08735 	0.07735 	0.10794 	0.00000 	0.32711 	0.02222 	-0.25946 	-0.03344 	-0.07977 	0.04766 	0.33850 	0.05371	0.18806
Replication7	 0.00224	1.00156	1.02579 	1.01895 	1.01258 	1.02003 	1.01850 	1.01508 	1.05224 	1.03514 	1.02337 	1.04673 	1.05034 	1.02068 	0.07994 	-0.00138 	-0.20360 	-0.12920 	0.00000 	-0.04381 	0.18945 	-0.17149 	-0.14489 	0.17039 	0.34213 	-0.09145 	0.02614 	-0.00045 	-0.06657 	0.03505 	0.00000 	-0.04262 	0.06195 	-0.05607 	0.01936 	0.05571 	0.11187 	-0.09025 	0.00390	0.05411
Replication8	 0.03162	0.99589	0.97717 	0.95845 	0.95577 	0.97335 	0.96865 	0.97528 	0.91838 	0.92306 	0.96385 	0.92837 	0.94806 	0.96781 	0.18008 	-0.36959 	-0.46897 	0.38814 	0.02421 	0.29705 	-0.23227 	-0.87192 	0.43277 	0.06720 	0.21367 	0.36061 	0.05955 	-0.12222 	-0.15509 	-0.04396 	0.00801 	0.29390 	-0.07681 	-0.28835 	0.00067 	0.02222 	0.07066 	0.35745 	0.02097	0.12603
Replication9	 0.12286	0.99386	0.90574 	0.92852 	0.95269 	0.93872 	0.93666 	0.96136 	0.82714 	0.84424 	0.93514 	0.83772 	0.88300 	0.94065 	-0.41246 	-0.33182 	0.26617 	0.65736 	0.00671 	0.41627 	-0.38717 	-1.31378 	0.67414 	-0.22215 	0.23641 	0.59251 	-0.13696 	-0.11018 	0.08838 	0.01208 	0.00223 	0.41156 	-0.12856 	-0.43624 	0.02886 	-0.07376 	0.07850 	0.58780 	0.18216	0.32370
Replication10	 -1.42054	1.00001	1.00130 	0.97930 	0.99987 	0.99487 	0.99577 	1.00217 	1.01563 	1.02591 	1.01199 	1.02193 	1.02696 	1.01227 	0.16830 	-0.70683 	0.02267 	0.07035 	0.00767 	0.06666 	-0.18036 	0.40444 	-0.01001 	-0.05385 	0.22237 	-0.01928 	0.05520 	-0.23183 	0.00743 	0.07173 	0.00252 	0.06667 	-0.05916 	0.13265 	-0.00863 	-0.01766 	0.07293 	-0.01927 	0.00788	0.07259
Replication11	 0.09030	0.99834	0.98562 	1.00984 	0.99662 	1.00065 	0.99840 	0.99638 	0.85970 	0.91132 	0.97119 	0.86001 	0.91394 	0.97309 	-0.23153 	0.55516 	0.16303 	0.13108 	0.02489 	0.11656 	-0.53361 	0.23433 	0.26944 	-0.98950 	0.10244 	0.31477 	-0.07620 	0.18270 	0.05365 	-0.04328 	0.00819 	0.11529 	-0.17561 	0.07711 	0.09508 	-0.32563 	0.03371 	0.31350 	0.15705	0.25851
Replication12	 0.00041	1.00022	1.03665 	1.04184 	1.02459 	1.03129 	1.03061 	1.01800 	0.96209 	0.96339 	1.00114 	0.94959 	0.98097 	0.99970 	0.15757 	0.57408 	0.18405 	-0.11170 	0.00000 	-0.06817 	-0.01226 	-0.44896 	0.02988 	-0.47393 	0.17588 	0.08760 	0.05166 	0.18821 	0.06034 	-0.08822 	0.00000 	-0.06800 	-0.00402 	-0.14719 	0.05336 	-0.15538 	0.05766 	0.08777 	0.09404	0.03620
Replication13	 0.09945	0.99689	0.95041 	0.98967 	0.97551 	0.98000 	0.97490 	0.98387 	0.87208 	0.89815 	0.96028 	0.85055 	0.90939 	0.96362 	-0.50269 	0.62211 	-0.07794 	0.30432 	0.00000 	0.22358 	-0.18128 	-0.09059 	0.39693 	-1.07734 	0.11961 	0.39592 	-0.16591 	0.20533 	-0.02572 	-0.02260 	0.00000 	0.22119 	-0.05983 	-0.02990 	0.07002 	-0.35557 	0.03948 	0.39354 	0.13263	0.27001
Replication14	 0.04552	0.99617	0.90448 	0.91436 	0.95605 	0.93590 	0.93448 	0.96923 	0.95140 	0.97185 	0.97661 	0.96284 	0.97742 	0.98174 	-0.48493 	-0.87822 	-0.00814 	0.54909 	0.00000 	0.34845 	-0.34088 	0.13977 	0.35795 	-0.14860 	0.21849 	0.24199 	-0.16028 	-0.29027 	-0.00269 	0.14679 	0.00000 	0.34552 	-0.11267 	0.04620 	-0.04435 	-0.04912 	0.07222 	0.23906 	0.00503	0.19040
Replication15	 0.00251	0.99772	0.95226 	0.94749 	0.95106 	0.96414 	0.95801 	0.97644 	1.00496 	1.00359 	0.98857 	1.01289 	1.00880 	0.99187 	-0.24259 	-0.49437 	-0.72521 	0.33532 	0.01525 	0.28651 	-0.06583 	0.02424 	0.22065 	0.25881 	0.18719 	0.15518 	-0.07993 	-0.16289 	-0.23896 	0.09532 	0.00502 	0.28476 	-0.02169 	0.00799 	-0.01935 	0.08528 	0.06168 	0.15343 	0.04484	0.17066
Replication16	 0.00786	0.99766	0.94214 	0.95228 	0.98410 	0.96407 	0.96514 	0.98745 	0.98853 	0.98177 	0.99172 	0.96995 	0.99791 	0.99378 	-0.35502 	-0.58297 	0.19383 	0.33866 	0.00000 	0.19277 	0.13915 	-0.10952 	0.20882 	-0.47241 	0.31264 	0.13896 	-0.11699 	-0.19211 	0.06388 	0.09269 	0.00000 	0.19097 	0.04585 	-0.03609 	-0.03715 	-0.15568 	0.10303 	0.13716 	0.00491	0.09556
Replication17	 0.08729	0.99477	0.86271 	0.92484 	0.94835 	0.92643 	0.92414 	0.96281 	0.91492 	0.90139 	0.95278 	0.88190 	0.93056 	0.95809 	-0.99500 	-0.01644 	-0.00619 	0.66745 	0.02766 	0.40362 	0.24777 	-0.75962 	0.54373 	-0.72225 	0.24973 	0.44372 	-0.32979 	-0.00545 	-0.00205 	0.11737 	0.00917 	0.39961 	0.08212 	-0.25178 	-0.00635 	-0.23939 	0.08277 	0.43971 	0.08417	0.29593
Replication18	 0.04042	1.00215	0.93485 	0.97865 	1.01626 	0.97871 	0.98132 	1.00845 	1.09042 	1.05950 	1.03002 	1.06272 	1.06460 	1.02784 	-0.85218 	-0.25259 	0.49325 	0.03374 	0.00631 	0.01236 	0.63362 	0.26576 	-0.20720 	-0.14777 	0.23142 	-0.15269 	-0.27831 	-0.08249 	0.16109 	0.26011 	0.00206 	0.01401 	0.20693 	0.08679 	0.01916 	-0.04826 	0.07558 	-0.15104 	0.06403	0.26564
Replication19	 0.00410	0.99986	1.03559 	1.02522 	1.02005 	1.02366 	1.02417 	1.01391 	0.94590 	0.96576 	1.00058 	0.96534 	0.98643 	0.99935 	0.32808 	0.11471 	0.23284 	-0.05655 	0.00414 	-0.03319 	-0.45477 	-0.52801 	0.05184 	0.02911 	0.29861 	0.09070 	0.10764 	0.03764 	0.07639 	-0.07174 	0.00136 	-0.03330 	-0.14921 	-0.17324 	0.03665 	0.00955 	0.09797 	0.09059 	0.07753	0.03030
Replication20	 -1.28824	1.00049	1.00393 	1.03193 	1.00836 	1.01759 	1.01441 	1.01240 	1.01964 	0.99744 	1.00905 	0.99158 	1.01705 	1.00727 	-0.33580 	0.77805 	-0.26623 	-0.06125 	0.00000 	-0.02059 	0.39947 	-0.33600 	-0.02114 	-0.42814 	0.29189 	0.02307 	-0.11004 	0.25495 	-0.08724 	-0.01004 	0.00000 	-0.02021 	0.13090 	-0.11010 	0.03007 	-0.14029 	0.09565 	0.02344 	0.02332	0.05708
Replication21	 -1.45387	0.99864	1.01876 	0.98732 	0.98412 	1.00094 	0.99812 	0.99511 	0.95745 	0.97729 	0.99173 	0.97749 	0.99035 	0.99298 	0.44668 	-0.40507 	-0.34708 	0.11425 	0.01868 	0.12720 	-0.42897 	-0.19012 	0.15752 	0.08598 	0.27958 	0.14534 	0.14691 	-0.13323 	-0.11415 	-0.02917 	0.00614 	0.12616 	-0.14109 	-0.06253 	0.01410 	0.02828 	0.09195 	0.14429 	0.00398	0.07767
Replication22	 0.08546	1.00616	1.06223 	1.06157 	1.05294 	1.05419 	1.05469 	1.04208 	1.13546 	1.09514 	1.05891 	1.09660 	1.09868 	1.05169 	0.05967 	0.27389 	0.10749 	-0.53132 	0.00000 	-0.27539 	0.91400 	0.44946 	-0.55350 	-0.27016 	0.25163 	-0.35718 	0.01933 	0.08874 	0.03483 	0.11634 	0.00000 	-0.27067 	0.29612 	0.14562 	0.09416 	-0.08753 	0.08152 	-0.35245 	0.06860	0.16600
Replication23	 -1.38889	0.99882	0.99213 	1.00511 	0.99672 	1.00123 	1.00042 	1.00171 	0.96711 	0.97746 	0.99529 	0.95968 	0.98695 	0.99615 	-0.18429 	0.25287 	-0.14691 	0.10342 	0.03138 	0.07101 	-0.11622 	0.03383 	0.13130 	-0.49261 	0.21241 	0.11834 	-0.06059 	0.08314 	-0.04830 	-0.02106 	0.01032 	0.07010 	-0.03821 	0.01112 	0.00681 	-0.16196 	0.06984 	0.11743 	0.01453	0.03864
Replication24	 0.15793	0.99251	0.91935 	0.89944 	0.91428 	0.92799 	0.92002 	0.94173 	0.79207 	0.82062 	0.91392 	0.79302 	0.85401 	0.92285 	0.07163 	-0.77620 	-0.34066 	0.77914 	0.01090 	0.58388 	-0.39878 	-0.93471 	0.80000 	-0.61531 	0.24924 	0.74453 	0.02385 	-0.25844 	-0.11342 	-0.00892 	0.00363 	0.57813 	-0.13277 	-0.31122 	0.05713 	-0.20487 	0.08299 	0.73878 	0.17365	0.45485
Replication25	 0.11527	0.99543	0.91905 	0.94415 	0.97436 	0.95128 	0.95167 	0.97411 	0.83473 	0.88442 	0.95215 	0.85381 	0.89238 	0.95747 	-0.42939 	-0.33046 	0.53731 	0.51602 	0.00000 	0.30719 	-0.63166 	-0.30530 	0.51192 	-0.50546 	0.03505 	0.44875 	-0.14213 	-0.10939 	0.17786 	0.03549 	0.00000 	0.30369 	-0.20909 	-0.10106 	0.03139 	-0.16731 	0.01160 	0.44524 	0.15396	0.27629
Replication26	 0.16761	0.99300	0.90282 	0.89250 	0.90597 	0.92114 	0.91087 	0.93863 	0.78239 	0.84851 	0.91848 	0.80068 	0.85297 	0.92815 	-0.15032 	-0.75277 	-0.51731 	0.78522 	0.00000 	0.61003 	-0.71202 	0.01761 	0.79770 	-0.75620 	0.09521 	0.69922 	-0.05000 	-0.25039 	-0.17207 	0.04934 	0.00000 	0.60466 	-0.23684 	0.00586 	0.06182 	-0.25153 	0.03167 	0.69385 	0.11637	0.48638
Replication27	 0.04187	0.99780	0.97959 	0.97719 	1.00535 	0.98538 	0.98879 	0.99664 	0.91146 	0.94044 	0.98272 	0.90813 	0.94771 	0.98487 	0.02491 	-0.46986 	0.65069 	0.23119 	0.00000 	0.11455 	-0.32819 	0.01125 	0.24367 	-0.72200 	0.12632 	0.21474 	0.00821 	-0.15479 	0.21437 	0.00006 	0.00000 	0.11286 	-0.10812 	0.00371 	0.01255 	-0.23786 	0.04162 	0.21305 	0.09728	0.10565
Replication28	 0.05148	0.99580	0.93629 	0.93802 	0.96622 	0.95390 	0.95317 	0.97482 	0.89852 	0.93257 	0.96779 	0.92052 	0.94717 	0.97229 	-0.21415 	-0.63854 	0.10033 	0.48415 	0.00000 	0.30102 	-0.56870 	-0.25528 	0.41894 	-0.17344 	0.25875 	0.32249 	-0.07083 	-0.21121 	0.03318 	0.04271 	0.00000 	0.29780 	-0.18811 	-0.08444 	-0.02251 	-0.05737 	0.08558 	0.31927 	0.03556	0.14409
Replication29	 0.16018	0.99428	0.92343 	0.93722 	0.94426 	0.94733 	0.94117 	0.95879 	0.79237 	0.83509 	0.92833 	0.78982 	0.85581 	0.93460 	-0.26927 	-0.17966 	-0.00190 	0.59508 	0.00000 	0.43797 	-0.45909 	-0.51941 	0.68431 	-0.88402 	0.15279 	0.64383 	-0.08934 	-0.05961 	-0.00063 	-0.00650 	0.00000 	0.43358 	-0.15231 	-0.17233 	0.08273 	-0.29329 	0.05069 	0.63944 	0.20063	0.43244
Replication30	 0.12978	0.99639	1.01158 	0.98873 	0.94966 	0.99549 	0.98240 	0.97270 	0.82724 	0.85000 	0.93848 	0.82022 	0.87816 	0.94241 	0.51157 	0.32483 	-0.66084 	0.25767 	0.00000 	0.31884 	-0.29572 	-0.83305 	0.52538 	-0.70572 	0.17907 	0.57658 	0.16901 	0.10732 	-0.21832 	-0.12142 	0.00000 	0.31608 	-0.09770 	-0.27522 	0.14629 	-0.23315 	0.05916 	0.57381 	0.19862	0.42585
Replication31	 0.01382	0.99751	0.97065 	0.98909 	0.94405 	0.98547 	0.97383 	0.97795 	0.97688 	0.95062 	0.97225 	0.93618 	0.97500 	0.97478 	-0.33911 	0.66910 	-1.19837 	0.24611 	0.03913 	0.27369 	0.50690 	-0.44116 	0.30817 	-0.68684 	0.31655 	0.30066 	-0.11178 	0.22056 	-0.39503 	-0.01571 	0.01290 	0.27178 	0.16709 	-0.14542 	0.04635 	-0.22641 	0.10435 	0.29875 	0.00516	0.22743
Replication32	 0.02157	1.00124	0.96884 	0.99719 	0.97433 	0.99339 	0.98475 	0.99670 	1.07157 	1.05168 	1.01591 	1.05933 	1.05829 	1.01493 	-0.62544 	0.40167 	-0.90342 	0.01272 	0.00000 	0.11270 	0.33302 	0.36700 	-0.09303 	0.06901 	0.35773 	-0.04242 	-0.20464 	0.13142 	-0.29559 	0.14328 	0.00000 	0.11366 	0.10896 	0.12008 	0.03753 	0.02258 	0.11705 	-0.04146 	0.01046	0.25285
Replication33	 0.02906	0.99624	0.95365 	0.96867 	0.95019 	0.97099 	0.96276 	0.97529 	0.92094 	0.94006 	0.96757 	0.94206 	0.95704 	0.97168 	-0.31901 	0.21223 	-0.73250 	0.38095 	0.00000 	0.29685 	-0.42810 	-0.48446 	0.39698 	0.11189 	0.23055 	0.32752 	-0.10542 	0.07014 	-0.24207 	-0.01457 	0.00000 	0.29397 	-0.14148 	-0.16010 	0.00147 	0.03698 	0.07619 	0.32464 	0.00709	0.13974
Replication34	 0.25060	0.98763	0.85423 	0.83722 	0.85637 	0.86839 	0.86253 	0.89979 	0.70105 	0.73215 	0.85557 	0.69940 	0.77534 	0.87154 	-0.08785 	-0.90318 	-0.46774 	0.80000 	0.00937 	0.94259 	-0.38714 	-1.19304 	0.80000 	-0.65780 	0.24482 	1.18307 	-0.02953 	-0.30366 	-0.15726 	0.01483 	0.00315 	0.90000 	-0.13016 	-0.40112 	0.07503 	-0.22116 	0.08231 	0.90000 	0.28313	0.73242
Replication35	 -1.30376	0.99974	1.01485 	1.00434 	1.01493 	1.00908 	1.01234 	1.01011 	0.99900 	0.99316 	1.00682 	0.98067 	1.00467 	1.00633 	0.16903 	-0.26958 	0.24840 	0.01823 	0.03451 	-0.00085 	0.15027 	-0.10433 	0.02881 	-0.47006 	0.19114 	0.03130 	0.05547 	-0.08847 	0.08152 	-0.00958 	0.01132 	-0.00105 	0.04932 	-0.03424 	0.00101 	-0.15426 	0.06273 	0.03110 	0.02687	0.00488
Replication36	 0.01131	0.99877	1.00589 	1.00864 	1.01768 	1.00710 	1.01010 	1.00831 	0.93869 	0.95166 	0.99319 	0.94795 	0.97005 	0.99328 	0.06768 	-0.00312 	0.49828 	0.07845 	0.00963 	0.01486 	-0.29703 	-0.62285 	0.14380 	-0.10690 	0.16348 	0.14279 	0.02225 	-0.00103 	0.16384 	-0.05125 	0.00317 	0.01391 	-0.09767 	-0.20480 	0.01410 	-0.03515 	0.05376 	0.14185 	0.08908	0.02298
Replication37	 0.07022	0.99762	1.00966 	0.98062 	0.98167 	0.99425 	0.99094 	0.98845 	0.91527 	0.92448 	0.97184 	0.87978 	0.93747 	0.97427 	0.46696 	-0.39413 	-0.05582 	0.19931 	0.00000 	0.18431 	0.08353 	-0.02752 	0.30452 	-1.15338 	0.17639 	0.30499 	0.15390 	-0.12989 	-0.01840 	-0.05138 	0.00000 	0.18248 	0.02753 	-0.00907 	0.05383 	-0.38012 	0.05813 	0.30316 	0.08918	0.19018
Replication38	 0.04085	1.00249	0.96818 	1.00050 	0.99883 	0.99669 	0.99283 	1.00737 	1.09085 	1.07232 	1.03005 	1.08482 	1.07266 	1.02775 	-0.68664 	0.18908 	-0.36795 	-0.06869 	0.00000 	0.02140 	0.30607 	0.46991 	-0.22534 	0.28214 	0.25272 	-0.15202 	-0.22410 	0.06171 	-0.12009 	0.19367 	0.00000 	0.02332 	0.09989 	0.15336 	0.03701 	0.09208 	0.08248 	-0.15011 	0.02068	0.24923
Replication39	 0.11741	0.99650	1.00480 	0.99304 	0.95571 	0.99567 	0.98401 	0.97620 	0.83892 	0.85968 	0.94411 	0.83259 	0.89082 	0.94742 	0.33241 	0.43551 	-0.58900 	0.25112 	0.00000 	0.28895 	-0.29650 	-0.84717 	0.49324 	-0.67522 	0.25122 	0.53389 	0.10980 	0.14385 	-0.19455 	-0.11655 	0.00000 	0.28627 	-0.09794 	-0.27982 	0.12557 	-0.22303 	0.08298 	0.53120 	0.17846	0.36779
Replication40	 0.00705	1.00128	0.96693 	0.97841 	1.00768 	0.98646 	0.98783 	1.00551 	1.03235 	1.05705 	1.02371 	1.05063 	1.04457 	1.02349 	-0.40625 	-0.50022 	0.22615 	0.04310 	0.00000 	0.03769 	-0.38229 	1.03224 	-0.13182 	0.05169 	0.16354 	-0.11530 	-0.13291 	-0.16365 	0.07399 	0.17798 	0.00000 	0.03867 	-0.12507 	0.33771 	0.00306 	0.01691 	0.05350 	-0.11432 	0.01853	0.16587
Replication41	 0.02271	0.99617	0.92729 	0.93973 	0.96353 	0.95246 	0.95076 	0.97571 	0.96371 	0.95315 	0.97553 	0.94363 	0.97516 	0.97916 	-0.39973 	-0.50122 	-0.08194 	0.47139 	0.00000 	0.29326 	0.16382 	-0.42678 	0.36305 	-0.44613 	0.30120 	0.26396 	-0.13212 	-0.16566 	-0.02708 	0.06901 	0.00000 	0.29032 	0.05415 	-0.14106 	-0.03933 	-0.14745 	0.09955 	0.26102 	0.00090	0.12135
Replication42	 -1.53306	1.00015	1.00332 	1.00678 	1.00772 	1.00697 	1.00741 	1.00897 	1.02845 	1.01090 	1.01218 	1.01533 	1.02711 	1.01095 	-0.09042 	-0.01491 	-0.04654 	0.00654 	0.01879 	0.00869 	0.24303 	-0.29975 	-0.01797 	-0.07062 	0.26987 	-0.00815 	-0.02965 	-0.00489 	-0.01526 	0.02196 	0.00616 	0.00881 	0.07969 	-0.09829 	-0.00255 	-0.02316 	0.08849 	-0.00804 	0.00145	0.02328
Replication43	 0.07573	0.99456	0.91302 	0.94383 	0.93771 	0.94730 	0.94069 	0.96261 	0.88153 	0.89499 	0.94760 	0.87427 	0.91895 	0.95344 	-0.56432 	0.12430 	-0.52964 	0.58041 	0.02620 	0.40541 	-0.20074 	-0.55343 	0.57899 	-0.56340 	0.26087 	0.48337 	-0.18712 	0.04122 	-0.17562 	0.00844 	0.00869 	0.40124 	-0.06656 	-0.18351 	0.00701 	-0.18682 	0.08650 	0.47920 	0.04801	0.23265
Replication44	 0.00959	1.00162	1.02028 	1.01915 	1.00502 	1.01835 	1.01486 	1.01240 	1.04601 	1.04204 	1.02216 	1.05959 	1.04682 	1.02021 	-0.03234 	0.14899 	-0.41407 	-0.12448 	0.00000 	-0.02101 	-0.07337 	0.00834 	-0.14237 	0.53311 	0.19341 	-0.08751 	-0.01057 	0.04871 	-0.13538 	0.04604 	0.00000 	-0.01976 	-0.02399 	0.00273 	0.02815 	0.17429 	0.06323 	-0.08627 	0.01130	0.08718
Replication45	 -0.83298	0.99967	0.95925 	0.99723 	1.03261 	0.99084 	0.99953 	1.01339 	0.99630 	0.98650 	1.00876 	0.98906 	0.99891 	1.00822 	-0.54422 	-0.06246 	1.00224 	0.10723 	0.03771 	-0.02871 	0.11234 	-0.55992 	0.02308 	-0.05436 	0.03899 	0.01524 	-0.17862 	-0.02050 	0.32895 	0.07271 	0.01238 	-0.02897 	0.03687 	-0.18377 	-0.01144 	-0.01784 	0.01280 	0.01499 	0.08715	0.03755
Replication46	 0.04189	0.99800	0.90811 	0.95466 	0.99012 	0.95619 	0.95981 	0.98964 	0.98117 	0.98595 	0.99439 	0.97879 	0.99868 	0.99639 	-0.83398 	-0.23922 	0.36737 	0.35777 	0.04111 	0.17407 	-0.10330 	-0.06623 	0.17840 	-0.24371 	0.28026 	0.11658 	-0.27464 	-0.07878 	0.12098 	0.14758 	0.01354 	0.17253 	-0.03402 	-0.02181 	-0.03179 	-0.08026 	0.09229 	0.11504 	0.02912	0.14067
Replication47	 -1.09729	0.99716	0.96424 	0.96546 	0.95303 	0.97395 	0.96627 	0.97858 	0.98131 	0.97290 	0.98075 	0.98351 	0.99233 	0.98361 	-0.19406 	-0.08570 	-0.78986 	0.31884 	0.00030 	0.26844 	-0.00810 	-0.50954 	0.28690 	0.16862 	0.27941 	0.22567 	-0.06402 	-0.02827 	-0.26055 	0.01974 	0.00010 	0.26626 	-0.00267 	-0.16808 	-0.01220 	0.05562 	0.09217 	0.22349 	0.03908	0.12158
Replication48	 0.08067	0.99968	1.02711 	1.01831 	1.02585 	1.01838 	1.02050 	1.01107 	0.86933 	0.92917 	0.98785 	0.89677 	0.94071 	0.98735 	0.32946 	-0.03505 	0.72729 	-0.02277 	0.00000 	-0.00895 	-0.82163 	-0.03590 	0.12058 	-0.52508 	0.26309 	0.19287 	0.10813 	-0.01150 	0.23870 	-0.05590 	0.00000 	-0.00919 	-0.26967 	-0.01178 	0.08746 	-0.17234 	0.08635 	0.19262 	0.18389	0.18289
Replication49	 0.01141	0.99593	0.93859 	0.94880 	0.95684 	0.95869 	0.95466 	0.97463 	0.94670 	0.94937 	0.97108 	0.95992 	0.96164 	0.97567 	-0.32926 	-0.28163 	-0.35186 	0.45507 	0.00000 	0.30252 	-0.17868 	-0.63975 	0.39691 	0.27535 	0.04394 	0.29373 	-0.10888 	-0.09313 	-0.11635 	0.02681 	0.00000 	0.29940 	-0.05908 	-0.21155 	-0.03136 	0.09105 	0.01453 	0.29060 	0.01365	0.10203
Replication50	 0.02225	0.99593	0.96041 	0.95509 	0.94102 	0.96717 	0.96180 	0.97040 	0.94773 	0.93903 	0.96476 	0.92775 	0.95979 	0.96921 	-0.10543 	-0.17029 	-0.85448 	0.41534 	0.08642 	0.33855 	0.14412 	-0.43509 	0.42668 	-0.47001 	0.25748 	0.34869 	-0.03486 	-0.05631 	-0.28256 	-0.01313 	0.02858 	0.33543 	0.04766 	-0.14388 	-0.00179 	-0.15542 	0.08514 	0.34556 	0.01802	0.15441
Replication51	 0.04372	1.00232	0.98114 	0.99178 	1.01568 	0.99728 	0.99868 	1.01182 	1.09372 	1.06187 	1.03180 	1.07807 	1.06818 	1.02903 	-0.36463 	-0.39232 	0.21492 	-0.06209 	0.00428 	-0.01640 	0.54247 	0.02160 	-0.22420 	0.27300 	0.19702 	-0.16285 	-0.11905 	-0.12809 	0.07017 	0.18155 	0.00140 	-0.01462 	0.17711 	0.00705 	0.01943 	0.08913 	0.06432 	-0.16107 	0.03080	0.18733
Replication52	 -0.94173	0.99883	1.01242 	0.99197 	1.01375 	1.00212 	1.00549 	1.00535 	0.97992 	0.96074 	0.99646 	0.96211 	0.98914 	0.99596 	0.34623 	-0.53038 	0.50416 	0.09871 	0.00000 	0.04002 	0.22461 	-0.88850 	0.12528 	-0.22763 	0.25715 	0.11992 	0.11383 	-0.17437 	0.16575 	-0.02466 	0.00000 	0.03912 	0.07384 	-0.29211 	0.00190 	-0.07484 	0.08454 	0.11902 	0.06957	0.03203
Replication53	 -1.29738	1.00040	1.01949 	1.02131 	1.02217 	1.01814 	1.01963 	1.01626 	0.99768 	1.00195 	1.01293 	0.99897 	1.01392 	1.01154 	0.04292 	0.09434 	0.20998 	-0.05903 	0.00000 	-0.05339 	-0.12204 	-0.14954 	-0.03458 	-0.12164 	0.23276 	-0.01326 	0.01407 	0.03092 	0.06882 	-0.01739 	0.00000 	-0.05309 	-0.04000 	-0.04901 	0.00707 	-0.03987 	0.07629 	-0.01296 	0.02653	0.01515
Replication54	 0.04699	0.99657	0.92158 	0.97516 	0.97491 	0.96565 	0.96281 	0.98320 	0.90995 	0.92576 	0.96952 	0.90301 	0.94257 	0.97289 	-0.76934 	0.48211 	-0.03431 	0.38831 	0.00000 	0.22934 	-0.20412 	-0.32319 	0.37017 	-0.59159 	0.20681 	0.31714 	-0.25408 	0.15922 	-0.01133 	0.02816 	0.00000 	0.22672 	-0.06741 	-0.10673 	0.01001 	-0.19538 	0.06830 	0.31451 	0.07135	0.17200
Replication55	 0.15446	0.99375	0.91624 	0.92721 	0.89883 	0.93934 	0.92378 	0.94246 	0.79554 	0.85098 	0.92004 	0.80144 	0.86344 	0.92853 	-0.33513 	0.10161 	-1.08740 	0.66058 	0.01863 	0.57717 	-0.59099 	-0.02917 	0.75123 	-0.88897 	0.22589 	0.69570 	-0.11131 	0.03375 	-0.36115 	0.00300 	0.00619 	0.57238 	-0.19628 	-0.00969 	0.09365 	-0.29525 	0.07502 	0.69091 	0.09916	0.50121
Replication56	 0.02616	1.00260	1.02666 	1.00664 	1.02537 	1.01686 	1.01907 	1.01922 	1.06614 	1.06176 	1.03433 	1.07616 	1.06172 	1.03155 	0.20273 	-0.56912 	0.21301 	-0.16890 	0.00175 	-0.07945 	-0.01643 	0.25085 	-0.25094 	0.45657 	0.16391 	-0.18437 	0.06615 	-0.18570 	0.06951 	0.10451 	0.00057 	-0.07745 	-0.00536 	0.08185 	0.02247 	0.14898 	0.05348 	-0.18237 	0.01962	0.09663
Replication57	 0.06548	0.99490	0.92831 	0.94366 	0.96169 	0.95259 	0.95077 	0.97154 	0.88452 	0.89789 	0.95535 	0.90130 	0.92290 	0.96026 	-0.32624 	-0.30288 	0.06872 	0.53795 	0.00000 	0.32922 	-0.35800 	-1.02473 	0.52502 	0.07009 	0.13004 	0.42525 	-0.10811 	-0.10037 	0.02277 	0.00117 	0.00000 	0.32531 	-0.11863 	-0.33956 	-0.01176 	0.02322 	0.04309 	0.42133 	0.07443	0.15848
Replication58	 0.21329	0.99970	1.02335 	0.98679 	0.99253 	1.00348 	0.99956 	0.98812 	0.73671 	0.87051 	0.95727 	0.80530 	0.86755 	0.95803 	0.65096 	-0.50176 	0.48270 	0.04650 	0.01518 	0.18634 	-1.39832 	0.56377 	0.26346 	-0.70245 	0.26561 	0.44242 	0.21365 	-0.16468 	0.15842 	0.01476 	0.00498 	0.18610 	-0.45892 	0.18503 	0.23173 	-0.23054 	0.08717 	0.44219 	0.31441	0.66989
Replication59	 0.00129	0.99848	0.94871 	0.95912 	0.96892 	0.96924 	0.96591 	0.98502 	1.03767 	1.00773 	0.99669 	1.02013 	1.01794 	0.99839 	-0.41550 	-0.34745 	-0.40952 	0.27106 	0.01730 	0.21319 	0.48025 	-0.32253 	0.14217 	0.12744 	0.11892 	0.09941 	-0.13670 	-0.11431 	-0.13473 	0.11172 	0.00569 	0.21203 	0.15800 	-0.10611 	-0.01717 	0.04193 	0.03913 	0.09825 	0.02526	0.15772
Replication60	 0.01226	0.99614	0.95778 	0.96451 	0.95322 	0.97048 	0.96356 	0.97584 	0.94005 	0.93774 	0.96863 	0.94988 	0.96297 	0.97222 	-0.20944 	0.01350 	-0.62124 	0.38847 	0.00000 	0.29215 	-0.15734 	-0.88817 	0.39712 	0.22218 	0.23356 	0.32301 	-0.06923 	0.00446 	-0.20535 	-0.01729 	0.00000 	0.28919 	-0.05201 	-0.29358 	-0.00863 	0.07344 	0.07720 	0.32005 	0.00621	0.11826
Replication61	 0.19764	0.99398	0.90983 	0.92563 	0.92704 	0.93805 	0.92856 	0.94915 	0.75236 	0.81824 	0.91805 	0.76448 	0.83915 	0.92491 	-0.34570 	-0.16550 	-0.22213 	0.65412 	0.00000 	0.52013 	-0.70151 	-0.34544 	0.74803 	-0.90441 	0.25728 	0.72640 	-0.11476 	-0.05494 	-0.07374 	0.02160 	0.00000 	0.51551 	-0.23288 	-0.11468 	0.11552 	-0.30024 	0.08541 	0.72179 	0.22127	0.56859
Replication62	 0.01353	1.00122	0.98673 	1.01301 	1.00799 	1.00587 	1.00421 	1.01092 	1.06353 	1.02909 	1.02021 	1.04742 	1.04906 	1.01755 	-0.45753 	0.31950 	-0.15718 	-0.04470 	0.00000 	-0.00825 	0.49003 	-0.50605 	-0.11204 	0.24123 	0.30809 	-0.06472 	-0.14970 	0.10454 	-0.05143 	0.08349 	0.00000 	-0.00732 	0.16034 	-0.16558 	0.01614 	0.07893 	0.10081 	-0.06379 	0.00837	0.10644
Replication63	 0.07658	0.99441	0.93684 	0.94144 	0.94533 	0.95296 	0.94741 	0.96467 	0.88294 	0.88299 	0.94664 	0.87342 	0.91598 	0.95190 	-0.17909 	-0.24995 	-0.30161 	0.56176 	0.00000 	0.38788 	-0.08321 	-1.00935 	0.59147 	-0.39597 	0.25310 	0.49659 	-0.05940 	-0.08291 	-0.10004 	-0.02609 	0.00000 	0.38359 	-0.02760 	-0.33479 	0.00362 	-0.13134 	0.08395 	0.49230 	0.07160	0.20129
Replication64	 0.03213	0.99843	0.91787 	0.95712 	0.96569 	0.95968 	0.95684 	0.98293 	1.03008 	1.01050 	0.99540 	1.00214 	1.01376 	0.99781 	-0.82062 	-0.04584 	-0.42804 	0.31881 	0.04428 	0.23093 	0.45557 	0.23750 	0.15106 	-0.40735 	0.14506 	0.10432 	-0.27001 	-0.01508 	-0.14084 	0.15376 	0.01457 	0.22973 	0.14990 	0.07814 	-0.01399 	-0.13403 	0.04773 	0.10312 	0.01431	0.20301
Replication65	 -1.03367	1.00165	1.04419 	1.04768 	1.03243 	1.03778 	1.03812 	1.02523 	1.02953 	0.99900 	1.01885 	1.01754 	1.02612 	1.01496 	0.13069 	0.49226 	0.12401 	-0.21737 	0.01035 	-0.13025 	0.35018 	-0.99859 	-0.12850 	0.22888 	0.23878 	-0.04286 	0.04273 	0.16093 	0.04054 	-0.04349 	0.00338 	-0.12898 	0.11448 	-0.32646 	0.04538 	0.07482 	0.07806 	-0.04159 	0.05757	0.01979
Replication66	 0.01763	1.00237	1.06763 	1.04194 	1.04532 	1.04336 	1.04661 	1.03107 	1.02621 	1.02052 	1.02802 	1.02292 	1.03257 	1.02444 	0.59422 	-0.14136 	0.43672 	-0.28124 	0.00000 	-0.18025 	0.03501 	-0.23895 	-0.20924 	-0.02910 	0.19657 	-0.12383 	0.19398 	-0.04615 	0.14257 	-0.03203 	0.00000 	-0.17843 	0.01143 	-0.07800 	0.03997 	-0.00950 	0.06417 	-0.12201 	0.05856	0.01401
Replication67	 0.09779	0.99404	0.85221 	0.91422 	0.91653 	0.91732 	0.90756 	0.95022 	0.90732 	0.91164 	0.94542 	0.89625 	0.93140 	0.95288 	-1.05469 	0.14766 	-0.71481 	0.74875 	0.00000 	0.51098 	-0.06342 	-0.41973 	0.61679 	-0.47727 	0.23890 	0.48834 	-0.35009 	0.04901 	-0.23727 	0.12164 	0.00000 	0.50641 	-0.02105 	-0.13932 	-0.01031 	-0.15842 	0.07930 	0.48377 	0.02149	0.32366
Replication68	 -1.27861	0.99984	1.01513 	0.98684 	1.01353 	1.00200 	1.00529 	1.00734 	1.01591 	1.00059 	1.00946 	1.01456 	1.01795 	1.00864 	0.37454 	-0.76157 	0.37786 	0.04573 	0.00000 	0.02268 	0.11721 	-0.60141 	0.01074 	0.24153 	0.18750 	0.01159 	0.12289 	-0.24987 	0.12398 	0.02937 	0.00000 	0.02256 	0.03846 	-0.19732 	-0.00563 	0.07925 	0.06152 	0.01147 	0.02641	0.03666
Replication69	 0.03862	0.99731	0.91138 	0.95249 	0.97511 	0.95478 	0.95363 	0.98219 	0.95715 	0.96873 	0.98293 	0.93279 	0.97447 	0.98623 	-0.75578 	-0.13651 	0.07836 	0.40087 	0.00000 	0.23773 	0.01110 	0.41897 	0.26865 	-0.94726 	0.24608 	0.20334 	-0.24923 	-0.04502 	0.02584 	0.11777 	0.00000 	0.23566 	0.00366 	0.13816 	-0.01445 	-0.31238 	0.08115 	0.20128 	0.02555	0.18244
Replication70	 -1.02336	1.00014	0.95301 	0.99888 	1.02392 	0.98983 	0.99440 	1.01166 	0.99103 	1.00754 	1.01340 	0.99660 	1.01414 	1.01281 	-0.69160 	0.13907 	0.65113 	0.08724 	0.00000 	-0.01417 	-0.27280 	0.19812 	-0.02344 	-0.24750 	0.25231 	-0.02395 	-0.22678 	0.04560 	0.21351 	0.10223 	0.00000 	-0.01406 	-0.08945 	0.06497 	-0.00846 	-0.08116 	0.08274 	-0.02384 	0.05443	0.06529
Replication71	 0.01144	0.99760	0.95117 	0.93856 	0.95159 	0.96021 	0.95564 	0.97491 	1.02193 	0.99640 	0.98762 	1.00445 	1.01315 	0.99033 	-0.15802 	-0.72894 	-0.60176 	0.36025 	0.02760 	0.29951 	0.37756 	-0.28992 	0.23151 	-0.01441 	0.29475 	0.16829 	-0.05208 	-0.24025 	-0.19833 	0.10737 	0.00910 	0.29767 	0.12444 	-0.09555 	-0.02137 	-0.00475 	0.09714 	0.16645 	0.03358	0.18983
Replication72	 -1.19508	0.99916	1.00310 	1.01455 	1.00953 	1.00886 	1.00871 	1.00791 	0.96129 	0.97397 	0.99853 	0.97006 	0.98684 	0.99861 	-0.09225 	0.27779 	0.09792 	0.04972 	0.00000 	0.01815 	-0.27181 	-0.32332 	0.09820 	-0.09036 	0.17712 	0.09724 	-0.03031 	0.09127 	0.03217 	-0.03900 	0.00000 	0.01750 	-0.08930 	-0.10623 	0.00948 	-0.02969 	0.05819 	0.09660 	0.03838	0.01068
Replication73	 0.10878	0.99498	0.84122 	0.91281 	0.93461 	0.91554 	0.90948 	0.95742 	0.90419 	0.93064 	0.95707 	0.93218 	0.94792 	0.96338 	-1.17299 	-0.00109 	-0.30557 	0.70768 	0.00000 	0.44940 	-0.54133 	-0.43215 	0.51264 	0.14918 	0.27526 	0.39870 	-0.38862 	-0.00036 	-0.10124 	0.17946 	0.00000 	0.44555 	-0.17935 	-0.14318 	-0.01558 	0.04943 	0.09120 	0.39485 	0.03974	0.33215
Replication74	 0.01091	0.99626	0.95945 	0.95326 	0.96492 	0.96698 	0.96416 	0.97848 	0.95907 	0.93909 	0.97316 	0.95391 	0.97143 	0.97591 	-0.05824 	-0.46167 	-0.21116 	0.39859 	0.00000 	0.26965 	0.12063 	-1.12890 	0.36957 	0.14724 	0.27279 	0.29156 	-0.01924 	-0.15256 	-0.06978 	0.00543 	0.00000 	0.26679 	0.03987 	-0.37306 	-0.02359 	0.04866 	0.09015 	0.28870 	0.01009	0.10135
Replication75	 0.06505	0.99650	0.93948 	0.96866 	0.97230 	0.96800 	0.96502 	0.98117 	0.93075 	0.91966 	0.96775 	0.88495 	0.94266 	0.97067 	-0.47393 	0.12057 	-0.03519 	0.38129 	0.00000 	0.24669 	0.34746 	-0.40259 	0.38245 	-1.07011 	0.23967 	0.33607 	-0.15654 	0.03983 	-0.01162 	0.01316 	0.00000 	0.24400 	0.11477 	-0.13298 	0.01433 	-0.35346 	0.07916 	0.33339 	0.07240	0.18404
Replication76	 0.07538	0.99638	0.96568 	0.94241 	0.96858 	0.96464 	0.96337 	0.97673 	0.87462 	0.93216 	0.96731 	0.91149 	0.93447 	0.97200 	0.17635 	-0.84691 	0.08415 	0.40326 	0.00000 	0.28455 	-0.82435 	0.10510 	0.39068 	-0.18916 	0.14781 	0.32480 	0.05826 	-0.27981 	0.02780 	0.02278 	0.00000 	0.28178 	-0.27235 	0.03472 	0.01021 	-0.06250 	0.04883 	0.32203 	0.05629	0.19176
Replication77	 -1.21629	1.00110	1.03292 	1.02146 	1.03254 	1.02318 	1.02670 	1.02133 	1.01782 	1.01546 	1.02007 	1.00904 	1.02050 	1.01833 	0.24794 	-0.19966 	0.42761 	-0.11963 	0.00000 	-0.09684 	0.06939 	0.01660 	-0.10499 	-0.24217 	0.10803 	-0.07130 	0.08115 	-0.06535 	0.13995 	-0.00418 	0.00000 	-0.09600 	0.02271 	0.00543 	0.01046 	-0.07926 	0.03536 	-0.07046 	0.03500	0.02019
Replication78	 -1.34924	0.99796	0.01574	0.06789
Replication79	 0.04455	1.00376	0.97524 	0.98723 	0.97579 	0.98754 	0.98379 	0.99080 	0.98928 	0.97385 	0.98877 	0.98036 	0.99446 	0.99017 	-0.25523 	0.15741 	-0.47717 	0.21277 	0.02459 	0.16417 	0.15342 	-0.59716 	0.20698 	-0.01279 	0.23772 	0.16957 	-0.08406 	0.05184 	-0.15715 	-0.00180 	0.00810 	0.16260 	0.05053 	-0.19667 	-0.00758 	-0.00421 	0.07829 	0.16801 	0.02883	0.08666
Replication80	 0.01079	1.00147	1.03363 	1.03464 	1.03694 	1.03186 	1.03325 	1.02919 	1.09455 	1.07027 	1.04354 	1.08204 	1.07808 	1.03870 	-0.03584 	0.02275 	0.13904 	-0.30024 	0.00128 	-0.16478 	0.39849 	0.12230 	-0.35511 	0.17014 	0.27652 	-0.24572 	-0.01167 	0.00740 	0.04526 	0.09495 	0.00042 	-0.16190 	0.12973 	0.03982 	0.04008 	0.05539 	0.09002 	-0.24284 	0.00144	0.15251
Replication81	 0.10557	0.99990	1.04980 	1.00921 	0.99452 	1.02223 	1.01671 	1.00695 	1.06079 	1.02894 	1.01463 	1.02561 	1.03595 	1.01318 	0.61368 	-0.32580 	-0.59469 	-0.13449 	0.00000 	0.02542 	0.68021 	0.06682 	-0.09882 	-0.36401 	0.16076 	-0.02764 	0.20070 	-0.10655 	-0.19449 	0.01966 	0.00000 	0.02654 	0.22246 	0.02185 	0.05533 	-0.11905 	0.05258 	-0.02652 	0.19907	0.25820
Replication82	 0.07940	0.99644	0.99314 	1.02636 	1.02159 	1.01198 	1.01221 	1.00968 	0.84443 	0.92856 	0.98657 	0.90940 	0.93650 	0.98594 	-0.31161 	0.64278 	0.58713 	-0.00399 	0.00000 	0.00275 	-1.21479 	-0.09462 	0.11533 	0.02600 	0.24529 	0.20481 	-0.10223 	0.21087 	0.19262 	-0.01461 	0.00000 	0.00268 	-0.39853 	-0.03104 	0.10471 	0.00853 	0.08047 	0.20473 	0.11384	0.18402
Replication83	 -1.14312	0.99948	0.96664 	0.96302 	0.98298 	0.97367 	0.97372 	0.98343 	0.87441 	0.90610 	0.96458 	0.87060 	0.92157 	0.96802 	0.01696 	-0.42902 	0.35447 	0.35763 	0.00000 	0.22749 	-0.37181 	-0.21980 	0.40031 	-0.78674 	0.20572 	0.35862 	0.00560 	-0.14172 	0.11710 	-0.01646 	0.00000 	0.22477 	-0.12282 	-0.07261 	0.02622 	-0.25989 	0.06796 	0.35589 	0.03174	0.13843
Replication84	 0.01605	0.99736	0.99328 	0.96979 	0.97416 	0.98734 	0.98279 	0.99104 	1.02720 	1.02600 	1.00447 	1.02416 	1.02910 	1.00564 	0.11994 	-0.59792 	-0.54491 	0.13381 	0.00000 	0.16156 	0.02252 	0.39816 	0.05339 	-0.08207 	0.26644 	0.03734 	0.03938 	-0.19632 	-0.17892 	0.07898 	0.00000 	0.16116 	0.00740 	0.13073 	-0.00145 	-0.02695 	0.08748 	0.03694 	0.02316	0.05950
Replication85	 -1.25564	1.00124	0.96213 	0.97682 	0.98700 	0.97918 	0.97875 	0.99105 	0.93395 	0.95887 	0.98335 	0.94626 	0.96328 	0.98632 	-0.27778 	-0.09675 	0.07467 	0.28366 	0.00000 	0.16228 	-0.38507 	-0.06962 	0.26404 	-0.21369 	0.07889 	0.20251 	-0.09160 	-0.03190 	0.02462 	0.00582 	0.00000 	0.16026 	-0.12697 	-0.02296 	-0.01380 	-0.07046 	0.02601 	0.20049 	0.02911	0.03493
Replication86	 0.08961	1.00830	1.04545 	1.03867 	1.01865 	1.03353 	1.03143 	1.01875 	1.00228 	1.00516 	1.01394 	0.98388 	1.01460 	1.01199 	0.24678 	0.37021 	-0.16255 	-0.17544 	0.00621 	-0.07495 	0.05325 	0.24004 	-0.08344 	-0.65926 	0.28569 	-0.01741 	0.08074 	0.12113 	-0.05319 	-0.04553 	0.00203 	-0.07400 	0.01742 	0.07854 	0.04647 	-0.21571 	0.09348 	-0.01646 	0.11914	0.10527
Replication87	 -1.20869	0.99864	1.13961 	1.09820 	1.08959 	1.09529 	1.09868 	1.06496 	1.12082 	1.09787 	1.07263 	1.10893 	1.09991 	1.06344 	1.05900 	0.06130 	0.52397 	-0.83669 	0.00000 	-0.47088 	0.41808 	0.21055 	-0.73029 	0.19291 	0.14911 	-0.45793 	0.34164 	0.01978 	0.16904 	0.03569 	0.00000 	-0.46452 	0.13487 	0.06792 	0.14208 	0.06223 	0.04810 	-0.45157 	0.02605	0.11829
Replication88	 0.16402	0.99363	0.96624 	0.96718 	0.97489 	0.97768 	0.97428 	0.98884 	0.99313 	1.00678 	0.99820 	1.02028 	1.01569 	0.99970 	-0.23203 	-0.36484 	-0.36809 	0.22340 	0.00000 	0.18057 	-0.39941 	-0.05907 	0.12709 	0.49393 	0.28418 	0.08821 	-0.07631 	-0.11999 	-0.12106 	0.08008 	0.00000 	0.17953 	-0.13136 	-0.01943 	-0.01624 	0.16245 	0.09347 	0.08717 	0.21042	0.41568
Replication89	 0.04059	0.99874	0.91662 	0.92727 	0.94035 	0.94053 	0.93500 	0.95534 	0.78598 	0.82463 	0.92487 	0.80785 	0.86059 	0.93102 	-0.24382 	-0.32098 	0.03240 	0.66097 	0.00000 	0.46762 	-0.60997 	-1.12525 	0.73451 	-0.31928 	0.25970 	0.67453 	-0.08100 	-0.10663 	0.01076 	-0.00856 	0.00000 	0.46274 	-0.20264 	-0.37381 	0.06497 	-0.10607 	0.08627 	0.66965 	0.01000	0.17561
Replication90	 -1.34524	0.99926	0.90941 	0.96612 	0.98249 	0.96165 	0.96136 	0.99015 	1.00650 	1.00621 	0.99947 	0.99457 	1.01341 	1.00110 	-0.97780 	0.13093 	-0.06029 	0.29335 	0.03079 	0.16945 	0.05568 	0.28291 	0.11576 	-0.39073 	0.28374 	0.07623 	-0.32153 	0.04305 	-0.01983 	0.16074 	0.01012 	0.16848 	0.01831 	0.09303 	-0.01685 	-0.12848 	0.09330 	0.07526 	0.02139	0.01554
Replication91	 0.05668	0.99635	1.00644 	1.00610 	1.00594 	1.00641 	1.00621 	1.00612 	1.00182 	0.98074 	1.00151 	0.98977 	1.00448 	1.00077 	0.03228 	0.00872 	0.03777 	0.05589 	0.00000 	0.03330 	0.23494 	-0.77833 	0.07893 	0.00924 	0.22982 	0.07883 	0.01060 	0.00286 	0.01241 	-0.02220 	0.00000 	0.03273 	0.07718 	-0.25567 	0.00084 	0.00304 	0.07549 	0.07826 	0.01270	0.34692
Replication92	 0.00337	1.00189	0.89332 	0.90564 	0.92410 	0.92870 	0.91965 	0.95679 	1.02192 	0.97747 	0.97262 	0.98376 	1.00209 	0.97688 	-0.61741 	-0.69490 	-0.74647 	0.57352 	0.00000 	0.45423 	0.75542 	-0.51588 	0.36726 	-0.22762 	0.35592 	0.28323 	-0.20399 	-0.22960 	-0.24663 	0.19000 	0.00000 	0.45143 	0.24959 	-0.17045 	-0.01626 	-0.07521 	0.11760 	0.28043 	0.00878	0.04907
Replication93	 -1.25344	0.99997	1.03532 	1.02075 	1.02034 	1.02413 	1.02434 	1.01855 	1.05337 	1.03946 	1.02569 	1.02605 	1.04344 	1.02333 	0.21897 	-0.15279 	-0.03056 	-0.16581 	0.00750 	-0.07350 	0.38009 	0.41945 	-0.17313 	-0.53846 	0.23117 	-0.11416 	0.07155 	-0.04992 	-0.00999 	0.03311 	0.00245 	-0.07205 	0.12420 	0.13706 	0.02578 	-0.17595 	0.07554 	-0.11271 	0.01961	0.13235
Replication94	 0.05107	0.99545	0.02544	0.22710
Replication95	 0.03480	0.99509	0.96627 	0.97772 	0.98656 	0.98383 	0.98128 	0.99663 	1.02485 	1.03762 	1.01130 	1.03076 	1.03282 	1.01213 	-0.39320 	-0.24404 	-0.28400 	0.12436 	0.00000 	0.11375 	-0.18034 	0.74277 	-0.00460 	-0.09607 	0.21983 	-0.01809 	-0.12898 	-0.08005 	-0.09316 	0.12139 	0.00000 	0.11373 	-0.05915 	0.24364 	-0.00757 	-0.03151 	0.07211 	-0.01811 	0.00977	0.15108
Replication96	 0.01869	0.99634	0.91619 	0.89893 	0.93203 	0.93146 	0.92662 	0.95836 	0.97361 	0.96480 	0.96815 	0.96605 	0.98033 	0.97395 	-0.18602 	-1.12752 	-0.47713 	0.60819 	0.00886 	0.44122 	0.08496 	-0.28149 	0.43592 	-0.09864 	0.25764 	0.30856 	-0.06157 	-0.37321 	-0.15793 	0.12938 	0.00293 	0.43773 	0.02812 	-0.09317 	-0.04289 	-0.03265 	0.08528 	0.30507 	0.00258	0.09865
Replication97	 -1.37737	0.99723	0.91520 	0.93905 	0.94852 	0.94700 	0.94281 	0.96800 	0.92087 	0.92596 	0.96103 	0.91707 	0.94725 	0.96619 	-0.52137 	-0.18890 	-0.33441 	0.55393 	0.01004 	0.35931 	-0.12951 	-0.53453 	0.48803 	-0.31241 	0.24485 	0.37473 	-0.17270 	-0.06257 	-0.11077 	0.03775 	0.00332 	0.35554 	-0.04290 	-0.17706 	-0.02814 	-0.10348 	0.08110 	0.37097 	0.01204	0.07552