
Replication	FitnessValue	Frequency	Bus1	Bus2	Bus3	Bus4	Bus5	Bus6	Bus1_P	Bus2_P	Bus3_P	Bus4_P	Bus5_P	Bus6_P	Bus1_Q	Bus2_Q	Bus3_Q	Bus4_Q	Bus5_Q	Bus6_Q	PLoss	QLoss
Replication0	 -1.54091	0.99929	0.98409 	0.98789 	0.99790 	0.99413 	0.99225 	0.99935 	-0.14776 	-0.22976 	0.07358 	0.14279 	0.00000 	0.16342 	-0.04853 	-0.07547 	0.02417 	0.06311 	0.00000 	0.04390 	0.00227	0.00717
Replication1	 -1.53912	0.99913	0.97842 	0.98823 	0.98983 	0.99249 	0.98928 	0.99588 	-0.22787 	-0.06553 	-0.09680 	0.16222 	0.02004 	0.21033 	-0.07487 	-0.02153 	-0.03181 	0.06496 	0.00659 	0.06444 	0.00239	0.00778
Replication2	 -1.52740	0.99894	0.97723 	0.98700 	0.97885 	0.99117 	0.98439 	0.99088 	-0.20655 	0.05331 	-0.29953 	0.18123 	0.00000 	0.27472 	-0.06789 	0.01752 	-0.09846 	0.06302 	0.00000 	0.09742 	0.00318	0.01162
Replication3	 -1.56339	1.00023	1.02047 	1.01308 	1.01583 	1.01425 	1.01563 	1.01357 	0.12563 	-0.09481 	0.06470 	-0.04066 	0.00000 	-0.05430 	0.04119 	-0.03108 	0.02121 	-0.01452 	0.00000 	-0.01510 	0.00057	0.00170
Replication4	 -1.53412	0.99923	0.97795 	0.99054 	0.99437 	0.99336 	0.99031 	0.99815 	-0.26212 	-0.04252 	-0.02275 	0.15071 	0.00000 	0.17948 	-0.08611 	-0.01397 	-0.00747 	0.06513 	0.00000 	0.05110 	0.00280	0.00868
Replication5	 -1.53377	0.99968	1.00447 	1.00802 	0.99116 	1.00700 	1.00217 	1.00143 	-0.02904 	0.24190 	-0.35795 	0.03746 	0.00000 	0.11030 	-0.00953 	0.07940 	-0.11748 	0.00151 	0.00000 	0.05638 	0.00268	0.01028
Replication6	 -1.56486	0.99962	1.00083 	1.00252 	0.99788 	1.00416 	1.00148 	1.00296 	-0.04115 	0.02722 	-0.14467 	0.05896 	0.00000 	0.10007 	-0.01351 	0.00893 	-0.04749 	0.01684 	0.00000 	0.03689 	0.00043	0.00167
Replication7	 0.00175	0.99808	0.95613 	0.96446 	0.94825 	0.97587 	0.96238 	0.97283 	-0.23340 	-0.01463 	-0.59361 	0.32880 	0.00000 	0.52274 	-0.07685 	-0.00482 	-0.19545 	0.11400 	0.00000 	0.20055 	0.00990	0.03743
Replication8	 -1.55268	0.99924	0.98572 	0.99159 	0.99099 	0.99568 	0.99194 	0.99724 	-0.14883 	-0.05264 	-0.12370 	0.13556 	0.00283 	0.18813 	-0.04889 	-0.01729 	-0.04064 	0.05028 	0.00093 	0.06020 	0.00135	0.00459
Replication9	 -1.52702	0.99873	0.97307 	0.97693 	0.97799 	0.98619 	0.97985 	0.98830 	-0.16351 	-0.18892 	-0.18700 	0.22530 	0.00000 	0.31742 	-0.05377 	-0.06212 	-0.06149 	0.08353 	0.00000 	0.10477 	0.00329	0.01091
Replication10	 0.00455	0.99872	0.94545 	0.97626 	0.98246 	0.97897 	0.97321 	0.98915 	-0.56605 	0.02795 	-0.03211 	0.27276 	0.00000 	0.31006 	-0.18614 	0.00919 	-0.01056 	0.12984 	0.00000 	0.09569 	0.01261	0.03802
Replication11	 -1.56691	0.99985	1.01016 	1.00474 	1.00592 	1.00785 	1.00719 	1.00721 	0.06883 	-0.10822 	-0.02169 	0.02209 	0.00000 	0.03931 	0.02258 	-0.03551 	-0.00711 	0.00585 	0.00000 	0.01495 	0.00031	0.00077
Replication12	 -1.54452	0.99949	0.98657 	1.00006 	0.99742 	0.99947 	0.99721 	1.00178 	-0.24036 	0.10834 	-0.09891 	0.09668 	0.01377 	0.12249 	-0.07892 	0.03557 	-0.03248 	0.03998 	0.00452 	0.03744 	0.00202	0.00612
Replication13	 -1.55085	0.99944	1.00393 	0.99469 	0.99207 	1.00174 	0.99818 	0.99907 	0.10611 	-0.16631 	-0.17600 	0.08472 	0.00000 	0.15304 	0.03484 	-0.05461 	-0.05779 	0.02241 	0.00000 	0.05957 	0.00155	0.00442
Replication14	 -1.53131	0.99917	0.98237 	0.99401 	0.98401 	0.99543 	0.98954 	0.99467 	-0.21131 	0.14417 	-0.28963 	0.14092 	0.00005 	0.21872 	-0.06943 	0.04736 	-0.09516 	0.04812 	0.00002 	0.07953 	0.00291	0.01045
Replication15	 -1.53784	0.99888	0.97855 	0.98058 	0.98237 	0.98921 	0.98382 	0.99109 	-0.12597 	-0.19372 	-0.15230 	0.19711 	0.00000 	0.27737 	-0.04141 	-0.06368 	-0.05007 	0.07262 	0.00000 	0.09064 	0.00249	0.00810
Replication16	 -1.47351	0.99824	0.95557 	0.96046 	0.96811 	0.97498 	0.96691 	0.98020 	-0.23838 	-0.36082 	-0.15559 	0.32521 	0.00000 	0.43698 	-0.07846 	-0.11877 	-0.05121 	0.12912 	0.00000 	0.14284 	0.00741	0.02352
Replication17	 -1.54550	0.99911	0.98911 	0.98953 	0.98267 	0.99543 	0.98963 	0.99345 	-0.05691 	-0.04499 	-0.27613 	0.14424 	0.00000 	0.23563 	-0.01870 	-0.01478 	-0.09073 	0.04473 	0.00000 	0.08637 	0.00184	0.00688
Replication18	 -1.53840	0.99897	0.97907 	0.98593 	0.98194 	0.99137 	0.98550 	0.99202 	-0.17324 	-0.03672 	-0.22718 	0.17833 	0.00000 	0.26119 	-0.05694 	-0.01207 	-0.07467 	0.06339 	0.00000 	0.08878 	0.00239	0.00850
Replication19	 -1.53581	0.99966	0.98627 	1.00187 	1.00574 	1.00039 	0.99955 	1.00561 	-0.27626 	0.06502 	0.06101 	0.08150 	0.00000 	0.07146 	-0.09068 	0.02134 	0.02002 	0.04316 	0.00000 	0.01395 	0.00272	0.00779
Replication20	 -1.55070	0.99923	0.98935 	0.98729 	0.99339 	0.99509 	0.99221 	0.99752 	-0.05042 	-0.24683 	-0.02653 	0.13958 	0.00000 	0.18575 	-0.01656 	-0.08109 	-0.00871 	0.05383 	0.00000 	0.05711 	0.00155	0.00458
Replication21	 -1.44800	0.99877	0.99598 	0.97754 	0.96255 	0.99195 	0.98198 	0.98307 	0.22298 	-0.21997 	-0.54877 	0.18558 	0.00482 	0.36470 	0.07332 	-0.07233 	-0.18044 	0.04863 	0.00159 	0.15928 	0.00934	0.03005
Replication22	 -1.55812	0.99980	1.00156 	1.00916 	1.00131 	1.00707 	1.00497 	1.00583 	-0.10943 	0.17646 	-0.15792 	0.03017 	0.00428 	0.05739 	-0.03591 	0.05790 	-0.05182 	0.00778 	0.00140 	0.02380 	0.00095	0.00317
Replication23	 0.01370	0.99777	0.93630 	0.94442 	0.95654 	0.96357 	0.95400 	0.97160 	-0.34193 	-0.48284 	-0.16670 	0.42562 	0.01918 	0.56033 	-0.11266 	-0.15908 	-0.05492 	0.17669 	0.00632 	0.18693 	0.01366	0.04328
Replication24	 -1.46434	0.99850	0.95522 	0.97574 	0.96816 	0.98068 	0.97156 	0.98333 	-0.39703 	0.08369 	-0.33693 	0.27361 	0.00000 	0.38465 	-0.13062 	0.02753 	-0.11084 	0.10670 	0.00000 	0.13429 	0.00798	0.02706
Replication25	 -1.49310	0.99833	0.96860 	0.96659 	0.96240 	0.98047 	0.97076 	0.97956 	-0.09437 	-0.25159 	-0.36882 	0.28470 	0.00000 	0.43590 	-0.03106 	-0.08280 	-0.12138 	0.09843 	0.00000 	0.15649 	0.00582	0.01968
Replication26	 -1.44089	0.99903	0.95856 	0.97767 	0.99648 	0.98357 	0.98172 	0.99583 	-0.42229 	-0.24233 	0.22363 	0.22554 	0.00639 	0.21898 	-0.13878 	-0.07964 	0.07349 	0.11738 	0.00210 	0.05674 	0.00993	0.03130
Replication27	 -1.54643	0.99983	1.00643 	0.99838 	1.01077 	1.00476 	1.00690 	1.00800 	0.06005 	-0.32771 	0.16386 	0.04330 	0.02902 	0.03335 	0.01970 	-0.10753 	0.05376 	0.02475 	0.00952 	0.00552 	0.00186	0.00573
Replication28	 -1.53304	0.99894	0.97601 	0.98517 	0.98168 	0.99026 	0.98433 	0.99163 	-0.21138 	-0.02339 	-0.21747 	0.18735 	0.00000 	0.26769 	-0.06948 	-0.00769 	-0.07148 	0.06869 	0.00000 	0.08971 	0.00280	0.00975
Replication29	 -1.55119	0.99942	0.99513 	0.99922 	0.98968 	1.00104 	0.99641 	0.99861 	-0.07967 	0.09308 	-0.26258 	0.09078 	0.00000 	0.15979 	-0.02616 	0.03057 	-0.08623 	0.02549 	0.00000 	0.06186 	0.00141	0.00553
Replication30	 0.01388	0.99821	0.93612 	0.96206 	0.96764 	0.97055 	0.96180 	0.97970 	-0.53081 	-0.10876 	-0.14724 	0.35570 	0.00000 	0.44448 	-0.17473 	-0.03580 	-0.04847 	0.15615 	0.00000 	0.14515 	0.01336	0.04230
Replication31	 -1.56168	1.00005	1.01796 	1.01172 	1.00678 	1.01266 	1.01179 	1.00933 	0.11804 	0.00779 	-0.10745 	-0.02005 	0.00000 	0.00236 	0.03871 	0.00256 	-0.03524 	-0.01452 	0.00000 	0.01065 	0.00070	0.00216
Replication32	 -1.55258	0.99933	0.98593 	0.99355 	0.99472 	0.99663 	0.99359 	0.99921 	-0.17281 	-0.04242 	-0.06904 	0.12431 	0.00000 	0.16133 	-0.05676 	-0.01393 	-0.02267 	0.04917 	0.00000 	0.04863 	0.00138	0.00444
Replication33	 -1.55192	0.99932	0.98765 	0.99039 	0.99689 	0.99597 	0.99373 	0.99956 	-0.11707 	-0.18148 	0.01305 	0.12873 	0.00000 	0.15821 	-0.03845 	-0.05960 	0.00429 	0.05326 	0.00000 	0.04501 	0.00144	0.00450
Replication34	 -1.49045	0.99835	0.95905 	0.96683 	0.96771 	0.97827 	0.96974 	0.98144 	-0.25080 	-0.21033 	-0.24697 	0.29800 	0.00000 	0.41614 	-0.08254 	-0.06922 	-0.08128 	0.11363 	0.00000 	0.13958 	0.00603	0.02018
Replication35	 -1.49004	0.99828	0.96220 	0.96561 	0.96312 	0.97844 	0.96888 	0.97940 	-0.18275 	-0.22272 	-0.33046 	0.30052 	0.00000 	0.44144 	-0.06015 	-0.07330 	-0.10876 	0.10887 	0.00000 	0.15396 	0.00603	0.02062
Replication36	 -1.52418	0.99921	0.99528 	0.99472 	0.97898 	0.99894 	0.99183 	0.99324 	-0.00738 	0.09108 	-0.42478 	0.11561 	0.00000 	0.22882 	-0.00242 	0.02992 	-0.13955 	0.02792 	0.00000 	0.09728 	0.00335	0.01316
Replication37	 0.00383	0.99777	0.94617 	0.95109 	0.94683 	0.96817 	0.95543 	0.96920 	-0.24516 	-0.28019 	-0.45159 	0.39593 	0.00798 	0.58394 	-0.08077 	-0.09232 	-0.14878 	0.14668 	0.00263 	0.21007 	0.01090	0.03750
Replication38	 -1.54998	0.99930	0.99887 	0.99063 	0.98982 	0.99874 	0.99484 	0.99709 	0.07284 	-0.20479 	-0.16239 	0.11196 	0.00000 	0.18400 	0.02393 	-0.06726 	-0.05334 	0.03408 	0.00000 	0.06718 	0.00162	0.00459
Replication39	 -1.54132	0.99912	0.99384 	0.98863 	0.98202 	0.99632 	0.99048 	0.99320 	0.02918 	-0.11340 	-0.28809 	0.13766 	0.00000 	0.23684 	0.00959 	-0.03726 	-0.09466 	0.03981 	0.00000 	0.09006 	0.00219	0.00754
Replication40	 -1.52953	0.99920	0.97754 	0.99287 	0.98970 	0.99395 	0.98954 	0.99665 	-0.28361 	0.09027 	-0.14918 	0.14876 	0.00000 	0.19689 	-0.09317 	0.02965 	-0.04901 	0.05949 	0.00000 	0.06298 	0.00314	0.00994
Replication41	 -1.56172	0.99943	0.99390 	0.99645 	0.99465 	0.99989 	0.99719 	1.00014 	-0.08233 	-0.04350 	-0.12616 	0.09762 	0.01103 	0.14401 	-0.02704 	-0.01428 	-0.04143 	0.03357 	0.00362 	0.04794 	0.00067	0.00238
Replication42	 0.00582	0.99840	0.94418 	0.97005 	0.97019 	0.97575 	0.96731 	0.98266 	-0.50113 	0.00812 	-0.20713 	0.31133 	0.00000 	0.39979 	-0.16490 	0.00267 	-0.06816 	0.13302 	0.00000 	0.13232 	0.01098	0.03496
Replication43	 -1.54982	0.99914	0.99162 	0.98808 	0.98573 	0.99568 	0.99091 	0.99456 	-0.00850 	-0.15309 	-0.20182 	0.14066 	0.00244 	0.22190 	-0.00279 	-0.05030 	-0.06631 	0.04514 	0.00080 	0.07862 	0.00158	0.00516
Replication44	 -1.47528	0.99858	0.97941 	0.97771 	0.95954 	0.98746 	0.97631 	0.98109 	-0.03796 	-0.00596 	-0.57427 	0.22522 	0.00000 	0.39988 	-0.01249 	-0.00196 	-0.18889 	0.06714 	0.00000 	0.16275 	0.00693	0.02655
Replication45	 -1.54193	0.99916	0.98092 	0.98633 	0.99291 	0.99248 	0.98940 	0.99679 	-0.17040 	-0.18029 	-0.00704 	0.16075 	0.00000 	0.19916 	-0.05598 	-0.05923 	-0.00231 	0.06657 	0.00000 	0.05789 	0.00219	0.00693
Replication46	 -1.53495	0.99894	0.98832 	0.98184 	0.97956 	0.99221 	0.98671 	0.99064 	0.01539 	-0.22849 	-0.24908 	0.17447 	0.01345 	0.27700 	0.00506 	-0.07510 	-0.08187 	0.05629 	0.00442 	0.09973 	0.00273	0.00853
Replication47	 -1.46934	0.99836	0.95524 	0.97038 	0.96403 	0.97865 	0.97060 	0.98072 	-0.34677 	-0.03658 	-0.36769 	0.29469 	0.04199 	0.42190 	-0.11411 	-0.01204 	-0.12100 	0.11195 	0.01382 	0.14778 	0.00754	0.02639
Replication48	 -1.56410	0.99952	0.99972 	0.99851 	0.99595 	1.00225 	0.99944 	1.00130 	-0.01208 	-0.05758 	-0.13385 	0.07711 	0.00196 	0.12493 	-0.00397 	-0.01890 	-0.04394 	0.02346 	0.00064 	0.04445 	0.00050	0.00174
Replication49	 -1.49811	0.99859	0.96094 	0.97386 	0.97601 	0.98177 	0.97491 	0.98641 	-0.30972 	-0.12718 	-0.16647 	0.26158 	0.00000 	0.34728 	-0.10188 	-0.04183 	-0.05476 	0.10461 	0.00000 	0.11183 	0.00548	0.01797
Replication50	 -1.48319	0.99828	0.95707 	0.96544 	0.96481 	0.97711 	0.96790 	0.97988 	-0.26051 	-0.19504 	-0.28479 	0.30955 	0.00000 	0.43735 	-0.08574 	-0.06420 	-0.09373 	0.11715 	0.00000 	0.14875 	0.00656	0.02223
Replication51	 -1.51134	1.00074	1.00993 	1.02562 	1.03581 	1.01721 	1.02286 	1.02434 	-0.22529 	0.14379 	0.36844 	-0.08832 	0.00771 	-0.20179 	-0.07378 	0.04709 	0.12067 	-0.00527 	0.00253 	-0.07721 	0.00455	0.01403
Replication52	 -1.54952	0.99948	1.00361 	0.99886 	0.98989 	1.00317 	0.99872 	0.99899 	0.05961 	-0.01109 	-0.27111 	0.07337 	0.00000 	0.15078 	0.01957 	-0.00364 	-0.08902 	0.01520 	0.00000 	0.06353 	0.00156	0.00565
Replication53	 -1.53061	0.99907	0.97527 	0.98820 	0.98725 	0.99149 	0.98708 	0.99461 	-0.26682 	0.00265 	-0.14027 	0.17191 	0.00805 	0.22750 	-0.08768 	0.00087 	-0.04609 	0.06819 	0.00265 	0.07193 	0.00303	0.00987
Replication54	 -1.52443	0.99880	0.97178 	0.98079 	0.97832 	0.98738 	0.98127 	0.98923 	-0.22656 	-0.06980 	-0.22774 	0.21392 	0.01071 	0.30291 	-0.07449 	-0.02295 	-0.07488 	0.07947 	0.00352 	0.10124 	0.00345	0.01191
Replication55	 -1.51761	0.99926	1.00410 	0.99075 	0.98130 	0.99991 	0.99447 	0.99387 	0.16995 	-0.15417 	-0.35367 	0.10695 	0.01579 	0.21920 	0.05583 	-0.05064 	-0.11618 	0.02388 	0.00519 	0.09459 	0.00406	0.01267
Replication56	 -1.52992	0.99966	1.01514 	0.99830 	0.99504 	1.00626 	1.00331 	1.00157 	0.24609 	-0.21488 	-0.18226 	0.04346 	0.00000 	0.11082 	0.08077 	-0.07053 	-0.05982 	0.00502 	0.00000 	0.05317 	0.00323	0.00861
Replication57	 -1.54265	0.99902	0.98446 	0.98221 	0.98724 	0.99160 	0.98743 	0.99371 	-0.06112 	-0.26767 	-0.08301 	0.17380 	0.00000 	0.24017 	-0.02009 	-0.08797 	-0.02728 	0.06494 	0.00000 	0.07688 	0.00217	0.00649
Replication58	 -1.54405	0.99910	0.98919 	0.98952 	0.98204 	0.99542 	0.98946 	0.99319 	-0.05428 	-0.03833 	-0.28895 	0.14471 	0.00000 	0.23880 	-0.01784 	-0.01260 	-0.09495 	0.04438 	0.00000 	0.08831 	0.00194	0.00731
Replication59	 -1.54046	0.99916	0.98971 	0.99241 	0.98200 	0.99667 	0.99049 	0.99379 	-0.07680 	0.04278 	-0.32549 	0.13345 	0.00000 	0.22824 	-0.02523 	0.01406 	-0.10694 	0.03943 	0.00000 	0.08722 	0.00218	0.00854
Replication60	 -1.53512	0.99929	1.00246 	0.99170 	0.98496 	0.99993 	0.99489 	0.99545 	0.12832 	-0.15116 	-0.28422 	0.10484 	0.00406 	0.20087 	0.04215 	-0.04965 	-0.09335 	0.02574 	0.00134 	0.08222 	0.00272	0.00845
Replication61	 -1.51199	0.99872	0.98033 	0.98027 	0.96867 	0.98902 	0.98012 	0.98539 	-0.06846 	-0.05263 	-0.42872 	0.20753 	0.00000 	0.34656 	-0.02251 	-0.01731 	-0.14098 	0.06466 	0.00000 	0.13225 	0.00428	0.01611
Replication62	 -1.56019	1.00039	1.01457 	1.02221 	1.01923 	1.01634 	1.01784 	1.01662 	-0.07895 	0.20551 	0.03464 	-0.06303 	0.00000 	-0.09732 	-0.02588 	0.06735 	0.01135 	-0.01918 	0.00000 	-0.03154 	0.00085	0.00211
Replication63	 -1.55406	0.99933	0.98922 	0.99056 	0.99657 	0.99644 	0.99413 	0.99952 	-0.09360 	-0.18926 	0.00081 	0.12531 	0.00000 	0.15802 	-0.03074 	-0.06216 	0.00026 	0.05062 	0.00000 	0.04597 	0.00128	0.00395
Replication64	 -1.54616	0.99923	0.98407 	0.99344 	0.98915 	0.99586 	0.99138 	0.99677 	-0.18931 	0.04418 	-0.18059 	0.13454 	0.00000 	0.19300 	-0.06219 	0.01451 	-0.05932 	0.04885 	0.00000 	0.06447 	0.00183	0.00632
Replication65	 -1.47904	0.99888	0.96598 	0.98781 	0.97598 	0.98843 	0.98064 	0.98946 	-0.37673 	0.23333 	-0.34548 	0.20234 	0.00000 	0.29344 	-0.12384 	0.07671 	-0.11357 	0.07754 	0.00000 	0.10624 	0.00689	0.02306
Replication66	 -1.49736	0.99861	0.96866 	0.97906 	0.96740 	0.98544 	0.97613 	0.98417 	-0.23184 	0.04964 	-0.41709 	0.23680 	0.00031 	0.36754 	-0.07626 	0.01633 	-0.13718 	0.08187 	0.00010 	0.13515 	0.00536	0.02000
Replication67	 -1.49974	0.99846	0.96215 	0.97118 	0.96982 	0.98081 	0.97258 	0.98331 	-0.25298 	-0.14256 	-0.26248 	0.27506 	0.00000 	0.38826 	-0.08323 	-0.04690 	-0.08636 	0.10357 	0.00000 	0.13103 	0.00531	0.01811
Replication68	 -1.54307	0.99896	0.98175 	0.98415 	0.98255 	0.99142 	0.98588 	0.99201 	-0.11446 	-0.12489 	-0.19861 	0.17830 	0.00000 	0.26171 	-0.03762 	-0.04105 	-0.06528 	0.06271 	0.00000 	0.08833 	0.00206	0.00710
Replication69	 -1.54115	1.00020	1.00174 	1.01213 	1.02182 	1.00915 	1.01186 	1.01517 	-0.17836 	0.00270 	0.25032 	-0.00554 	0.00000 	-0.06688 	-0.05848 	0.00088 	0.08207 	0.01652 	0.00000 	-0.03380 	0.00224	0.00720
Replication70	 -1.55430	0.99944	0.99983 	0.99754 	0.99055 	1.00184 	0.99932 	0.99904 	-0.00017 	-0.03180 	-0.24592 	0.08399 	0.04182 	0.15330 	-0.00006 	-0.01044 	-0.08075 	0.02184 	0.01373 	0.06007 	0.00121	0.00439
Replication71	 -1.53297	0.99991	0.99264 	1.00402 	1.01545 	1.00342 	1.00573 	1.01054 	-0.22577 	-0.06824 	0.22729 	0.04778 	0.01938 	0.00242 	-0.07406 	-0.02239 	0.07456 	0.03761 	0.00636 	-0.01285 	0.00286	0.00923
Replication72	 -1.53763	0.99902	0.98582 	0.98161 	0.98509 	0.99193 	0.99027 	0.99311 	-0.04920 	-0.29517 	-0.14498 	0.17209 	0.07317 	0.24666 	-0.01617 	-0.09701 	-0.04765 	0.06234 	0.02405 	0.08203 	0.00256	0.00759
Replication73	 -1.47566	0.99859	0.95575 	0.97091 	0.97910 	0.97952 	0.97427 	0.98703 	-0.36610 	-0.20146 	-0.06160 	0.27658 	0.01800 	0.34181 	-0.12042 	-0.06626 	-0.02026 	0.11885 	0.00592 	0.10522 	0.00724	0.02305
Replication74	 -1.51921	0.99887	0.97541 	0.98569 	0.97580 	0.99007 	0.98256 	0.98927 	-0.21454 	0.07134 	-0.34165 	0.19232 	0.00000 	0.29630 	-0.07053 	0.02345 	-0.11231 	0.06620 	0.00000 	0.10712 	0.00377	0.01394
Replication75	 -1.52862	0.99890	0.97447 	0.97909 	0.98619 	0.98773 	0.98335 	0.99224 	-0.18040 	-0.24103 	-0.04600 	0.20580 	0.00000 	0.26484 	-0.05930 	-0.07923 	-0.01512 	0.08306 	0.00000 	0.08072 	0.00321	0.01012
Replication76	 -1.55726	1.00038	1.02084 	1.02286 	1.01381 	1.01812 	1.01900 	1.01480 	0.02132 	0.22190 	-0.10968 	-0.07369 	0.01942 	-0.07823 	0.00699 	0.07273 	-0.03595 	-0.03169 	0.00636 	-0.01523 	0.00103	0.00321
Replication77	 -1.52295	0.99948	0.98237 	1.00164 	0.99567 	0.99884 	0.99539 	1.00116 	-0.31317 	0.22828 	-0.14268 	0.10153 	0.00000 	0.12973 	-0.10283 	0.07495 	-0.04685 	0.04327 	0.00000 	0.04233 	0.00370	0.01088
Replication78	 -1.53839	0.99951	0.98401 	0.99895 	1.00044 	0.99844 	0.99643 	1.00267 	-0.26975 	0.06838 	-0.01145 	0.10260 	0.00000 	0.11273 	-0.08857 	0.02245 	-0.00376 	0.04735 	0.00000 	0.02986 	0.00251	0.00733
Replication79	 -1.47792	0.99872	0.95735 	0.97643 	0.98175 	0.98212 	0.97703 	0.98930 	-0.40210 	-0.08881 	-0.07618 	0.25204 	0.01397 	0.30818 	-0.13223 	-0.02920 	-0.02505 	0.10963 	0.00459 	0.09457 	0.00708	0.02231
Replication80	 -1.50412	0.99953	1.01296 	0.99944 	0.98411 	1.00570 	0.99974 	0.99714 	0.21941 	-0.01908 	-0.41448 	0.05435 	0.00000 	0.16482 	0.07204 	-0.00627 	-0.13608 	0.00149 	0.00000 	0.08553 	0.00501	0.01671
Replication81	 -1.55567	0.99995	0.99905 	1.00773 	1.01346 	1.00636 	1.00725 	1.01058 	-0.15667 	0.00563 	0.12752 	0.02627 	0.00000 	-0.00159 	-0.05139 	0.00185 	0.04183 	0.02089 	0.00000 	-0.00966 	0.00116	0.00352
Replication82	 -1.56003	0.99975	1.00522 	0.99947 	1.00687 	1.00455 	1.00446 	1.00635 	0.04434 	-0.22480 	0.07620 	0.04905 	0.00000 	0.05605 	0.01455 	-0.07377 	0.02501 	0.02165 	0.00000 	0.01494 	0.00084	0.00238
Replication83	 -1.53041	1.00071	1.01331 	1.02599 	1.03343 	1.01811 	1.02289 	1.02347 	-0.16919 	0.15108 	0.30424 	-0.09237 	0.00000 	-0.19066 	-0.05541 	0.04948 	0.09965 	-0.01287 	0.00000 	-0.07140 	0.00310	0.00944
Replication84	 -1.56479	1.00042	1.01737 	1.02143 	1.02076 	1.01685 	1.01884 	1.01723 	-0.02846 	0.13062 	0.07213 	-0.06806 	0.00000 	-0.10575 	-0.00933 	0.04281 	0.02364 	-0.02086 	0.00000 	-0.03495 	0.00047	0.00130
Replication85	 -1.52219	0.99936	0.97727 	0.99532 	0.99693 	0.99516 	0.99275 	1.00024 	-0.32899 	0.07324 	-0.02943 	0.13196 	0.00852 	0.14846 	-0.10805 	0.02405 	-0.00967 	0.06058 	0.00280 	0.04139 	0.00375	0.01110
Replication86	 -1.49539	0.99840	0.97148 	0.96977 	0.96235 	0.98243 	0.97252 	0.98030 	-0.08321 	-0.18922 	-0.41259 	0.26793 	0.00000 	0.42268 	-0.02738 	-0.06226 	-0.13576 	0.08971 	0.00000 	0.15535 	0.00559	0.01965
Replication87	 -1.54066	0.99980	1.01726 	1.00325 	0.99866 	1.00893 	1.00705 	1.00424 	0.21498 	-0.13952 	-0.17559 	0.01795 	0.01193 	0.07261 	0.07054 	-0.04578 	-0.05761 	-0.00409 	0.00391 	0.03955 	0.00236	0.00652
Replication88	 0.00744	0.99765	0.94256 	0.94616 	0.94568 	0.96530 	0.95219 	0.96756 	-0.24420 	-0.36604 	-0.40786 	0.42083 	0.00000 	0.60929 	-0.08047 	-0.12063 	-0.13441 	0.15901 	0.00000 	0.21656 	0.01202	0.04007
Replication89	 -1.56643	0.99964	0.99946 	0.99990 	1.00251 	1.00305 	1.00236 	1.00441 	-0.04837 	-0.10011 	-0.01570 	0.06494 	0.01545 	0.08413 	-0.01588 	-0.03286 	-0.00515 	0.02526 	0.00507 	0.02460 	0.00033	0.00104
Replication90	 -1.54864	0.99920	0.98672 	0.99221 	0.98684 	0.99610 	0.99218 	0.99578 	-0.13802 	0.00026 	-0.22604 	0.13476 	0.02538 	0.20527 	-0.04534 	0.00009 	-0.07426 	0.04560 	0.00834 	0.07154 	0.00162	0.00596
Replication91	 -1.51116	0.99856	0.97414 	0.96940 	0.97372 	0.98344 	0.97655 	0.98505 	-0.06016 	-0.36469 	-0.18580 	0.25237 	0.00000 	0.36287 	-0.01979 	-0.11996 	-0.06112 	0.09215 	0.00000 	0.12255 	0.00459	0.01382
Replication92	 -1.56398	0.99952	1.00042 	0.99733 	0.99701 	1.00202 	0.99950 	1.00153 	0.01029 	-0.11287 	-0.09791 	0.07849 	0.00000 	0.12254 	0.00338 	-0.03706 	-0.03215 	0.02504 	0.00000 	0.04237 	0.00052	0.00158
Replication93	 -1.54690	0.99910	0.98207 	0.98645 	0.98875 	0.99264 	0.98853 	0.99510 	-0.14588 	-0.13741 	-0.09870 	0.16307 	0.00000 	0.22072 	-0.04794 	-0.04515 	-0.03243 	0.06212 	0.00000 	0.06929 	0.00180	0.00588
Replication94	 -1.50721	0.99931	0.97899 	0.98433 	1.00205 	0.99179 	0.99257 	1.00041 	-0.20646 	-0.34199 	0.20894 	0.15661 	0.03666 	0.15103 	-0.06781 	-0.11233 	0.06863 	0.07964 	0.01204 	0.03557 	0.00479	0.01574
Replication95	 -1.52369	0.99909	0.97305 	0.98718 	0.99028 	0.99068 	0.98744 	0.99565 	-0.29776 	-0.04423 	-0.06255 	0.17580 	0.01690 	0.21542 	-0.09784 	-0.01453 	-0.02055 	0.07478 	0.00555 	0.06388 	0.00359	0.01128
Replication96	 -1.55081	1.00024	1.02357 	1.01837 	1.00824 	1.01681 	1.01584 	1.01156 	0.13396 	0.13169 	-0.17137 	-0.05758 	0.00000 	-0.03520 	0.04392 	0.04317 	-0.05618 	-0.03083 	0.00000 	0.00493 	0.00150	0.00501
Replication97	 -1.54851	0.99997	0.99714 	1.00779 	1.01464 	1.00600 	1.00783 	1.01111 	-0.19397 	0.00782 	0.15160 	0.02763 	0.01688 	-0.00825 	-0.06363 	0.00257 	0.04973 	0.02428 	0.00554 	-0.01327 	0.00171	0.00521
Replication98	 -1.51491	0.99871	0.96687 	0.97653 	0.97890 	0.98446 	0.97826 	0.98837 	-0.25457 	-0.14666 	-0.15126 	0.23792 	0.00000 	0.31880 	-0.08372 	-0.04823 	-0.04974 	0.09344 	0.00000 	0.10208 	0.00421	0.01383
Replication99	 -1.45303	0.99917	0.96351 	0.98101 	1.00027 	0.98627 	0.98498 	0.99826 	-0.38963 	-0.24207 	0.25617 	0.20049 	0.00000 	0.18403 	-0.12801 	-0.07953 	0.08416 	0.10742 	0.00000 	0.04444 	0.00898	0.02848