
Replication	FitnessValue	Frequency	Bus1	Bus2	Bus3	Bus4	Bus5	Bus6	Bus7	Bus8	Bus9	Bus10	Bus11	Bus12	Bus1_P	Bus2_P	Bus3_P	Bus4_P	Bus5_P	Bus6_P	Bus7_P	Bus8_P	Bus9_P	Bus10_P	Bus11_P	Bus12_P	Bus1_Q	Bus2_Q	Bus3_Q	Bus4_Q	Bus5_Q	Bus6_Q	Bus7_Q	Bus8_Q	Bus9_Q	Bus10_Q	Bus11_Q	Bus12_Q	PLoss	QLoss
Replication0	 -1.32800	0.99882	0.98455 	0.98697 	0.99239 	0.98848 	0.99045 	0.99845 	0.98525 	0.99156 	0.99941 	0.98681 	1.00415 	1.00632 	-0.14819 	-0.15221 	-0.12153 	0.02634 	0.00984 	0.10603 	-0.14992 	-0.14546 	0.00895 	-0.16200 	0.26878 	0.44023 	-0.04872 	-0.05004 	-0.03996 	0.02510 	0.00324 	0.09771 	-0.04929 	-0.04783 	0.00739 	-0.05326 	0.08837 	0.12350 	0.01915	0.05622
Replication1	 -1.30370	0.99863	0.98578 	0.98665 	0.99076 	0.98864 	0.98974 	0.99752 	0.98184 	0.98930 	0.99719 	0.98443 	0.99650 	1.00573 	-0.12660 	-0.15187 	-0.14352 	0.02625 	0.00000 	0.11486 	-0.14462 	-0.12884 	0.01079 	-0.13068 	0.14152 	0.51103 	-0.04164 	-0.04995 	-0.04720 	0.02481 	0.00000 	0.10520 	-0.04757 	-0.04238 	0.00897 	-0.04298 	0.04654 	0.14301 	0.02168	0.05683
Replication2	 -1.28851	0.99863	0.98507 	0.98605 	0.98980 	0.98805 	0.98907 	0.99713 	0.98309 	0.98927 	0.99725 	0.98438 	0.99872 	1.00570 	-0.13228 	-0.15019 	-0.16589 	0.02696 	0.00000 	0.11837 	-0.13107 	-0.14876 	0.01074 	-0.15160 	0.18768 	0.51307 	-0.04351 	-0.04940 	-0.05456 	0.02553 	0.00000 	0.10871 	-0.04311 	-0.04893 	0.00892 	-0.04986 	0.06173 	0.14491 	0.02296	0.06042
Replication3	 -1.28590	0.99859	0.98279 	0.98480 	0.98931 	0.98657 	0.98786 	0.99665 	0.98131 	0.98876 	0.99687 	0.98416 	0.99821 	1.00558 	-0.15219 	-0.15280 	-0.15823 	0.02875 	0.00000 	0.12270 	-0.15709 	-0.15003 	0.01106 	-0.13370 	0.19082 	0.52775 	-0.05006 	-0.05026 	-0.05205 	0.02727 	0.00000 	0.11275 	-0.05167 	-0.04935 	0.00919 	-0.04398 	0.06277 	0.14864 	0.02296	0.06325
Replication4	 -1.32699	0.99890	0.98538 	0.98697 	0.99213 	0.98873 	0.99021 	0.99849 	0.98558 	0.99233 	1.00023 	0.98800 	1.00863 	1.00651 	-0.13382 	-0.15744 	-0.13758 	0.02601 	0.00000 	0.10535 	-0.17927 	-0.16146 	0.00826 	-0.16406 	0.36048 	0.41470 	-0.04399 	-0.05175 	-0.04522 	0.02486 	0.00000 	0.09761 	-0.05893 	-0.05307 	0.00680 	-0.05393 	0.11850 	0.11978 	0.01881	0.06065
Replication5	 -1.30788	0.99855	0.98378 	0.98599 	0.99012 	0.98768 	0.98977 	0.99711 	0.97821 	0.98678 	0.99633 	0.98156 	0.99553 	1.00541 	-0.15575 	-0.14584 	-0.14870 	0.02745 	0.02316 	0.11881 	-0.17009 	-0.15642 	0.01151 	-0.14072 	0.16975 	0.54609 	-0.05124 	-0.04797 	-0.04891 	0.02593 	0.00762 	0.10858 	-0.05595 	-0.05146 	0.00958 	-0.04629 	0.05584 	0.15599 	0.02074	0.06170
Replication6	 -1.30044	0.99890	0.98419 	0.98666 	0.99153 	0.98830 	0.99125 	0.99839 	0.99036 	0.99433 	1.00022 	0.99118 	1.00722 	1.00659 	-0.16010 	-0.15694 	-0.16138 	0.02651 	0.03682 	0.10626 	-0.11851 	-0.15310 	0.00827 	-0.13239 	0.27440 	0.40817 	-0.05263 	-0.05159 	-0.05305 	0.02536 	0.01210 	0.09854 	-0.03896 	-0.05033 	0.00681 	-0.04352 	0.09020 	0.11410 	0.02201	0.05705
Replication7	 -1.29375	0.99842	0.98412 	0.98524 	0.98888 	0.98731 	0.98873 	0.99634 	0.97676 	0.98519 	0.99492 	0.97878 	0.99134 	1.00502 	-0.14114 	-0.15208 	-0.16053 	0.02795 	0.01194 	0.12606 	-0.14635 	-0.13817 	0.01267 	-0.16430 	0.10964 	0.59232 	-0.04644 	-0.05004 	-0.05282 	0.02631 	0.00393 	0.11496 	-0.04815 	-0.04546 	0.01059 	-0.05406 	0.03608 	0.16970 	0.02198	0.06458
Replication8	 -1.30004	0.99857	0.98275 	0.98603 	0.98996 	0.98726 	0.98887 	0.99704 	0.98072 	0.98770 	0.99664 	0.98280 	0.99668 	1.00551 	-0.16834 	-0.12746 	-0.15219 	0.02794 	0.01025 	0.11931 	-0.14374 	-0.16203 	0.01125 	-0.14355 	0.17118 	0.53575 	-0.05538 	-0.04193 	-0.05006 	0.02644 	0.00337 	0.10923 	-0.04728 	-0.05330 	0.00935 	-0.04722 	0.05631 	0.15161 	0.02164	0.06113
Replication9	 -1.29391	0.99837	0.98219 	0.98406 	0.98833 	0.98594 	0.98710 	0.99582 	0.97604 	0.98376 	0.99459 	0.97828 	0.99233 	1.00485 	-0.15333 	-0.15248 	-0.15300 	0.02962 	0.00000 	0.13081 	-0.15107 	-0.19249 	0.01297 	-0.15307 	0.14811 	0.61228 	-0.05046 	-0.05018 	-0.05035 	0.02792 	0.00000 	0.11935 	-0.04971 	-0.06334 	0.01081 	-0.05037 	0.04874 	0.17536 	0.02164	0.06775
Replication10	 -1.30166	0.99842	0.98233 	0.98399 	0.98913 	0.98598 	0.98735 	0.99615 	0.97718 	0.98495 	0.99517 	0.97962 	0.99305 	1.00505 	-0.14898 	-0.16552 	-0.13437 	0.02954 	0.00000 	0.12769 	-0.15090 	-0.17785 	0.01248 	-0.14616 	0.14274 	0.59025 	-0.04902 	-0.05446 	-0.04421 	0.02789 	0.00000 	0.11658 	-0.04965 	-0.05852 	0.01039 	-0.04809 	0.04697 	0.16711 	0.02109	0.06498
Replication11	 -1.29263	0.99859	0.98364 	0.98498 	0.98980 	0.98699 	0.98836 	0.99686 	0.98134 	0.98886 	0.99690 	0.98405 	0.99733 	1.00561 	-0.14107 	-0.16341 	-0.14749 	0.02824 	0.00141 	0.12085 	-0.15223 	-0.14030 	0.01104 	-0.13447 	0.16986 	0.52513 	-0.04640 	-0.05375 	-0.04851 	0.02677 	0.00046 	0.11093 	-0.05007 	-0.04615 	0.00917 	-0.04423 	0.05587 	0.14713 	0.02244	0.06122
Replication12	 -1.31404	0.99884	0.98631 	0.98846 	0.99183 	0.98980 	0.99084 	0.99854 	0.98616 	0.99180 	0.99949 	0.98807 	1.00504 	1.00633 	-0.13839 	-0.12209 	-0.15726 	0.02476 	0.00000 	0.10513 	-0.14769 	-0.16870 	0.00888 	-0.13937 	0.27720 	0.43691 	-0.04550 	-0.04014 	-0.05170 	0.02354 	0.00000 	0.09693 	-0.04855 	-0.05546 	0.00733 	-0.04582 	0.09113 	0.12451 	0.02063	0.05627
Replication13	 -1.30363	0.99879	0.98287 	0.98545 	0.99074 	0.98700 	0.98857 	0.99757 	0.98544 	0.99156 	0.99907 	0.98679 	1.00537 	1.00619 	-0.15612 	-0.15390 	-0.14576 	0.02813 	0.00000 	0.11391 	-0.15204 	-0.14887 	0.00924 	-0.16969 	0.29958 	0.45439 	-0.05133 	-0.05060 	-0.04793 	0.02686 	0.00000 	0.10536 	-0.04999 	-0.04895 	0.00763 	-0.05579 	0.09850 	0.12860 	0.02114	0.06236
Replication14	 -1.30897	0.99875	0.98289 	0.98560 	0.99111 	0.98715 	0.98923 	0.99768 	0.98412 	0.99115 	0.99867 	0.98606 	1.00280 	1.00611 	-0.15989 	-0.15689 	-0.13521 	0.02797 	0.01162 	0.11303 	-0.15670 	-0.12984 	0.00956 	-0.16238 	0.25305 	0.46490 	-0.05258 	-0.05159 	-0.04446 	0.02666 	0.00382 	0.10425 	-0.05153 	-0.04270 	0.00791 	-0.05339 	0.08321 	0.13047 	0.02079	0.06008
Replication15	 -1.29128	0.99876	0.98223 	0.98483 	0.99011 	0.98646 	0.98835 	0.99725 	0.98553 	0.99174 	0.99883 	0.98803 	1.00494 	1.00613 	-0.16193 	-0.15912 	-0.15682 	0.02878 	0.00774 	0.11678 	-0.15832 	-0.15957 	0.00944 	-0.13434 	0.28291 	0.46205 	-0.05324 	-0.05232 	-0.05156 	0.02749 	0.00255 	0.10807 	-0.05206 	-0.05247 	0.00780 	-0.04417 	0.09302 	0.13011 	0.02238	0.06321
Replication16	 -1.29147	0.99833	0.98316 	0.98473 	0.98811 	0.98661 	0.98751 	0.99578 	0.97437 	0.98324 	0.99395 	0.97757 	0.98937 	1.00470 	-0.14716 	-0.14192 	-0.16243 	0.02884 	0.00016 	0.13132 	-0.15949 	-0.17276 	0.01349 	-0.13877 	0.09758 	0.62922 	-0.04843 	-0.04671 	-0.05346 	0.02709 	0.00005 	0.11956 	-0.05249 	-0.05685 	0.01127 	-0.04567 	0.03211 	0.18107 	0.02193	0.06754
Replication17	 -1.30394	0.99847	0.98449 	0.98611 	0.98938 	0.98790 	0.98929 	0.99672 	0.97580 	0.98495 	0.99540 	0.97894 	0.99343 	1.00512 	-0.14478 	-0.13825 	-0.16081 	0.02722 	0.01234 	0.12256 	-0.17388 	-0.15924 	0.01228 	-0.15846 	0.16089 	0.57925 	-0.04763 	-0.04548 	-0.05291 	0.02561 	0.00406 	0.11176 	-0.05721 	-0.05239 	0.01024 	-0.05213 	0.05293 	0.16770 	0.02088	0.06455
Replication18	 -1.33699	0.99900	0.98598 	0.98889 	0.99361 	0.98997 	0.99144 	0.99945 	0.98939 	0.99464 	1.00128 	0.99125 	1.00921 	1.00688 	-0.14499 	-0.12775 	-0.12657 	0.02446 	0.00000 	0.09656 	-0.14954 	-0.15152 	0.00739 	-0.13865 	0.31906 	0.37302 	-0.04765 	-0.04199 	-0.04160 	0.02342 	0.00000 	0.08952 	-0.04915 	-0.04980 	0.00606 	-0.04557 	0.10486 	0.10482 	0.01852	0.05294
Replication19	 -1.29369	0.99888	0.98014 	0.98431 	0.99077 	0.98547 	0.98768 	0.99753 	0.99000 	0.99470 	1.00011 	0.99176 	1.00817 	1.00654 	-0.18478 	-0.15726 	-0.14039 	0.02991 	0.00485 	0.11393 	-0.13676 	-0.14686 	0.00837 	-0.12355 	0.29532 	0.41495 	-0.06074 	-0.05170 	-0.04615 	0.02874 	0.00159 	0.10603 	-0.04496 	-0.04828 	0.00688 	-0.04062 	0.09708 	0.11391 	0.02226	0.06180
Replication20	 -1.29352	0.99885	0.98012 	0.98401 	0.99050 	0.98528 	0.98735 	0.99733 	0.98855 	0.99391 	0.99977 	0.99034 	1.00763 	1.00643 	-0.18105 	-0.16130 	-0.14037 	0.03015 	0.00185 	0.11581 	-0.14612 	-0.14222 	0.00865 	-0.13881 	0.30342 	0.42786 	-0.05952 	-0.05303 	-0.04615 	0.02894 	0.00061 	0.10769 	-0.04804 	-0.04675 	0.00712 	-0.04563 	0.09975 	0.11838 	0.02212	0.06337
Replication21	 -1.28930	0.99869	0.98248 	0.98563 	0.98990 	0.98691 	0.98824 	0.99716 	0.98415 	0.99041 	0.99805 	0.98724 	1.00213 	1.00591 	-0.16561 	-0.13395 	-0.16186 	0.02829 	0.00000 	0.11786 	-0.15584 	-0.17831 	0.01008 	-0.11019 	0.23808 	0.48870 	-0.05446 	-0.04405 	-0.05323 	0.02692 	0.00000 	0.10864 	-0.05125 	-0.05864 	0.00835 	-0.03624 	0.07830 	0.13747 	0.02274	0.06181
Replication22	 -1.28706	0.99857	0.98173 	0.98409 	0.98929 	0.98583 	0.98732 	0.99648 	0.98115 	0.98883 	0.99674 	0.98335 	0.99752 	1.00555 	-0.15945 	-0.15996 	-0.14721 	0.02964 	0.00000 	0.12424 	-0.15160 	-0.12642 	0.01117 	-0.15468 	0.18018 	0.53132 	-0.05245 	-0.05262 	-0.04842 	0.02815 	0.00000 	0.11420 	-0.04987 	-0.04158 	0.00928 	-0.05088 	0.05927 	0.14884 	0.02277	0.06392
Replication23	 -1.30296	0.99859	0.98134 	0.98418 	0.99007 	0.98577 	0.98745 	0.99675 	0.98072 	0.98845 	0.99696 	0.98341 	0.99796 	1.00560 	-0.16444 	-0.16128 	-0.12595 	0.02971 	0.00000 	0.12181 	-0.15949 	-0.14643 	0.01099 	-0.14524 	0.19297 	0.52617 	-0.05409 	-0.05305 	-0.04143 	0.02823 	0.00000 	0.11185 	-0.05246 	-0.04817 	0.00912 	-0.04777 	0.06347 	0.14688 	0.02118	0.06259
Replication24	 -1.30919	0.99861	0.98390 	0.98571 	0.99064 	0.98748 	0.98885 	0.99726 	0.98140 	0.98837 	0.99711 	0.98297 	0.99756 	1.00565 	-0.14345 	-0.15476 	-0.13190 	0.02765 	0.00000 	0.11722 	-0.14094 	-0.14657 	0.01087 	-0.16000 	0.18146 	0.51959 	-0.04718 	-0.05090 	-0.04338 	0.02619 	0.00000 	0.10741 	-0.04636 	-0.04821 	0.00902 	-0.05263 	0.05968 	0.14582 	0.02083	0.05946
Replication25	 -1.33706	0.99899	0.98733 	0.98889 	0.99354 	0.99046 	0.99181 	0.99945 	0.99024 	0.99417 	1.00122 	0.99048 	1.00951 	1.00684 	-0.12514 	-0.14262 	-0.13065 	0.02389 	0.00000 	0.09657 	-0.12565 	-0.16685 	0.00744 	-0.16086 	0.32851 	0.37688 	-0.04113 	-0.04687 	-0.04294 	0.02283 	0.00000 	0.08947 	-0.04130 	-0.05484 	0.00610 	-0.05287 	0.10797 	0.10667 	0.01850	0.05309
Replication26	 -1.33481	0.99903	0.98882 	0.99035 	0.99371 	0.99195 	0.99467 	0.99999 	0.99010 	0.99470 	1.00143 	0.99096 	1.00927 	1.00693 	-0.13153 	-0.13467 	-0.15898 	0.02208 	0.04252 	0.09169 	-0.13452 	-0.15023 	0.00725 	-0.15386 	0.31676 	0.36460 	-0.04323 	-0.04426 	-0.05225 	0.02107 	0.01397 	0.08489 	-0.04421 	-0.04937 	0.00597 	-0.05056 	0.10410 	0.10550 	0.01888	0.05163
Replication27	 -1.28002	0.99866	0.98269 	0.98376 	0.98901 	0.98601 	0.98745 	0.99655 	0.98317 	0.99010 	0.99776 	0.98539 	1.00266 	1.00580 	-0.14241 	-0.17882 	-0.16543 	0.02938 	0.00000 	0.12335 	-0.16163 	-0.15110 	0.01032 	-0.15601 	0.26908 	0.50001 	-0.04684 	-0.05881 	-0.05441 	0.02799 	0.00000 	0.11395 	-0.05316 	-0.04969 	0.00855 	-0.05131 	0.08849 	0.14186 	0.02326	0.06663
Replication28	 -1.29802	0.99862	0.98624 	0.98734 	0.99031 	0.98915 	0.99009 	0.99750 	0.98170 	0.98875 	0.99709 	0.98297 	0.99717 	1.00567 	-0.12967 	-0.13382 	-0.16594 	0.02564 	0.00304 	0.11506 	-0.13619 	-0.12898 	0.01087 	-0.16690 	0.16900 	0.51580 	-0.04265 	-0.04401 	-0.05458 	0.02420 	0.00100 	0.10538 	-0.04479 	-0.04242 	0.00904 	-0.05490 	0.05558 	0.14698 	0.02209	0.05884
Replication29	 -1.30019	0.99871	0.98394 	0.98616 	0.99056 	0.98773 	0.98902 	0.99751 	0.98331 	0.99047 	0.99823 	0.98580 	1.00179 	1.00597 	-0.14887 	-0.14348 	-0.15200 	0.02730 	0.00000 	0.11466 	-0.16029 	-0.14284 	0.00993 	-0.14713 	0.24040 	0.48062 	-0.04896 	-0.04718 	-0.04999 	0.02595 	0.00000 	0.10561 	-0.05271 	-0.04697 	0.00823 	-0.04838 	0.07905 	0.13577 	0.02170	0.06043
Replication30	 -1.30021	0.99881	0.98319 	0.98587 	0.99104 	0.98733 	0.98889 	0.99779 	0.98748 	0.99273 	0.99934 	0.98860 	1.00501 	1.00631 	-0.15588 	-0.14980 	-0.14495 	0.02772 	0.00000 	0.11191 	-0.13291 	-0.14222 	0.00901 	-0.14959 	0.26332 	0.44155 	-0.05125 	-0.04925 	-0.04766 	0.02647 	0.00000 	0.10354 	-0.04370 	-0.04676 	0.00744 	-0.04918 	0.08657 	0.12280 	0.02184	0.05903
Replication31	 -1.30566	0.99844	0.98291 	0.98469 	0.98977 	0.98657 	0.98793 	0.99651 	0.97908 	0.98588 	0.99537 	0.98081 	0.99185 	1.00516 	-0.14739 	-0.15995 	-0.12584 	0.02883 	0.00000 	0.12445 	-0.12430 	-0.16607 	0.01232 	-0.13520 	0.09316 	0.57894 	-0.04849 	-0.05263 	-0.04140 	0.02720 	0.00000 	0.11350 	-0.04090 	-0.05464 	0.01026 	-0.04448 	0.03065 	0.16189 	0.02106	0.06095
Replication32	 -1.28691	0.99898	0.98318 	0.98522 	0.99080 	0.98700 	0.98868 	0.99792 	0.99182 	0.99664 	1.00106 	0.99414 	1.01127 	1.00683 	-0.14991 	-0.16771 	-0.16492 	0.02802 	0.00000 	0.11017 	-0.14807 	-0.13481 	0.00757 	-0.11500 	0.33285 	0.37882 	-0.04927 	-0.05512 	-0.05420 	0.02696 	0.00000 	0.10300 	-0.04866 	-0.04431 	0.00622 	-0.03780 	0.10940 	0.10562 	0.02299	0.06182
Replication33	 -1.28765	0.99861	0.97921 	0.98358 	0.98931 	0.98467 	0.98644 	0.99643 	0.98249 	0.98960 	0.99726 	0.98448 	0.99991 	1.00569 	-0.19072 	-0.14528 	-0.14217 	0.03101 	0.00000 	0.12454 	-0.15116 	-0.13619 	0.01074 	-0.15596 	0.21707 	0.51556 	-0.06273 	-0.04778 	-0.04676 	0.02955 	0.00000 	0.11479 	-0.04972 	-0.04479 	0.00890 	-0.05130 	0.07140 	0.14391 	0.02255	0.06547
Replication34	 -1.31520	0.99854	0.98292 	0.98583 	0.99032 	0.98717 	0.98848 	0.99702 	0.97858 	0.98632 	0.99633 	0.98005 	0.99589 	1.00539 	-0.15950 	-0.13529 	-0.13241 	0.02806 	0.00000 	0.11963 	-0.15102 	-0.15479 	0.01151 	-0.18174 	0.18649 	0.54917 	-0.05247 	-0.04450 	-0.04356 	0.02652 	0.00000 	0.10932 	-0.04968 	-0.05092 	0.00957 	-0.05978 	0.06135 	0.15647 	0.01990	0.06231
Replication35	 -1.31105	0.99873	0.98335 	0.98603 	0.99110 	0.98756 	0.98968 	0.99773 	0.98322 	0.99037 	0.99837 	0.98517 	1.00182 	1.00601 	-0.15916 	-0.15102 	-0.13895 	0.02750 	0.01595 	0.11273 	-0.15702 	-0.13672 	0.00981 	-0.16388 	0.24459 	0.47559 	-0.05234 	-0.04966 	-0.04569 	0.02617 	0.00524 	0.10377 	-0.05163 	-0.04496 	0.00812 	-0.05389 	0.08043 	0.13429 	0.02059	0.05985
Replication36	 -1.29336	0.99868	0.98233 	0.98499 	0.98985 	0.98653 	0.98798 	0.99702 	0.98248 	0.99002 	0.99795 	0.98555 	1.00216 	1.00587 	-0.16022 	-0.14947 	-0.15460 	0.02875 	0.00000 	0.11913 	-0.17276 	-0.15263 	0.01017 	-0.14216 	0.25891 	0.49281 	-0.05269 	-0.04916 	-0.05084 	0.02737 	0.00000 	0.10986 	-0.05682 	-0.05020 	0.00842 	-0.04675 	0.08515 	0.13962 	0.02208	0.06397
Replication37	 -1.31348	0.99870	0.98586 	0.98744 	0.99147 	0.98925 	0.99160 	0.99813 	0.98389 	0.98978 	0.99803 	0.98505 	0.99939 	1.00594 	-0.14178 	-0.14897 	-0.14833 	0.02548 	0.03052 	0.10926 	-0.12745 	-0.15300 	0.01009 	-0.14992 	0.18857 	0.48477 	-0.04663 	-0.04899 	-0.04878 	0.02412 	0.01004 	0.10013 	-0.04191 	-0.05031 	0.00837 	-0.04930 	0.06201 	0.13683 	0.02076	0.05559
Replication38	 -1.28661	0.99840	0.98227 	0.98514 	0.98832 	0.98651 	0.98746 	0.99602 	0.97734 	0.98491 	0.99473 	0.97827 	0.99162 	1.00495 	-0.16504 	-0.12343 	-0.16742 	0.02892 	0.00000 	0.12890 	-0.13111 	-0.14581 	0.01284 	-0.18000 	0.11855 	0.60104 	-0.05431 	-0.04062 	-0.05509 	0.02725 	0.00000 	0.11765 	-0.04314 	-0.04798 	0.01072 	-0.05923 	0.03901 	0.17228 	0.02255	0.06654
Replication39	 -1.30679	0.99861	0.98418 	0.98590 	0.99050 	0.98769 	0.98907 	0.99728 	0.98133 	0.98837 	0.99717 	0.98288 	0.99809 	1.00566 	-0.14264 	-0.15201 	-0.14040 	0.02740 	0.00258 	0.11706 	-0.14441 	-0.14761 	0.01082 	-0.16440 	0.19465 	0.51793 	-0.04691 	-0.05000 	-0.04618 	0.02595 	0.00085 	0.10731 	-0.04750 	-0.04855 	0.00898 	-0.05407 	0.06402 	0.14625 	0.02102	0.06015
Replication40	 -1.30021	0.99843	0.98278 	0.98492 	0.98922 	0.98662 	0.98781 	0.99634 	0.97695 	0.98530 	0.99516 	0.97983 	0.99222 	1.00507 	-0.15299 	-0.14588 	-0.14288 	0.02877 	0.00000 	0.12596 	-0.15525 	-0.15991 	0.01248 	-0.14050 	0.12190 	0.58694 	-0.05034 	-0.04800 	-0.04701 	0.02713 	0.00000 	0.11493 	-0.05108 	-0.05262 	0.01040 	-0.04623 	0.04011 	0.16658 	0.02135	0.06388
Replication41	 -1.32719	0.99867	0.98687 	0.98697 	0.99199 	0.98928 	0.99087 	0.99810 	0.98333 	0.98877 	0.99783 	0.98431 	0.99868 	1.00586 	-0.11363 	-0.17203 	-0.12016 	0.02546 	0.00788 	0.10959 	-0.12229 	-0.17800 	0.01027 	-0.14634 	0.18456 	0.49526 	-0.03737 	-0.05658 	-0.03952 	0.02407 	0.00259 	0.10023 	-0.04022 	-0.05854 	0.00851 	-0.04813 	0.06070 	0.13853 	0.01943	0.05427
Replication42	 -1.30311	0.99849	0.98304 	0.98481 	0.98967 	0.98675 	0.98863 	0.99663 	0.97793 	0.98634 	0.99575 	0.98078 	0.99364 	1.00526 	-0.15117 	-0.16178 	-0.13884 	0.02859 	0.01406 	0.12326 	-0.15769 	-0.14698 	0.01199 	-0.14479 	0.13654 	0.56565 	-0.04973 	-0.05322 	-0.04568 	0.02701 	0.00463 	0.11261 	-0.05188 	-0.04836 	0.00999 	-0.04764 	0.04492 	0.16006 	0.02116	0.06271
Replication43	 -1.32413	0.99858	0.98910 	0.98852 	0.99159 	0.99080 	0.99150 	0.99806 	0.98021 	0.98726 	0.99663 	0.98204 	0.99365 	1.00555 	-0.09687 	-0.14629 	-0.13867 	0.02369 	0.00000 	0.11030 	-0.13010 	-0.15172 	0.01125 	-0.14002 	0.10843 	0.53020 	-0.03186 	-0.04812 	-0.04561 	0.02221 	0.00000 	0.10034 	-0.04279 	-0.04990 	0.00938 	-0.04606 	0.03567 	0.15055 	0.01980	0.05377
Replication44	 -1.32380	0.99865	0.98676 	0.98808 	0.99187 	0.98976 	0.99079 	0.99816 	0.98144 	0.98877 	0.99751 	0.98445 	0.99682 	1.00580 	-0.12636 	-0.13543 	-0.13062 	0.02490 	0.00000 	0.10914 	-0.14997 	-0.15611 	0.01052 	-0.11912 	0.15138 	0.50181 	-0.04156 	-0.04454 	-0.04296 	0.02349 	0.00000 	0.09967 	-0.04932 	-0.05134 	0.00874 	-0.03918 	0.04979 	0.14095 	0.01984	0.05374
Replication45	 -1.30009	0.99872	0.98428 	0.98641 	0.99068 	0.98807 	0.99008 	0.99768 	0.98340 	0.99067 	0.99826 	0.98611 	1.00143 	1.00600 	-0.15178 	-0.14759 	-0.15766 	0.02688 	0.01877 	0.11315 	-0.16052 	-0.13852 	0.00990 	-0.14016 	0.22840 	0.47734 	-0.04991 	-0.04853 	-0.05184 	0.02554 	0.00617 	0.10416 	-0.05278 	-0.04555 	0.00821 	-0.04609 	0.07511 	0.13508 	0.02180	0.05955
Replication46	 -1.31491	0.99846	0.98419 	0.98673 	0.99013 	0.98819 	0.99004 	0.99707 	0.97618 	0.98510 	0.99534 	0.97926 	0.99141 	1.00514 	-0.15757 	-0.12816 	-0.14609 	0.02688 	0.02208 	0.11948 	-0.16042 	-0.15112 	0.01233 	-0.14460 	0.10958 	0.57757 	-0.05184 	-0.04217 	-0.04806 	0.02527 	0.00726 	0.10867 	-0.05278 	-0.04972 	0.01029 	-0.04757 	0.03605 	0.16574 	0.02005	0.06115
Replication47	 -1.28776	0.99875	0.98544 	0.98633 	0.99027 	0.98834 	0.98945 	0.99756 	0.98645 	0.99161 	0.99862 	0.98764 	1.00322 	1.00610 	-0.12961 	-0.15395 	-0.17027 	0.02655 	0.00000 	0.11408 	-0.12885 	-0.15525 	0.00960 	-0.14228 	0.24078 	0.46605 	-0.04262 	-0.05062 	-0.05599 	0.02524 	0.00000 	0.10530 	-0.04237 	-0.05105 	0.00795 	-0.04678 	0.07917 	0.13127 	0.02313	0.05950
Replication48	 -1.31710	0.99889	0.98429 	0.98678 	0.99228 	0.98830 	0.99037 	0.99852 	0.98949 	0.99347 	1.00019 	0.99066 	1.00683 	1.00655 	-0.15091 	-0.15485 	-0.13173 	0.02652 	0.01106 	0.10515 	-0.12331 	-0.17623 	0.00830 	-0.12406 	0.27667 	0.41296 	-0.04961 	-0.05090 	-0.04330 	0.02536 	0.00364 	0.09731 	-0.04053 	-0.05793 	0.00683 	-0.04078 	0.09095 	0.11419 	0.02041	0.05520
Replication49	 -1.31845	0.99876	0.98625 	0.98804 	0.99164 	0.98972 	0.99214 	0.99840 	0.98316 	0.98996 	0.99861 	0.98527 	1.00223 	1.00607 	-0.14379 	-0.14045 	-0.15828 	0.02489 	0.03434 	0.10668 	-0.15791 	-0.16154 	0.00960 	-0.15501 	0.25441 	0.46701 	-0.04728 	-0.04618 	-0.05204 	0.02359 	0.01129 	0.09796 	-0.05192 	-0.05312 	0.00796 	-0.05097 	0.08365 	0.13456 	0.02003	0.05750
Replication50	 -1.31619	0.99865	0.98283 	0.98536 	0.99118 	0.98698 	0.98886 	0.99746 	0.98244 	0.98931 	0.99766 	0.98380 	0.99889 	1.00582 	-0.15580 	-0.16023 	-0.11694 	0.02823 	0.00575 	0.11530 	-0.14041 	-0.13609 	0.01041 	-0.16583 	0.19529 	0.50019 	-0.05124 	-0.05270 	-0.03846 	0.02682 	0.00189 	0.10582 	-0.04618 	-0.04476 	0.00862 	-0.05454 	0.06423 	0.13920 	0.02015	0.05871
Replication51	 -1.30718	0.99850	0.98520 	0.98712 	0.98983 	0.98885 	0.99141 	0.99720 	0.97609 	0.98551 	0.99557 	0.97930 	0.99259 	1.00520 	-0.15437 	-0.13316 	-0.17097 	0.02607 	0.04503 	0.11821 	-0.17086 	-0.13936 	0.01213 	-0.15580 	0.13403 	0.56831 	-0.05079 	-0.04381 	-0.05625 	0.02449 	0.01481 	0.10764 	-0.05621 	-0.04585 	0.01014 	-0.05126 	0.04409 	0.16542 	0.02075	0.06244
Replication52	 -1.31683	0.99868	0.98573 	0.98829 	0.99130 	0.98957 	0.99126 	0.99811 	0.98138 	0.98866 	0.99770 	0.98327 	0.99896 	1.00582 	-0.15059 	-0.11764 	-0.15597 	0.02512 	0.01905 	0.10955 	-0.15243 	-0.15040 	0.01036 	-0.16256 	0.20801 	0.49731 	-0.04952 	-0.03869 	-0.05129 	0.02373 	0.00626 	0.10025 	-0.05013 	-0.04946 	0.00861 	-0.05346 	0.06841 	0.14284 	0.02020	0.05754
Replication53	 -1.27403	0.99850	0.98267 	0.98383 	0.98814 	0.98614 	0.98848 	0.99607 	0.97936 	0.98722 	0.99579 	0.98129 	0.99561 	1.00526 	-0.15290 	-0.17376 	-0.17923 	0.02931 	0.02958 	0.12810 	-0.15012 	-0.13422 	0.01196 	-0.16528 	0.16868 	0.56405 	-0.05030 	-0.05716 	-0.05896 	0.02774 	0.00973 	0.11753 	-0.04939 	-0.04416 	0.00997 	-0.05438 	0.05549 	0.16123 	0.02385	0.06734
Replication54	 -1.29243	0.99857	0.98184 	0.98479 	0.98961 	0.98624 	0.98771 	0.99668 	0.98013 	0.98865 	0.99662 	0.98315 	0.99632 	1.00554 	-0.16562 	-0.14508 	-0.14468 	0.02915 	0.00117 	0.12254 	-0.16231 	-0.11768 	0.01127 	-0.14401 	0.15957 	0.53338 	-0.05448 	-0.04772 	-0.04759 	0.02765 	0.00038 	0.11246 	-0.05339 	-0.03871 	0.00937 	-0.04737 	0.05249 	0.14960 	0.02231	0.06271
Replication55	 -1.30149	0.99859	0.98509 	0.98628 	0.98991 	0.98817 	0.98917 	0.99713 	0.98078 	0.98729 	0.99694 	0.98239 	0.99895 	1.00554 	-0.13402 	-0.14461 	-0.16106 	0.02684 	0.00000 	0.11842 	-0.14762 	-0.18757 	0.01100 	-0.15981 	0.22708 	0.52998 	-0.04408 	-0.04757 	-0.05298 	0.02536 	0.00000 	0.10850 	-0.04856 	-0.06170 	0.00914 	-0.05257 	0.07469 	0.15213 	0.02136	0.06237
Replication56	 -1.32914	0.99882	0.98626 	0.98828 	0.99270 	0.98972 	0.99101 	0.99875 	0.98661 	0.99139 	0.99940 	0.98745 	1.00350 	1.00632 	-0.13494 	-0.13574 	-0.12714 	0.02486 	0.00000 	0.10334 	-0.12432 	-0.17207 	0.00896 	-0.14626 	0.24349 	0.44046 	-0.04437 	-0.04463 	-0.04180 	0.02362 	0.00000 	0.09501 	-0.04088 	-0.05657 	0.00739 	-0.04809 	0.08005 	0.12313 	0.01936	0.05288
Replication57	 -1.30201	0.99847	0.98469 	0.98570 	0.98937 	0.98770 	0.98866 	0.99663 	0.97695 	0.98527 	0.99559 	0.97962 	0.99433 	1.00516 	-0.13366 	-0.14854 	-0.15546 	0.02746 	0.00000 	0.12327 	-0.16359 	-0.17099 	0.01213 	-0.15643 	0.17001 	0.57468 	-0.04398 	-0.04887 	-0.05115 	0.02586 	0.00000 	0.11252 	-0.05382 	-0.05625 	0.01010 	-0.05147 	0.05593 	0.16527 	0.02113	0.06415
Replication58	 -1.29590	0.99885	0.98213 	0.98541 	0.99113 	0.98673 	0.98848 	0.99780 	0.98981 	0.99431 	0.99980 	0.99035 	1.00592 	1.00648 	-0.16626 	-0.15184 	-0.14062 	0.02842 	0.00000 	0.11167 	-0.11674 	-0.12482 	0.00862 	-0.14668 	0.25319 	0.42268 	-0.05466 	-0.04992 	-0.04623 	0.02722 	0.00000 	0.10361 	-0.03838 	-0.04103 	0.00710 	-0.04822 	0.08324 	0.11562 	0.02237	0.05835
Replication59	 -1.30171	0.99860	0.98370 	0.98563 	0.99033 	0.98736 	0.98868 	0.99714 	0.98119 	0.98872 	0.99700 	0.98397 	0.99705 	1.00564 	-0.14622 	-0.15126 	-0.13915 	0.02780 	0.00000 	0.11838 	-0.15222 	-0.14382 	0.01096 	-0.13196 	0.16436 	0.52151 	-0.04809 	-0.04975 	-0.04577 	0.02634 	0.00000 	0.10852 	-0.05007 	-0.04731 	0.00910 	-0.04340 	0.05406 	0.14594 	0.02162	0.05956
Replication60	 -1.29496	0.99859	0.98574 	0.98628 	0.98985 	0.98856 	0.99079 	0.99723 	0.97957 	0.98807 	0.99667 	0.98328 	0.99635 	1.00554 	-0.13372 	-0.16132 	-0.17077 	0.02636 	0.03268 	0.11761 	-0.16963 	-0.14406 	0.01122 	-0.12611 	0.16484 	0.53068 	-0.04398 	-0.05306 	-0.05617 	0.02489 	0.01075 	0.10767 	-0.05580 	-0.04738 	0.00934 	-0.04148 	0.05422 	0.15193 	0.02221	0.06092
Replication61	 -1.30821	0.99847	0.98442 	0.98504 	0.98971 	0.98742 	0.98960 	0.99671 	0.97704 	0.98538 	0.99550 	0.97883 	0.99309 	1.00517 	-0.13617 	-0.17504 	-0.14316 	0.02780 	0.02526 	0.12257 	-0.15129 	-0.14522 	0.01220 	-0.17673 	0.14446 	0.57479 	-0.04480 	-0.05759 	-0.04710 	0.02620 	0.00831 	0.11181 	-0.04978 	-0.04778 	0.01017 	-0.05814 	0.04753 	0.16463 	0.02053	0.06346
Replication62	 -1.28495	0.99829	0.98097 	0.98274 	0.98785 	0.98480 	0.98615 	0.99527 	0.97644 	0.98418 	0.99363 	0.97912 	0.98728 	1.00467 	-0.15689 	-0.16872 	-0.14047 	0.03102 	0.00000 	0.13589 	-0.12807 	-0.15965 	0.01375 	-0.11379 	0.02810 	0.63615 	-0.05164 	-0.05553 	-0.04623 	0.02923 	0.00000 	0.12388 	-0.04215 	-0.05254 	0.01149 	-0.03745 	0.00925 	0.17877 	0.02268	0.06708
Replication63	 -1.29471	0.99867	0.98389 	0.98580 	0.99032 	0.98752 	0.98881 	0.99728 	0.98274 	0.99032 	0.99765 	0.98542 	0.99904 	1.00585 	-0.14575 	-0.14970 	-0.14922 	0.02758 	0.00000 	0.11685 	-0.15421 	-0.12112 	0.01041 	-0.13809 	0.18415 	0.49672 	-0.04793 	-0.04923 	-0.04907 	0.02618 	0.00000 	0.10746 	-0.05072 	-0.03983 	0.00864 	-0.04541 	0.06056 	0.13888 	0.02238	0.05952
Replication64	 -1.28900	0.99866	0.98392 	0.98528 	0.98970 	0.98724 	0.98848 	0.99701 	0.98357 	0.98957 	0.99766 	0.98498 	1.00112 	1.00578 	-0.14060 	-0.15775 	-0.16241 	0.02791 	0.00000 	0.11930 	-0.13987 	-0.16397 	0.01041 	-0.15398 	0.23537 	0.50290 	-0.04624 	-0.05188 	-0.05341 	0.02650 	0.00000 	0.10984 	-0.04600 	-0.05393 	0.00863 	-0.05064 	0.07741 	0.14229 	0.02269	0.06256
Replication65	 -1.29990	0.99852	0.98397 	0.98684 	0.98990 	0.98804 	0.98898 	0.99704 	0.97934 	0.98714 	0.99598 	0.98120 	0.99336 	1.00536 	-0.15694 	-0.11439 	-0.15524 	0.02702 	0.00000 	0.11954 	-0.13826 	-0.12814 	0.01179 	-0.15546 	0.11512 	0.55322 	-0.05163 	-0.03763 	-0.05107 	0.02547 	0.00000 	0.10914 	-0.04548 	-0.04216 	0.00983 	-0.05114 	0.03787 	0.15702 	0.02175	0.06023
Replication66	 -1.31398	0.99883	0.98185 	0.98571 	0.99145 	0.98679 	0.98857 	0.99789 	0.98666 	0.99233 	0.99958 	0.98728 	1.00626 	1.00635 	-0.17265 	-0.14313 	-0.13040 	0.02836 	0.00000 	0.11095 	-0.14220 	-0.13867 	0.00881 	-0.18231 	0.30510 	0.43597 	-0.05676 	-0.04706 	-0.04287 	0.02714 	0.00000 	0.10273 	-0.04675 	-0.04559 	0.00727 	-0.05994 	0.10031 	0.12248 	0.02017	0.06094
Replication67	 -1.28901	0.99850	0.98232 	0.98373 	0.98898 	0.98584 	0.98726 	0.99622 	0.97977 	0.98712 	0.99605 	0.98192 	0.99605 	1.00532 	-0.14689 	-0.17248 	-0.14607 	0.02966 	0.00000 	0.12677 	-0.14816 	-0.15819 	0.01175 	-0.14962 	0.17241 	0.55836 	-0.04833 	-0.05674 	-0.04806 	0.02809 	0.00000 	0.11625 	-0.04874 	-0.05204 	0.00977 	-0.04922 	0.05672 	0.15722 	0.02246	0.06492
Replication68	 -1.30226	0.99875	0.98648 	0.98689 	0.99083 	0.98902 	0.99008 	0.99784 	0.98442 	0.99061 	0.99863 	0.98704 	1.00331 	1.00607 	-0.11920 	-0.15633 	-0.16114 	0.02573 	0.00000 	0.11161 	-0.15640 	-0.17754 	0.00960 	-0.12777 	0.26131 	0.46852 	-0.03920 	-0.05140 	-0.05299 	0.02442 	0.00000 	0.10281 	-0.05143 	-0.05838 	0.00794 	-0.04201 	0.08592 	0.13333 	0.02162	0.05902
Replication69	 -1.30298	0.99877	0.98465 	0.98705 	0.99112 	0.98846 	0.98969 	0.99793 	0.98469 	0.99159 	0.99873 	0.98696 	1.00232 	1.00615 	-0.14778 	-0.13365 	-0.15201 	0.02640 	0.00000 	0.11078 	-0.15295 	-0.12792 	0.00951 	-0.14517 	0.23106 	0.46008 	-0.04859 	-0.04395 	-0.04998 	0.02511 	0.00000 	0.10210 	-0.05029 	-0.04206 	0.00787 	-0.04773 	0.07597 	0.12933 	0.02166	0.05779
Replication70	 -1.30312	0.99860	0.98342 	0.98556 	0.99016 	0.98722 	0.98853 	0.99708 	0.98145 	0.98815 	0.99708 	0.98266 	0.99852 	1.00562 	-0.14971 	-0.14836 	-0.14363 	0.02797 	0.00000 	0.11888 	-0.14097 	-0.15570 	0.01089 	-0.17025 	0.20702 	0.52261 	-0.04924 	-0.04880 	-0.04724 	0.02651 	0.00000 	0.10905 	-0.04637 	-0.05121 	0.00904 	-0.05600 	0.06809 	0.14783 	0.02126	0.06165
Replication71	 -1.30119	0.99856	0.98445 	0.98486 	0.98970 	0.98721 	0.98846 	0.99677 	0.97991 	0.98709 	0.99664 	0.98132 	0.99802 	1.00546 	-0.12699 	-0.17439 	-0.14692 	0.02800 	0.00000 	0.12171 	-0.15057 	-0.16390 	0.01126 	-0.17749 	0.21797 	0.54009 	-0.04177 	-0.05737 	-0.04833 	0.02649 	0.00000 	0.11158 	-0.04953 	-0.05391 	0.00935 	-0.05839 	0.07170 	0.15411 	0.02124	0.06394
Replication72	 -1.31763	0.99867	0.98693 	0.98902 	0.99132 	0.99028 	0.99099 	0.99815 	0.98036 	0.98831 	0.99751 	0.98278 	0.99812 	1.00577 	-0.13603 	-0.10500 	-0.15853 	0.02428 	0.00000 	0.10918 	-0.16163 	-0.14512 	0.01051 	-0.15955 	0.19885 	0.50288 	-0.04474 	-0.03453 	-0.05214 	0.02288 	0.00000 	0.09979 	-0.05316 	-0.04773 	0.00874 	-0.05247 	0.06540 	0.14504 	0.02016	0.05710
Replication73	 -1.32792	0.99884	0.98534 	0.98657 	0.99237 	0.98854 	0.99030 	0.99842 	0.98509 	0.99187 	0.99964 	0.98746 	1.00530 	1.00637 	-0.13035 	-0.17089 	-0.12023 	0.02627 	0.00400 	0.10626 	-0.16531 	-0.14907 	0.00876 	-0.15244 	0.29093 	0.43300 	-0.04285 	-0.05618 	-0.03953 	0.02505 	0.00132 	0.09809 	-0.05435 	-0.04901 	0.00722 	-0.05012 	0.09565 	0.12179 	0.01907	0.05709
Replication74	 -1.31384	0.99881	0.98436 	0.98691 	0.99164 	0.98830 	0.98972 	0.99816 	0.98615 	0.99180 	0.99932 	0.98708 	1.00469 	1.00628 	-0.14935 	-0.14056 	-0.13996 	0.02656 	0.00000 	0.10864 	-0.13903 	-0.14708 	0.00903 	-0.16743 	0.27517 	0.44353 	-0.04910 	-0.04621 	-0.04602 	0.02532 	0.00000 	0.10028 	-0.04571 	-0.04836 	0.00745 	-0.05505 	0.09047 	0.12492 	0.02048	0.05799
Replication75	 -1.27592	0.99867	0.98237 	0.98366 	0.98882 	0.98583 	0.98728 	0.99648 	0.98512 	0.99034 	0.99785 	0.98495 	1.00323 	1.00583 	-0.14642 	-0.17605 	-0.17037 	0.02959 	0.00000 	0.12391 	-0.12603 	-0.14931 	0.01025 	-0.19012 	0.27331 	0.49757 	-0.04815 	-0.05790 	-0.05603 	0.02819 	0.00000 	0.11455 	-0.04145 	-0.04910 	0.00849 	-0.06252 	0.08989 	0.14112 	0.02366	0.06709
Replication76	 -1.29681	0.99854	0.98412 	0.98591 	0.98986 	0.98763 	0.98873 	0.99694 	0.98076 	0.98761 	0.99634 	0.98292 	0.99517 	1.00544 	-0.14419 	-0.14214 	-0.15034 	0.02750 	0.00000 	0.12034 	-0.13578 	-0.15903 	0.01150 	-0.13148 	0.13708 	0.54443 	-0.04743 	-0.04676 	-0.04946 	0.02598 	0.00000 	0.11007 	-0.04467 	-0.05231 	0.00957 	-0.04325 	0.04509 	0.15314 	0.02211	0.05997
Replication77	 -1.32989	0.99864	0.98617 	0.98768 	0.99194 	0.98957 	0.99250 	0.99824 	0.97987 	0.98806 	0.99727 	0.98342 	0.99599 	1.00573 	-0.14235 	-0.15398 	-0.13269 	0.02513 	0.04462 	0.10851 	-0.16343 	-0.15314 	0.01072 	-0.12205 	0.15027 	0.50929 	-0.04682 	-0.05064 	-0.04364 	0.02371 	0.01468 	0.09894 	-0.05375 	-0.05037 	0.00892 	-0.04014 	0.04942 	0.14459 	0.01908	0.05490
Replication78	 -1.29495	0.99866	0.98184 	0.98419 	0.98995 	0.98598 	0.98790 	0.99691 	0.98335 	0.98997 	0.99781 	0.98536 	1.00141 	1.00584 	-0.15972 	-0.16908 	-0.14189 	0.02941 	0.00666 	0.12015 	-0.15109 	-0.15312 	0.01028 	-0.14961 	0.23851 	0.49750 	-0.05253 	-0.05561 	-0.04666 	0.02801 	0.00219 	0.11075 	-0.04969 	-0.05036 	0.00851 	-0.04920 	0.07844 	0.13929 	0.02199	0.06315
Replication79	 -1.27567	0.99867	0.98086 	0.98339 	0.98883 	0.98515 	0.98675 	0.99641 	0.98427 	0.99061 	0.99788 	0.98672 	1.00321 	1.00584 	-0.16561 	-0.16599 	-0.16475 	0.03040 	0.00000 	0.12458 	-0.15655 	-0.16303 	0.01023 	-0.13587 	0.26648 	0.49641 	-0.05446 	-0.05459 	-0.05418 	0.02901 	0.00000 	0.11522 	-0.05149 	-0.05362 	0.00846 	-0.04469 	0.08764 	0.13967 	0.02370	0.06697
Replication80	 -1.30371	0.99866	0.98629 	0.98733 	0.99056 	0.98925 	0.99083 	0.99772 	0.98223 	0.98876 	0.99761 	0.98374 	0.99972 	1.00577 	-0.13232 	-0.14250 	-0.16759 	0.02551 	0.01729 	0.11300 	-0.14400 	-0.16299 	0.01044 	-0.16019 	0.21960 	0.50232 	-0.04352 	-0.04687 	-0.05512 	0.02411 	0.00569 	0.10360 	-0.04736 	-0.05360 	0.00867 	-0.05268 	0.07222 	0.14425 	0.02142	0.05940
Replication81	 -1.29619	0.99880	0.98393 	0.98617 	0.99083 	0.98774 	0.98913 	0.99776 	0.98766 	0.99242 	0.99913 	0.98801 	1.00444 	1.00625 	-0.14899 	-0.14739 	-0.15405 	0.02724 	0.00000 	0.11223 	-0.12022 	-0.14272 	0.00918 	-0.16038 	0.25456 	0.44828 	-0.04899 	-0.04846 	-0.05065 	0.02597 	0.00000 	0.10375 	-0.03953 	-0.04693 	0.00758 	-0.05273 	0.08370 	0.12521 	0.02228	0.05893
Replication82	 -1.30213	0.99881	0.98359 	0.98662 	0.99129 	0.98793 	0.98983 	0.99803 	0.98621 	0.99281 	0.99926 	0.98885 	1.00380 	1.00631 	-0.16148 	-0.13939 	-0.14916 	0.02701 	0.01150 	0.10978 	-0.15349 	-0.12780 	0.00907 	-0.12840 	0.23959 	0.44100 	-0.05309 	-0.04583 	-0.04904 	0.02577 	0.00378 	0.10144 	-0.05046 	-0.04202 	0.00750 	-0.04222 	0.07877 	0.12293 	0.02178	0.05752
Replication83	 -1.27156	0.99846	0.98258 	0.98334 	0.98787 	0.98570 	0.98689 	0.99574 	0.97862 	0.98689 	0.99547 	0.98122 	0.99484 	1.00517 	-0.14086 	-0.17373 	-0.17018 	0.02986 	0.00000 	0.13120 	-0.15736 	-0.13694 	0.01222 	-0.15238 	0.15819 	0.57592 	-0.04635 	-0.05716 	-0.05599 	0.02825 	0.00000 	0.12037 	-0.05177 	-0.04506 	0.01019 	-0.05014 	0.05205 	0.16355 	0.02406	0.06794
Replication84	 -1.30319	0.99829	0.98349 	0.98491 	0.98850 	0.98683 	0.98774 	0.99583 	0.97311 	0.98261 	0.99336 	0.97524 	0.98588 	1.00458 	-0.14314 	-0.14418 	-0.14636 	0.02860 	0.00000 	0.13095 	-0.14540 	-0.12926 	0.01396 	-0.17100 	0.04138 	0.64372 	-0.04711 	-0.04745 	-0.04817 	0.02681 	0.00000 	0.11892 	-0.04785 	-0.04254 	0.01170 	-0.05628 	0.01362 	0.18546 	0.02071	0.06710
Replication85	 -1.32308	0.99848	0.98569 	0.98713 	0.99056 	0.98884 	0.98974 	0.99725 	0.97530 	0.98501 	0.99557 	0.97874 	0.99214 	1.00520 	-0.13293 	-0.13258 	-0.13652 	0.02609 	0.00000 	0.11781 	-0.17610 	-0.14488 	0.01213 	-0.15567 	0.13272 	0.57070 	-0.04373 	-0.04362 	-0.04491 	0.02451 	0.00000 	0.10715 	-0.05794 	-0.04767 	0.01012 	-0.05121 	0.04367 	0.16432 	0.01922	0.06069
Replication86	 -1.29950	0.99863	0.98265 	0.98443 	0.98987 	0.98636 	0.98788 	0.99684 	0.98117 	0.98868 	0.99741 	0.98388 	1.00057 	1.00569 	-0.14863 	-0.16812 	-0.14217 	0.02898 	0.00000 	0.12086 	-0.16844 	-0.16328 	0.01062 	-0.15129 	0.24646 	0.51361 	-0.04888 	-0.05529 	-0.04676 	0.02754 	0.00000 	0.11119 	-0.05540 	-0.05370 	0.00880 	-0.04976 	0.08106 	0.14539 	0.02140	0.06419
Replication87	 -1.30075	0.99846	0.98353 	0.98567 	0.98950 	0.98728 	0.98835 	0.99661 	0.97870 	0.98573 	0.99541 	0.97988 	0.99252 	1.00516 	-0.15028 	-0.13687 	-0.14706 	0.02797 	0.00000 	0.12352 	-0.12705 	-0.15674 	0.01228 	-0.16077 	0.11606 	0.57746 	-0.04944 	-0.04503 	-0.04839 	0.02636 	0.00000 	0.11266 	-0.04180 	-0.05157 	0.01023 	-0.05289 	0.03818 	0.16376 	0.02147	0.06207
Replication88	 -1.31806	0.99832	0.98436 	0.98604 	0.98916 	0.98782 	0.98931 	0.99634 	0.97087 	0.98190 	0.99360 	0.97493 	0.98667 	1.00462 	-0.14670 	-0.13515 	-0.14766 	0.02739 	0.01699 	0.12638 	-0.18402 	-0.14692 	0.01376 	-0.15509 	0.07459 	0.63725 	-0.04828 	-0.04448 	-0.04860 	0.02563 	0.00559 	0.11454 	-0.06056 	-0.04835 	0.01153 	-0.05104 	0.02455 	0.18606 	0.01917	0.06659
Replication89	 -1.30380	0.99854	0.98488 	0.98640 	0.99000 	0.98842 	0.99149 	0.99725 	0.97934 	0.98663 	0.99611 	0.98113 	0.99436 	1.00537 	-0.15263 	-0.15464 	-0.16503 	0.02656 	0.05245 	0.11761 	-0.13914 	-0.15652 	0.01168 	-0.15322 	0.14064 	0.55096 	-0.05021 	-0.05087 	-0.05429 	0.02503 	0.01725 	0.10730 	-0.04577 	-0.05149 	0.00974 	-0.05040 	0.04627 	0.15817 	0.02128	0.06072
Replication90	 -1.29963	0.99838	0.98152 	0.98418 	0.98863 	0.98577 	0.98703 	0.99593 	0.97554 	0.98390 	0.99469 	0.97792 	0.99226 	1.00489 	-0.16393 	-0.14464 	-0.14491 	0.02982 	0.00000 	0.12979 	-0.15853 	-0.17643 	0.01288 	-0.16231 	0.14948 	0.60775 	-0.05394 	-0.04759 	-0.04768 	0.02812 	0.00000 	0.11841 	-0.05217 	-0.05806 	0.01073 	-0.05341 	0.04919 	0.17403 	0.02104	0.06763
Replication91	 -1.31070	0.99866	0.98478 	0.98664 	0.99081 	0.98835 	0.99009 	0.99762 	0.98102 	0.98871 	0.99758 	0.98365 	0.99937 	1.00577 	-0.14507 	-0.14566 	-0.14803 	0.02659 	0.01397 	0.11387 	-0.16410 	-0.15309 	0.01047 	-0.15171 	0.21850 	0.50363 	-0.04771 	-0.04791 	-0.04868 	0.02518 	0.00459 	0.10442 	-0.05397 	-0.05035 	0.00869 	-0.04989 	0.07186 	0.14354 	0.02064	0.05977
Replication92	 -1.28828	0.99854	0.98051 	0.98257 	0.98879 	0.98463 	0.98657 	0.99602 	0.97990 	0.98771 	0.99643 	0.98158 	0.99821 	1.00542 	-0.16194 	-0.18391 	-0.14122 	0.03110 	0.00543 	0.12846 	-0.15788 	-0.13831 	0.01143 	-0.18176 	0.21967 	0.54674 	-0.05327 	-0.06050 	-0.04646 	0.02957 	0.00178 	0.11816 	-0.05194 	-0.04550 	0.00949 	-0.05979 	0.07226 	0.15446 	0.02220	0.06827
Replication93	 -1.30125	0.99859	0.98437 	0.98674 	0.98997 	0.98833 	0.99078 	0.99732 	0.98046 	0.98734 	0.99671 	0.98156 	0.99716 	1.00551 	-0.16002 	-0.13536 	-0.17096 	0.02664 	0.03721 	0.11679 	-0.13955 	-0.15749 	0.01119 	-0.17456 	0.19168 	0.53298 	-0.05263 	-0.04452 	-0.05623 	0.02516 	0.01224 	0.10683 	-0.04590 	-0.05180 	0.00931 	-0.05742 	0.06305 	0.15369 	0.02145	0.06177
Replication94	 -1.34040	0.99858	0.98916 	0.98958 	0.99223 	0.99166 	0.99441 	0.99858 	0.97788 	0.98635 	0.99631 	0.98059 	0.99127 	1.00548 	-0.12163 	-0.13988 	-0.14268 	0.02267 	0.05352 	0.10571 	-0.14587 	-0.13767 	0.01150 	-0.13870 	0.07834 	0.53652 	-0.04001 	-0.04601 	-0.04693 	0.02118 	0.01761 	0.09570 	-0.04798 	-0.04528 	0.00962 	-0.04562 	0.02577 	0.15497 	0.01816	0.05300
Replication95	 -1.30574	0.99886	0.98507 	0.98757 	0.99167 	0.98890 	0.99017 	0.99836 	0.98709 	0.99326 	0.99969 	0.98955 	1.00503 	1.00644 	-0.14682 	-0.13137 	-0.15240 	0.02583 	0.00000 	0.10668 	-0.15087 	-0.13535 	0.00871 	-0.12790 	0.25591 	0.42607 	-0.04827 	-0.04319 	-0.05010 	0.02463 	0.00000 	0.09862 	-0.04960 	-0.04450 	0.00719 	-0.04205 	0.08413 	0.11925 	0.02153	0.05612
Replication96	 -1.28669	0.99870	0.98441 	0.98581 	0.99026 	0.98770 	0.98896 	0.99736 	0.98590 	0.99140 	0.99808 	0.98820 	1.00039 	1.00598 	-0.13866 	-0.15561 	-0.15684 	0.02733 	0.00000 	0.11609 	-0.12808 	-0.15408 	0.01006 	-0.10347 	0.17757 	0.48227 	-0.04560 	-0.05117 	-0.05158 	0.02597 	0.00000 	0.10693 	-0.04212 	-0.05067 	0.00833 	-0.03403 	0.05840 	0.13328 	0.02343	0.05774
Replication97	 -1.30448	0.99864	0.98434 	0.98623 	0.99049 	0.98790 	0.98911 	0.99736 	0.98067 	0.98887 	0.99736 	0.98426 	0.99858 	1.00572 	-0.14340 	-0.14432 	-0.14596 	0.02713 	0.00000 	0.11628 	-0.17239 	-0.14826 	0.01065 	-0.13002 	0.19886 	0.51014 	-0.04716 	-0.04747 	-0.04801 	0.02571 	0.00000 	0.10668 	-0.05670 	-0.04876 	0.00885 	-0.04276 	0.06540 	0.14425 	0.02128	0.06002
Replication98	 -1.29449	0.99843	0.98279 	0.98500 	0.98890 	0.98665 	0.98774 	0.99624 	0.97637 	0.98540 	0.99501 	0.97969 	0.99175 	1.00504 	-0.15461 	-0.13999 	-0.15216 	0.02874 	0.00000 	0.12692 	-0.16357 	-0.14497 	0.01260 	-0.13997 	0.11493 	0.59019 	-0.05087 	-0.04606 	-0.05006 	0.02709 	0.00000 	0.11584 	-0.05382 	-0.04770 	0.01051 	-0.04606 	0.03782 	0.16812 	0.02188	0.06481
Replication99	 -1.33727	0.99898	0.98780 	0.98871 	0.99337 	0.99053 	0.99184 	0.99935 	0.98873 	0.99371 	1.00103 	0.98961 	1.00922 	1.00678 	-0.11610 	-0.15135 	-0.13238 	0.02381 	0.00000 	0.09749 	-0.14362 	-0.15879 	0.00759 	-0.16632 	0.33766 	0.38364 	-0.03816 	-0.04974 	-0.04351 	0.02274 	0.00000 	0.09030 	-0.04720 	-0.05219 	0.00624 	-0.05466 	0.11098 	0.10958 	0.01835	0.05437
Replication100	 -1.28329	0.99876	0.98133 	0.98388 	0.98978 	0.98561 	0.98735 	0.99695 	0.98797 	0.99239 	0.99884 	0.98823 	1.00508 	1.00615 	-0.16276 	-0.16927 	-0.15265 	0.02981 	0.00000 	0.11947 	-0.11878 	-0.15095 	0.00943 	-0.15817 	0.26930 	0.46137 	-0.05352 	-0.05566 	-0.05020 	0.02851 	0.00000 	0.11072 	-0.03906 	-0.04963 	0.00779 	-0.05201 	0.08855 	0.12806 	0.02322	0.06354
Replication101	 -1.34648	0.99885	0.98775 	0.98928 	0.99365 	0.99093 	0.99315 	0.99938 	0.98355 	0.99133 	0.99962 	0.98732 	1.00289 	1.00640 	-0.12948 	-0.14326 	-0.12143 	0.02340 	0.02514 	0.09769 	-0.17802 	-0.14958 	0.00877 	-0.12426 	0.24425 	0.42909 	-0.04257 	-0.04710 	-0.03992 	0.02220 	0.00826 	0.08962 	-0.05853 	-0.04917 	0.00725 	-0.04085 	0.08030 	0.12169 	0.01770	0.05119
Replication102	 -1.29496	0.99896	0.98443 	0.98558 	0.99121 	0.98765 	0.98926 	0.99809 	0.99137 	0.99582 	1.00086 	0.99230 	1.01015 	1.00677 	-0.13460 	-0.17634 	-0.15604 	0.02726 	0.00000 	0.10868 	-0.13215 	-0.12937 	0.00774 	-0.14734 	0.32313 	0.38674 	-0.04424 	-0.05796 	-0.05129 	0.02617 	0.00000 	0.10136 	-0.04344 	-0.04252 	0.00636 	-0.04843 	0.10621 	0.10787 	0.02230	0.06010
Replication103	 -1.29371	0.99842	0.98151 	0.98440 	0.98878 	0.98588 	0.98715 	0.99608 	0.97759 	0.98522 	0.99511 	0.98023 	0.99291 	1.00504 	-0.16663 	-0.14061 	-0.14775 	0.02966 	0.00000 	0.12829 	-0.14865 	-0.17807 	0.01253 	-0.13522 	0.13337 	0.59117 	-0.05483 	-0.04627 	-0.04862 	0.02800 	0.00000 	0.11717 	-0.04891 	-0.05859 	0.01044 	-0.04449 	0.04388 	0.16751 	0.02191	0.06530
Replication104	 -1.28937	0.99862	0.98283 	0.98487 	0.98943 	0.98665 	0.98817 	0.99679 	0.98183 	0.98884 	0.99731 	0.98435 	1.00046 	1.00567 	-0.15368 	-0.15465 	-0.16149 	0.02863 	0.00504 	0.12133 	-0.16004 	-0.16780 	0.01070 	-0.14403 	0.23762 	0.51590 	-0.05055 	-0.05087 	-0.05311 	0.02719 	0.00166 	0.11163 	-0.05264 	-0.05519 	0.00888 	-0.04737 	0.07816 	0.14655 	0.02248	0.06433
Replication105	 -1.27425	0.99878	0.98114 	0.98485 	0.98953 	0.98603 	0.98754 	0.99706 	0.98788 	0.99330 	0.99900 	0.98947 	1.00519 	1.00622 	-0.17756 	-0.13767 	-0.17288 	0.02930 	0.00000 	0.11839 	-0.13652 	-0.13147 	0.00929 	-0.13759 	0.26062 	0.45187 	-0.05838 	-0.04527 	-0.05684 	0.02802 	0.00000 	0.10984 	-0.04489 	-0.04323 	0.00768 	-0.04524 	0.08569 	0.12601 	0.02422	0.06340
Replication106	 -1.26635	0.99811	0.97799 	0.98009 	0.98521 	0.98231 	0.98389 	0.99365 	0.97153 	0.98043 	0.99163 	0.97352 	0.98493 	1.00401 	-0.17592 	-0.17880 	-0.16530 	0.03409 	0.00572 	0.15087 	-0.14306 	-0.16877 	0.01542 	-0.16705 	0.05753 	0.71181 	-0.05792 	-0.05887 	-0.05442 	0.03211 	0.00188 	0.13756 	-0.04710 	-0.05556 	0.01291 	-0.05500 	0.01894 	0.20497 	0.02347	0.07950
Replication107	 -1.29727	0.99869	0.98328 	0.98647 	0.99045 	0.98769 	0.98934 	0.99748 	0.98252 	0.99039 	0.99780 	0.98496 	0.99946 	1.00589 	-0.16519 	-0.12834 	-0.15607 	0.02735 	0.01009 	0.11502 	-0.15748 	-0.11091 	0.01028 	-0.15390 	0.19633 	0.49076 	-0.05433 	-0.04221 	-0.05133 	0.02598 	0.00332 	0.10577 	-0.05179 	-0.03647 	0.00854 	-0.05061 	0.06457 	0.13844 	0.02207	0.05988
Replication108	 -1.31362	0.99844	0.98447 	0.98654 	0.99002 	0.98816 	0.98979 	0.99694 	0.97643 	0.98490 	0.99507 	0.97883 	0.99029 	1.00508 	-0.14986 	-0.13364 	-0.14345 	0.02692 	0.01681 	0.12066 	-0.14588 	-0.14695 	0.01255 	-0.15022 	0.08696 	0.58589 	-0.04931 	-0.04397 	-0.04720 	0.02529 	0.00553 	0.10968 	-0.04800 	-0.04835 	0.01048 	-0.04943 	0.02861 	0.16759 	0.02021	0.06093
Replication109	 -1.29338	0.99863	0.98406 	0.98620 	0.99012 	0.98777 	0.98891 	0.99723 	0.98298 	0.98944 	0.99729 	0.98468 	0.99820 	1.00573 	-0.14825 	-0.13778 	-0.15616 	0.02730 	0.00000 	0.11748 	-0.13399 	-0.14338 	0.01071 	-0.14241 	0.17326 	0.51069 	-0.04876 	-0.04532 	-0.05136 	0.02586 	0.00000 	0.10784 	-0.04407 	-0.04716 	0.00889 	-0.04684 	0.05698 	0.14331 	0.02254	0.05938
Replication110	 -1.27888	0.99852	0.98317 	0.98517 	0.98844 	0.98686 	0.98782 	0.99632 	0.97986 	0.98697 	0.99606 	0.98151 	0.99688 	1.00531 	-0.15252 	-0.13631 	-0.18063 	0.02844 	0.00000 	0.12589 	-0.14658 	-0.16208 	0.01173 	-0.16376 	0.19440 	0.55799 	-0.05017 	-0.04484 	-0.05942 	0.02689 	0.00000 	0.11545 	-0.04822 	-0.05332 	0.00977 	-0.05387 	0.06395 	0.16005 	0.02343	0.06625
Replication111	 -1.29839	0.99846	0.98230 	0.98481 	0.98933 	0.98644 	0.98804 	0.99644 	0.97811 	0.98606 	0.99548 	0.98067 	0.99304 	1.00518 	-0.16100 	-0.14736 	-0.14332 	0.02897 	0.00805 	0.12504 	-0.14860 	-0.15454 	0.01222 	-0.14135 	0.12513 	0.57515 	-0.05297 	-0.04848 	-0.04715 	0.02736 	0.00265 	0.11421 	-0.04889 	-0.05085 	0.01018 	-0.04651 	0.04117 	0.16257 	0.02161	0.06329
Replication112	 -1.30450	0.99879	0.98400 	0.98572 	0.99102 	0.98755 	0.98906 	0.99774 	0.98566 	0.99184 	0.99913 	0.98768 	1.00483 	1.00623 	-0.14207 	-0.16270 	-0.14312 	0.02747 	0.00000 	0.11242 	-0.15360 	-0.15177 	0.00919 	-0.14701 	0.27902 	0.45090 	-0.04671 	-0.05349 	-0.04706 	0.02620 	0.00000 	0.10391 	-0.05050 	-0.04990 	0.00759 	-0.04834 	0.09174 	0.12666 	0.02127	0.06010
Replication113	 -1.29579	0.99868	0.98247 	0.98448 	0.99018 	0.98647 	0.98915 	0.99714 	0.98383 	0.99028 	0.99789 	0.98543 	1.00090 	1.00588 	-0.15908 	-0.17705 	-0.14591 	0.02883 	0.02690 	0.11809 	-0.14214 	-0.14161 	0.01022 	-0.15435 	0.22165 	0.49242 	-0.05232 	-0.05823 	-0.04798 	0.02744 	0.00885 	0.10878 	-0.04675 	-0.04657 	0.00847 	-0.05076 	0.07289 	0.13792 	0.02204	0.06174
Replication114	 -1.28830	0.99850	0.98281 	0.98488 	0.98932 	0.98662 	0.98786 	0.99648 	0.98002 	0.98788 	0.99576 	0.98274 	0.99258 	1.00533 	-0.15254 	-0.14918 	-0.14678 	0.02874 	0.00000 	0.12452 	-0.13796 	-0.12060 	0.01198 	-0.12355 	0.08334 	0.55912 	-0.05018 	-0.04908 	-0.04829 	0.02717 	0.00000 	0.11394 	-0.04539 	-0.03967 	0.00999 	-0.04065 	0.02742 	0.15600 	0.02290	0.06125
Replication115	 -1.29553	0.99873	0.98647 	0.98631 	0.99049 	0.98872 	0.98992 	0.99763 	0.98465 	0.99077 	0.99843 	0.98662 	1.00263 	1.00602 	-0.11401 	-0.16950 	-0.16375 	0.02610 	0.00275 	0.11358 	-0.14694 	-0.15906 	0.00977 	-0.14174 	0.24662 	0.47389 	-0.03749 	-0.05574 	-0.05385 	0.02477 	0.00090 	0.10467 	-0.04832 	-0.05230 	0.00809 	-0.04661 	0.08110 	0.13438 	0.02228	0.05961
Replication116	 -1.29841	0.99836	0.98210 	0.98370 	0.98848 	0.98572 	0.98699 	0.99576 	0.97439 	0.98379 	0.99431 	0.97691 	0.99045 	1.00481 	-0.14992 	-0.16281 	-0.14117 	0.02988 	0.00000 	0.13139 	-0.16351 	-0.14293 	0.01319 	-0.17357 	0.12107 	0.61727 	-0.04934 	-0.05358 	-0.04646 	0.02816 	0.00000 	0.11983 	-0.05381 	-0.04704 	0.01101 	-0.05712 	0.03984 	0.17677 	0.02110	0.06828
Replication117	 -1.30483	0.99847	0.98224 	0.98549 	0.98943 	0.98672 	0.98790 	0.99654 	0.97641 	0.98544 	0.99547 	0.97879 	0.99344 	1.00515 	-0.16726 	-0.12606 	-0.14534 	0.02863 	0.00000 	0.12413 	-0.16497 	-0.13854 	0.01222 	-0.17607 	0.15612 	0.57640 	-0.05503 	-0.04147 	-0.04782 	0.02703 	0.00000 	0.11334 	-0.05428 	-0.04558 	0.01019 	-0.05793 	0.05136 	0.16521 	0.02074	0.06502
Replication118	 -1.30450	0.99869	0.98437 	0.98637 	0.99081 	0.98800 	0.98928 	0.99760 	0.98478 	0.98993 	0.99808 	0.98500 	1.00109 	1.00592 	-0.14438 	-0.14496 	-0.14601 	0.02699 	0.00000 	0.11393 	-0.11952 	-0.15962 	0.01006 	-0.16863 	0.22378 	0.48695 	-0.04748 	-0.04767 	-0.04802 	0.02562 	0.00000 	0.10475 	-0.03930 	-0.05249 	0.00833 	-0.05545 	0.07359 	0.13688 	0.02140	0.05875
Replication119	 -1.28907	0.99889	0.98443 	0.98621 	0.99071 	0.98808 	0.99052 	0.99801 	0.98924 	0.99417 	1.00005 	0.99143 	1.00787 	1.00652 	-0.15034 	-0.16077 	-0.17722 	0.02679 	0.02742 	0.10966 	-0.14374 	-0.15831 	0.00841 	-0.11697 	0.29669 	0.41545 	-0.04942 	-0.05285 	-0.05826 	0.02562 	0.00901 	0.10184 	-0.04725 	-0.05204 	0.00694 	-0.03845 	0.09753 	0.11749 	0.02293	0.06017
Replication120	 -1.31808	0.99881	0.98492 	0.98734 	0.99186 	0.98877 	0.99039 	0.99833 	0.98464 	0.99160 	0.99927 	0.98709 	1.00414 	1.00628 	-0.14744 	-0.13946 	-0.14051 	0.02600 	0.00688 	0.10713 	-0.16379 	-0.14319 	0.00906 	-0.14972 	0.27105 	0.44392 	-0.04847 	-0.04585 	-0.04620 	0.02476 	0.00226 	0.09877 	-0.05385 	-0.04708 	0.00749 	-0.04923 	0.08911 	0.12569 	0.02008	0.05741
Replication121	 -1.27385	0.99850	0.97939 	0.98188 	0.98791 	0.98382 	0.98552 	0.99553 	0.97895 	0.98782 	0.99605 	0.98256 	0.99748 	1.00532 	-0.17068 	-0.17856 	-0.15284 	0.03208 	0.00000 	0.13290 	-0.18007 	-0.13697 	0.01175 	-0.14420 	0.20412 	0.55891 	-0.05615 	-0.05874 	-0.05028 	0.03052 	0.00000 	0.12236 	-0.05924 	-0.04506 	0.00977 	-0.04744 	0.06715 	0.15755 	0.02356	0.07043
Replication122	 -1.31352	0.99832	0.98157 	0.98500 	0.98892 	0.98620 	0.98735 	0.99602 	0.97292 	0.98219 	0.99397 	0.97587 	0.98928 	1.00468 	-0.17164 	-0.12422 	-0.13715 	0.02932 	0.00000 	0.12919 	-0.16689 	-0.17999 	0.01348 	-0.15991 	0.11652 	0.63173 	-0.05649 	-0.04088 	-0.04513 	0.02757 	0.00000 	0.11740 	-0.05492 	-0.05923 	0.01126 	-0.05263 	0.03835 	0.18228 	0.01955	0.06756
Replication123	 -1.32179	0.99879	0.98514 	0.98760 	0.99196 	0.98918 	0.99232 	0.99851 	0.98510 	0.99067 	0.99901 	0.98617 	1.00327 	1.00619 	-0.15785 	-0.14745 	-0.14908 	0.02553 	0.04640 	0.10557 	-0.13751 	-0.16725 	0.00928 	-0.15982 	0.25864 	0.45379 	-0.05190 	-0.04848 	-0.04902 	0.02426 	0.01526 	0.09706 	-0.04521 	-0.05499 	0.00768 	-0.05255 	0.08504 	0.12957 	0.01976	0.05671
Replication124	 -1.29271	0.99900	0.98363 	0.98656 	0.99125 	0.98792 	0.98992 	0.99834 	0.99181 	0.99647 	1.00113 	0.99320 	1.01073 	1.00686 	-0.16141 	-0.14409 	-0.17118 	0.02692 	0.01231 	0.10636 	-0.13787 	-0.12323 	0.00751 	-0.13791 	0.32513 	0.37489 	-0.05305 	-0.04736 	-0.05626 	0.02586 	0.00404 	0.09929 	-0.04531 	-0.04050 	0.00617 	-0.04532 	0.10686 	0.10547 	0.02256	0.05990
Replication125	 -1.28722	0.99876	0.98419 	0.98512 	0.98988 	0.98727 	0.98860 	0.99724 	0.98580 	0.99150 	0.99875 	0.98725 	1.00505 	1.00610 	-0.13466 	-0.16915 	-0.16761 	0.02782 	0.00000 	0.11692 	-0.14661 	-0.15816 	0.00950 	-0.15595 	0.29010 	0.46499 	-0.04428 	-0.05562 	-0.05511 	0.02652 	0.00000 	0.10818 	-0.04821 	-0.05200 	0.00785 	-0.05128 	0.09539 	0.13204 	0.02279	0.06348
Replication126	 -1.33128	0.99899	0.98636 	0.98801 	0.99286 	0.98964 	0.99106 	0.99906 	0.98764 	0.99404 	1.00108 	0.98999 	1.01019 	1.00678 	-0.13034 	-0.14883 	-0.13825 	0.02487 	0.00000 	0.10008 	-0.17408 	-0.14694 	0.00755 	-0.15785 	0.36327 	0.38188 	-0.04284 	-0.04891 	-0.04544 	0.02381 	0.00000 	0.09294 	-0.05721 	-0.04829 	0.00621 	-0.05188 	0.11939 	0.11002 	0.01864	0.05779
Replication127	 -1.30425	0.99844	0.98269 	0.98554 	0.98942 	0.98691 	0.98804 	0.99651 	0.97683 	0.98520 	0.99521 	0.97871 	0.99212 	1.00509 	-0.16121 	-0.12937 	-0.14414 	0.02842 	0.00000 	0.12447 	-0.14827 	-0.14279 	0.01244 	-0.17104 	0.12600 	0.58457 	-0.05304 	-0.04257 	-0.04743 	0.02679 	0.00000 	0.11351 	-0.04879 	-0.04698 	0.01038 	-0.05628 	0.04146 	0.16683 	0.02092	0.06389
Replication128	 -1.31311	0.99886	0.98506 	0.98671 	0.99173 	0.98846 	0.98991 	0.99827 	0.98775 	0.99265 	0.99988 	0.98867 	1.00693 	1.00644 	-0.13675 	-0.15604 	-0.14269 	0.02635 	0.00000 	0.10749 	-0.13693 	-0.16310 	0.00856 	-0.15741 	0.30488 	0.42512 	-0.04496 	-0.05130 	-0.04691 	0.02515 	0.00000 	0.09948 	-0.04501 	-0.05362 	0.00705 	-0.05175 	0.10023 	0.11990 	0.02053	0.05827
Replication129	 -1.31350	0.99883	0.98285 	0.98549 	0.99192 	0.98706 	0.98892 	0.99803 	0.98851 	0.99319 	0.99962 	0.98875 	1.00475 	1.00642 	-0.15467 	-0.16595 	-0.11619 	0.02804 	0.00000 	0.10970 	-0.11635 	-0.13185 	0.00878 	-0.15967 	0.24662 	0.43089 	-0.05085 	-0.05456 	-0.03820 	0.02682 	0.00000 	0.10147 	-0.03825 	-0.04335 	0.00723 	-0.05249 	0.08108 	0.11755 	0.02067	0.05644
Replication130	 -1.28717	0.99857	0.98246 	0.98515 	0.98943 	0.98664 	0.98802 	0.99671 	0.98102 	0.98878 	0.99668 	0.98372 	0.99675 	1.00555 	-0.16166 	-0.14105 	-0.15646 	0.02867 	0.00275 	0.12218 	-0.15254 	-0.13073 	0.01122 	-0.13804 	0.16123 	0.53152 	-0.05317 	-0.04640 	-0.05147 	0.02718 	0.00090 	0.11215 	-0.05018 	-0.04300 	0.00933 	-0.04541 	0.05303 	0.14936 	0.02292	0.06233
Replication131	 -1.29998	0.99858	0.98290 	0.98390 	0.98987 	0.98628 	0.98863 	0.99675 	0.98079 	0.98811 	0.99684 	0.98309 	0.99792 	1.00556 	-0.14391 	-0.19105 	-0.13601 	0.02911 	0.01934 	0.12190 	-0.15328 	-0.15619 	0.01109 	-0.14870 	0.19555 	0.53068 	-0.04734 	-0.06284 	-0.04474 	0.02762 	0.00636 	0.11189 	-0.05042 	-0.05138 	0.00921 	-0.04891 	0.06432 	0.14914 	0.02147	0.06291
Replication132	 -1.29892	0.99869	0.98371 	0.98514 	0.99031 	0.98712 	0.98856 	0.99724 	0.98395 	0.99008 	0.99809 	0.98508 	1.00208 	1.00591 	-0.14067 	-0.16653 	-0.14632 	0.02804 	0.00000 	0.11715 	-0.14166 	-0.15274 	0.01005 	-0.16779 	0.25081 	0.48797 	-0.04626 	-0.05476 	-0.04812 	0.02667 	0.00000 	0.10795 	-0.04659 	-0.05023 	0.00832 	-0.05518 	0.08248 	0.13754 	0.02170	0.06182
Replication133	 -1.29136	0.99866	0.98268 	0.98544 	0.98997 	0.98701 	0.98938 	0.99719 	0.98320 	0.98997 	0.99766 	0.98559 	1.00009 	1.00582 	-0.16716 	-0.14958 	-0.16091 	0.02818 	0.02533 	0.11770 	-0.14911 	-0.14900 	0.01041 	-0.13521 	0.20749 	0.49931 	-0.05498 	-0.04919 	-0.05292 	0.02678 	0.00833 	0.10829 	-0.04904 	-0.04900 	0.00863 	-0.04447 	0.06824 	0.14070 	0.02256	0.06137
Replication134	 -1.31071	0.99849	0.98279 	0.98516 	0.99000 	0.98683 	0.98863 	0.99677 	0.97852 	0.98597 	0.99583 	0.97951 	0.99397 	1.00526 	-0.15731 	-0.15185 	-0.13227 	0.02849 	0.01125 	0.12196 	-0.13644 	-0.14780 	0.01193 	-0.18191 	0.14905 	0.56454 	-0.05175 	-0.04996 	-0.04352 	0.02691 	0.00370 	0.11134 	-0.04489 	-0.04863 	0.00993 	-0.05985 	0.04904 	0.16014 	0.02036	0.06247
Replication135	 -1.31159	0.99883	0.98555 	0.98749 	0.99171 	0.98903 	0.99028 	0.99833 	0.98733 	0.99202 	0.99948 	0.98818 	1.00516 	1.00633 	-0.13854 	-0.13914 	-0.14869 	0.02568 	0.00000 	0.10707 	-0.12830 	-0.16944 	0.00889 	-0.14885 	0.27237 	0.43809 	-0.04555 	-0.04574 	-0.04888 	0.02446 	0.00000 	0.09881 	-0.04218 	-0.05571 	0.00734 	-0.04894 	0.08955 	0.12342 	0.02086	0.05657
Replication136	 -1.30306	0.99852	0.98436 	0.98543 	0.98979 	0.98747 	0.98862 	0.99680 	0.97829 	0.98666 	0.99607 	0.98053 	0.99488 	1.00534 	-0.13482 	-0.15742 	-0.14422 	0.02771 	0.00000 	0.12167 	-0.15746 	-0.13851 	0.01172 	-0.16657 	0.16176 	0.55496 	-0.04435 	-0.05179 	-0.04744 	0.02616 	0.00000 	0.11125 	-0.05180 	-0.04557 	0.00976 	-0.05480 	0.05322 	0.15793 	0.02118	0.06257
Replication137	 -1.28845	0.99846	0.98084 	0.98350 	0.98881 	0.98518 	0.98669 	0.99601 	0.97933 	0.98662 	0.99554 	0.98194 	0.99395 	1.00519 	-0.16627 	-0.15901 	-0.14015 	0.03047 	0.00000 	0.12884 	-0.14307 	-0.16481 	0.01218 	-0.12644 	0.13073 	0.57499 	-0.05470 	-0.05232 	-0.04611 	0.02886 	0.00000 	0.11796 	-0.04707 	-0.05422 	0.01013 	-0.04160 	0.04301 	0.16078 	0.02254	0.06472
Replication138	 -1.30849	0.99842	0.98414 	0.98563 	0.98956 	0.98754 	0.98912 	0.99661 	0.97578 	0.98452 	0.99495 	0.97913 	0.99105 	1.00501 	-0.14401 	-0.14932 	-0.14449 	0.02767 	0.01343 	0.12366 	-0.16108 	-0.16795 	0.01265 	-0.13341 	0.10894 	0.59335 	-0.04738 	-0.04913 	-0.04754 	0.02602 	0.00442 	0.11254 	-0.05300 	-0.05526 	0.01056 	-0.04390 	0.03585 	0.16970 	0.02056	0.06286
Replication139	 -1.28775	0.99858	0.98227 	0.98406 	0.98905 	0.98607 	0.98799 	0.99648 	0.98179 	0.98795 	0.99684 	0.98260 	0.99953 	1.00552 	-0.15515 	-0.16871 	-0.15998 	0.02936 	0.01309 	0.12422 	-0.13752 	-0.16916 	0.01109 	-0.17550 	0.23221 	0.53354 	-0.05103 	-0.05549 	-0.05262 	0.02787 	0.00431 	0.11420 	-0.04523 	-0.05564 	0.00920 	-0.05773 	0.07638 	0.15178 	0.02249	0.06599
Replication140	 -1.30755	0.99867	0.98388 	0.98612 	0.99057 	0.98777 	0.98970 	0.99749 	0.98076 	0.98908 	0.99778 	0.98450 	1.00069 	1.00582 	-0.15327 	-0.14824 	-0.15056 	0.02727 	0.01593 	0.11498 	-0.18408 	-0.15711 	0.01030 	-0.13725 	0.24375 	0.49748 	-0.05040 	-0.04875 	-0.04952 	0.02588 	0.00524 	0.10566 	-0.06054 	-0.05167 	0.00854 	-0.04514 	0.08016 	0.14215 	0.02079	0.06162
Replication141	 -1.27712	0.99828	0.98121 	0.98268 	0.98706 	0.98483 	0.98597 	0.99500 	0.97418 	0.98324 	0.99345 	0.97711 	0.98865 	1.00457 	-0.15410 	-0.16466 	-0.16245 	0.03100 	0.00000 	0.13839 	-0.15642 	-0.15479 	0.01391 	-0.14758 	0.08728 	0.64632 	-0.05072 	-0.05419 	-0.05347 	0.02919 	0.00000 	0.12628 	-0.05148 	-0.05095 	0.01162 	-0.04857 	0.02873 	0.18496 	0.02310	0.07140
Replication142	 -1.29459	0.99851	0.98103 	0.98420 	0.98910 	0.98562 	0.98707 	0.99632 	0.97894 	0.98675 	0.99616 	0.98165 	0.99687 	1.00533 	-0.17104 	-0.14563 	-0.14622 	0.02992 	0.00000 	0.12590 	-0.16319 	-0.16933 	0.01166 	-0.14921 	0.19875 	0.55665 	-0.05627 	-0.04791 	-0.04810 	0.02836 	0.00000 	0.11543 	-0.05368 	-0.05571 	0.00969 	-0.04909 	0.06538 	0.15785 	0.02175	0.06596
Replication143	 -1.29847	0.99866	0.98416 	0.98599 	0.99019 	0.98771 	0.98891 	0.99727 	0.98207 	0.98920 	0.99762 	0.98465 	1.00032 	1.00578 	-0.14410 	-0.14590 	-0.15530 	0.02736 	0.00000 	0.11701 	-0.15944 	-0.16016 	0.01044 	-0.14286 	0.22780 	0.50337 	-0.04739 	-0.04798 	-0.05108 	0.02595 	0.00000 	0.10755 	-0.05244 	-0.05267 	0.00866 	-0.04699 	0.07492 	0.14277 	0.02180	0.06130
Replication144	 -1.28792	0.99844	0.98170 	0.98381 	0.98849 	0.98564 	0.98694 	0.99593 	0.97727 	0.98572 	0.99526 	0.98013 	0.99379 	1.00509 	-0.15773 	-0.15654 	-0.15201 	0.02994 	0.00000 	0.12956 	-0.16179 	-0.15550 	0.01241 	-0.14914 	0.15293 	0.58551 	-0.05190 	-0.05150 	-0.05001 	0.02831 	0.00000 	0.11856 	-0.05323 	-0.05116 	0.01034 	-0.04907 	0.05032 	0.16634 	0.02237	0.06697
Replication145	 -1.28006	0.99891	0.98306 	0.98520 	0.99016 	0.98697 	0.98888 	0.99762 	0.99075 	0.99514 	1.00031 	0.99204 	1.00961 	1.00659 	-0.15533 	-0.16214 	-0.17853 	0.02810 	0.01005 	0.11299 	-0.13461 	-0.14504 	0.00819 	-0.13551 	0.32150 	0.40672 	-0.05106 	-0.05330 	-0.05869 	0.02696 	0.00330 	0.10532 	-0.04425 	-0.04768 	0.00675 	-0.04454 	0.10568 	0.11459 	0.02361	0.06310
Replication146	 -1.29152	0.99859	0.98226 	0.98556 	0.98964 	0.98686 	0.98875 	0.99692 	0.98299 	0.98838 	0.99689 	0.98346 	0.99798 	1.00558 	-0.17256 	-0.13366 	-0.16020 	0.02841 	0.01591 	0.12030 	-0.11634 	-0.16654 	0.01105 	-0.15892 	0.18209 	0.52797 	-0.05676 	-0.04397 	-0.05269 	0.02693 	0.00523 	0.11035 	-0.03827 	-0.05478 	0.00918 	-0.05227 	0.05990 	0.14895 	0.02250	0.06179
Replication147	 -1.27862	0.99847	0.98287 	0.98434 	0.98841 	0.98633 	0.98744 	0.99607 	0.97923 	0.98683 	0.99549 	0.98122 	0.99385 	1.00519 	-0.14714 	-0.15493 	-0.16550 	0.02910 	0.00000 	0.12825 	-0.14084 	-0.13972 	0.01221 	-0.15081 	0.13193 	0.57389 	-0.04841 	-0.05097 	-0.05445 	0.02750 	0.00000 	0.11745 	-0.04634 	-0.04597 	0.01018 	-0.04962 	0.04341 	0.16245 	0.02356	0.06523
Replication148	 -1.31095	0.99880	0.98527 	0.98669 	0.99175 	0.98853 	0.98994 	0.99815 	0.98706 	0.99213 	0.99916 	0.98768 	1.00323 	1.00627 	-0.13323 	-0.15820 	-0.13443 	0.02630 	0.00000 	0.10872 	-0.12134 	-0.14115 	0.00916 	-0.15476 	0.23155 	0.44635 	-0.04381 	-0.05201 	-0.04420 	0.02504 	0.00000 	0.10025 	-0.03989 	-0.04641 	0.00756 	-0.05088 	0.07613 	0.12373 	0.02103	0.05551
Replication149	 -1.26533	0.99854	0.98129 	0.98308 	0.98782 	0.98510 	0.98645 	0.99580 	0.98018 	0.98874 	0.99634 	0.98279 	0.99802 	1.00543 	-0.15736 	-0.16676 	-0.17615 	0.03052 	0.00000 	0.13035 	-0.16761 	-0.11203 	0.01150 	-0.16525 	0.20310 	0.54509 	-0.05176 	-0.05486 	-0.05795 	0.02900 	0.00000 	0.12010 	-0.05514 	-0.03685 	0.00957 	-0.05436 	0.06681 	0.15475 	0.02460	0.06931
Replication150	 -1.32418	0.99883	0.98701 	0.98866 	0.99233 	0.99037 	0.99306 	0.99888 	0.98412 	0.99131 	0.99930 	0.98684 	1.00338 	1.00630 	-0.14026 	-0.14238 	-0.15483 	0.02407 	0.04062 	0.10223 	-0.16611 	-0.14529 	0.00902 	-0.14461 	0.25782 	0.44006 	-0.04611 	-0.04681 	-0.05090 	0.02285 	0.01336 	0.09400 	-0.05461 	-0.04777 	0.00747 	-0.04754 	0.08476 	0.12653 	0.01965	0.05521
Replication151	 -1.29574	0.99863	0.98177 	0.98458 	0.98970 	0.98611 	0.98762 	0.99681 	0.98228 	0.98884 	0.99749 	0.98444 	1.00120 	1.00571 	-0.16385 	-0.15195 	-0.14841 	0.02928 	0.00000 	0.12117 	-0.15574 	-0.17784 	0.01055 	-0.14809 	0.25142 	0.51169 	-0.05389 	-0.04998 	-0.04881 	0.02784 	0.00000 	0.11153 	-0.05122 	-0.05849 	0.00874 	-0.04871 	0.08269 	0.14472 	0.02178	0.06443
Replication152	 -1.32132	0.99858	0.98546 	0.98762 	0.99089 	0.98910 	0.99066 	0.99766 	0.97765 	0.98648 	0.99659 	0.98067 	0.99574 	1.00548 	-0.14601 	-0.12626 	-0.14700 	0.02574 	0.01562 	0.11387 	-0.17322 	-0.15374 	0.01129 	-0.15873 	0.18201 	0.53695 	-0.04803 	-0.04153 	-0.04835 	0.02424 	0.00514 	0.10384 	-0.05698 	-0.05057 	0.00940 	-0.05221 	0.05987 	0.15497 	0.01950	0.05979
Replication153	 -1.33158	0.99894	0.98587 	0.98833 	0.99295 	0.98962 	0.99103 	0.99904 	0.98676 	0.99344 	1.00059 	0.98912 	1.00776 	1.00666 	-0.14104 	-0.13433 	-0.13265 	0.02491 	0.00000 	0.10041 	-0.16855 	-0.13705 	0.00796 	-0.15516 	0.31919 	0.39750 	-0.04636 	-0.04415 	-0.04360 	0.02380 	0.00000 	0.09294 	-0.05540 	-0.04505 	0.00655 	-0.05100 	0.10492 	0.11305 	0.01882	0.05570
Replication154	 -1.27349	0.99841	0.98080 	0.98270 	0.98732 	0.98471 	0.98599 	0.99533 	0.97622 	0.98534 	0.99498 	0.97921 	0.99484 	1.00497 	-0.16046 	-0.16418 	-0.17069 	0.03107 	0.00000 	0.13494 	-0.17730 	-0.15109 	0.01264 	-0.16729 	0.19157 	0.59740 	-0.05280 	-0.05402 	-0.05616 	0.02940 	0.00000 	0.12377 	-0.05834 	-0.04972 	0.01053 	-0.05505 	0.06303 	0.17169 	0.02340	0.07234
Replication155	 -1.28688	0.99857	0.98453 	0.98559 	0.98952 	0.98760 	0.98867 	0.99686 	0.98188 	0.98854 	0.99669 	0.98413 	0.99679 	1.00554 	-0.13526 	-0.15304 	-0.16189 	0.02752 	0.00000 	0.12094 	-0.13754 	-0.15626 	0.01121 	-0.12775 	0.15662 	0.53233 	-0.04449 	-0.05034 	-0.05325 	0.02603 	0.00000 	0.11090 	-0.04524 	-0.05140 	0.00932 	-0.04202 	0.05152 	0.14972 	0.02311	0.06074
Replication156	 -1.29370	0.99845	0.98231 	0.98516 	0.98900 	0.98656 	0.98769 	0.99634 	0.97773 	0.98577 	0.99539 	0.98098 	0.99334 	1.00513 	-0.16341 	-0.13163 	-0.15397 	0.02883 	0.00000 	0.12589 	-0.15742 	-0.17125 	0.01230 	-0.12575 	0.13455 	0.57982 	-0.05377 	-0.04331 	-0.05066 	0.02721 	0.00000 	0.11500 	-0.05179 	-0.05634 	0.01024 	-0.04137 	0.04427 	0.16464 	0.02203	0.06411
Replication157	 -1.28943	0.99875	0.98212 	0.98484 	0.98964 	0.98645 	0.98854 	0.99712 	0.98495 	0.99094 	0.99870 	0.98671 	1.00587 	1.00605 	-0.16661 	-0.15495 	-0.17161 	0.02881 	0.01560 	0.11801 	-0.15868 	-0.17187 	0.00954 	-0.15998 	0.32023 	0.46925 	-0.05479 	-0.05095 	-0.05643 	0.02750 	0.00513 	0.10923 	-0.05218 	-0.05651 	0.00789 	-0.05260 	0.10530 	0.13486 	0.02226	0.06644
Replication158	 -1.29270	0.99860	0.98146 	0.98397 	0.98939 	0.98568 	0.98724 	0.99654 	0.98119 	0.98851 	0.99708 	0.98308 	0.99979 	1.00560 	-0.16176 	-0.16148 	-0.14609 	0.02981 	0.00000 	0.12366 	-0.15761 	-0.15044 	0.01090 	-0.16814 	0.23481 	0.52436 	-0.05320 	-0.05311 	-0.04805 	0.02834 	0.00000 	0.11379 	-0.05184 	-0.04948 	0.00904 	-0.05531 	0.07723 	0.14826 	0.02198	0.06566
Replication159	 -1.27751	0.99860	0.98014 	0.98295 	0.98873 	0.98466 	0.98635 	0.99616 	0.98322 	0.98959 	0.99718 	0.98468 	1.00053 	1.00565 	-0.17103 	-0.16768 	-0.15379 	0.03102 	0.00000 	0.12694 	-0.14183 	-0.14745 	0.01081 	-0.15816 	0.22785 	0.51981 	-0.05626 	-0.05515 	-0.05058 	0.02956 	0.00000 	0.11712 	-0.04665 	-0.04850 	0.00896 	-0.05202 	0.07494 	0.14542 	0.02352	0.06683
Replication160	 -1.32668	0.99892	0.98761 	0.98829 	0.99269 	0.99022 	0.99144 	0.99897 	0.98724 	0.99315 	1.00042 	0.98843 	1.00747 	1.00661 	-0.11539 	-0.15277 	-0.14148 	0.02421 	0.00000 	0.10105 	-0.15100 	-0.13897 	0.00810 	-0.17246 	0.31572 	0.40365 	-0.03793 	-0.05022 	-0.04650 	0.02309 	0.00000 	0.09348 	-0.04964 	-0.04568 	0.00668 	-0.05669 	0.10378 	0.11536 	0.01934	0.05572
Replication161	 -1.27664	0.99871	0.98150 	0.98361 	0.98927 	0.98551 	0.98715 	0.99667 	0.98590 	0.99183 	0.99833 	0.98767 	1.00360 	1.00601 	-0.15805 	-0.17285 	-0.15980 	0.02995 	0.00000 	0.12208 	-0.14308 	-0.14029 	0.00986 	-0.14305 	0.25352 	0.47790 	-0.05197 	-0.05684 	-0.05255 	0.02861 	0.00000 	0.11303 	-0.04705 	-0.04613 	0.00815 	-0.04704 	0.08337 	0.13314 	0.02382	0.06470
Replication162	 -1.31143	0.99869	0.98672 	0.98794 	0.99136 	0.98966 	0.99061 	0.99806 	0.98344 	0.98959 	0.99796 	0.98542 	0.99944 	1.00591 	-0.12668 	-0.13420 	-0.14978 	0.02500 	0.00000 	0.10988 	-0.13748 	-0.16541 	0.01015 	-0.13215 	0.19138 	0.48827 	-0.04166 	-0.04413 	-0.04926 	0.02364 	0.00000 	0.10068 	-0.04521 	-0.05440 	0.00842 	-0.04346 	0.06294 	0.13781 	0.02100	0.05537
Replication163	 -1.31500	0.99868	0.98215 	0.98573 	0.99096 	0.98688 	0.98847 	0.99746 	0.98252 	0.98920 	0.99794 	0.98405 	1.00104 	1.00586 	-0.16901 	-0.13813 	-0.12804 	0.02833 	0.00000 	0.11523 	-0.15019 	-0.15870 	0.01018 	-0.16758 	0.24382 	0.49404 	-0.05558 	-0.04543 	-0.04211 	0.02694 	0.00000 	0.10591 	-0.04939 	-0.05219 	0.00842 	-0.05511 	0.08019 	0.13917 	0.02007	0.06082
Replication164	 -1.30408	0.99886	0.98397 	0.98621 	0.99136 	0.98780 	0.98933 	0.99803 	0.98726 	0.99338 	0.99976 	0.98892 	1.00609 	1.00644 	-0.14784 	-0.15328 	-0.14526 	0.02713 	0.00000 	0.10959 	-0.14923 	-0.12457 	0.00866 	-0.15530 	0.28294 	0.42573 	-0.04860 	-0.05039 	-0.04775 	0.02594 	0.00000 	0.10155 	-0.04906 	-0.04095 	0.00714 	-0.05105 	0.09302 	0.11912 	0.02143	0.05894
Replication165	 -1.29715	0.99863	0.98299 	0.98607 	0.99005 	0.98737 	0.98898 	0.99719 	0.98161 	0.98887 	0.99725 	0.98404 	0.99874 	1.00569 	-0.16527 	-0.13098 	-0.15696 	0.02778 	0.00983 	0.11783 	-0.15395 	-0.15077 	0.01074 	-0.14411 	0.19967 	0.51425 	-0.05436 	-0.04308 	-0.05162 	0.02634 	0.00323 	0.10816 	-0.05063 	-0.04959 	0.00892 	-0.04740 	0.06567 	0.14564 	0.02194	0.06128
Replication166	 -1.27899	0.99873	0.98195 	0.98431 	0.98939 	0.98605 	0.98768 	0.99686 	0.98622 	0.99156 	0.99847 	0.98797 	1.00439 	1.00602 	-0.16011 	-0.16095 	-0.16736 	0.02930 	0.00306 	0.12033 	-0.14100 	-0.16596 	0.00974 	-0.13510 	0.26957 	0.47488 	-0.05265 	-0.05292 	-0.05503 	0.02797 	0.00101 	0.11136 	-0.04637 	-0.05457 	0.00805 	-0.04443 	0.08864 	0.13334 	0.02360	0.06439
Replication167	 -1.28644	0.99827	0.98165 	0.98290 	0.98750 	0.98511 	0.98629 	0.99516 	0.97389 	0.98292 	0.99333 	0.97617 	0.98748 	1.00454 	-0.14912 	-0.16819 	-0.15057 	0.03066 	0.00000 	0.13700 	-0.14733 	-0.14424 	0.01400 	-0.16204 	0.06856 	0.64907 	-0.04908 	-0.05536 	-0.04956 	0.02885 	0.00000 	0.12484 	-0.04849 	-0.04747 	0.01171 	-0.05333 	0.02257 	0.18563 	0.02220	0.07030
Replication168	 -1.31043	0.99876	0.98148 	0.98488 	0.99086 	0.98621 	0.98801 	0.99744 	0.98422 	0.99096 	0.99889 	0.98663 	1.00500 	1.00613 	-0.16953 	-0.15445 	-0.13098 	0.02909 	0.00000 	0.11510 	-0.16800 	-0.16215 	0.00939 	-0.15307 	0.30196 	0.46232 	-0.05574 	-0.05078 	-0.04307 	0.02779 	0.00000 	0.10638 	-0.05524 	-0.05332 	0.00775 	-0.05033 	0.09929 	0.13036 	0.02033	0.06308
Replication169	 -1.28096	0.99844	0.98259 	0.98291 	0.98780 	0.98548 	0.98672 	0.99561 	0.97662 	0.98529 	0.99533 	0.97971 	0.99605 	1.00505 	-0.13542 	-0.18486 	-0.16547 	0.03013 	0.00000 	0.13238 	-0.17876 	-0.17434 	0.01235 	-0.16007 	0.21360 	0.58774 	-0.04456 	-0.06082 	-0.05444 	0.02850 	0.00000 	0.12139 	-0.05882 	-0.05736 	0.01028 	-0.05267 	0.07028 	0.16921 	0.02272	0.07099
Replication170	 -1.31769	0.99874	0.98532 	0.98671 	0.99159 	0.98854 	0.98990 	0.99800 	0.98470 	0.99024 	0.99858 	0.98512 	1.00226 	1.00606 	-0.13258 	-0.15565 	-0.13291 	0.02631 	0.00000 	0.11024 	-0.12970 	-0.15685 	0.00964 	-0.17556 	0.24679 	0.47015 	-0.04360 	-0.05118 	-0.04371 	0.02499 	0.00000 	0.10138 	-0.04265 	-0.05158 	0.00797 	-0.05773 	0.08115 	0.13240 	0.02012	0.05746
Replication171	 -1.30142	0.99863	0.98165 	0.98398 	0.98987 	0.98577 	0.98745 	0.99677 	0.98250 	0.98867 	0.99756 	0.98362 	1.00163 	1.00572 	-0.15810 	-0.16934 	-0.13661 	0.02968 	0.00000 	0.12149 	-0.14654 	-0.17489 	0.01050 	-0.17343 	0.26529 	0.51083 	-0.05200 	-0.05570 	-0.04493 	0.02825 	0.00000 	0.11187 	-0.04820 	-0.05752 	0.00869 	-0.05704 	0.08725 	0.14437 	0.02110	0.06505
Replication172	 -1.33715	0.99887	0.98713 	0.98895 	0.99293 	0.99058 	0.99324 	0.99917 	0.98450 	0.99138 	0.99977 	0.98598 	1.00497 	1.00641 	-0.13982 	-0.14177 	-0.14400 	0.02381 	0.03782 	0.09946 	-0.16088 	-0.14035 	0.00864 	-0.18230 	0.29541 	0.42572 	-0.04596 	-0.04660 	-0.04734 	0.02263 	0.01243 	0.09153 	-0.05289 	-0.04614 	0.00714 	-0.05993 	0.09711 	0.12350 	0.01825	0.05548
Replication173	 -1.29788	0.99876	0.98128 	0.98462 	0.99049 	0.98599 	0.98776 	0.99728 	0.98579 	0.99179 	0.99884 	0.98805 	1.00440 	1.00614 	-0.17037 	-0.15567 	-0.13856 	0.02935 	0.00000 	0.11656 	-0.15130 	-0.15715 	0.00943 	-0.13391 	0.26810 	0.46172 	-0.05602 	-0.05119 	-0.04556 	0.02805 	0.00000 	0.10781 	-0.04975 	-0.05167 	0.00779 	-0.04403 	0.08816 	0.12837 	0.02180	0.06194
Replication174	 -1.29229	0.99875	0.98477 	0.98647 	0.99049 	0.98818 	0.98935 	0.99762 	0.98481 	0.99152 	0.99852 	0.98761 	1.00236 	1.00608 	-0.14070 	-0.14420 	-0.16295 	0.02674 	0.00000 	0.11364 	-0.15515 	-0.14229 	0.00968 	-0.12529 	0.22983 	0.46802 	-0.04627 	-0.04742 	-0.05358 	0.02543 	0.00000 	0.10481 	-0.05102 	-0.04679 	0.00802 	-0.04120 	0.07557 	0.13159 	0.02268	0.05915
Replication175	 -1.29304	0.99857	0.98076 	0.98435 	0.98929 	0.98561 	0.98712 	0.99651 	0.98111 	0.98789 	0.99685 	0.98297 	0.99929 	1.00552 	-0.17666 	-0.14113 	-0.14950 	0.02990 	0.00000 	0.12399 	-0.15137 	-0.17279 	0.01109 	-0.15731 	0.22815 	0.53369 	-0.05811 	-0.04642 	-0.04918 	0.02840 	0.00000 	0.11395 	-0.04979 	-0.05684 	0.00920 	-0.05175 	0.07505 	0.15108 	0.02195	0.06560
Replication176	 -1.29003	0.99854	0.98361 	0.98563 	0.98897 	0.98744 	0.98977 	0.99673 	0.97844 	0.98671 	0.99623 	0.98064 	0.99699 	1.00535 	-0.15937 	-0.14510 	-0.18175 	0.02773 	0.03396 	0.12220 	-0.16577 	-0.15051 	0.01159 	-0.17541 	0.20921 	0.55100 	-0.05243 	-0.04773 	-0.05979 	0.02620 	0.01117 	0.11194 	-0.05453 	-0.04951 	0.00966 	-0.05770 	0.06882 	0.16015 	0.02221	0.06626
Replication177	 -1.30255	0.99898	0.98347 	0.98623 	0.99178 	0.98766 	0.98936 	0.99838 	0.99111 	0.99616 	1.00105 	0.99307 	1.00983 	1.00684 	-0.15522 	-0.15320 	-0.14621 	0.02724 	0.00000 	0.10610 	-0.14364 	-0.12599 	0.00758 	-0.12656 	0.30958 	0.37863 	-0.05102 	-0.05035 	-0.04805 	0.02617 	0.00000 	0.09891 	-0.04721 	-0.04141 	0.00623 	-0.04160 	0.10175 	0.10466 	0.02168	0.05808
Replication178	 -1.29548	0.99829	0.98255 	0.98370 	0.98804 	0.98602 	0.98839 	0.99559 	0.97226 	0.98296 	0.99329 	0.97632 	0.98597 	1.00457 	-0.15273 	-0.17182 	-0.15370 	0.02956 	0.03188 	0.13308 	-0.17191 	-0.12656 	0.01402 	-0.13929 	0.04128 	0.64485 	-0.05027 	-0.05655 	-0.05059 	0.02777 	0.01049 	0.12103 	-0.05658 	-0.04165 	0.01175 	-0.04584 	0.01359 	0.18589 	0.02135	0.06903
Replication179	 -1.31407	0.99886	0.98666 	0.98757 	0.99186 	0.98955 	0.99137 	0.99852 	0.98586 	0.99243 	0.99971 	0.98812 	1.00565 	1.00641 	-0.12706 	-0.15662 	-0.15390 	0.02504 	0.01542 	0.10524 	-0.16116 	-0.14226 	0.00869 	-0.15019 	0.28878 	0.42750 	-0.04177 	-0.05149 	-0.05059 	0.02385 	0.00507 	0.09722 	-0.05298 	-0.04677 	0.00718 	-0.04937 	0.09493 	0.12200 	0.02053	0.05726
Replication180	 -1.32113	0.99869	0.98316 	0.98577 	0.99142 	0.98745 	0.99041 	0.99778 	0.98241 	0.98923 	0.99803 	0.98441 	1.00055 	1.00590 	-0.16283 	-0.16441 	-0.12688 	0.02764 	0.03372 	0.11237 	-0.15273 	-0.16174 	0.01010 	-0.15414 	0.22998 	0.48933 	-0.05355 	-0.05407 	-0.04173 	0.02627 	0.01109 	0.10315 	-0.05023 	-0.05319 	0.00836 	-0.05069 	0.07563 	0.13798 	0.01960	0.05903
Replication181	 -1.30598	0.99869	0.98620 	0.98685 	0.99047 	0.98889 	0.98986 	0.99759 	0.98035 	0.98899 	0.99785 	0.98332 	1.00122 	1.00583 	-0.12322 	-0.14904 	-0.16257 	0.02592 	0.00000 	0.11407 	-0.18525 	-0.13964 	0.01024 	-0.17074 	0.26477 	0.49458 	-0.04052 	-0.04901 	-0.05346 	0.02455 	0.00000 	0.10486 	-0.06092 	-0.04592 	0.00850 	-0.05615 	0.08707 	0.14343 	0.02088	0.06241
Replication182	 -1.29989	0.99896	0.98521 	0.98684 	0.99154 	0.98858 	0.98998 	0.99840 	0.99129 	0.99525 	1.00078 	0.99157 	1.00956 	1.00674 	-0.13707 	-0.15349 	-0.16085 	0.02615 	0.00000 	0.10599 	-0.12142 	-0.13911 	0.00780 	-0.15556 	0.31615 	0.38947 	-0.04505 	-0.05045 	-0.05287 	0.02506 	0.00000 	0.09863 	-0.03991 	-0.04572 	0.00642 	-0.05113 	0.10391 	0.10942 	0.02194	0.05831
Replication183	 -1.32385	0.99861	0.98787 	0.98796 	0.99151 	0.99010 	0.99114 	0.99799 	0.97983 	0.98755 	0.99699 	0.98186 	0.99571 	1.00563 	-0.10990 	-0.14859 	-0.13761 	0.02451 	0.00401 	0.11082 	-0.14808 	-0.14444 	0.01096 	-0.15795 	0.15625 	0.52039 	-0.03615 	-0.04887 	-0.04526 	0.02306 	0.00132 	0.10106 	-0.04871 	-0.04751 	0.00912 	-0.05195 	0.05139 	0.14832 	0.01963	0.05583
Replication184	 -1.31702	0.99868	0.98664 	0.98688 	0.99160 	0.98912 	0.99055 	0.99798 	0.98361 	0.98955 	0.99792 	0.98479 	0.99904 	1.00590 	-0.11630 	-0.16717 	-0.13138 	0.02564 	0.00534 	0.11068 	-0.12769 	-0.15478 	0.01019 	-0.14950 	0.18482 	0.48974 	-0.03825 	-0.05498 	-0.04321 	0.02427 	0.00176 	0.10142 	-0.04199 	-0.05090 	0.00844 	-0.04917 	0.06078 	0.13701 	0.02042	0.05519
Replication185	 -1.32913	0.99902	0.98987 	0.99007 	0.99355 	0.99216 	0.99464 	0.99988 	0.98989 	0.99486 	1.00123 	0.99129 	1.00825 	1.00689 	-0.11190 	-0.15132 	-0.15977 	0.02184 	0.03822 	0.09275 	-0.13709 	-0.14089 	0.00741 	-0.14029 	0.29195 	0.36950 	-0.03678 	-0.04973 	-0.05251 	0.02081 	0.01256 	0.08584 	-0.04505 	-0.04630 	0.00611 	-0.04611 	0.09595 	0.10596 	0.01957	0.05075
Replication186	 -1.29408	0.99859	0.98327 	0.98637 	0.98960 	0.98755 	0.98858 	0.99700 	0.98110 	0.98774 	0.99689 	0.98346 	0.99865 	1.00554 	-0.16265 	-0.11750 	-0.16761 	0.02758 	0.00000 	0.11960 	-0.15102 	-0.18615 	0.01105 	-0.13690 	0.21099 	0.53046 	-0.05350 	-0.03865 	-0.05513 	0.02610 	0.00000 	0.10965 	-0.04967 	-0.06123 	0.00918 	-0.04503 	0.06940 	0.15149 	0.02214	0.06260
Replication187	 -1.32283	0.99876	0.98519 	0.98775 	0.99199 	0.98904 	0.99031 	0.99832 	0.98463 	0.99043 	0.99881 	0.98576 	1.00250 	1.00613 	-0.14586 	-0.12951 	-0.13466 	0.02570 	0.00000 	0.10732 	-0.13813 	-0.16238 	0.00945 	-0.16050 	0.24716 	0.46170 	-0.04796 	-0.04258 	-0.04428 	0.02441 	0.00000 	0.09862 	-0.04542 	-0.05339 	0.00781 	-0.05277 	0.08127 	0.13032 	0.01972	0.05602
Replication188	 -1.27956	0.99852	0.98238 	0.98403 	0.98856 	0.98600 	0.98726 	0.99617 	0.98162 	0.98742 	0.99619 	0.98206 	0.99720 	1.00535 	-0.15053 	-0.16058 	-0.16416 	0.02946 	0.00000 	0.12719 	-0.12174 	-0.16649 	0.01163 	-0.16976 	0.18709 	0.55447 	-0.04952 	-0.05283 	-0.05400 	0.02791 	0.00000 	0.11675 	-0.04005 	-0.05477 	0.00967 	-0.05585 	0.06155 	0.15681 	0.02341	0.06568
Replication189	 -1.28843	0.99847	0.98298 	0.98401 	0.98880 	0.98621 	0.98748 	0.99616 	0.97865 	0.98639 	0.99566 	0.98112 	0.99479 	1.00521 	-0.14058 	-0.16998 	-0.15168 	0.02924 	0.00000 	0.12744 	-0.15240 	-0.16051 	0.01207 	-0.14630 	0.15866 	0.57156 	-0.04625 	-0.05592 	-0.04990 	0.02764 	0.00000 	0.11668 	-0.05014 	-0.05281 	0.01005 	-0.04813 	0.05220 	0.16181 	0.02249	0.06522
Replication190	 -1.30454	0.99869	0.98495 	0.98688 	0.99071 	0.98846 	0.98957 	0.99763 	0.98107 	0.98980 	0.99780 	0.98416 	0.99961 	1.00587 	-0.14187 	-0.13608 	-0.15272 	0.02644 	0.00000 	0.11373 	-0.17563 	-0.11445 	0.01028 	-0.15751 	0.21449 	0.49203 	-0.04666 	-0.04475 	-0.05022 	0.02507 	0.00000 	0.10450 	-0.05776 	-0.03764 	0.00854 	-0.05180 	0.07054 	0.14007 	0.02128	0.05988
Replication191	 -1.30147	0.99862	0.98407 	0.98592 	0.99064 	0.98782 	0.99046 	0.99745 	0.98286 	0.98937 	0.99712 	0.98572 	0.99625 	1.00571 	-0.15298 	-0.16107 	-0.14438 	0.02724 	0.03320 	0.11558 	-0.13374 	-0.15456 	0.01085 	-0.09950 	0.12388 	0.51356 	-0.05032 	-0.05298 	-0.04749 	0.02579 	0.01092 	0.10585 	-0.04399 	-0.05084 	0.00902 	-0.03273 	0.04074 	0.14281 	0.02192	0.05680
Replication192	 -1.29769	0.99877	0.98555 	0.98683 	0.99082 	0.98866 	0.98980 	0.99784 	0.98502 	0.99170 	0.99879 	0.98701 	1.00305 	1.00615 	-0.13258 	-0.14729 	-0.16102 	0.02616 	0.00000 	0.11156 	-0.15149 	-0.12974 	0.00946 	-0.15163 	0.24581 	0.45865 	-0.04359 	-0.04843 	-0.05295 	0.02487 	0.00000 	0.10292 	-0.04981 	-0.04266 	0.00783 	-0.04986 	0.08082 	0.12967 	0.02213	0.05882
Replication193	 -1.30112	0.99891	0.98610 	0.98782 	0.99157 	0.98949 	0.99143 	0.99856 	0.98917 	0.99400 	1.00019 	0.99031 	1.00712 	1.00657 	-0.14067 	-0.14210 	-0.17169 	0.02509 	0.02005 	0.10469 	-0.13221 	-0.14334 	0.00829 	-0.14357 	0.28470 	0.40880 	-0.04624 	-0.04671 	-0.05644 	0.02394 	0.00659 	0.09701 	-0.04346 	-0.04712 	0.00684 	-0.04719 	0.09358 	0.11597 	0.02196	0.05678
Replication194	 -1.28443	0.99861	0.98164 	0.98432 	0.98936 	0.98592 	0.98739 	0.99659 	0.98092 	0.98975 	0.99705 	0.98510 	0.99813 	1.00566 	-0.16362 	-0.15353 	-0.15122 	0.02952 	0.00000 	0.12313 	-0.17773 	-0.11917 	0.01091 	-0.11997 	0.18028 	0.51832 	-0.05382 	-0.05050 	-0.04974 	0.02806 	0.00000 	0.11333 	-0.05846 	-0.03920 	0.00907 	-0.03946 	0.05930 	0.14494 	0.02309	0.06352
Replication195	 -1.29539	0.99864	0.98240 	0.98441 	0.98980 	0.98625 	0.98778 	0.99683 	0.98285 	0.98916 	0.99752 	0.98398 	1.00082 	1.00574 	-0.15245 	-0.16519 	-0.14490 	0.02910 	0.00000 	0.12092 	-0.14214 	-0.15703 	0.01053 	-0.16990 	0.24010 	0.50908 	-0.05014 	-0.05433 	-0.04766 	0.02767 	0.00000 	0.11132 	-0.04675 	-0.05165 	0.00872 	-0.05588 	0.07897 	0.14344 	0.02189	0.06373
Replication196	 -1.31964	0.99878	0.98537 	0.98766 	0.99202 	0.98922 	0.99173 	0.99847 	0.98530 	0.99094 	0.99894 	0.98708 	1.00247 	1.00619 	-0.15081 	-0.14417 	-0.14333 	0.02548 	0.03089 	0.10595 	-0.13832 	-0.16842 	0.00934 	-0.13474 	0.23279 	0.45520 	-0.04959 	-0.04740 	-0.04713 	0.02420 	0.01016 	0.09737 	-0.04548 	-0.05538 	0.00773 	-0.04430 	0.07654 	0.12833 	0.02015	0.05504
Replication197	 -1.29036	0.99852	0.98370 	0.98546 	0.98924 	0.98723 	0.98829 	0.99662 	0.97880 	0.98725 	0.99604 	0.98156 	0.99497 	1.00535 	-0.14624 	-0.14294 	-0.16025 	0.02800 	0.00000 	0.12324 	-0.15969 	-0.13313 	0.01175 	-0.15062 	0.15315 	0.55427 	-0.04811 	-0.04702 	-0.05272 	0.02645 	0.00000 	0.11283 	-0.05253 	-0.04380 	0.00979 	-0.04955 	0.05038 	0.15762 	0.02247	0.06333
Replication198	 -1.28123	0.99857	0.98338 	0.98378 	0.98896 	0.98625 	0.98761 	0.99638 	0.98212 	0.98861 	0.99678 	0.98406 	0.99862 	1.00554 	-0.13224 	-0.18447 	-0.15740 	0.02914 	0.00000 	0.12514 	-0.14193 	-0.16239 	0.01114 	-0.14172 	0.19838 	0.53299 	-0.04350 	-0.06068 	-0.05177 	0.02764 	0.00000 	0.11508 	-0.04669 	-0.05342 	0.00925 	-0.04662 	0.06525 	0.14974 	0.02336	0.06430
Replication199	 -1.30681	0.99878	0.98275 	0.98624 	0.99128 	0.98737 	0.98893 	0.99784 	0.98625 	0.99189 	0.99901 	0.98772 	1.00358 	1.00621 	-0.16613 	-0.13599 	-0.13744 	0.02769 	0.00000 	0.11150 	-0.13709 	-0.14742 	0.00928 	-0.14505 	0.24618 	0.45327 	-0.05462 	-0.04472 	-0.04519 	0.02641 	0.00000 	0.10291 	-0.04508 	-0.04847 	0.00767 	-0.04769 	0.08094 	0.12600 	0.02121	0.05816
Replication200	 -1.30061	0.99865	0.98450 	0.98573 	0.99028 	0.98770 	0.98894 	0.99724 	0.98118 	0.98917 	0.99749 	0.98399 	0.99946 	1.00575 	-0.13590 	-0.15780 	-0.14880 	0.02737 	0.00000 	0.11727 	-0.16734 	-0.13818 	0.01055 	-0.15130 	0.21644 	0.50613 	-0.04470 	-0.05190 	-0.04894 	0.02595 	0.00000 	0.10775 	-0.05504 	-0.04545 	0.00875 	-0.04976 	0.07118 	0.14340 	0.02157	0.06126
Replication201	 -1.30283	0.99865	0.98476 	0.98673 	0.99034 	0.98830 	0.98936 	0.99744 	0.98107 	0.98871 	0.99755 	0.98409 	1.00004 	1.00575 	-0.14339 	-0.13381 	-0.15919 	0.02665 	0.00000 	0.11555 	-0.16965 	-0.16407 	0.01050 	-0.14201 	0.23212 	0.50595 	-0.04716 	-0.04401 	-0.05236 	0.02524 	0.00000 	0.10607 	-0.05580 	-0.05396 	0.00871 	-0.04670 	0.07634 	0.14474 	0.02135	0.06112
Replication202	 -1.29522	0.99888	0.98541 	0.98800 	0.99092 	0.98921 	0.99020 	0.99825 	0.98913 	0.99305 	0.99992 	0.99015 	1.00782 	1.00644 	-0.14861 	-0.11547 	-0.18344 	0.02545 	0.00000 	0.10759 	-0.12835 	-0.18570 	0.00852 	-0.13433 	0.30916 	0.42285 	-0.04885 	-0.03796 	-0.06030 	0.02427 	0.00000 	0.09967 	-0.04219 	-0.06105 	0.00703 	-0.04416 	0.10163 	0.12120 	0.02235	0.05928
Replication203	 -1.29140	0.99893	0.98297 	0.98525 	0.99068 	0.98694 	0.98857 	0.99778 	0.98998 	0.99502 	1.00052 	0.99167 	1.01010 	1.00664 	-0.15313 	-0.16239 	-0.16218 	0.02813 	0.00000 	0.11156 	-0.14829 	-0.14246 	0.00803 	-0.14125 	0.33870 	0.40087 	-0.05034 	-0.05338 	-0.05331 	0.02701 	0.00000 	0.10400 	-0.04874 	-0.04683 	0.00660 	-0.04643 	0.11133 	0.11294 	0.02240	0.06287
Replication204	 -1.27140	0.99860	0.98120 	0.98396 	0.98849 	0.98560 	0.98745 	0.99632 	0.98314 	0.98942 	0.99710 	0.98521 	1.00034 	1.00562 	-0.17114 	-0.15289 	-0.17691 	0.02989 	0.01191 	0.12559 	-0.14485 	-0.16319 	0.01088 	-0.13755 	0.22208 	0.52194 	-0.05629 	-0.05029 	-0.05819 	0.02843 	0.00392 	0.11576 	-0.04764 	-0.05367 	0.00903 	-0.04524 	0.07305 	0.14745 	0.02424	0.06630
Replication205	 -1.30201	0.99884	0.98534 	0.98707 	0.99128 	0.98885 	0.99113 	0.99823 	0.98635 	0.99271 	0.99944 	0.98838 	1.00479 	1.00635 	-0.14506 	-0.15185 	-0.16394 	0.02589 	0.02601 	0.10791 	-0.15151 	-0.13084 	0.00892 	-0.14672 	0.26435 	0.43512 	-0.04769 	-0.04992 	-0.05390 	0.02467 	0.00855 	0.09973 	-0.04981 	-0.04302 	0.00738 	-0.04824 	0.08691 	0.12339 	0.02174	0.05804
Replication206	 -1.30679	0.99872	0.98516 	0.98735 	0.99106 	0.98884 	0.99038 	0.99793 	0.98334 	0.99027 	0.99826 	0.98544 	1.00101 	1.00599 	-0.14669 	-0.13309 	-0.15575 	0.02596 	0.01086 	0.11090 	-0.15197 	-0.14277 	0.00990 	-0.15085 	0.22438 	0.47788 	-0.04824 	-0.04377 	-0.05122 	0.02462 	0.00357 	0.10192 	-0.04997 	-0.04695 	0.00821 	-0.04961 	0.07378 	0.13567 	0.02123	0.05803
Replication207	 -1.31166	0.99876	0.98634 	0.98777 	0.99153 	0.98965 	0.99235 	0.99835 	0.98393 	0.99065 	0.99855 	0.98617 	1.00125 	1.00609 	-0.14164 	-0.14978 	-0.16010 	0.02498 	0.04104 	0.10714 	-0.14991 	-0.14627 	0.00965 	-0.14104 	0.21925 	0.46578 	-0.04657 	-0.04925 	-0.05264 	0.02368 	0.01349 	0.09840 	-0.04929 	-0.04809 	0.00801 	-0.04637 	0.07209 	0.13274 	0.02089	0.05618
Replication208	 -1.27996	0.99846	0.98201 	0.98421 	0.98839 	0.98595 	0.98714 	0.99601 	0.97778 	0.98682 	0.99543 	0.98172 	0.99361 	1.00518 	-0.15818 	-0.14844 	-0.16225 	0.02956 	0.00000 	0.12877 	-0.17034 	-0.13740 	0.01225 	-0.12405 	0.13152 	0.57521 	-0.05204 	-0.04884 	-0.05338 	0.02795 	0.00000 	0.11795 	-0.05604 	-0.04521 	0.01022 	-0.04081 	0.04327 	0.16287 	0.02334	0.06593
Replication209	 -1.33657	0.99879	0.98837 	0.98936 	0.99298 	0.99104 	0.99203 	0.99899 	0.98347 	0.99043 	0.99896 	0.98573 	1.00127 	1.00620 	-0.11555 	-0.13224 	-0.12983 	0.02330 	0.00000 	0.10131 	-0.15404 	-0.14915 	0.00932 	-0.14716 	0.22279 	0.45258 	-0.03799 	-0.04348 	-0.04269 	0.02204 	0.00000 	0.09280 	-0.05065 	-0.04904 	0.00771 	-0.04839 	0.07325 	0.12834 	0.01867	0.05191
Replication210	 -1.34513	0.99892	0.99021 	0.99059 	0.99409 	0.99264 	0.99569 	0.99999 	0.98647 	0.99247 	1.00011 	0.98770 	1.00326 	1.00658 	-0.11541 	-0.14955 	-0.14110 	0.02132 	0.05359 	0.09209 	-0.13538 	-0.13025 	0.00835 	-0.15621 	0.22723 	0.40718 	-0.03794 	-0.04916 	-0.04638 	0.02019 	0.01762 	0.08446 	-0.04450 	-0.04282 	0.00691 	-0.05135 	0.07469 	0.11639 	0.01815	0.04812
Replication211	 -1.31537	0.99882	0.98452 	0.98778 	0.99195 	0.98881 	0.99014 	0.99841 	0.98659 	0.99207 	0.99940 	0.98807 	1.00419 	1.00633 	-0.15668 	-0.12121 	-0.14178 	0.02594 	0.00000 	0.10638 	-0.13728 	-0.15442 	0.00896 	-0.14318 	0.25368 	0.43904 	-0.05151 	-0.03985 	-0.04661 	0.02471 	0.00000 	0.09809 	-0.04513 	-0.05077 	0.00739 	-0.04708 	0.08340 	0.12304 	0.02055	0.05567
Replication212	 -1.31062	0.99884	0.98563 	0.98786 	0.99182 	0.98946 	0.99228 	0.99859 	0.98652 	0.99242 	0.99944 	0.98786 	1.00400 	1.00636 	-0.15296 	-0.14328 	-0.16102 	0.02516 	0.04093 	0.10474 	-0.13877 	-0.13292 	0.00891 	-0.15436 	0.24859 	0.43394 	-0.05029 	-0.04711 	-0.05294 	0.02395 	0.01346 	0.09658 	-0.04562 	-0.04370 	0.00737 	-0.05075 	0.08173 	0.12323 	0.02103	0.05593
Replication213	 -1.31973	0.99865	0.98420 	0.98580 	0.99143 	0.98767 	0.98920 	0.99762 	0.98286 	0.98905 	0.99769 	0.98389 	0.99887 	1.00582 	-0.13852 	-0.16503 	-0.11554 	0.02740 	0.00000 	0.11389 	-0.13115 	-0.15333 	0.01038 	-0.16130 	0.19319 	0.50008 	-0.04556 	-0.05427 	-0.03800 	0.02599 	0.00000 	0.10442 	-0.04313 	-0.05043 	0.00860 	-0.05305 	0.06354 	0.13914 	0.01992	0.05725
Replication214	 -1.27471	0.99876	0.98037 	0.98262 	0.98920 	0.98470 	0.98735 	0.99662 	0.98748 	0.99280 	0.99882 	0.98925 	1.00572 	1.00615 	-0.16873 	-0.19282 	-0.15991 	0.03089 	0.01894 	0.12234 	-0.14145 	-0.14961 	0.00944 	-0.13442 	0.28014 	0.46131 	-0.05548 	-0.06340 	-0.05258 	0.02959 	0.00623 	0.11360 	-0.04651 	-0.04919 	0.00780 	-0.04420 	0.09211 	0.12830 	0.02388	0.06627
Replication215	 -1.29828	0.99864	0.98298 	0.98623 	0.98998 	0.98739 	0.98858 	0.99718 	0.98100 	0.98873 	0.99740 	0.98391 	0.99990 	1.00570 	-0.16465 	-0.12273 	-0.15968 	0.02774 	0.00000 	0.11789 	-0.16894 	-0.15727 	0.01062 	-0.14672 	0.23081 	0.51125 	-0.05415 	-0.04037 	-0.05252 	0.02631 	0.00000 	0.10830 	-0.05556 	-0.05173 	0.00882 	-0.04825 	0.07591 	0.14592 	0.02168	0.06268
Replication216	 -1.32561	0.99888	0.98409 	0.98634 	0.99246 	0.98799 	0.99005 	0.99847 	0.98750 	0.99295 	1.00009 	0.98880 	1.00663 	1.00652 	-0.14720 	-0.16518 	-0.11850 	0.02689 	0.00727 	0.10567 	-0.14332 	-0.15025 	0.00839 	-0.15545 	0.29527 	0.41706 	-0.04839 	-0.05430 	-0.03896 	0.02572 	0.00239 	0.09777 	-0.04711 	-0.04939 	0.00690 	-0.05110 	0.09707 	0.11609 	0.01935	0.05668
Replication217	 -1.30401	0.99872	0.98502 	0.98617 	0.99050 	0.98812 	0.98933 	0.99754 	0.98221 	0.98986 	0.99833 	0.98544 	1.00322 	1.00596 	-0.13291 	-0.15534 	-0.15729 	0.02682 	0.00000 	0.11441 	-0.18101 	-0.16482 	0.00984 	-0.14574 	0.28475 	0.48018 	-0.04370 	-0.05108 	-0.05172 	0.02549 	0.00000 	0.10543 	-0.05952 	-0.05420 	0.00815 	-0.04793 	0.09364 	0.13791 	0.02108	0.06246
Replication218	 -1.27592	0.99831	0.98225 	0.98375 	0.98726 	0.98580 	0.98714 	0.99535 	0.97513 	0.98366 	0.99376 	0.97766 	0.98938 	1.00466 	-0.15393 	-0.15243 	-0.17668 	0.02981 	0.01008 	0.13513 	-0.14882 	-0.15844 	0.01364 	-0.14904 	0.09267 	0.63462 	-0.05066 	-0.05017 	-0.05815 	0.02805 	0.00332 	0.12326 	-0.04898 	-0.05214 	0.01141 	-0.04905 	0.03050 	0.18247 	0.02339	0.06985
Replication219	 -1.28940	0.99847	0.98350 	0.98517 	0.98863 	0.98698 	0.98795 	0.99629 	0.97748 	0.98556 	0.99556 	0.97981 	0.99523 	1.00515 	-0.14667 	-0.14170 	-0.16957 	0.02832 	0.00000 	0.12627 	-0.16137 	-0.16821 	0.01215 	-0.16436 	0.18655 	0.57636 	-0.04826 	-0.04662 	-0.05579 	0.02672 	0.00000 	0.11550 	-0.05309 	-0.05534 	0.01012 	-0.05408 	0.06138 	0.16612 	0.02224	0.06666
Replication220	 -1.31162	0.99866	0.98622 	0.98710 	0.99094 	0.98921 	0.99161 	0.99785 	0.98234 	0.98841 	0.99754 	0.98334 	0.99909 	1.00576 	-0.13450 	-0.15732 	-0.15732 	0.02556 	0.03454 	0.11186 	-0.13358 	-0.16958 	0.01050 	-0.16349 	0.20801 	0.50464 	-0.04423 	-0.05174 	-0.05174 	0.02415 	0.01136 	0.10240 	-0.04393 	-0.05577 	0.00872 	-0.05377 	0.06841 	0.14447 	0.02068	0.05833
Replication221	 -1.30192	0.99867	0.98488 	0.98681 	0.99027 	0.98838 	0.98941 	0.99746 	0.98096 	0.98896 	0.99774 	0.98400 	1.00100 	1.00580 	-0.14275 	-0.13252 	-0.16459 	0.02654 	0.00000 	0.11522 	-0.17738 	-0.15633 	0.01033 	-0.15292 	0.25374 	0.49933 	-0.04695 	-0.04358 	-0.05413 	0.02515 	0.00000 	0.10589 	-0.05834 	-0.05141 	0.00858 	-0.05029 	0.08345 	0.14386 	0.02133	0.06222
Replication222	 -1.30494	0.99849	0.98232 	0.98400 	0.98960 	0.98600 	0.98751 	0.99641 	0.97838 	0.98615 	0.99584 	0.97995 	0.99480 	1.00526 	-0.14836 	-0.17117 	-0.12755 	0.02948 	0.00000 	0.12518 	-0.14766 	-0.14989 	0.01193 	-0.17495 	0.16615 	0.56605 	-0.04881 	-0.05631 	-0.04196 	0.02789 	0.00000 	0.11452 	-0.04858 	-0.04931 	0.00992 	-0.05756 	0.05466 	0.15983 	0.02080	0.06428
Replication223	 -1.29998	0.99873	0.98329 	0.98533 	0.99022 	0.98706 	0.98850 	0.99730 	0.98361 	0.99028 	0.99850 	0.98572 	1.00439 	1.00600 	-0.14954 	-0.15598 	-0.15502 	0.02808 	0.00047 	0.11645 	-0.16523 	-0.16680 	0.00971 	-0.16074 	0.30110 	0.47614 	-0.04917 	-0.05129 	-0.05098 	0.02676 	0.00015 	0.10753 	-0.05433 	-0.05485 	0.00803 	-0.05286 	0.09901 	0.13613 	0.02135	0.06414
Replication224	 -1.30679	0.99876	0.98656 	0.98847 	0.99153 	0.99003 	0.99214 	0.99841 	0.98483 	0.99112 	0.99850 	0.98692 	1.00029 	1.00610 	-0.14358 	-0.12941 	-0.16499 	0.02453 	0.03005 	0.10656 	-0.13677 	-0.13947 	0.00970 	-0.12898 	0.18590 	0.46486 	-0.04721 	-0.04255 	-0.05425 	0.02323 	0.00988 	0.09781 	-0.04497 	-0.04586 	0.00805 	-0.04241 	0.06113 	0.13150 	0.02160	0.05434
Replication225	 -1.30227	0.99883	0.98380 	0.98690 	0.99104 	0.98831 	0.99145 	0.99815 	0.98655 	0.99209 	0.99935 	0.98814 	1.00539 	1.00629 	-0.17154 	-0.14213 	-0.17098 	0.02655 	0.04599 	0.10863 	-0.14457 	-0.15926 	0.00899 	-0.14688 	0.28265 	0.44102 	-0.05640 	-0.04673 	-0.05621 	0.02532 	0.01512 	0.10037 	-0.04753 	-0.05236 	0.00744 	-0.04829 	0.09293 	0.12619 	0.02153	0.05985
Replication226	 -1.29581	0.99855	0.98256 	0.98446 	0.98963 	0.98635 	0.98795 	0.99666 	0.98192 	0.98772 	0.99665 	0.98301 	0.99762 	1.00549 	-0.15184 	-0.16399 	-0.14248 	0.02903 	0.00419 	0.12274 	-0.12718 	-0.17768 	0.01125 	-0.15106 	0.18617 	0.53887 	-0.04995 	-0.05394 	-0.04687 	0.02752 	0.00138 	0.11256 	-0.04183 	-0.05845 	0.00934 	-0.04969 	0.06124 	0.15117 	0.02197	0.06248
Replication227	 -1.31165	0.99889	0.98532 	0.98759 	0.99191 	0.98901 	0.99032 	0.99849 	0.98577 	0.99353 	0.99995 	0.98891 	1.00577 	1.00651 	-0.14285 	-0.13660 	-0.14847 	0.02567 	0.00000 	0.10544 	-0.17693 	-0.10663 	0.00849 	-0.14616 	0.28109 	0.41617 	-0.04696 	-0.04490 	-0.04881 	0.02451 	0.00000 	0.09760 	-0.05816 	-0.03505 	0.00701 	-0.04805 	0.09240 	0.11769 	0.02078	0.05729
Replication228	 -1.32841	0.99893	0.98743 	0.98850 	0.99276 	0.99034 	0.99216 	0.99910 	0.98851 	0.99297 	1.00054 	0.98864 	1.00822 	1.00663 	-0.12468 	-0.15018 	-0.14716 	0.02406 	0.01517 	0.09986 	-0.13073 	-0.16478 	0.00800 	-0.17591 	0.32622 	0.40097 	-0.04098 	-0.04936 	-0.04837 	0.02294 	0.00499 	0.09236 	-0.04297 	-0.05416 	0.00659 	-0.05782 	0.10723 	0.11521 	0.01916	0.05564
Replication229	 -1.27928	0.99822	0.98034 	0.98324 	0.98673 	0.98478 	0.98578 	0.99484 	0.97260 	0.98196 	0.99269 	0.97484 	0.98610 	1.00435 	-0.17375 	-0.13420 	-0.16861 	0.03108 	0.00000 	0.14000 	-0.14859 	-0.14391 	0.01453 	-0.16845 	0.05850 	0.67071 	-0.05719 	-0.04417 	-0.05550 	0.02922 	0.00000 	0.12748 	-0.04891 	-0.04737 	0.01217 	-0.05545 	0.01926 	0.19369 	0.02269	0.07322
Replication230	 -1.32304	0.99881	0.98310 	0.98656 	0.99175 	0.98768 	0.98928 	0.99810 	0.98473 	0.99114 	0.99933 	0.98619 	1.00548 	1.00626 	-0.16342 	-0.13649 	-0.13032 	0.02730 	0.00000 	0.10914 	-0.15884 	-0.15584 	0.00902 	-0.17545 	0.30963 	0.44601 	-0.05373 	-0.04488 	-0.04285 	0.02606 	0.00000 	0.10077 	-0.05222 	-0.05124 	0.00744 	-0.05769 	0.10180 	0.12683 	0.01927	0.06029
Replication231	 -1.30280	0.99873	0.98263 	0.98565 	0.99054 	0.98700 	0.98849 	0.99744 	0.98396 	0.99047 	0.99852 	0.98680 	1.00373 	1.00602 	-0.16224 	-0.14249 	-0.14771 	0.02816 	0.00000 	0.11526 	-0.16444 	-0.17749 	0.00969 	-0.13114 	0.27666 	0.47448 	-0.05335 	-0.04686 	-0.04857 	0.02683 	0.00000 	0.10633 	-0.05407 	-0.05836 	0.00801 	-0.04312 	0.09098 	0.13415 	0.02126	0.06196
Replication232	 -1.31562	0.99880	0.98326 	0.98630 	0.99160 	0.98765 	0.98964 	0.99805 	0.98502 	0.99167 	0.99926 	0.98754 	1.00470 	1.00626 	-0.16126 	-0.14707 	-0.13462 	0.02734 	0.00990 	0.10963 	-0.16296 	-0.15294 	0.00907 	-0.14320 	0.27993 	0.44598 	-0.05302 	-0.04835 	-0.04426 	0.02609 	0.00326 	0.10122 	-0.05358 	-0.05028 	0.00749 	-0.04708 	0.09204 	0.12550 	0.02018	0.05901
Replication233	 -1.30328	0.99879	0.98646 	0.98792 	0.99132 	0.98956 	0.99055 	0.99822 	0.98541 	0.99183 	0.99897 	0.98752 	1.00291 	1.00622 	-0.13099 	-0.13276 	-0.16186 	0.02507 	0.00000 	0.10813 	-0.14785 	-0.13695 	0.00930 	-0.14085 	0.23583 	0.45116 	-0.04307 	-0.04365 	-0.05322 	0.02381 	0.00000 	0.09963 	-0.04861 	-0.04503 	0.00770 	-0.04631 	0.07754 	0.12762 	0.02177	0.05641
Replication234	 -1.34069	0.99884	0.98861 	0.98950 	0.99324 	0.99136 	0.99365 	0.99931 	0.98391 	0.99083 	0.99944 	0.98627 	1.00301 	1.00633 	-0.12183 	-0.14470 	-0.13813 	0.02288 	0.03184 	0.09836 	-0.16081 	-0.15545 	0.00891 	-0.14998 	0.25444 	0.43627 	-0.04005 	-0.04757 	-0.04541 	0.02167 	0.01047 	0.09020 	-0.05287 	-0.05111 	0.00738 	-0.04931 	0.08365 	0.12532 	0.01819	0.05237
Replication235	 -1.33856	0.99871	0.98658 	0.98823 	0.99272 	0.98992 	0.99209 	0.99864 	0.98246 	0.98917 	0.99815 	0.98347 	0.99855 	1.00597 	-0.13542 	-0.14641 	-0.11922 	0.02467 	0.02333 	0.10474 	-0.13508 	-0.14016 	0.00999 	-0.17149 	0.18621 	0.48049 	-0.04453 	-0.04815 	-0.03921 	0.02333 	0.00767 	0.09568 	-0.04442 	-0.04609 	0.00829 	-0.05639 	0.06123 	0.13562 	0.01835	0.05304
Replication236	 -1.30334	0.99873	0.98360 	0.98630 	0.99070 	0.98768 	0.98901 	0.99760 	0.98355 	0.99057 	0.99841 	0.98547 	1.00250 	1.00602 	-0.15516 	-0.13745 	-0.15056 	0.02735 	0.00000 	0.11384 	-0.15762 	-0.13858 	0.00978 	-0.16402 	0.25629 	0.47481 	-0.05102 	-0.04520 	-0.04951 	0.02602 	0.00000 	0.10491 	-0.05183 	-0.04557 	0.00810 	-0.05393 	0.08428 	0.13461 	0.02132	0.06085
Replication237	 -1.28790	0.99869	0.98470 	0.98562 	0.98995 	0.98770 	0.98890 	0.99722 	0.98430 	0.99060 	0.99799 	0.98570 	1.00136 	1.00591 	-0.13259 	-0.16083 	-0.16371 	0.02734 	0.00000 	0.11729 	-0.13980 	-0.13771 	0.01013 	-0.15751 	0.22651 	0.48793 	-0.04360 	-0.05289 	-0.05384 	0.02597 	0.00000 	0.10810 	-0.04597 	-0.04529 	0.00840 	-0.05180 	0.07449 	0.13759 	0.02295	0.06116
Replication238	 -1.26934	0.99848	0.98162 	0.98364 	0.98790 	0.98551 	0.98672 	0.99582 	0.98135 	0.98725 	0.99579 	0.98205 	0.99621 	1.00524 	-0.15859 	-0.15502 	-0.17410 	0.03008 	0.00000 	0.13037 	-0.12099 	-0.16391 	0.01197 	-0.16020 	0.16853 	0.56748 	-0.05218 	-0.05100 	-0.05728 	0.02849 	0.00000 	0.11968 	-0.03981 	-0.05392 	0.00996 	-0.05270 	0.05545 	0.16040 	0.02439	0.06709
Replication239	 -1.29083	0.99823	0.98011 	0.98258 	0.98749 	0.98440 	0.98572 	0.99498 	0.97338 	0.98234 	0.99284 	0.97599 	0.98543 	1.00442 	-0.16794 	-0.15801 	-0.13931 	0.03154 	0.00000 	0.13873 	-0.14161 	-0.15113 	0.01441 	-0.14336 	0.03039 	0.66458 	-0.05528 	-0.05201 	-0.04586 	0.02968 	0.00000 	0.12625 	-0.04661 	-0.04975 	0.01206 	-0.04719 	0.01000 	0.18919 	0.02170	0.07049
Replication240	 -1.26580	0.99860	0.98205 	0.98413 	0.98836 	0.98593 	0.98717 	0.99626 	0.98297 	0.98986 	0.99697 	0.98541 	0.99932 	1.00562 	-0.15760 	-0.15298 	-0.17998 	0.02950 	0.00000 	0.12610 	-0.14773 	-0.13933 	0.01097 	-0.13321 	0.19641 	0.52290 	-0.05184 	-0.05032 	-0.05920 	0.02804 	0.00000 	0.11624 	-0.04859 	-0.04583 	0.00912 	-0.04382 	0.06460 	0.14711 	0.02493	0.06551
Replication241	 -1.28609	0.99870	0.98383 	0.98594 	0.98992 	0.98755 	0.98874 	0.99726 	0.98443 	0.99091 	0.99809 	0.98629 	1.00162 	1.00595 	-0.14954 	-0.14120 	-0.16802 	0.02751 	0.00000 	0.11692 	-0.14492 	-0.13684 	0.01004 	-0.14773 	0.22684 	0.48378 	-0.04917 	-0.04643 	-0.05525 	0.02616 	0.00000 	0.10780 	-0.04766 	-0.04500 	0.00833 	-0.04858 	0.07460 	0.13641 	0.02315	0.06120
Replication242	 -1.30847	0.99880	0.98484 	0.98689 	0.99159 	0.98846 	0.98984 	0.99812 	0.98589 	0.99216 	0.99915 	0.98871 	1.00338 	1.00627 	-0.14225 	-0.14596 	-0.14070 	0.02638 	0.00000 	0.10898 	-0.15189 	-0.15104 	0.00916 	-0.11626 	0.23569 	0.44666 	-0.04677 	-0.04799 	-0.04626 	0.02512 	0.00000 	0.10052 	-0.04994 	-0.04966 	0.00757 	-0.03823 	0.07749 	0.12424 	0.02124	0.05609
Replication243	 -1.31951	0.99875	0.98310 	0.98596 	0.99155 	0.98737 	0.98901 	0.99783 	0.98365 	0.99049 	0.99869 	0.98592 	1.00287 	1.00609 	-0.15664 	-0.15031 	-0.12267 	0.02771 	0.00000 	0.11174 	-0.16018 	-0.15547 	0.00956 	-0.15177 	0.26101 	0.46726 	-0.05151 	-0.04943 	-0.04034 	0.02640 	0.00000 	0.10291 	-0.05267 	-0.05112 	0.00789 	-0.04991 	0.08583 	0.13101 	0.01976	0.05908
Replication244	 -1.30704	0.99850	0.98330 	0.98483 	0.98977 	0.98678 	0.98811 	0.99663 	0.97706 	0.98611 	0.99590 	0.98088 	0.99472 	1.00527 	-0.14326 	-0.16133 	-0.13418 	0.02854 	0.00000 	0.12319 	-0.17821 	-0.15986 	0.01187 	-0.13673 	0.16619 	0.56311 	-0.04713 	-0.05307 	-0.04414 	0.02697 	0.00000 	0.11260 	-0.05863 	-0.05259 	0.00988 	-0.04498 	0.05467 	0.15986 	0.02066	0.06342
Replication245	 -1.28022	0.99865	0.98226 	0.98435 	0.98905 	0.98615 	0.98752 	0.99661 	0.98301 	0.98992 	0.99760 	0.98465 	1.00173 	1.00577 	-0.15551 	-0.15758 	-0.16827 	0.02922 	0.00000 	0.12280 	-0.15357 	-0.13926 	0.01046 	-0.16923 	0.25335 	0.50429 	-0.05115 	-0.05183 	-0.05534 	0.02781 	0.00000 	0.11332 	-0.05051 	-0.04580 	0.00867 	-0.05566 	0.08332 	0.14319 	0.02330	0.06604
Replication246	 -1.29404	0.99837	0.98385 	0.98443 	0.98851 	0.98672 	0.98774 	0.99595 	0.97602 	0.98405 	0.99446 	0.97785 	0.99082 	1.00485 	-0.13266 	-0.16354 	-0.15356 	0.02868 	0.00000 	0.12960 	-0.14309 	-0.16295 	0.01306 	-0.16362 	0.11425 	0.61203 	-0.04365 	-0.05382 	-0.05053 	0.02698 	0.00000 	0.11814 	-0.04709 	-0.05362 	0.01090 	-0.05384 	0.03760 	0.17520 	0.02178	0.06627
Replication247	 -1.29763	0.99868	0.98075 	0.98464 	0.99012 	0.98579 	0.98748 	0.99700 	0.98264 	0.99028 	0.99793 	0.98565 	1.00145 	1.00588 	-0.17882 	-0.14347 	-0.13939 	0.02963 	0.00000 	0.11930 	-0.16901 	-0.13996 	0.01018 	-0.14154 	0.23937 	0.49201 	-0.05881 	-0.04718 	-0.04584 	0.02825 	0.00000 	0.11001 	-0.05558 	-0.04603 	0.00843 	-0.04655 	0.07872 	0.13780 	0.02170	0.06321
Replication248	 -1.27154	0.99848	0.98115 	0.98407 	0.98798 	0.98555 	0.98674 	0.99589 	0.98047 	0.98713 	0.99568 	0.98138 	0.99552 	1.00522 	-0.17030 	-0.13822 	-0.17453 	0.03002 	0.00000 	0.12984 	-0.12868 	-0.14677 	0.01205 	-0.16838 	0.16135 	0.56950 	-0.05603 	-0.04547 	-0.05742 	0.02843 	0.00000 	0.11913 	-0.04234 	-0.04829 	0.01003 	-0.05540 	0.05308 	0.16150 	0.02413	0.06723
Replication249	 -1.30001	0.99845	0.98431 	0.98548 	0.98938 	0.98760 	0.98977 	0.99664 	0.97686 	0.98551 	0.99518 	0.98025 	0.99152 	1.00510 	-0.14477 	-0.15871 	-0.15575 	0.02759 	0.02895 	0.12326 	-0.15801 	-0.15394 	0.01246 	-0.12779 	0.10260 	0.58260 	-0.04763 	-0.05222 	-0.05124 	0.02597 	0.00953 	0.11233 	-0.05199 	-0.05065 	0.01040 	-0.04205 	0.03376 	0.16640 	0.02150	0.06261