
Replication	FitnessValue	Frequency	Bus1	Bus2	Bus3	Bus4	Bus5	Bus6	Bus7	Bus8	Bus9	Bus10	Bus11	Bus12	Bus1_P	Bus2_P	Bus3_P	Bus4_P	Bus5_P	Bus6_P	Bus7_P	Bus8_P	Bus9_P	Bus10_P	Bus11_P	Bus12_P	Bus1_Q	Bus2_Q	Bus3_Q	Bus4_Q	Bus5_Q	Bus6_Q	Bus7_Q	Bus8_Q	Bus9_Q	Bus10_Q	Bus11_Q	Bus12_Q	PLoss	QLoss
Replication0	 0.00691	0.99624	0.96523 	0.95311 	0.94459 	0.95930 	0.95970 	0.96891 	0.96485 	0.96189 	0.97289 	0.94309 	0.97254 	0.96989 	0.14876 	-0.21771 	-0.54071 	0.02120 	0.00417 	0.57325 	0.05248 	0.27494 	0.04446 	-0.60696 	0.24369 	0.01819 	0.04916 	-0.07195 	-0.17869 	0.00873 	0.00138 	0.21142 	0.01734 	0.09086 	0.03418 	-0.20059 	0.08054 	0.01531 	0.01577	0.05769
Replication1	 0.10652	1.01118	1.03899 	1.07827 	1.10531 	1.06418 	1.08369 	1.07421 	1.14691 	1.14795 	1.13486 	1.15652 	1.15343 	1.14008 	-0.70839 	0.25590 	1.07751 	-0.03449 	0.02716 	-1.15024 	0.50492 	-0.19940 	-0.14755 	0.28744 	0.21303 	-0.05860 	-0.22722 	0.08208 	0.34561 	0.00252 	0.00871 	-0.07592 	0.16195 	-0.06396 	-0.11702 	0.09220 	0.06833 	-0.05005 	0.06728	0.22724
Replication2	 0.08906	0.99478	0.86094 	0.86956 	0.88271 	0.87348 	0.89916 	0.92770 	0.98148 	0.95082 	0.98565 	0.96940 	0.98454 	0.98411 	-0.30942 	-0.54763 	-0.66805 	0.04893 	0.01841 	1.03672 	0.69269 	-0.67422 	0.03293 	0.18237 	0.24826 	0.01281 	-0.10255 	-0.18151 	-0.22142 	0.03165 	0.00610 	0.53489 	0.22959 	-0.22347 	0.01866 	0.06044 	0.08228 	0.00881 	0.07380	0.24347
Replication3	 0.08585	0.99751	0.86415 	0.92116 	0.95290 	0.90430 	0.93015 	0.96597 	0.97515 	0.95142 	0.97984 	0.94698 	0.97680 	0.97798 	-0.85683 	-0.01510 	0.11590 	0.03532 	0.00000 	0.54020 	0.53408 	-0.19476 	0.03536 	-0.40641 	0.26004 	0.01432 	-0.28244 	-0.00498 	0.03820 	0.02707 	0.00000 	0.30068 	0.17605 	-0.06420 	0.02855 	-0.13397 	0.08572 	0.01242 	0.06213	0.18311
Replication4	 234.42471	0.98253	0.06790 	0.96555 	-0.49650 	-3.31008 	-0.90188 	-2.02062 	-0.14316 	-0.11275 	0.15034 	-0.12055 	0.01005 	0.04803 	-1.55568 	-0.22219 	-0.42515 	0.80000 	0.00000 	1.20000 	-0.14798 	-0.05513 	0.66531 	-0.11996 	0.23619 	0.33301 	-0.35483 	-0.05068 	-0.09697 	0.80000 	0.00000 	1.20000 	-0.03375 	-0.01257 	0.80000 	-0.02736 	0.05387 	0.47052 	25.38297	67.10588
Replication5	 7348.98910	1.00783	-7038.63527 	-409.66425 	-19.20501 	-1261.78661 	443.01763 	-0.22705 	167.85622 	40.69381 	217.36314 	79.64255 	181.31550 	282.96731 	-0.57515 	-1.60583 	-0.08547 	0.80000 	0.00000 	-0.46064 	-0.11429 	0.26609 	-229.55930 	-0.42041 	0.28497 	-117.85735 	-0.11190 	-0.31242 	-0.01663 	0.80000 	0.00000 	1.20000 	-0.02224 	0.05177 	-228.86164 	-0.08179 	0.05544 	-117.66192 	27.82156	80.05348
Replication6	 -1.35619	1.00261	1.03147 	1.04193 	1.04844 	1.03593 	1.02766 	1.03333 	0.98203 	0.96932 	0.98772 	0.96446 	0.98811 	0.98555 	-0.08095 	0.23331 	0.45958 	-0.01197 	0.00000 	-0.34822 	-0.10720 	-0.08611 	0.02004 	-0.32242 	0.25142 	0.00921 	-0.02641 	0.07613 	0.14996 	-0.00333 	0.00000 	-0.09740 	-0.03498 	-0.02810 	0.02717 	-0.10520 	0.08204 	0.01121 	0.01669	0.05107
Replication7	 0.06627	1.00205	0.88373 	0.93840 	0.98478 	0.92354 	0.95902 	0.98776 	1.04989 	1.04206 	1.04958 	1.05529 	1.06214 	1.05019 	-0.90846 	-0.22617 	0.45970 	0.02212 	0.00000 	0.11383 	0.51913 	-0.40830 	-0.04473 	0.26870 	0.31680 	-0.01757 	-0.29676 	-0.07388 	0.15017 	0.02891 	0.00000 	0.31096 	0.16958 	-0.13337 	-0.03913 	0.08777 	0.10348 	-0.01600 	0.09506	0.29173
Replication8	 0.09320	0.99486	0.87004 	0.85680 	0.91483 	0.86988 	0.89663 	0.93687 	0.92885 	0.96826 	0.94971 	0.95655 	0.96078 	0.94233 	-0.05466 	-1.17292 	0.12684 	0.04986 	0.00000 	0.94535 	-0.70018 	0.54209 	0.07090 	-0.03009 	0.26335 	0.03023 	-0.01811 	-0.38869 	0.04203 	0.03284 	0.00000 	0.45118 	-0.23203 	0.17964 	0.05685 	-0.00997 	0.08727 	0.02629 	0.07078	0.22730
Replication9	 0.16615	0.98398	0.79050 	0.81736 	0.84058 	0.81346 	0.82630 	0.87904 	0.82116 	0.78385 	0.84971 	0.79121 	0.83179 	0.83860 	-0.41784 	-0.33939 	-0.37157 	0.08453 	0.00252 	1.20000 	0.01728 	-0.47938 	0.19171 	-0.21472 	0.32011 	0.07772 	-0.14152 	-0.11494 	-0.12584 	0.03147 	0.00085 	0.48030 	0.00585 	-0.16236 	0.14793 	-0.07272 	0.10841 	0.06545 	0.07096	0.22288
Replication10	 0.07938	0.99680	0.87062 	0.87522 	0.90278 	0.88095 	0.90883 	0.93891 	0.99497 	1.03744 	1.00620 	1.02166 	1.02276 	1.00263 	-0.27870 	-0.72638 	-0.39768 	0.04338 	0.00000 	0.83257 	-0.26512 	0.72725 	0.00840 	-0.09980 	0.24415 	0.00430 	-0.09200 	-0.23978 	-0.13127 	0.03279 	0.00000 	0.52508 	-0.08752 	0.24007 	-0.00034 	-0.03295 	0.08059 	0.00185 	0.09236	0.29652
Replication11	 0.05982	1.00506	0.01983	0.06133
Replication12	 0.01850	0.99589	1.05806 	1.06224 	1.04653 	1.05968 	1.06043 	1.04139 	1.09419 	1.10982 	1.08694 	1.10612 	1.09974 	1.09015 	-0.05753 	0.36826 	-0.06365 	-0.02304 	0.01615 	-0.54286 	0.07383 	0.26456 	-0.08842 	0.05594 	0.05200 	-0.03541 	-0.01868 	0.11957 	-0.02067 	-0.00629 	0.00524 	-0.05663 	0.02397 	0.08590 	-0.07460 	0.01816 	0.01688 	-0.03154 	0.01984	0.06224
Replication13	 0.02327	1.00465	0.95259 	0.93150 	0.95610 	0.94258 	0.94844 	0.96847 	0.93882 	0.94794 	0.95203 	0.93400 	0.95181 	0.94710 	0.22442 	-0.72241 	-0.01068 	0.02671 	0.00000 	0.59422 	-0.31066 	0.29641 	0.06704 	-0.35497 	0.18190 	0.02784 	0.07422 	-0.23891 	-0.00353 	0.01309 	0.00000 	0.19882 	-0.10274 	0.09803 	0.05580 	-0.11739 	0.06016 	0.02470 	0.01467	0.04920
Replication14	 -1.21895	1.00193	1.07327 	1.05933 	1.06633 	1.06299 	1.05636 	1.04756 	1.03100 	1.01023 	1.02957 	1.01013 	1.03330 	1.03020 	0.28357 	-0.07551 	0.49716 	-0.02333 	0.00000 	-0.58194 	0.19674 	-0.25655 	-0.02708 	-0.27006 	0.28188 	-0.01021 	0.09215 	-0.02454 	0.16156 	-0.00795 	0.00000 	-0.13539 	0.06393 	-0.08337 	-0.01438 	-0.08776 	0.09160 	-0.00666 	0.02814	0.08576
Replication15	 7594.26299	1.05847	1.04196 	1.04949 	1.02396 	1.04262 	1.02181 	1.02396 	0.95752 	0.95496 	0.97009 	0.96616 	0.97476 	0.96551 	0.06727 	0.68949 	-0.17548 	-0.01282 	0.01952 	-0.22614 	-0.58524 	-0.30413 	0.03964 	0.22363 	0.27456 	0.01784 	0.02198 	0.22528 	-0.05734 	-0.00643 	0.00638 	-0.04054 	-0.19122 	-0.09937 	0.04492 	0.07307 	0.08971 	0.01932 	552.90248	1596.80264
Replication16	 0.10032	1.00274	0.22571	0.69089
Replication17	 -1.10410	1.00157	-2580.63941 	-246.58934 	-59.79969 	-2720.71973 	457.33538 	27.82083 	10.79865 	-1.42464 	-0.95941 	-0.02645 	5.43299 	0.67387 	-3.55674 	-3.73194 	-1.45969 	0.80000 	0.00000 	-502.07277 	-0.15680 	-1.62834 	-4.90768 	-4.12704 	1.23424 	-1.81885 	0.78538 	0.82406 	0.32232 	0.80000 	-0.00000 	-9.93614 	0.03462 	0.35956 	0.80000 	0.91131 	-0.27254 	1.20000 	0.03909	0.11292
Replication18	 117526.51269	1.03891	0.84968 	0.85608 	0.90350 	0.86295 	0.89822 	0.94243 	1.03720 	1.08413 	1.04436 	1.07968 	1.06650 	1.04247 	-0.34969 	-0.97556 	-0.20374 	0.03886 	0.00000 	0.51354 	0.12791 	0.58063 	-0.04014 	0.33059 	0.21792 	-0.01461 	-0.11407 	-0.31823 	-0.06646 	0.04793 	0.00000 	0.77684 	0.04172 	0.18941 	-0.03266 	0.10784 	0.07109 	-0.01251 	6570.62067	20181.02269
Replication19	 -1.48726	0.99875	0.96381 	1.02255 	1.00795 	0.99894 	1.00094 	1.01179 	1.00397 	0.99178 	1.00836 	1.01796 	1.01430 	1.00692 	-0.78889 	0.98557 	-0.13236 	0.00066 	0.00000 	-0.09266 	-0.10841 	-0.66153 	-0.00041 	0.63572 	0.20069 	0.00069 	-0.25794 	0.32225 	-0.04328 	0.00587 	0.00000 	0.05851 	-0.03545 	-0.21630 	0.00389 	0.20786 	0.06562 	0.00189 	0.00621	0.02163
Replication20	 0.03222	0.99681	0.05033	0.16423
Replication21	 6903.20562	0.96890	1445.51663 	-313.55894 	-878.32697 	314.12064 	-891.58385 	-940.15793 	537.06899 	2982.99980 	2202.32103 	1917.07081 	-2576.47799 	-337.40779 	-13.56563 	7.37155 	-56.03240 	-201.90749 	1.54598 	1.20000 	-37.76308 	-40.29033 	-2422.48455 	-66.54162 	14.29273 	1.20000 	4.31699 	-2.34585 	17.83121 	0.80000 	-0.49198 	1.20000 	12.01736 	12.82160 	-2241.77445 	21.17556 	-4.54838 	1.20000 	363.40207	1115.11654
Replication22	 0.11828	0.99780	0.98912 	0.98148 	0.99634 	0.98569 	0.98917 	0.99746 	0.98423 	0.99204 	0.99084 	0.97825 	0.99443 	0.98851 	0.07303 	-0.34984 	0.12290 	0.00924 	0.00000 	0.17963 	-0.18063 	0.30615 	0.02200 	-0.37020 	0.18448 	0.00945 	0.02401 	-0.11503 	0.04041 	0.00511 	0.00000 	0.05983 	-0.05939 	0.10067 	0.01859 	-0.12173 	0.06066 	0.00850 	0.09870	0.29900
Replication23	 0.05922	1.00581	0.92974 	0.92679 	0.91778 	0.93188 	0.94468 	0.95481 	1.00413 	1.03857 	1.01292 	1.03995 	1.02807 	1.01024 	-0.07819 	-0.27157 	-0.76216 	0.02834 	0.02464 	0.68047 	-0.40052 	0.29882 	0.00127 	0.36962 	0.15849 	0.00112 	-0.02581 	-0.08964 	-0.25159 	0.01777 	0.00813 	0.37340 	-0.13221 	0.09864 	-0.00746 	0.12201 	0.05232 	-0.00132 	0.02679	0.08309
Replication24	 2645.94309	0.98728	-405.91321 	53.72788 	94.78509 	-99.61322 	-125.47827 	42.21830 	-242.02598 	115.83059 	-535.88016 	217.87753 	-229.26439 	-405.21405 	-2.75927 	-3.02523 	-1.12424 	0.80000 	0.00000 	-567.17246 	-2.05293 	-0.46172 	0.80000 	-2.52230 	0.69126 	1.20000 	0.51276 	0.56218 	0.20892 	0.80000 	-0.00000 	-219.78616 	0.38150 	0.08580 	0.80000 	0.46872 	-0.12846 	1.20000 	202.17511	568.95481
Replication25	 405.26906	0.95585	0.83172 	0.89258 	0.91931 	0.87630 	0.91069 	0.94854 	1.00868 	1.02249 	1.01333 	1.01901 	1.02206 	1.01196 	-0.92384 	-0.06819 	-0.23750 	0.04310 	0.00000 	0.69257 	0.25892 	0.17516 	-0.00052 	-0.00508 	0.16406 	0.00002 	-0.30436 	-0.02246 	-0.07824 	0.03581 	0.00000 	0.48105 	0.08530 	0.05771 	-0.00654 	-0.00167 	0.05405 	-0.00166 	31.26083	85.38483
Replication26	 0.08024	0.99356	1.07602 	1.07793 	1.04729 	1.07493 	1.06852 	1.04545 	1.09338 	1.10151 	1.08974 	1.10922 	1.10905 	1.09184 	0.04043 	0.62826 	-0.27248 	-0.02879 	0.00000 	-0.61791 	-0.06201 	-0.12651 	-0.09242 	0.29158 	0.30306 	-0.03640 	0.01311 	0.20369 	-0.08834 	-0.00954 	0.00000 	-0.05899 	-0.02011 	-0.04102 	-0.07654 	0.09453 	0.09825 	-0.03195 	0.04032	0.12821
Replication27	 0.04148	0.99893	-36.06959 	-13.06222 	1.67063 	-18.07799 	-0.54384 	-8.77178 	-5.29648 	36.41530 	-74.71701 	40.28910 	-10.96820 	-50.50384 	-1.03168 	-2.03258 	-3.27966 	0.80000 	0.07206 	1.20000 	0.96071 	-0.04887 	0.80000 	-0.60597 	0.87780 	1.20000 	0.09349 	0.18418 	0.29719 	0.80000 	-0.00653 	1.20000 	-0.08706 	0.00443 	0.80000 	0.05491 	-0.07954 	1.20000 	0.04227	0.12902
Replication28	 56404.26246	1.23053	0.93064 	1.30610 	-0.48983 	2.09306 	-2.86223 	-2.81743 	-0.18543 	-0.45533 	-0.23057 	-0.47276 	-0.91834 	-0.39957 	-0.68311 	-0.60466 	-1.06882 	-0.67218 	0.00706 	1.20000 	0.33240 	-0.58323 	0.80000 	-0.30295 	0.17659 	0.50722 	-0.14538 	-0.12869 	-0.22747 	0.03293 	0.00150 	1.20000 	0.07074 	-0.12413 	0.80000 	-0.06448 	0.03758 	0.67020 	3976.27605	13857.97234
Replication29	 -1.29792	0.99916	0.86976 	0.88835 	0.91546 	0.88616 	0.90107 	0.94049 	0.90744 	0.88557 	0.92157 	0.88109 	0.91118 	0.91594 	-0.35588 	-0.42419 	-0.16750 	0.04721 	0.00000 	0.97327 	0.15291 	-0.17105 	0.10248 	-0.36746 	0.20880 	0.04175 	-0.11824 	-0.14094 	-0.05565 	0.02588 	0.00000 	0.35420 	0.05080 	-0.05683 	0.08488 	-0.12209 	0.06937 	0.03682 	0.02073	0.07260
Replication30	 0.03230	0.99641	0.90852 	0.94709 	0.98052 	0.93639 	0.95829 	0.98392 	0.99460 	1.01920 	1.00405 	1.02356 	1.01679 	1.00099 	-0.64940 	-0.17244 	0.30518 	0.02350 	0.00000 	0.30055 	-0.42695 	0.11820 	0.00777 	0.34053 	0.19115 	0.00417 	-0.21346 	-0.05668 	0.10031 	0.01995 	0.00000 	0.19743 	-0.14034 	0.03885 	0.00484 	0.11194 	0.06283 	0.00335 	0.04110	0.14518
Replication31	 805.08121	1.02036	3590.20738 	-495.64787 	-50.17206 	759.77814 	-15.80002 	-489.21810 	-18.99743 	-1.74003 	-17.01961 	16.85887 	3.00770 	-13.22107 	8.87432 	-14.95823 	19.73319 	-303.76166 	0.00000 	1.20000 	2.00498 	-23.13251 	-46.77608 	-39.61141 	10.01452 	-12.51028 	-2.79252 	4.70696 	-6.20952 	-144.08442 	-0.00000 	1.20000 	-0.63091 	7.27920 	0.80000 	12.46468 	-3.15131 	1.20000 	27.05526	94.71547
Replication32	 0.11500	0.99277	0.99015 	1.00017 	0.96421 	0.99596 	0.99298 	0.98910 	1.01982 	1.03677 	1.02404 	1.03741 	1.03552 	1.02292 	-0.12103 	0.50395 	-0.79727 	0.00553 	0.00000 	0.23988 	-0.24691 	0.12641 	-0.01373 	0.15662 	0.17234 	-0.00507 	-0.03977 	0.16557 	-0.26194 	0.00276 	0.00000 	0.15923 	-0.08112 	0.04153 	-0.01602 	0.05146 	0.05662 	-0.00572 	0.06023	0.20193
Replication33	 0.08214	1.00764	0.91770 	0.93446 	0.92815 	0.93111 	0.94126 	0.95883 	0.97604 	0.92405 	0.97541 	0.94582 	0.96291 	0.97518 	-0.30944 	-0.01459 	-0.59947 	0.02922 	0.00556 	0.66094 	0.86054 	-0.86136 	0.04154 	0.10662 	0.10563 	0.01591 	-0.10223 	-0.00482 	-0.19804 	0.01735 	0.00184 	0.31632 	0.28429 	-0.28456 	0.03174 	0.03522 	0.03490 	0.01317 	0.03492	0.10293
Replication34	 0.00420	0.99658	0.01725	0.05797
Replication35	 0.53539	0.99813	-52.48700 	-2.33105 	-4.14106 	18.02433 	-6.85832 	-3.27686 	1.34473 	3.01963 	1.44813 	2.66236 	2.06637 	1.42852 	-0.52454 	0.18958 	0.17223 	-5.58945 	0.00000 	1.20000 	-1.18027 	-0.91960 	-0.93307 	0.03691 	0.20946 	-0.30615 	-0.08411 	0.03040 	0.02762 	-4.45288 	0.00000 	1.20000 	-0.18927 	-0.14747 	0.00474 	0.00592 	0.03359 	-0.04344 	0.35724	1.06324
Replication36	 0.04856	0.99890	0.83500 	0.87328 	0.88674 	0.86362 	0.87796 	0.92509 	0.88631 	0.84552 	0.90220 	0.86768 	0.88653 	0.89572 	-0.56522 	-0.10720 	-0.47871 	0.05517 	0.00000 	1.15823 	0.22615 	-0.73744 	0.12408 	0.16745 	0.16721 	0.05050 	-0.18809 	-0.03567 	-0.15930 	0.03123 	0.00000 	0.46326 	0.07526 	-0.24540 	0.10433 	0.05572 	0.05564 	0.04496 	0.10886	0.33465
Replication37	 0.09177	0.99402	1.13214 	1.08582 	1.07911 	1.10129 	1.09112 	1.06273 	1.08756 	1.08069 	1.07817 	1.08431 	1.08474 	1.08190 	0.89121 	-0.25474 	0.24407 	-0.03958 	0.00000 	-0.87051 	0.22586 	-0.14611 	-0.08266 	0.04566 	0.05467 	-0.03295 	0.28789 	-0.08229 	0.07884 	-0.01430 	0.00000 	-0.13648 	0.07296 	-0.04720 	-0.06179 	0.01475 	0.01766 	-0.02711 	0.03606	0.11377
Replication38	 26414.54625	1.10820	0.97578 	0.95242 	0.94580 	0.96332 	0.96549 	0.97021 	0.98294 	0.96469 	0.98745 	0.97952 	0.98715 	0.98579 	0.29731 	-0.38809 	-0.54877 	0.01944 	0.00000 	0.54428 	0.16094 	-0.48863 	0.02857 	0.21233 	0.16845 	0.01142 	0.09819 	-0.12817 	-0.18123 	0.00811 	0.00000 	0.21551 	0.05315 	-0.16137 	0.01922 	0.07012 	0.05563 	0.00880 	608.81300	1903.80584
Replication39	 0.21620	0.98922	0.76959 	0.81228 	0.87682 	0.79913 	0.77925 	0.91048 	0.54331 	0.41461 	0.62117 	0.42009 	0.52086 	0.58935 	-0.42538 	-0.42255 	0.37806 	0.06532 	0.00000 	1.03993 	-0.01942 	-0.54399 	0.41449 	-0.46597 	0.16036 	0.17640 	-0.14005 	-0.13912 	0.12447 	0.05914 	0.00000 	0.86054 	-0.00639 	-0.17910 	0.40939 	-0.15341 	0.05279 	0.17497 	0.11566	0.35017
Replication40	 23634.46206	1.18130	0.90170 	0.90144 	0.90643 	0.90789 	0.93214 	0.94850 	1.05006 	1.07187 	1.05025 	1.06569 	1.06412 	1.05075 	-0.19782 	-0.51985 	-0.70941 	0.03196 	0.00457 	0.64030 	0.41169 	0.34308 	-0.04113 	0.00800 	0.15406 	-0.01660 	-0.06503 	-0.17089 	-0.23320 	0.02831 	0.00150 	0.53417 	0.13533 	0.11278 	-0.04415 	0.00263 	0.05064 	-0.01744 	2178.54440	7662.04803
Replication41	 0.07589	1.01030	0.05483	0.18839
Replication42	 756.05653	0.93926	0.89474 	0.91199 	0.92634 	0.90828 	0.91351 	0.94945 	0.88921 	0.86296 	0.90463 	0.85823 	0.88895 	0.89830 	-0.27929 	-0.20546 	-0.23624 	0.03993 	0.02749 	0.86574 	0.08384 	-0.19144 	0.11981 	-0.39098 	0.15371 	0.04894 	-0.09271 	-0.06820 	-0.07842 	0.02011 	0.00913 	0.29052 	0.02783 	-0.06355 	0.10346 	-0.12978 	0.05102 	0.04436 	52.28409	130.30772
Replication43	 0.14561	0.99301	19905.74152 	-5908.69224 	983.07936 	-4345.22679 	483.77523 	-5.90962 	1852.25440 	-1068.26156 	366.70774 	310.11565 	-1413.97418 	769.31880 	-1.96199 	-1.32324 	1.61031 	0.80000 	0.00000 	-241.07802 	-4.30971 	-3.84360 	-396.16054 	-4.09543 	2.49777 	-323.33020 	0.46940 	0.31658 	-0.38526 	0.80000 	-0.00000 	1.20000 	1.03108 	0.91956 	-378.69996 	0.97981 	-0.59758 	-318.43904 	0.07760	0.24696
Replication44	 0.05670	0.99463	0.73380 	0.81177 	0.84809 	0.79125 	0.82754 	0.89047 	0.89572 	0.88842 	0.91384 	0.88643 	0.90736 	0.90694 	-0.99383 	-0.08758 	-0.31550 	0.08240 	0.00000 	1.20000 	0.14103 	-0.09418 	0.11660 	-0.18382 	0.20331 	0.04717 	-0.33308 	-0.02935 	-0.10574 	0.04671 	0.00000 	0.62332 	0.04727 	-0.03157 	0.08715 	-0.06161 	0.06814 	0.03892 	0.04118	0.14252
Replication45	 0.01781	1.00165	-1521.92679 	136.12988 	8.45532 	53.34256 	252.94584 	-260.03672 	9.82651 	19.78244 	0.20543 	15.09242 	19.71685 	0.09887 	-5.00357 	-7.87696 	22.72790 	-59.83123 	0.00000 	1.20000 	-10.40208 	-17.95178 	-35.77274 	-15.28951 	9.53637 	-9.87911 	1.52315 	2.39785 	-6.91867 	0.80000 	-0.00000 	1.20000 	3.16653 	5.46476 	0.80000 	4.65433 	-2.90300 	1.20000 	0.01093	0.03403
Replication46	 0.03207	1.00320	1.11364 	1.12589 	1.08609 	1.11695 	1.10383 	1.07494 	1.10557 	1.07169 	1.09571 	1.10528 	1.10647 	1.09976 	-0.05368 	1.13681 	-0.12801 	-0.04861 	0.03615 	-1.11486 	0.45589 	-1.07880 	-0.10487 	0.70886 	0.28737 	-0.04143 	-0.01725 	0.36527 	-0.04113 	-0.01452 	0.01162 	-0.12526 	0.14649 	-0.34664 	-0.07674 	0.22777 	0.09234 	-0.03355 	0.02466	0.07421
Replication47	 0.07844	0.99506	-125.96417 	-11.92245 	-2.13169 	-55.31740 	20.55901 	-2.84772 	-0.15821 	0.96228 	0.61838 	1.05782 	0.53788 	0.98627 	-0.38442 	-1.63970 	-0.53777 	0.80000 	0.00393 	1.20000 	-0.12066 	-0.34856 	-0.01272 	-0.57613 	0.28945 	-0.10988 	-0.06597 	-0.28138 	-0.09228 	0.80000 	0.00068 	1.20000 	-0.02070 	-0.05981 	0.80000 	-0.09886 	0.04967 	0.12970 	0.03088	0.09469
Replication48	 345.95744	0.99590	0.80439 	0.85369 	0.88705 	0.84161 	0.86538 	0.92153 	0.88738 	0.88627 	0.90714 	0.86225 	0.89924 	0.89951 	-0.71995 	-0.25483 	-0.23027 	0.06127 	0.00000 	1.18065 	-0.03391 	0.34411 	0.11852 	-0.68375 	0.24695 	0.04882 	-0.23947 	-0.08476 	-0.07659 	0.03812 	0.00000 	0.50888 	-0.01128 	0.11446 	0.09942 	-0.22743 	0.08214 	0.04347 	21.37087	57.83708
Replication49	 0.02293	0.99796	0.89694 	0.90376 	0.89330 	0.90583 	0.92076 	0.93802 	0.98578 	0.98903 	0.99348 	0.99268 	1.00065 	0.99094 	-0.21753 	-0.20790 	-0.87598 	0.03964 	0.00769 	0.94548 	0.09384 	-0.09652 	0.02484 	0.07728 	0.24034 	0.01002 	-0.07212 	-0.06893 	-0.29043 	0.02185 	0.00255 	0.42912 	0.03111 	-0.03200 	0.01016 	0.02562 	0.07968 	0.00590 	0.03056	0.10825
Replication50	 0.03445	1.00506	1.00353 	1.01580 	1.01734 	1.01195 	1.01971 	1.01629 	1.05364 	1.06781 	1.05122 	1.06183 	1.06091 	1.05252 	-0.23359 	0.09140 	0.03322 	-0.00330 	0.00000 	-0.13931 	0.02291 	0.27072 	-0.04593 	-0.05007 	0.08326 	-0.01839 	-0.07636 	0.02988 	0.01086 	0.00216 	0.00000 	0.01920 	0.00749 	0.08851 	-0.04142 	-0.01637 	0.02722 	-0.01713 	0.02261	0.06944
Replication51	 -1.43432	1.00111	0.01035	0.03384
Replication52	 23234.49772	1.15471	1.08207 	1.05344 	1.04147 	1.06128 	1.04287 	1.03455 	0.99106 	0.98146 	0.99465 	0.98461 	0.99420 	0.99323 	0.62417 	0.03364 	0.04108 	-0.02044 	0.00788 	-0.38840 	-0.19599 	-0.18531 	0.01189 	-0.03559 	0.12596 	0.00578 	0.20342 	0.01096 	0.01339 	-0.00983 	0.00257 	-0.08036 	-0.06387 	-0.06039 	0.02064 	-0.01160 	0.04105 	0.00823 	1596.43465	5413.16683
Replication53	 0.06931	1.00439	0.94545 	0.92996 	0.94455 	0.93753 	0.93397 	0.96173 	0.89145 	0.88371 	0.91045 	0.87156 	0.90246 	0.90307 	0.21286 	-0.49392 	-0.15214 	0.02957 	0.00000 	0.69832 	-0.28312 	0.07333 	0.11221 	-0.45007 	0.23730 	0.04655 	0.07051 	-0.16362 	-0.05040 	0.01321 	0.00000 	0.22348 	-0.09379 	0.02429 	0.09872 	-0.14909 	0.07861 	0.04277 	0.15196	0.47206
Replication54	 -1.25286	0.99822	-2.49902 	-1.53680 	-1.06590 	-1.70799 	-0.60041 	-1.04873 	0.88921 	0.26981 	0.48718 	0.30101 	-0.81875 	0.45545 	-0.41096 	-0.57475 	0.06006 	0.52150 	0.00000 	1.20000 	0.17707 	-0.95311 	0.32235 	-0.49999 	0.26539 	0.16675 	-0.09572 	-0.13387 	0.01399 	0.80000 	0.00000 	1.20000 	0.04124 	-0.22200 	0.78544 	-0.11646 	0.06181 	0.29647 	0.02489	0.08025
Replication55	 0.04049	1.00216	0.98671 	1.00003 	0.95437 	0.99230 	0.97465 	0.98227 	0.94097 	0.92707 	0.95397 	0.93886 	0.95394 	0.94910 	-0.05255 	0.78480 	-0.87354 	0.00861 	0.00000 	0.36290 	-0.27620 	-0.40959 	0.06215 	0.12286 	0.27491 	0.02621 	-0.01731 	0.25847 	-0.28769 	0.00184 	0.00000 	0.16658 	-0.09096 	-0.13490 	0.05657 	0.04046 	0.09054 	0.02465 	0.03287	0.10508
Replication56	 71054.76204	1.03936	1.08445 	1.05011 	1.05632 	1.06280 	1.06137 	1.04342 	1.07041 	1.05683 	1.06629 	1.07345 	1.07777 	1.06826 	0.56751 	-0.41070 	0.29965 	-0.02396 	0.00000 	-0.56214 	0.16263 	-0.52733 	-0.06654 	0.33896 	0.27078 	-0.02627 	0.18427 	-0.13335 	0.09730 	-0.00721 	0.00000 	-0.07601 	0.05281 	-0.17122 	-0.05272 	0.11006 	0.08792 	-0.02240 	3381.83842	8087.37170
Replication57	 0.12673	1.00972	1.02229 	1.02457 	1.02357 	1.02258 	1.01699 	1.01898 	0.99254 	0.98006 	0.99519 	0.96486 	0.99377 	0.99411 	0.01339 	0.12847 	0.11483 	-0.00554 	0.00000 	-0.13890 	0.13081 	0.13052 	0.01418 	-0.59696 	0.21334 	0.00621 	0.00438 	0.04205 	0.03758 	-0.00188 	0.00000 	-0.03254 	0.04281 	0.04272 	0.01721 	-0.19537 	0.06982 	0.00706 	0.23458	0.70796
Replication58	 0.07577	0.99596	0.03713	0.12636
Replication59	 0.14300	0.99787	-5867.78271 	-347.63169 	-234.46399 	-1572.12376 	56.37625 	-134.84782 	129.77325 	-42.03852 	15.78312 	9.26437 	11.99041 	-55.14264 	-2.62266 	-2.87818 	-7.72631 	0.80000 	0.00000 	1.20000 	-1.18603 	-18.32276 	-41.17601 	-14.17396 	2.47303 	1.20000 	0.77284 	0.84813 	2.27677 	0.80000 	-0.00000 	1.20000 	0.34950 	5.39929 	0.80000 	4.17674 	-0.72874 	1.20000 	0.13801	0.42504
Replication60	 0.08560	1.00652	0.91157 	0.93897 	0.96628 	0.93408 	0.96153 	0.98406 	1.06390 	1.11931 	1.06947 	1.10894 	1.09694 	1.06836 	-0.56392 	-0.34944 	-0.01931 	0.01514 	0.02939 	0.03681 	-0.24852 	0.83365 	-0.06900 	0.23384 	0.27937 	-0.02605 	-0.18335 	-0.11361 	-0.00628 	0.02967 	0.00956 	0.45866 	-0.08080 	0.27105 	-0.05701 	0.07603 	0.09083 	-0.02270 	0.03931	0.11977
Replication61	 0.03377	1.00395	0.96988 	0.96482 	0.95461 	0.96906 	0.97700 	0.97813 	1.02578 	1.03390 	1.02865 	1.04764 	1.03982 	1.02805 	-0.00368 	-0.15147 	-0.56404 	0.01503 	0.00000 	0.38988 	-0.05691 	-0.22678 	-0.01733 	0.48423 	0.16282 	-0.00686 	-0.00121 	-0.04986 	-0.18567 	0.00913 	0.00000 	0.21866 	-0.01873 	-0.07465 	-0.02220 	0.15939 	0.05360 	-0.00822 	0.02068	0.06456
Replication62	 299.93258	0.99765	1.01360 	1.02875 	1.04032 	1.02109 	1.01203 	1.02635 	0.95150 	0.90951 	0.95596 	0.92263 	0.94272 	0.95370 	-0.14620 	0.20949 	0.51469 	-0.00684 	0.00000 	-0.25986 	0.21241 	-0.62719 	0.05430 	-0.05273 	0.11211 	0.02269 	-0.04775 	0.06842 	0.16809 	0.00030 	0.00000 	-0.05244 	0.06937 	-0.20483 	0.06019 	-0.01722 	0.03661 	0.02434 	19.69360	44.85359
Replication63	 0.17682	1.01523	0.10131	0.32214
Replication64	 0.02679	1.00362	0.02955	0.11262
Replication65	 4110678.44178	1.18414	24557.28964 	-5743.01361 	-903.53597 	-6118.39243 	-10136.95534 	-96.32935 	-562.71126 	753.32109 	-56.54522 	739.70543 	531.84420 	-196.48788 	-21.84287 	-27.93880 	-17.80566 	0.80000 	0.00000 	-170.71830 	2.08778 	11.57825 	0.80000 	10.48059 	6.42474 	1.20000 	6.56473 	8.39682 	5.35138 	0.80000 	-0.00000 	1.20000 	-0.62747 	-3.47977 	0.80000 	-3.14987 	-1.93091 	1.20000 	37615.21736	130961.69441
Replication66	 11189.28820	1.00099	0.99576 	0.98487 	0.96721 	0.99131 	0.99727 	0.99963 	1.11069 	1.15968 	1.10918 	1.17673 	1.13662 	1.11071 	0.07811 	-0.10806 	-0.69330 	-0.01058 	0.00000 	-0.36831 	-0.02509 	0.21001 	-0.11835 	1.24145 	0.07450 	-0.04578 	0.02513 	-0.03476 	-0.22302 	0.02161 	0.00000 	0.56633 	-0.00807 	0.06756 	-0.09179 	0.39935 	0.02397 	-0.03834 	570.61614	1927.91247
Replication67	 0.00184	0.99953	0.94263 	0.93457 	0.95297 	0.93929 	0.93680 	0.96674 	0.88989 	0.87423 	0.91075 	0.91009 	0.90553 	0.90276 	0.10204 	-0.44334 	-0.03720 	0.02756 	0.00000 	0.60733 	-0.55691 	-0.78379 	0.11067 	0.79096 	0.17347 	0.04633 	0.03374 	-0.14659 	-0.01230 	0.01418 	0.00000 	0.21889 	-0.18415 	-0.25917 	0.09962 	0.26154 	0.05736 	0.04324 	0.03545	0.11217
Replication68	 2134.86946	0.96674	125.32772	340.59740
Replication69	 0.17880	1.01834	0.80700 	0.86359 	0.95375 	0.84918 	0.87745 	0.95282 	0.85296 	0.88311 	0.88501 	0.86894 	0.88544 	0.87301 	-0.82507 	-0.64681 	1.09592 	0.05098 	0.01321 	0.64820 	-0.89831 	0.42821 	0.13532 	-0.19612 	0.27443 	0.05803 	-0.27178 	-0.21306 	0.36100 	0.04394 	0.00435 	0.44373 	-0.29590 	0.14105 	0.12951 	-0.06460 	0.09040 	0.05640 	0.29874	0.92129
Replication70	 0.00302	1.00152	0.03585	0.10612
Replication71	 -1.29211	1.00033	1.07027 	1.04699 	1.05593 	1.05686 	1.06538 	1.04470 	1.12211 	1.13560 	1.11251 	1.12813 	1.12906 	1.11676 	0.29663 	-0.39579 	0.28625 	-0.02462 	0.00000 	-0.64460 	0.32939 	0.31560 	-0.11751 	-0.11364 	0.15469 	-0.04708 	0.09603 	-0.12814 	0.09267 	-0.00304 	0.00000 	-0.01808 	0.10664 	0.10217 	-0.09970 	-0.03679 	0.05008 	-0.04209 	0.02221	0.06408
Replication72	 0.15056	0.99345	1.08377 	1.06505 	1.04013 	1.06916 	1.05368 	1.03754 	1.02840 	1.04320 	1.03289 	1.04783 	1.04700 	1.03170 	0.44253 	0.32063 	-0.19303 	-0.02400 	0.01126 	-0.45287 	-0.54302 	0.00813 	-0.02965 	0.24640 	0.24488 	-0.01058 	0.14401 	0.10434 	-0.06282 	-0.01092 	0.00366 	-0.07311 	-0.17671 	0.00264 	-0.01886 	0.08018 	0.07969 	-0.00755 	0.09561	0.28611
Replication73	 0.11667	1.00704	0.14529	0.43717
Replication74	 0.00964	0.99814	-27.26135 	-2.95604 	-3.78838 	6.33077 	-1.09994 	-4.13672 	21.81016 	24.43235 	21.35647 	23.91577 	22.22665 	21.55793 	-0.63823 	0.09747 	0.16937 	-1.76295 	0.03320 	1.20000 	-1.08192 	-0.33869 	-21.71462 	-0.11444 	0.27919 	-8.62640 	-0.16568 	0.02530 	0.04397 	-1.37752 	0.00862 	1.20000 	-0.28086 	-0.08792 	-21.39659 	-0.02971 	0.07248 	-8.53731 	0.02277	0.07459
Replication75	 273.62000	0.99105	1.13600 	1.14274 	1.10881 	1.13712 	1.13208 	1.09358 	1.19364 	1.22682 	1.18057 	1.21816 	1.20916 	1.18654 	-0.04098 	0.95733 	0.02003 	-0.06273 	0.00000 	-1.52996 	0.11138 	0.62897 	-0.20151 	0.08085 	0.21748 	-0.07956 	-0.01304 	0.30458 	0.00637 	-0.01230 	0.00000 	-0.06614 	0.03544 	0.20011 	-0.15991 	0.02572 	0.06919 	-0.06791 	12.04010	35.84464
Replication76	 0.03061	0.99771	1.03309 	1.03632 	1.03214 	1.03428 	1.03192 	1.02800 	1.02839 	1.07679 	1.03394 	1.04750 	1.04962 	1.03239 	-0.02751 	0.17285 	0.07162 	-0.01316 	0.00000 	-0.34594 	-0.68475 	1.16949 	-0.03031 	-0.42225 	0.15025 	-0.01074 	-0.00896 	0.05628 	0.02332 	-0.00117 	0.00000 	0.00224 	-0.22298 	0.38082 	-0.02042 	-0.13750 	0.04893 	-0.00797 	0.05595	0.18011
Replication77	 0.06387	0.99356	0.03193	0.13175
Replication78	 0.00038	1.00047	-3736419.87272 	253442.16668 	2398.80091 	-267512.42373 	14658.64198 	3872.31400 	-2061.18954 	-1400.72603 	-161.39927 	1009.31428 	2692.08827 	-15.35011 	-73.67441 	88.78092 	175.83461 	0.80000 	0.00000 	-58766.73695 	69.56246 	-519.48632 	-447.61198 	-391.94792 	141.62088 	-166.75364 	24.05890 	-28.99204 	-57.42004 	0.80000 	-0.00000 	-15163.90248 	-22.71612 	169.64195 	0.80000 	127.99338 	-46.24730 	1.20000 	0.01738	0.05612
Replication79	 0.00553	0.99870	0.01379	0.03926
Replication80	 0.01128	0.99729	-617.79699 	-392.78740 	-118.88779 	-407.99630 	258.40839 	-68.03789 	78.73910 	28.69654 	103.11460 	30.80182 	36.22973 	102.71256 	1.86123 	-3.65503 	0.34643 	0.80000 	0.00000 	1.20000 	-6.29391 	-0.40366 	-117.17338 	-5.73865 	1.73799 	-44.99754 	-0.44960 	0.88292 	-0.08368 	0.80000 	-0.00000 	1.20000 	1.52037 	0.09751 	-99.17146 	1.38625 	-0.41983 	-39.95473 	0.02377	0.08607
Replication81	 0.00783	0.99652	0.95589 	0.95095 	0.98612 	0.95712 	0.97615 	0.98893 	1.01684 	1.04147 	1.02371 	1.05184 	1.03913 	1.02173 	-0.08968 	-0.70450 	0.27399 	0.01638 	0.00000 	0.22377 	-0.40942 	0.00613 	-0.01388 	0.55164 	0.18574 	-0.00472 	-0.02944 	-0.23129 	0.08995 	0.01483 	0.00000 	0.17868 	-0.13441 	0.00201 	-0.01516 	0.18111 	0.06098 	-0.00508 	0.01511	0.04921
Replication82	 0.11585	1.00879	0.11286	0.35173
Replication83	 -1.45212	0.99752	1070.62911 	6.42192 	-1.28620 	-345.11333 	-0.49126 	-1.29019 	0.44357 	0.98177 	0.74206 	1.04720 	0.89825 	0.62741 	-1.58105 	-0.17261 	-1.46159 	0.80000 	0.04870 	-26.45123 	-0.52927 	-0.31885 	-1.09225 	-0.59409 	0.53519 	-0.22570 	0.00191 	0.00021 	0.00177 	0.80000 	-0.00006 	1.20000 	0.00064 	0.00039 	0.80000 	0.00072 	-0.00065 	0.54527 	0.00881	0.03118