
Replication	FitnessValue	Frequency	Bus1	Bus2	Bus3	Bus4	Bus5	Bus6	Bus7	Bus8	Bus9	Bus10	Bus11	Bus12	Bus1_P	Bus2_P	Bus3_P	Bus4_P	Bus5_P	Bus6_P	Bus7_P	Bus8_P	Bus9_P	Bus10_P	Bus11_P	Bus12_P	Bus1_Q	Bus2_Q	Bus3_Q	Bus4_Q	Bus5_Q	Bus6_Q	Bus7_Q	Bus8_Q	Bus9_Q	Bus10_Q	Bus11_Q	Bus12_Q	PLoss	QLoss
Replication0	 0.00716	0.99446	0.94284 	0.95215 	0.96587 	0.94874 	0.95897 	0.98351 	0.94413 	0.95014 	0.96725 	0.94538 	0.95878 	0.96439 	-0.18856 	-0.17649 	-0.16353 	0.33733 	0.00000 	0.45540 	-0.11974 	-0.16888 	0.04103 	-0.13916 	0.11798 	0.02384 	-0.06253 	-0.05853 	-0.05424 	-0.15991 	0.00000 	0.44864 	-0.03971 	-0.05601 	0.02338 	-0.04615 	0.03913 	0.00041 	0.01922	0.03446
Replication1	 -1.40823	0.99556	0.95632 	0.96352 	0.97431 	0.96092 	0.96904 	0.98870 	0.95444 	0.96107 	0.97636 	0.95670 	0.97413 	0.97359 	-0.15283 	-0.14752 	-0.14556 	0.27051 	0.00000 	0.36618 	-0.15587 	-0.16380 	0.03242 	-0.14581 	0.23683 	0.01908 	-0.05058 	-0.04882 	-0.04817 	-0.12837 	0.00000 	0.36076 	-0.05158 	-0.05421 	0.01826 	-0.04825 	0.07838 	0.00028 	0.01363	0.02770
Replication2	 0.00198	0.99517	0.95511 	0.96151 	0.97207 	0.95895 	0.96779 	0.98722 	0.94802 	0.95534 	0.97226 	0.95085 	0.96494 	0.96950 	-0.13572 	-0.15098 	-0.14649 	0.29083 	0.01150 	0.39165 	-0.15067 	-0.16787 	0.03613 	-0.12744 	0.14687 	0.02099 	-0.04495 	-0.05000 	-0.04851 	-0.14297 	0.00381 	0.38575 	-0.04990 	-0.05560 	0.02074 	-0.04221 	0.04864 	0.00054 	0.01881	0.02535
Replication3	 -1.40727	0.99565	0.95667 	0.96494 	0.97502 	0.96190 	0.96980 	0.98915 	0.95560 	0.96158 	0.97701 	0.95711 	0.97534 	0.97420 	-0.16566 	-0.12298 	-0.14565 	0.26489 	0.00000 	0.35840 	-0.14668 	-0.17214 	0.03178 	-0.15654 	0.24962 	0.01872 	-0.05481 	-0.04069 	-0.04819 	-0.12559 	0.00000 	0.35310 	-0.04853 	-0.05695 	0.01792 	-0.05179 	0.08259 	0.00031 	0.01376	0.02736
Replication4	 -1.50844	0.99673	0.96753 	0.97260 	0.98217 	0.97122 	0.97767 	0.99373 	0.97178 	0.97639 	0.98685 	0.97362 	0.99208 	0.98449 	-0.13072 	-0.15513 	-0.13803 	0.20306 	0.00000 	0.27954 	-0.14424 	-0.14386 	0.02265 	-0.12728 	0.32387 	0.01371 	-0.04316 	-0.05122 	-0.04557 	-0.09075 	0.00000 	0.27555 	-0.04762 	-0.04750 	0.01222 	-0.04202 	0.10693 	-0.00014 	0.00357	0.02672
Replication5	 -1.47118	0.99590	0.95836 	0.96474 	0.97607 	0.96277 	0.97065 	0.98998 	0.96128 	0.96790 	0.98001 	0.96388 	0.98035 	0.97756 	-0.15220 	-0.17180 	-0.15222 	0.25263 	0.00000 	0.34416 	-0.15622 	-0.11773 	0.02913 	-0.13389 	0.24793 	0.01731 	-0.05033 	-0.05682 	-0.05034 	-0.11583 	0.00000 	0.33915 	-0.05166 	-0.03893 	0.01605 	-0.04428 	0.08199 	-0.00006 	0.00710	0.02894
Replication6	 -1.40156	0.99517	0.95271 	0.95968 	0.97102 	0.95710 	0.96578 	0.98684 	0.95095 	0.95777 	0.97316 	0.95399 	0.96851 	0.97043 	-0.15238 	-0.16291 	-0.16587 	0.29348 	0.00000 	0.39803 	-0.15195 	-0.16407 	0.03545 	-0.11610 	0.17972 	0.02074 	-0.05046 	-0.05395 	-0.05493 	-0.14027 	0.00000 	0.39214 	-0.05032 	-0.05434 	0.02006 	-0.03845 	0.05952 	0.00030 	0.01416	0.02928
Replication7	 0.00346	0.99501	0.95315 	0.96056 	0.97086 	0.95747 	0.96603 	0.98650 	0.94654 	0.95400 	0.97078 	0.94892 	0.96143 	0.96812 	-0.14557 	-0.13207 	-0.15111 	0.30009 	0.00014 	0.40399 	-0.13895 	-0.14502 	0.03750 	-0.13315 	0.10202 	0.02169 	-0.04823 	-0.04375 	-0.05006 	-0.14795 	0.00005 	0.39790 	-0.04603 	-0.04804 	0.02160 	-0.04411 	0.03380 	0.00057 	0.01956	0.02574
Replication8	 -1.37738	0.99539	0.95413 	0.96169 	0.97326 	0.95898 	0.96750 	0.98789 	0.95026 	0.95816 	0.97481 	0.95371 	0.97225 	0.97185 	-0.15776 	-0.15538 	-0.13625 	0.28077 	0.00031 	0.37998 	-0.18272 	-0.17884 	0.03385 	-0.14365 	0.25639 	0.01989 	-0.05222 	-0.05144 	-0.04510 	-0.13301 	0.00010 	0.37436 	-0.06049 	-0.05920 	0.01917 	-0.04755 	0.08487 	0.00039 	0.01660	0.02987
Replication9	 -1.45569	0.99622	0.96426 	0.97006 	0.98008 	0.96806 	0.97517 	0.99205 	0.96370 	0.96937 	0.98210 	0.96560 	0.98125 	0.97975 	-0.12973 	-0.14374 	-0.11563 	0.23044 	0.00041 	0.30861 	-0.13800 	-0.13850 	0.02704 	-0.13064 	0.22319 	0.01604 	-0.04287 	-0.04751 	-0.03822 	-0.10897 	0.00014 	0.30400 	-0.04561 	-0.04577 	0.01499 	-0.04318 	0.07376 	0.00004 	0.00948	0.02081
Replication10	 -1.42709	0.99552	0.95543 	0.96273 	0.97318 	0.96012 	0.96823 	0.98830 	0.95578 	0.96158 	0.97619 	0.95736 	0.97465 	0.97343 	-0.15836 	-0.14673 	-0.16962 	0.27360 	0.00000 	0.37308 	-0.14182 	-0.16079 	0.03262 	-0.14757 	0.23789 	0.01921 	-0.05241 	-0.04856 	-0.05614 	-0.12913 	0.00000 	0.36761 	-0.04694 	-0.05321 	0.01832 	-0.04884 	0.07873 	0.00023 	0.01150	0.02967
Replication11	 -1.39317	0.99527	0.95465 	0.96060 	0.97236 	0.95842 	0.96701 	0.98743 	0.95087 	0.95836 	0.97388 	0.95330 	0.96888 	0.97119 	-0.13582 	-0.17707 	-0.14500 	0.28703 	0.00000 	0.38795 	-0.15457 	-0.13824 	0.03475 	-0.14764 	0.18344 	0.02032 	-0.04497 	-0.05863 	-0.04801 	-0.13765 	0.00000 	0.38218 	-0.05118 	-0.04577 	0.01968 	-0.04889 	0.06074 	0.00031 	0.01517	0.02780
Replication12	 -1.45973	0.99618	0.96204 	0.96774 	0.97782 	0.96600 	0.97319 	0.99112 	0.96344 	0.96871 	0.98201 	0.96511 	0.98597 	0.97922 	-0.13945 	-0.15933 	-0.15519 	0.23501 	0.00000 	0.32442 	-0.15702 	-0.17403 	0.02716 	-0.15357 	0.34383 	0.01625 	-0.04609 	-0.05266 	-0.05129 	-0.10758 	0.00000 	0.31977 	-0.05190 	-0.05752 	0.01500 	-0.05076 	0.11364 	0.00011 	0.00808	0.03072
Replication13	 -1.43617	0.99599	0.96000 	0.96698 	0.97707 	0.96462 	0.97208 	0.99049 	0.96034 	0.96585 	0.98013 	0.96161 	0.98163 	0.97734 	-0.15219 	-0.14037 	-0.14504 	0.24586 	0.00000 	0.33535 	-0.14959 	-0.17004 	0.02890 	-0.16343 	0.30408 	0.01717 	-0.05032 	-0.04641 	-0.04796 	-0.11442 	0.00000 	0.33046 	-0.04946 	-0.05622 	0.01611 	-0.05404 	0.10054 	0.00019 	0.01070	0.02847
Replication14	 -1.39954	0.99542	0.95607 	0.96291 	0.97229 	0.96031 	0.96846 	0.98784 	0.95107 	0.95889 	0.97464 	0.95355 	0.97171 	0.97176 	-0.14841 	-0.13595 	-0.18166 	0.27742 	0.00681 	0.38084 	-0.16935 	-0.14349 	0.03393 	-0.16418 	0.23843 	0.01985 	-0.04913 	-0.04500 	-0.06013 	-0.13351 	0.00226 	0.37526 	-0.05606 	-0.04750 	0.01935 	-0.05435 	0.07892 	0.00048 	0.01424	0.03059
Replication15	 -1.41926	0.99561	0.95802 	0.96356 	0.97400 	0.96161 	0.96959 	0.98873 	0.95567 	0.96162 	0.97677 	0.95733 	0.97594 	0.97391 	-0.13251 	-0.16552 	-0.16350 	0.26733 	0.00267 	0.36560 	-0.14987 	-0.17249 	0.03204 	-0.15426 	0.26396 	0.01889 	-0.04385 	-0.05477 	-0.05410 	-0.12718 	0.00088 	0.36024 	-0.04959 	-0.05708 	0.01804 	-0.05104 	0.08734 	0.00030 	0.01235	0.02919
Replication16	 0.01794	0.99418	0.94564 	0.95391 	0.96501 	0.95031 	0.96102 	0.98266 	0.93206 	0.94025 	0.96198 	0.93336 	0.94598 	0.95887 	-0.15471 	-0.13873 	-0.15059 	0.34764 	0.02619 	0.47011 	-0.13000 	-0.17521 	0.04545 	-0.16999 	0.03750 	0.02590 	-0.05134 	-0.04604 	-0.04997 	-0.17476 	0.00869 	0.46301 	-0.04314 	-0.05814 	0.02690 	-0.05641 	0.01244 	0.00128 	0.03354	0.03253
Replication17	 -1.43787	0.99592	0.95840 	0.96564 	0.97719 	0.96345 	0.97256 	0.99038 	0.95936 	0.96616 	0.97975 	0.96200 	0.97917 	0.97719 	-0.16590 	-0.16739 	-0.12966 	0.25056 	0.02933 	0.33732 	-0.16110 	-0.14034 	0.02929 	-0.13913 	0.25036 	0.01735 	-0.05486 	-0.05535 	-0.04288 	-0.11574 	0.00970 	0.33234 	-0.05327 	-0.04641 	0.01629 	-0.04601 	0.08279 	0.00009 	0.01070	0.02670
Replication18	 -1.40350	0.99564	0.95832 	0.96479 	0.97509 	0.96247 	0.97094 	0.98918 	0.95522 	0.96122 	0.97668 	0.95599 	0.97391 	0.97394 	-0.14330 	-0.15026 	-0.14483 	0.26469 	0.01574 	0.35798 	-0.13661 	-0.15438 	0.03205 	-0.17371 	0.22808 	0.01882 	-0.04741 	-0.04972 	-0.04792 	-0.12704 	0.00521 	0.35266 	-0.04520 	-0.05108 	0.01815 	-0.05747 	0.07547 	0.00035 	0.01429	0.02598
Replication19	 0.00063	0.99519	0.95252 	0.96103 	0.97163 	0.95775 	0.96630 	0.98710 	0.94937 	0.95717 	0.97287 	0.95266 	0.96652 	0.97021 	-0.16807 	-0.12927 	-0.15633 	0.29176 	0.00000 	0.39372 	-0.15840 	-0.14344 	0.03564 	-0.12388 	0.15350 	0.02076 	-0.05566 	-0.04281 	-0.05177 	-0.14043 	0.00000 	0.38784 	-0.05246 	-0.04750 	0.02030 	-0.04103 	0.05083 	0.00039 	0.01601	0.02771
Replication20	 -1.42006	0.99571	0.95841 	0.96555 	0.97553 	0.96296 	0.97104 	0.98950 	0.95661 	0.96283 	0.97742 	0.95818 	0.97467 	0.97480 	-0.15155 	-0.13579 	-0.14692 	0.26097 	0.00870 	0.35246 	-0.14093 	-0.14647 	0.03139 	-0.15129 	0.21366 	0.01845 	-0.05014 	-0.04492 	-0.04860 	-0.12472 	0.00288 	0.34722 	-0.04662 	-0.04845 	0.01770 	-0.05005 	0.07068 	0.00027 	0.01267	0.02523
Replication21	 0.02679	0.99361	0.93867 	0.94729 	0.96019 	0.94346 	0.95423 	0.97961 	0.92321 	0.93373 	0.95691 	0.92598 	0.93823 	0.95362 	-0.15714 	-0.16010 	-0.15395 	0.38323 	0.00000 	0.52236 	-0.15900 	-0.15942 	0.05018 	-0.17165 	0.01550 	0.02851 	-0.05221 	-0.05319 	-0.05114 	-0.19053 	0.00000 	0.51457 	-0.05282 	-0.05296 	0.02982 	-0.05702 	0.00515 	0.00147 	0.03852	0.04112
Replication22	 -1.42565	0.99572	0.96185 	0.96603 	0.97512 	0.96446 	0.97257 	0.98951 	0.95610 	0.96262 	0.97718 	0.95877 	0.97421 	0.97455 	-0.11124 	-0.16034 	-0.17024 	0.25806 	0.02036 	0.35220 	-0.15090 	-0.15651 	0.03154 	-0.12471 	0.20543 	0.01848 	-0.03680 	-0.05304 	-0.05632 	-0.12618 	0.00674 	0.34698 	-0.04992 	-0.05178 	0.01790 	-0.04126 	0.06796 	0.00037 	0.01215	0.02466
Replication23	 -1.47244	0.99618	0.96300 	0.96793 	0.97858 	0.96655 	0.97458 	0.99146 	0.96483 	0.96984 	0.98209 	0.96568 	0.98340 	0.97963 	-0.13190 	-0.17849 	-0.14289 	0.23427 	0.01853 	0.31874 	-0.13099 	-0.13437 	0.02711 	-0.15481 	0.26592 	0.01615 	-0.04360 	-0.05899 	-0.04723 	-0.10843 	0.00613 	0.31408 	-0.04329 	-0.04441 	0.01495 	-0.05117 	0.08789 	-0.00000 	0.00727	0.02593
Replication24	 -1.41618	0.99524	0.95469 	0.96098 	0.97151 	0.95856 	0.96691 	0.98726 	0.95337 	0.95909 	0.97366 	0.95465 	0.96817 	0.97109 	-0.14083 	-0.15711 	-0.17388 	0.28803 	0.00000 	0.39095 	-0.11985 	-0.14039 	0.03496 	-0.13517 	0.14574 	0.02041 	-0.04663 	-0.05203 	-0.05758 	-0.13905 	0.00000 	0.38515 	-0.03969 	-0.04649 	0.01980 	-0.04476 	0.04826 	0.00028 	0.01286	0.02726
Replication25	 -1.41179	0.99566	0.95676 	0.96403 	0.97485 	0.96158 	0.97036 	0.98908 	0.95514 	0.96210 	0.97714 	0.95695 	0.97561 	0.97437 	-0.16064 	-0.15397 	-0.14814 	0.26491 	0.01869 	0.35951 	-0.15869 	-0.14577 	0.03167 	-0.16855 	0.25548 	0.01865 	-0.05315 	-0.05094 	-0.04901 	-0.12469 	0.00618 	0.35422 	-0.05250 	-0.04823 	0.01784 	-0.05577 	0.08453 	0.00029 	0.01316	0.02877
Replication26	 0.00846	0.99475	0.95256 	0.95808 	0.96828 	0.95567 	0.96506 	0.98511 	0.94154 	0.94999 	0.96793 	0.94381 	0.95695 	0.96512 	-0.12330 	-0.15998 	-0.17438 	0.31432 	0.01773 	0.42782 	-0.14658 	-0.13366 	0.04006 	-0.15519 	0.09249 	0.02304 	-0.04087 	-0.05303 	-0.05780 	-0.15697 	0.00588 	0.42141 	-0.04858 	-0.04430 	0.02333 	-0.05144 	0.03066 	0.00082 	0.02237	0.02910
Replication27	 -1.42407	0.99580	0.95989 	0.96618 	0.97545 	0.96387 	0.97130 	0.98966 	0.95651 	0.96330 	0.97813 	0.95888 	0.97769 	0.97532 	-0.13917 	-0.13579 	-0.16314 	0.25530 	0.00064 	0.34969 	-0.16502 	-0.16024 	0.03070 	-0.15278 	0.27366 	0.01810 	-0.04603 	-0.04492 	-0.05396 	-0.12170 	0.00021 	0.34456 	-0.05458 	-0.05300 	0.01732 	-0.05053 	0.09052 	0.00033 	0.01196	0.02821
Replication28	 0.01621	0.99445	0.94824 	0.95635 	0.96691 	0.95274 	0.96195 	0.98385 	0.93379 	0.94440 	0.96467 	0.93800 	0.95051 	0.96170 	-0.14717 	-0.12481 	-0.14679 	0.33219 	0.00000 	0.44959 	-0.17897 	-0.14698 	0.04300 	-0.14192 	0.06687 	0.02459 	-0.04881 	-0.04140 	-0.04868 	-0.16635 	0.00000 	0.44281 	-0.05936 	-0.04875 	0.02530 	-0.04707 	0.02218 	0.00109 	0.02960	0.03097
Replication29	 0.00305	0.99510	0.95224 	0.96092 	0.97240 	0.95751 	0.96634 	0.98706 	0.94695 	0.95420 	0.97186 	0.94941 	0.96410 	0.96905 	-0.16333 	-0.13222 	-0.11761 	0.29580 	0.00000 	0.39432 	-0.14852 	-0.17575 	0.03654 	-0.13821 	0.14880 	0.02124 	-0.05410 	-0.04379 	-0.03895 	-0.14379 	0.00000 	0.38834 	-0.04920 	-0.05821 	0.02093 	-0.04578 	0.04929 	0.00052 	0.02107	0.02527
Replication30	 0.01211	0.99441	0.94735 	0.95338 	0.96515 	0.95083 	0.96035 	0.98322 	0.93789 	0.94663 	0.96551 	0.94045 	0.95538 	0.96245 	-0.13330 	-0.18023 	-0.18153 	0.33658 	0.00000 	0.46030 	-0.15947 	-0.15194 	0.04243 	-0.16118 	0.12725 	0.02446 	-0.04421 	-0.05978 	-0.06021 	-0.16522 	0.00000 	0.45348 	-0.05289 	-0.05040 	0.02461 	-0.05346 	0.04221 	0.00081 	0.02338	0.03494
Replication31	 -1.46317	0.99623	0.96424 	0.97024 	0.97825 	0.96836 	0.97718 	0.99166 	0.96285 	0.96861 	0.98148 	0.96460 	0.98190 	0.97894 	-0.14959 	-0.13532 	-0.17951 	0.22964 	0.05508 	0.31517 	-0.14465 	-0.14005 	0.02750 	-0.14355 	0.25730 	0.01624 	-0.04944 	-0.04472 	-0.05933 	-0.10905 	0.01820 	0.31057 	-0.04780 	-0.04628 	0.01548 	-0.04744 	0.08503 	0.00027 	0.00826	0.02549
Replication32	 -1.46885	0.99610	0.96007 	0.96739 	0.97757 	0.96501 	0.97243 	0.99092 	0.96467 	0.96887 	0.98148 	0.96455 	0.98359 	0.97890 	-0.16156 	-0.14097 	-0.15170 	0.24031 	0.00000 	0.32795 	-0.12024 	-0.14719 	0.02770 	-0.17031 	0.28689 	0.01652 	-0.05341 	-0.04660 	-0.05015 	-0.11001 	0.00000 	0.32319 	-0.03975 	-0.04866 	0.01527 	-0.05630 	0.09484 	0.00001 	0.00739	0.02843
Replication33	 0.00328	0.99493	0.94999 	0.95856 	0.96971 	0.95522 	0.96419 	0.98590 	0.94672 	0.95448 	0.97059 	0.94907 	0.96222 	0.96794 	-0.16918 	-0.13829 	-0.16006 	0.30686 	0.00007 	0.41424 	-0.14363 	-0.12746 	0.03776 	-0.14205 	0.11753 	0.02190 	-0.05606 	-0.04582 	-0.05303 	-0.14820 	0.00002 	0.40806 	-0.04759 	-0.04223 	0.02161 	-0.04707 	0.03894 	0.00046 	0.01770	0.02909
Replication34	 0.00850	0.99477	0.95010 	0.95681 	0.96930 	0.95415 	0.96348 	0.98527 	0.94150 	0.95098 	0.96885 	0.94486 	0.95896 	0.96605 	-0.14013 	-0.17529 	-0.13296 	0.31569 	0.00000 	0.42512 	-0.17035 	-0.13121 	0.03933 	-0.15147 	0.12097 	0.02275 	-0.04644 	-0.05810 	-0.04407 	-0.15393 	0.00000 	0.41874 	-0.05646 	-0.04349 	0.02266 	-0.05021 	0.04009 	0.00062 	0.02245	0.02941
Replication35	 -1.51547	0.99650	0.96421 	0.97054 	0.98024 	0.96867 	0.97549 	0.99269 	0.97027 	0.97508 	0.98519 	0.97270 	0.98905 	0.98291 	-0.15121 	-0.14593 	-0.15313 	0.21680 	0.00000 	0.29746 	-0.14239 	-0.13574 	0.02426 	-0.10612 	0.28421 	0.01460 	-0.04994 	-0.04820 	-0.05058 	-0.09710 	0.00000 	0.29320 	-0.04703 	-0.04484 	0.01312 	-0.03505 	0.09388 	-0.00020 	0.00281	0.02725
Replication36	 0.00032	0.99518	0.95313 	0.95972 	0.97150 	0.95735 	0.96650 	0.98696 	0.94968 	0.95701 	0.97300 	0.95190 	0.96782 	0.97024 	-0.14788 	-0.17436 	-0.15203 	0.29270 	0.01010 	0.39598 	-0.15247 	-0.14670 	0.03556 	-0.15140 	0.18572 	0.02077 	-0.04897 	-0.05774 	-0.05035 	-0.14021 	0.00334 	0.39010 	-0.05049 	-0.04858 	0.02019 	-0.05014 	0.06151 	0.00037 	0.01599	0.02901
Replication37	 0.00414	0.99518	0.95478 	0.96142 	0.97238 	0.95875 	0.96723 	0.98721 	0.94586 	0.95455 	0.97216 	0.94809 	0.96498 	0.96931 	-0.13522 	-0.14931 	-0.12994 	0.29071 	0.00000 	0.39187 	-0.16588 	-0.13726 	0.03619 	-0.17861 	0.17714 	0.02102 	-0.04478 	-0.04945 	-0.04303 	-0.14229 	0.00000 	0.38598 	-0.05494 	-0.04546 	0.02082 	-0.05915 	0.05866 	0.00061 	0.02071	0.02698
Replication38	 -1.47138	0.99606	0.96061 	0.96708 	0.97727 	0.96503 	0.97283 	0.99079 	0.96347 	0.96862 	0.98108 	0.96503 	0.98234 	0.97855 	-0.15189 	-0.15371 	-0.15681 	0.24210 	0.00971 	0.33020 	-0.13819 	-0.14682 	0.02807 	-0.13777 	0.26563 	0.01670 	-0.05021 	-0.05082 	-0.05184 	-0.11185 	0.00321 	0.32539 	-0.04569 	-0.04854 	0.01551 	-0.04555 	0.08782 	0.00002 	0.00723	0.02746
Replication39	 0.00604	0.99501	0.95430 	0.96086 	0.97179 	0.95805 	0.96667 	0.98668 	0.94396 	0.95217 	0.97037 	0.94562 	0.96014 	0.96760 	-0.12851 	-0.14494 	-0.12065 	0.29918 	0.00000 	0.40086 	-0.14485 	-0.13867 	0.03781 	-0.17248 	0.11397 	0.02182 	-0.04258 	-0.04802 	-0.03997 	-0.14874 	0.00000 	0.39477 	-0.04799 	-0.04594 	0.02191 	-0.05714 	0.03776 	0.00071 	0.02355	0.02479
Replication40	 -1.48430	0.99626	0.96127 	0.96765 	0.97790 	0.96579 	0.97302 	0.99131 	0.96677 	0.97107 	0.98302 	0.96676 	0.98787 	0.98036 	-0.15452 	-0.15864 	-0.16340 	0.23177 	0.00000 	0.32121 	-0.13210 	-0.14490 	0.02628 	-0.17934 	0.34329 	0.01578 	-0.05106 	-0.05242 	-0.05400 	-0.10373 	0.00000 	0.31665 	-0.04365 	-0.04788 	0.01437 	-0.05926 	0.11345 	-0.00003 	0.00543	0.03242
Replication41	 -1.41901	0.99576	0.95970 	0.96667 	0.97569 	0.96401 	0.97141 	0.98971 	0.95738 	0.96264 	0.97779 	0.95893 	0.97639 	0.97501 	-0.14462 	-0.12030 	-0.15676 	0.25676 	0.00000 	0.34875 	-0.13877 	-0.18617 	0.03102 	-0.13976 	0.24433 	0.01826 	-0.04784 	-0.03979 	-0.05186 	-0.12355 	0.00000 	0.34358 	-0.04590 	-0.06158 	0.01752 	-0.04623 	0.08082 	0.00034 	0.01275	0.02550
Replication42	 0.01901	0.99411	0.94449 	0.95276 	0.96474 	0.94913 	0.95947 	0.98233 	0.93099 	0.94038 	0.96158 	0.93358 	0.94444 	0.95860 	-0.15195 	-0.14699 	-0.13743 	0.35268 	0.00929 	0.47576 	-0.14451 	-0.15397 	0.04587 	-0.15137 	0.01001 	0.02613 	-0.05043 	-0.04878 	-0.04561 	-0.17640 	0.00308 	0.46857 	-0.04796 	-0.05110 	0.02709 	-0.05024 	0.00332 	0.00119 	0.03354	0.03274
Replication43	 0.00575	0.99503	0.95323 	0.96005 	0.97110 	0.95739 	0.96695 	0.98652 	0.94425 	0.95309 	0.97067 	0.94671 	0.96168 	0.96789 	-0.14390 	-0.15637 	-0.14178 	0.29948 	0.02201 	0.40360 	-0.16038 	-0.12961 	0.03756 	-0.16635 	0.13545 	0.02172 	-0.04767 	-0.05180 	-0.04697 	-0.14710 	0.00729 	0.39753 	-0.05313 	-0.04294 	0.02170 	-0.05511 	0.04487 	0.00067 	0.02141	0.02735
Replication44	 -1.43909	0.99570	0.95911 	0.96555 	0.97484 	0.96312 	0.97066 	0.98933 	0.95721 	0.96361 	0.97745 	0.95966 	0.97498 	0.97489 	-0.14120 	-0.13407 	-0.16845 	0.26092 	0.00000 	0.35528 	-0.14706 	-0.14319 	0.03137 	-0.12762 	0.20621 	0.01843 	-0.04671 	-0.04435 	-0.05573 	-0.12515 	0.00000 	0.35004 	-0.04865 	-0.04737 	0.01767 	-0.04222 	0.06822 	0.00024 	0.01065	0.02597
Replication45	 0.00110	0.99520	0.95243 	0.96111 	0.97240 	0.95783 	0.96670 	0.98729 	0.94890 	0.95626 	0.97288 	0.95023 	0.96644 	0.97012 	-0.16943 	-0.13558 	-0.13345 	0.29091 	0.00438 	0.39049 	-0.14372 	-0.13759 	0.03561 	-0.17472 	0.17069 	0.02075 	-0.05611 	-0.04490 	-0.04419 	-0.13981 	0.00145 	0.38464 	-0.04760 	-0.04556 	0.02032 	-0.05786 	0.05653 	0.00045 	0.01833	0.02736
Replication46	 -1.52727	0.99659	0.96499 	0.97004 	0.98037 	0.96881 	0.97563 	0.99284 	0.97305 	0.97656 	0.98615 	0.97362 	0.99181 	0.98383 	-0.13851 	-0.17469 	-0.15652 	0.21288 	0.00000 	0.29492 	-0.12033 	-0.13151 	0.02341 	-0.13822 	0.31576 	0.01418 	-0.04574 	-0.05769 	-0.05169 	-0.09358 	0.00000 	0.29075 	-0.03974 	-0.04343 	0.01253 	-0.04565 	0.10428 	-0.00027 	0.00138	0.02978
Replication47	 0.00338	0.99515	0.95436 	0.96140 	0.97257 	0.95856 	0.96715 	0.98724 	0.94662 	0.95475 	0.97206 	0.94935 	0.96392 	0.96932 	-0.13991 	-0.14592 	-0.12307 	0.29226 	0.00000 	0.39130 	-0.15719 	-0.15077 	0.03632 	-0.14599 	0.14248 	0.02108 	-0.04634 	-0.04833 	-0.04076 	-0.14330 	0.00000 	0.38538 	-0.05206 	-0.04993 	0.02085 	-0.04835 	0.04719 	0.00055 	0.02060	0.02491
Replication48	 -1.40446	0.99568	0.95982 	0.96612 	0.97531 	0.96370 	0.97169 	0.98941 	0.95432 	0.96133 	0.97670 	0.95672 	0.97321 	0.97400 	-0.13627 	-0.13223 	-0.15324 	0.26114 	0.01253 	0.35395 	-0.15574 	-0.15350 	0.03198 	-0.14490 	0.21189 	0.01872 	-0.04509 	-0.04375 	-0.05070 	-0.12706 	0.00415 	0.34867 	-0.05153 	-0.05079 	0.01820 	-0.04794 	0.07010 	0.00042 	0.01432	0.02469
Replication49	 -1.41409	0.99550	0.95483 	0.96307 	0.97432 	0.96010 	0.96847 	0.98860 	0.95538 	0.96152 	0.97609 	0.95689 	0.97225 	0.97352 	-0.16769 	-0.14152 	-0.13640 	0.27415 	0.00009 	0.36790 	-0.13431 	-0.14223 	0.03271 	-0.14585 	0.18716 	0.01921 	-0.05550 	-0.04684 	-0.04514 	-0.12963 	0.00003 	0.36241 	-0.04445 	-0.04707 	0.01838 	-0.04827 	0.06194 	0.00018 	0.01320	0.02603
Replication50	 -1.43668	0.99609	0.96202 	0.96848 	0.97800 	0.96624 	0.97340 	0.99103 	0.95966 	0.96666 	0.98072 	0.96242 	0.98165 	0.97801 	-0.14168 	-0.13468 	-0.14177 	0.23897 	0.00000 	0.32600 	-0.17344 	-0.15313 	0.02829 	-0.14945 	0.29490 	0.01678 	-0.04684 	-0.04452 	-0.04687 	-0.11224 	0.00000 	0.32123 	-0.05733 	-0.05062 	0.01582 	-0.04940 	0.09749 	0.00023 	0.01080	0.02694
Replication51	 -1.42362	0.99578	0.96107 	0.96623 	0.97603 	0.96430 	0.97177 	0.98981 	0.95634 	0.96349 	0.97795 	0.95897 	0.97548 	0.97534 	-0.12048 	-0.15230 	-0.14672 	0.25569 	0.00000 	0.34708 	-0.15974 	-0.14060 	0.03087 	-0.14192 	0.22231 	0.01815 	-0.03985 	-0.05038 	-0.04853 	-0.12333 	0.00000 	0.34193 	-0.05284 	-0.04651 	0.01742 	-0.04695 	0.07354 	0.00028 	0.01235	0.02478
Replication52	 -1.40800	0.99519	0.95020 	0.95835 	0.97097 	0.95559 	0.96479 	0.98673 	0.95166 	0.95888 	0.97373 	0.95346 	0.97025 	0.97101 	-0.17625 	-0.17395 	-0.15745 	0.29479 	0.00249 	0.39991 	-0.15121 	-0.12609 	0.03499 	-0.16382 	0.20920 	0.02055 	-0.05837 	-0.05761 	-0.05214 	-0.13722 	0.00082 	0.39404 	-0.05008 	-0.04176 	0.01966 	-0.05425 	0.06928 	0.00018 	0.01317	0.03256
Replication53	 -1.38185	0.99552	0.95674 	0.96329 	0.97441 	0.96090 	0.96908 	0.98857 	0.95221 	0.95928 	0.97569 	0.95371 	0.97291 	0.97280 	-0.14081 	-0.15677 	-0.13132 	0.27246 	0.00000 	0.36844 	-0.15815 	-0.15924 	0.03300 	-0.17991 	0.24926 	0.01938 	-0.04660 	-0.05189 	-0.04346 	-0.13026 	0.00000 	0.36296 	-0.05234 	-0.05270 	0.01870 	-0.05954 	0.08250 	0.00040 	0.01635	0.02777
Replication54	 -1.40897	0.99516	0.95233 	0.96010 	0.97025 	0.95713 	0.96558 	0.98666 	0.95267 	0.95762 	0.97291 	0.95272 	0.96868 	0.97013 	-0.16331 	-0.13837 	-0.19015 	0.29389 	0.00000 	0.40126 	-0.11149 	-0.15633 	0.03566 	-0.16306 	0.18432 	0.02084 	-0.05409 	-0.04583 	-0.06298 	-0.14078 	0.00000 	0.39536 	-0.03692 	-0.05178 	0.02023 	-0.05400 	0.06105 	0.00035 	0.01326	0.03061
Replication55	 -1.46169	0.99601	0.95969 	0.96719 	0.97742 	0.96466 	0.97218 	0.99072 	0.96200 	0.96798 	0.98066 	0.96443 	0.98087 	0.97818 	-0.16114 	-0.13666 	-0.14438 	0.24463 	0.00000 	0.33134 	-0.14979 	-0.14254 	0.02846 	-0.12644 	0.24796 	0.01689 	-0.05328 	-0.04518 	-0.04774 	-0.11331 	0.00000 	0.32647 	-0.04953 	-0.04713 	0.01575 	-0.04180 	0.08198 	0.00002 	0.00833	0.02627
Replication56	 0.01167	0.99446	0.94652 	0.95488 	0.96697 	0.95142 	0.96109 	0.98390 	0.93833 	0.94699 	0.96586 	0.94129 	0.95338 	0.96300 	-0.15961 	-0.15018 	-0.14392 	0.33335 	0.00000 	0.44878 	-0.15049 	-0.15274 	0.04208 	-0.13692 	0.07098 	0.02421 	-0.05294 	-0.04981 	-0.04773 	-0.16370 	0.00000 	0.44203 	-0.04991 	-0.05066 	0.02443 	-0.04541 	0.02354 	0.00078 	0.02554	0.03063
Replication57	 -1.45016	0.99610	0.96157 	0.96783 	0.97769 	0.96603 	0.97549 	0.99107 	0.96236 	0.96727 	0.98080 	0.96330 	0.98169 	0.97816 	-0.15729 	-0.16189 	-0.15994 	0.23893 	0.05514 	0.32546 	-0.13430 	-0.16191 	0.02822 	-0.15350 	0.27379 	0.01672 	-0.05199 	-0.05352 	-0.05287 	-0.11159 	0.01823 	0.32070 	-0.04439 	-0.05352 	0.01578 	-0.05074 	0.09051 	0.00020 	0.00944	0.02678
Replication58	 -1.37542	0.99553	0.95836 	0.96526 	0.97498 	0.96248 	0.97028 	0.98890 	0.95116 	0.95891 	0.97525 	0.95384 	0.96983 	0.97253 	-0.13728 	-0.12510 	-0.13168 	0.26973 	0.00000 	0.36268 	-0.16115 	-0.15166 	0.03331 	-0.14822 	0.18735 	0.01943 	-0.04543 	-0.04140 	-0.04358 	-0.13211 	0.00000 	0.35722 	-0.05333 	-0.05019 	0.01905 	-0.04905 	0.06200 	0.00049 	0.01742	0.02367
Replication59	 -1.43510	0.99560	0.95535 	0.96264 	0.97396 	0.96019 	0.96844 	0.98865 	0.95701 	0.96319 	0.97721 	0.95840 	0.97639 	0.97452 	-0.16166 	-0.16099 	-0.15686 	0.26955 	0.00000 	0.36694 	-0.14557 	-0.13978 	0.03171 	-0.16227 	0.25083 	0.01874 	-0.05349 	-0.05327 	-0.05190 	-0.12529 	0.00000 	0.36157 	-0.04817 	-0.04625 	0.01769 	-0.05370 	0.08300 	0.00013 	0.01062	0.03032
Replication60	 -1.41701	0.99570	0.95788 	0.96450 	0.97528 	0.96218 	0.97010 	0.98928 	0.95567 	0.96275 	0.97756 	0.95783 	0.97611 	0.97483 	-0.14566 	-0.15416 	-0.14197 	0.26245 	0.00000 	0.35610 	-0.16200 	-0.14479 	0.03130 	-0.16040 	0.25339 	0.01846 	-0.04819 	-0.05100 	-0.04697 	-0.12395 	0.00000 	0.35085 	-0.05359 	-0.04790 	0.01759 	-0.05307 	0.08383 	0.00024 	0.01272	0.02784
Replication61	 -1.49055	0.99649	0.96584 	0.97181 	0.98032 	0.96985 	0.97633 	0.99273 	0.96857 	0.97275 	0.98444 	0.96962 	0.98793 	0.98195 	-0.13838 	-0.12715 	-0.15562 	0.21592 	0.00000 	0.29673 	-0.13074 	-0.15689 	0.02486 	-0.13836 	0.30017 	0.01489 	-0.04571 	-0.04200 	-0.05140 	-0.09964 	0.00000 	0.29245 	-0.04318 	-0.05182 	0.01366 	-0.04570 	0.09915 	0.00002 	0.00546	0.02582
Replication62	 -1.39839	0.99543	0.95658 	0.96263 	0.97335 	0.96048 	0.96957 	0.98819 	0.95218 	0.95946 	0.97490 	0.95457 	0.97045 	0.97220 	-0.14115 	-0.16597 	-0.15553 	0.27688 	0.02336 	0.37495 	-0.15426 	-0.14383 	0.03373 	-0.14633 	0.19316 	0.01972 	-0.04672 	-0.05494 	-0.05148 	-0.13346 	0.00773 	0.36937 	-0.05106 	-0.04761 	0.01916 	-0.04844 	0.06394 	0.00038 	0.01473	0.02688
Replication63	 -1.44361	0.99559	0.95681 	0.96322 	0.97374 	0.96097 	0.96897 	0.98867 	0.95760 	0.96323 	0.97699 	0.95920 	0.97546 	0.97436 	-0.14709 	-0.15818 	-0.16995 	0.26890 	0.00000 	0.36666 	-0.13624 	-0.14902 	0.03189 	-0.13926 	0.22341 	0.01880 	-0.04867 	-0.05234 	-0.05624 	-0.12691 	0.00000 	0.36128 	-0.04508 	-0.04931 	0.01784 	-0.04608 	0.07393 	0.00015 	0.00993	0.02857
Replication64	 -1.45015	0.99580	0.95800 	0.96433 	0.97497 	0.96226 	0.97007 	0.98942 	0.95952 	0.96523 	0.97884 	0.96084 	0.97990 	0.97610 	-0.14903 	-0.16283 	-0.16587 	0.25777 	0.00000 	0.35372 	-0.14690 	-0.14999 	0.03017 	-0.16101 	0.28510 	0.01790 	-0.04930 	-0.05386 	-0.05487 	-0.11951 	0.00000 	0.34859 	-0.04859 	-0.04961 	0.01678 	-0.05326 	0.09430 	0.00012 	0.00904	0.03081
Replication65	 0.00038	0.99537	0.95617 	0.96325 	0.97378 	0.96046 	0.96866 	0.98814 	0.94962 	0.95784 	0.97409 	0.95227 	0.96776 	0.97141 	-0.14258 	-0.13795 	-0.13162 	0.27957 	0.00000 	0.37577 	-0.16154 	-0.13353 	0.03443 	-0.15454 	0.16964 	0.02005 	-0.04720 	-0.04567 	-0.04357 	-0.13609 	0.00000 	0.37012 	-0.05348 	-0.04420 	0.01967 	-0.05116 	0.05616 	0.00046 	0.01769	0.02504
Replication66	 0.00628	0.99486	0.95083 	0.95803 	0.96934 	0.95513 	0.96410 	0.98555 	0.94372 	0.95151 	0.96957 	0.94535 	0.96165 	0.96662 	-0.14673 	-0.15410 	-0.15295 	0.31033 	0.00000 	0.42031 	-0.14972 	-0.15350 	0.03866 	-0.17433 	0.16080 	0.02241 	-0.04862 	-0.05107 	-0.05069 	-0.15142 	0.00000 	0.41404 	-0.04961 	-0.05087 	0.02227 	-0.05777 	0.05329 	0.00065 	0.02119	0.03019
Replication67	 0.01423	0.99455	0.95033 	0.95751 	0.96825 	0.95423 	0.96330 	0.98450 	0.93577 	0.94524 	0.96553 	0.93836 	0.95132 	0.96260 	-0.13190 	-0.13398 	-0.13096 	0.32546 	0.00000 	0.43847 	-0.15548 	-0.14749 	0.04219 	-0.16326 	0.06270 	0.02413 	-0.04374 	-0.04443 	-0.04342 	-0.16395 	0.00000 	0.43182 	-0.05156 	-0.04891 	0.02482 	-0.05414 	0.02079 	0.00107 	0.02989	0.02836
Replication68	 0.00498	0.99485	0.94994 	0.95742 	0.96892 	0.95448 	0.96356 	0.98542 	0.94502 	0.95283 	0.96976 	0.94689 	0.96171 	0.96696 	-0.15453 	-0.15703 	-0.16201 	0.31184 	0.00000 	0.42259 	-0.14596 	-0.13461 	0.03853 	-0.16221 	0.13998 	0.02235 	-0.05121 	-0.05204 	-0.05369 	-0.15105 	0.00000 	0.41630 	-0.04837 	-0.04461 	0.02210 	-0.05376 	0.04639 	0.00053 	0.01895	0.03059
Replication69	 -1.47574	0.99626	0.96357 	0.96923 	0.97932 	0.96743 	0.97453 	0.99185 	0.96428 	0.97083 	0.98268 	0.96684 	0.98365 	0.98031 	-0.13491 	-0.15394 	-0.13643 	0.22958 	0.00000 	0.31195 	-0.15745 	-0.11767 	0.02655 	-0.13533 	0.25887 	0.01581 	-0.04458 	-0.05087 	-0.04508 	-0.10629 	0.00000 	0.30738 	-0.05203 	-0.03888 	0.01462 	-0.04472 	0.08555 	-0.00002 	0.00703	0.02507
Replication70	 -1.47090	0.99611	0.96096 	0.96705 	0.97669 	0.96515 	0.97253 	0.99066 	0.96314 	0.96861 	0.98136 	0.96456 	0.98480 	0.97864 	-0.14793 	-0.15308 	-0.17547 	0.23971 	0.00429 	0.33240 	-0.15243 	-0.15057 	0.02778 	-0.16052 	0.32611 	0.01657 	-0.04890 	-0.05060 	-0.05800 	-0.10983 	0.00142 	0.32765 	-0.05039 	-0.04977 	0.01537 	-0.05306 	0.10780 	0.00010 	0.00685	0.03178
Replication71	 -1.42174	0.99543	0.95279 	0.96133 	0.97306 	0.95837 	0.96699 	0.98799 	0.95570 	0.96125 	0.97576 	0.95682 	0.97342 	0.97308 	-0.17779 	-0.15138 	-0.15052 	0.28012 	0.00000 	0.37837 	-0.13145 	-0.15426 	0.03308 	-0.15082 	0.21723 	0.01949 	-0.05885 	-0.05011 	-0.04982 	-0.13059 	0.00000 	0.37279 	-0.04351 	-0.05106 	0.01850 	-0.04992 	0.07190 	0.00014 	0.01207	0.02947
Replication72	 0.00414	0.99489	0.95130 	0.95852 	0.96852 	0.95568 	0.96533 	0.98554 	0.94586 	0.95252 	0.96977 	0.94723 	0.96253 	0.96684 	-0.15591 	-0.14657 	-0.19330 	0.30796 	0.02514 	0.42044 	-0.13464 	-0.16312 	0.03845 	-0.15672 	0.15444 	0.02228 	-0.05166 	-0.04857 	-0.06405 	-0.15065 	0.00833 	0.41421 	-0.04461 	-0.05405 	0.02217 	-0.05193 	0.05118 	0.00066 	0.01845	0.03102
Replication73	 -1.39771	0.99532	0.95399 	0.96119 	0.97274 	0.95856 	0.96714 	0.98766 	0.95199 	0.95900 	0.97434 	0.95414 	0.96966 	0.97167 	-0.15322 	-0.15932 	-0.14370 	0.28481 	0.00000 	0.38396 	-0.14791 	-0.14293 	0.03433 	-0.14597 	0.18458 	0.02010 	-0.05073 	-0.05275 	-0.04758 	-0.13583 	0.00000 	0.37824 	-0.04897 	-0.04732 	0.01940 	-0.04833 	0.06111 	0.00028 	0.01473	0.02752
Replication74	 0.00201	0.99517	0.95339 	0.96144 	0.97216 	0.95844 	0.96849 	0.98726 	0.94799 	0.95547 	0.97210 	0.95035 	0.96370 	0.96944 	-0.16623 	-0.14189 	-0.14522 	0.29166 	0.03752 	0.39093 	-0.14302 	-0.14522 	0.03626 	-0.13833 	0.12168 	0.02101 	-0.05505 	-0.04699 	-0.04810 	-0.14235 	0.01243 	0.38503 	-0.04736 	-0.04810 	0.02085 	-0.04581 	0.04030 	0.00055 	0.01916	0.02540
Replication75	 -1.42206	0.99582	0.95928 	0.96578 	0.97584 	0.96353 	0.97139 	0.98976 	0.95734 	0.96353 	0.97848 	0.95927 	0.97858 	0.97565 	-0.14535 	-0.14699 	-0.15185 	0.25502 	0.00643 	0.34783 	-0.15820 	-0.17201 	0.03041 	-0.15536 	0.28426 	0.01798 	-0.04808 	-0.04862 	-0.05023 	-0.12042 	0.00213 	0.34273 	-0.05233 	-0.05689 	0.01708 	-0.05139 	0.09402 	0.00028 	0.01215	0.02830
Replication76	 0.01259	0.99447	0.94716 	0.95513 	0.96703 	0.95180 	0.96147 	0.98392 	0.93741 	0.94627 	0.96573 	0.94012 	0.95353 	0.96278 	-0.15347 	-0.15151 	-0.14406 	0.33237 	0.00257 	0.44832 	-0.15496 	-0.15566 	0.04216 	-0.15264 	0.08920 	0.02424 	-0.05090 	-0.05025 	-0.04778 	-0.16382 	0.00085 	0.44158 	-0.05139 	-0.05163 	0.02454 	-0.05062 	0.02958 	0.00086 	0.02656	0.03103
Replication77	 0.00104	0.99520	0.95143 	0.95987 	0.97161 	0.95680 	0.96564 	0.98697 	0.94896 	0.95730 	0.97317 	0.95129 	0.96813 	0.97041 	-0.17172 	-0.14997 	-0.14652 	0.29271 	0.00000 	0.39583 	-0.16475 	-0.12188 	0.03540 	-0.17040 	0.19674 	0.02069 	-0.05687 	-0.04967 	-0.04852 	-0.13864 	0.00000 	0.38997 	-0.05456 	-0.04036 	0.02009 	-0.05643 	0.06515 	0.00036 	0.01613	0.03052
Replication78	 -1.39727	0.99564	0.95940 	0.96566 	0.97505 	0.96320 	0.97077 	0.98918 	0.95287 	0.96068 	0.97638 	0.95620 	0.97304 	0.97362 	-0.13226 	-0.13226 	-0.14859 	0.26371 	0.00000 	0.35784 	-0.17333 	-0.15747 	0.03228 	-0.13758 	0.22373 	0.01890 	-0.04376 	-0.04376 	-0.04917 	-0.12816 	0.00000 	0.35251 	-0.05735 	-0.05210 	0.01837 	-0.04552 	0.07403 	0.00043 	0.01498	0.02552
Replication79	 -1.37792	0.99551	0.95325 	0.96261 	0.97435 	0.95932 	0.96786 	0.98843 	0.95145 	0.95946 	0.97587 	0.95435 	0.97393 	0.97294 	-0.18335 	-0.13619 	-0.12280 	0.27508 	0.00000 	0.37077 	-0.18223 	-0.16447 	0.03287 	-0.16401 	0.27149 	0.01936 	-0.06068 	-0.04507 	-0.04064 	-0.12831 	0.00000 	0.36529 	-0.06031 	-0.05443 	0.01855 	-0.05428 	0.08985 	0.00034 	0.01650	0.03030
Replication80	 0.02270	0.99408	0.94690 	0.95379 	0.96421 	0.95056 	0.96141 	0.98215 	0.92730 	0.93745 	0.96008 	0.92998 	0.94122 	0.95697 	-0.13165 	-0.14337 	-0.15398 	0.35199 	0.03453 	0.47883 	-0.15176 	-0.15696 	0.04705 	-0.16363 	0.00000 	0.02663 	-0.04370 	-0.04759 	-0.05111 	-0.17983 	0.01146 	0.47160 	-0.05037 	-0.05210 	0.02817 	-0.05431 	0.00000 	0.00156 	0.03768	0.03381
Replication81	 0.00620	0.99493	0.95326 	0.95919 	0.97018 	0.95691 	0.96736 	0.98610 	0.94380 	0.95197 	0.96971 	0.94667 	0.95988 	0.96693 	-0.13698 	-0.17274 	-0.15579 	0.30444 	0.04302 	0.41083 	-0.15220 	-0.15252 	0.03843 	-0.13680 	0.10988 	0.02217 	-0.04539 	-0.05724 	-0.05162 	-0.15069 	0.01425 	0.40464 	-0.05043 	-0.05054 	0.02228 	-0.04533 	0.03641 	0.00072 	0.02174	0.02707
Replication82	 -1.46867	0.99604	0.95851 	0.96603 	0.97693 	0.96369 	0.97138 	0.99052 	0.96203 	0.96885 	0.98114 	0.96452 	0.98316 	0.97859 	-0.16844 	-0.15265 	-0.15108 	0.24473 	0.00000 	0.33484 	-0.16669 	-0.12122 	0.02805 	-0.15053 	0.29345 	0.01672 	-0.05569 	-0.05047 	-0.04995 	-0.11060 	0.00000 	0.33001 	-0.05511 	-0.04008 	0.01544 	-0.04977 	0.09702 	-0.00002 	0.00717	0.03079
Replication83	 -1.37710	0.99537	0.95646 	0.96306 	0.97324 	0.96046 	0.96854 	0.98800 	0.95084 	0.95757 	0.97422 	0.95263 	0.96975 	0.97136 	-0.13769 	-0.14115 	-0.14788 	0.27943 	0.00000 	0.37814 	-0.14912 	-0.17029 	0.03433 	-0.15703 	0.20817 	0.02006 	-0.04558 	-0.04673 	-0.04896 	-0.13594 	0.00000 	0.37250 	-0.04937 	-0.05637 	0.01959 	-0.05198 	0.06891 	0.00048 	0.01696	0.02655
Replication84	 0.01337	0.99442	0.94670 	0.95385 	0.96668 	0.95090 	0.96071 	0.98360 	0.93663 	0.94598 	0.96534 	0.93860 	0.95272 	0.96242 	-0.14378 	-0.17522 	-0.13611 	0.33620 	0.00000 	0.45381 	-0.15305 	-0.12695 	0.04254 	-0.18161 	0.08660 	0.02446 	-0.04769 	-0.05812 	-0.04514 	-0.16504 	0.00000 	0.44700 	-0.05076 	-0.04211 	0.02475 	-0.06024 	0.02872 	0.00083 	0.02689	0.03221
Replication85	 -1.41281	0.99534	0.95565 	0.96159 	0.97259 	0.95942 	0.96814 	0.98777 	0.95365 	0.95975 	0.97447 	0.95542 	0.96945 	0.97189 	-0.13808 	-0.16929 	-0.15993 	0.28254 	0.00969 	0.38209 	-0.13055 	-0.14549 	0.03420 	-0.13221 	0.16034 	0.01999 	-0.04571 	-0.05605 	-0.05295 	-0.13605 	0.00321 	0.37640 	-0.04322 	-0.04817 	0.01934 	-0.04377 	0.05308 	0.00027 	0.01329	0.02638
Replication86	 0.00600	0.99487	0.95031 	0.95847 	0.96916 	0.95518 	0.96405 	0.98558 	0.94400 	0.95240 	0.96963 	0.94640 	0.96099 	0.96682 	-0.16019 	-0.13495 	-0.16351 	0.30977 	0.00000 	0.41984 	-0.15486 	-0.13293 	0.03859 	-0.15848 	0.13430 	0.02234 	-0.05308 	-0.04472 	-0.05418 	-0.15099 	0.00000 	0.41358 	-0.05132 	-0.04405 	0.02224 	-0.05252 	0.04451 	0.00062 	0.01993	0.03008
Replication87	 -1.46386	0.99608	0.96091 	0.96728 	0.97782 	0.96535 	0.97367 	0.99100 	0.96295 	0.96858 	0.98117 	0.96440 	0.98187 	0.97868 	-0.15265 	-0.16132 	-0.14641 	0.24049 	0.02150 	0.32654 	-0.14097 	-0.13394 	0.02796 	-0.14935 	0.25962 	0.01661 	-0.05046 	-0.05333 	-0.04840 	-0.11117 	0.00711 	0.32176 	-0.04660 	-0.04428 	0.01548 	-0.04937 	0.08582 	0.00004 	0.00807	0.02660
Replication88	 0.01030	0.99459	0.94847 	0.95616 	0.96693 	0.95300 	0.96285 	0.98427 	0.93970 	0.94801 	0.96673 	0.94250 	0.95624 	0.96376 	-0.15585 	-0.14650 	-0.17527 	0.32560 	0.01696 	0.44238 	-0.15417 	-0.16298 	0.04122 	-0.14278 	0.11113 	0.02375 	-0.05168 	-0.04858 	-0.05811 	-0.16051 	0.00562 	0.43578 	-0.05112 	-0.05404 	0.02397 	-0.04734 	0.03685 	0.00083 	0.02348	0.03167
Replication89	 0.00847	0.99474	0.95009 	0.95816 	0.96929 	0.95491 	0.96509 	0.98534 	0.94153 	0.94929 	0.96788 	0.94316 	0.95597 	0.96509 	-0.15895 	-0.14269 	-0.14185 	0.31593 	0.02722 	0.42402 	-0.13296 	-0.14904 	0.04012 	-0.15719 	0.07717 	0.02307 	-0.05269 	-0.04730 	-0.04702 	-0.15639 	0.00902 	0.41761 	-0.04407 	-0.04940 	0.02335 	-0.05210 	0.02558 	0.00081 	0.02485	0.02739
Replication90	 -1.46673	0.99604	0.96219 	0.96732 	0.97754 	0.96581 	0.97453 	0.99091 	0.96238 	0.96827 	0.98053 	0.96408 	0.97936 	0.97818 	-0.13627 	-0.17317 	-0.15411 	0.24199 	0.03455 	0.32817 	-0.13535 	-0.11761 	0.02852 	-0.13740 	0.21183 	0.01685 	-0.04505 	-0.05725 	-0.05095 	-0.11401 	0.01142 	0.32333 	-0.04475 	-0.03888 	0.01588 	-0.04543 	0.07003 	0.00007 	0.00800	0.02442
Replication91	 -1.50848	0.99672	0.96728 	0.97319 	0.98207 	0.97141 	0.97774 	0.99374 	0.97243 	0.97615 	0.98665 	0.97257 	0.99144 	0.98430 	-0.14066 	-0.13402 	-0.14416 	0.20309 	0.00000 	0.27938 	-0.12001 	-0.13433 	0.02282 	-0.15565 	0.31340 	0.01377 	-0.04644 	-0.04425 	-0.04760 	-0.09134 	0.00000 	0.27538 	-0.03962 	-0.04435 	0.01236 	-0.05139 	0.10347 	-0.00011 	0.00363	0.02613
Replication92	 -1.43449	0.99610	0.96238 	0.96822 	0.97933 	0.96646 	0.97521 	0.99150 	0.96173 	0.96728 	0.98099 	0.96269 	0.97986 	0.97851 	-0.14040 	-0.16965 	-0.11113 	0.23813 	0.03124 	0.31809 	-0.13321 	-0.14285 	0.02807 	-0.15835 	0.23493 	0.01662 	-0.04641 	-0.05608 	-0.03674 	-0.11202 	0.01033 	0.31333 	-0.04404 	-0.04722 	0.01564 	-0.05235 	0.07766 	0.00012 	0.01149	0.02223
Replication93	 -1.39435	0.99550	0.95836 	0.96434 	0.97439 	0.96197 	0.96985 	0.98868 	0.95277 	0.95977 	0.97532 	0.95490 	0.97018 	0.97268 	-0.12838 	-0.14429 	-0.14250 	0.27174 	0.00002 	0.36648 	-0.14658 	-0.14581 	0.03331 	-0.14534 	0.17731 	0.01945 	-0.04249 	-0.04776 	-0.04716 	-0.13263 	0.00001 	0.36099 	-0.04851 	-0.04826 	0.01895 	-0.04810 	0.05869 	0.00039 	0.01542	0.02411
Replication94	 0.00988	0.99475	0.95430 	0.95987 	0.96908 	0.95715 	0.96582 	0.98539 	0.94012 	0.94782 	0.96730 	0.94243 	0.95504 	0.96438 	-0.11084 	-0.13309 	-0.15883 	0.31225 	0.00756 	0.42310 	-0.13924 	-0.17829 	0.04053 	-0.13869 	0.07859 	0.02323 	-0.03674 	-0.04411 	-0.05265 	-0.15917 	0.00250 	0.41669 	-0.04615 	-0.05910 	0.02380 	-0.04597 	0.02605 	0.00102 	0.02629	0.02618
Replication95	 0.00714	0.99482	0.94961 	0.95639 	0.96946 	0.95383 	0.96329 	0.98540 	0.94286 	0.95221 	0.96967 	0.94710 	0.96133 	0.96685 	-0.14542 	-0.18606 	-0.13337 	0.31413 	0.00000 	0.42297 	-0.18047 	-0.14810 	0.03865 	-0.12867 	0.14462 	0.02244 	-0.04820 	-0.06166 	-0.04420 	-0.15146 	0.00000 	0.41664 	-0.05981 	-0.04908 	0.02212 	-0.04264 	0.04793 	0.00050 	0.02072	0.03013
Replication96	 0.01175	0.99454	0.94739 	0.95567 	0.96766 	0.95229 	0.96208 	0.98428 	0.93825 	0.94738 	0.96642 	0.94167 	0.95440 	0.96354 	-0.15929 	-0.15012 	-0.14003 	0.32864 	0.00628 	0.44220 	-0.16200 	-0.15452 	0.04153 	-0.13692 	0.08609 	0.02390 	-0.05282 	-0.04978 	-0.04643 	-0.16149 	0.00208 	0.43554 	-0.05372 	-0.05124 	0.02413 	-0.04540 	0.02855 	0.00080 	0.02576	0.03021
Replication97	 -1.46229	0.99594	0.95931 	0.96556 	0.97650 	0.96363 	0.97171 	0.99023 	0.96183 	0.96733 	0.98016 	0.96355 	0.98101 	0.97760 	-0.15007 	-0.16800 	-0.15219 	0.24948 	0.00899 	0.33972 	-0.14302 	-0.14655 	0.02895 	-0.14048 	0.26404 	0.01721 	-0.04962 	-0.05555 	-0.05033 	-0.11517 	0.00297 	0.33477 	-0.04729 	-0.04846 	0.01601 	-0.04645 	0.08731 	0.00002 	0.00807	0.02819
Replication98	 -1.45186	0.99600	0.96045 	0.96730 	0.97719 	0.96495 	0.97236 	0.99062 	0.96142 	0.96692 	0.98035 	0.96318 	0.98105 	0.97772 	-0.15038 	-0.13866 	-0.14915 	0.24482 	0.00000 	0.33303 	-0.14529 	-0.15911 	0.02871 	-0.14119 	0.26944 	0.01704 	-0.04972 	-0.04584 	-0.04931 	-0.11436 	0.00000 	0.32815 	-0.04804 	-0.05261 	0.01596 	-0.04668 	0.08909 	0.00012 	0.00927	0.02676
Replication99	 0.01315	0.99471	0.95164 	0.95977 	0.97013 	0.95621 	0.96588 	0.98548 	0.93685 	0.94612 	0.96657 	0.93923 	0.95177 	0.96371 	-0.14576 	-0.11784 	-0.11478 	0.31535 	0.02053 	0.42161 	-0.15004 	-0.15014 	0.04115 	-0.16311 	0.05067 	0.02350 	-0.04832 	-0.03906 	-0.03805 	-0.15958 	0.00680 	0.41515 	-0.04974 	-0.04977 	0.02429 	-0.05407 	0.01680 	0.00111 	0.03113	0.02557
Replication100	 -1.46001	0.99620	0.96332 	0.96928 	0.97808 	0.96735 	0.97499 	0.99140 	0.96215 	0.96859 	0.98161 	0.96411 	0.98323 	0.97899 	-0.14254 	-0.13929 	-0.16567 	0.23230 	0.02000 	0.31971 	-0.16025 	-0.13473 	0.02744 	-0.15902 	0.29414 	0.01628 	-0.04711 	-0.04604 	-0.05476 	-0.10876 	0.00661 	0.31508 	-0.05296 	-0.04453 	0.01533 	-0.05256 	0.09721 	0.00020 	0.00835	0.02772
Replication101	 -1.49646	0.99633	0.96239 	0.96877 	0.97903 	0.96687 	0.97402 	0.99188 	0.96864 	0.97252 	0.98372 	0.96881 	0.98735 	0.98127 	-0.15205 	-0.15483 	-0.15129 	0.22717 	0.00000 	0.31138 	-0.11940 	-0.13901 	0.02565 	-0.15585 	0.29742 	0.01540 	-0.05024 	-0.05116 	-0.04999 	-0.10227 	0.00000 	0.30691 	-0.03945 	-0.04593 	0.01395 	-0.05149 	0.09827 	-0.00013 	0.00460	0.02848
Replication102	 -1.38281	0.99529	0.95393 	0.96151 	0.97267 	0.95867 	0.96717 	0.98759 	0.95053 	0.95781 	0.97390 	0.95275 	0.96905 	0.97113 	-0.15564 	-0.14749 	-0.14282 	0.28559 	0.00000 	0.38519 	-0.15406 	-0.15146 	0.03470 	-0.15245 	0.19440 	0.02029 	-0.05153 	-0.04883 	-0.04729 	-0.13692 	0.00000 	0.37945 	-0.05101 	-0.05015 	0.01970 	-0.05047 	0.06436 	0.00038 	0.01625	0.02769
Replication103	 -1.47958	0.99635	0.96297 	0.96940 	0.97867 	0.96739 	0.97426 	0.99179 	0.96526 	0.97120 	0.98334 	0.96748 	0.98766 	0.98070 	-0.15032 	-0.13958 	-0.16350 	0.22580 	0.00000 	0.31301 	-0.16515 	-0.14564 	0.02591 	-0.14902 	0.33904 	0.01552 	-0.04967 	-0.04612 	-0.05402 	-0.10240 	0.00000 	0.30856 	-0.05457 	-0.04812 	0.01426 	-0.04924 	0.11202 	0.00005 	0.00607	0.03075
Replication104	 -1.43580	0.99539	0.95382 	0.96052 	0.97177 	0.95823 	0.96667 	0.98753 	0.95527 	0.96142 	0.97538 	0.95604 	0.97350 	0.97269 	-0.15557 	-0.17100 	-0.17936 	0.28189 	0.00000 	0.38613 	-0.13547 	-0.12336 	0.03343 	-0.17385 	0.22785 	0.01967 	-0.05150 	-0.05661 	-0.05937 	-0.13197 	0.00000 	0.38051 	-0.04484 	-0.04084 	0.01874 	-0.05755 	0.07543 	0.00016 	0.01037	0.03215
Replication105	 -1.45358	0.99584	0.95712 	0.96443 	0.97613 	0.96210 	0.97019 	0.98983 	0.96068 	0.96640 	0.97950 	0.96298 	0.97980 	0.97694 	-0.16308 	-0.16406 	-0.13867 	0.25635 	0.00000 	0.34666 	-0.14809 	-0.15480 	0.02961 	-0.12676 	0.25418 	0.01760 	-0.05394 	-0.05426 	-0.04586 	-0.11762 	0.00000 	0.34158 	-0.04898 	-0.05120 	0.01634 	-0.04193 	0.08407 	-0.00002 	0.00896	0.02818
Replication106	 0.00506	0.99514	0.95649 	0.96250 	0.97264 	0.96011 	0.97035 	0.98740 	0.94494 	0.95309 	0.97105 	0.94802 	0.96041 	0.96835 	-0.13189 	-0.15272 	-0.13554 	0.29028 	0.05022 	0.38861 	-0.15090 	-0.15899 	0.03708 	-0.12761 	0.09331 	0.02135 	-0.04368 	-0.05058 	-0.04489 	-0.14579 	0.01663 	0.38269 	-0.04998 	-0.05266 	0.02160 	-0.04226 	0.03090 	0.00079 	0.02321	0.02278
Replication107	 -1.46808	0.99631	0.96134 	0.96832 	0.97907 	0.96644 	0.97524 	0.99179 	0.96412 	0.97080 	0.98305 	0.96657 	0.98606 	0.98049 	-0.16925 	-0.16474 	-0.14380 	0.22889 	0.03691 	0.31293 	-0.16969 	-0.12846 	0.02619 	-0.15311 	0.31581 	0.01566 	-0.05593 	-0.05444 	-0.04752 	-0.10273 	0.01220 	0.30842 	-0.05607 	-0.04245 	0.01442 	-0.05059 	0.10435 	0.00003 	0.00734	0.02971
Replication108	 -1.39881	0.99531	0.95200 	0.96059 	0.97297 	0.95758 	0.96657 	0.98768 	0.95419 	0.95926 	0.97470 	0.95477 	0.97095 	0.97198 	-0.17589 	-0.15716 	-0.13256 	0.28634 	0.00239 	0.38368 	-0.11969 	-0.16928 	0.03407 	-0.15350 	0.19616 	0.02002 	-0.05823 	-0.05203 	-0.04389 	-0.13453 	0.00079 	0.37796 	-0.03963 	-0.05605 	0.01913 	-0.05082 	0.06495 	0.00019 	0.01459	0.02783
Replication109	 0.01152	0.99448	0.94698 	0.95460 	0.96707 	0.95159 	0.96222 	0.98397 	0.93848 	0.94746 	0.96586 	0.94149 	0.95250 	0.96312 	-0.15670 	-0.17151 	-0.14530 	0.33253 	0.02306 	0.44744 	-0.14829 	-0.13278 	0.04205 	-0.13646 	0.04713 	0.02415 	-0.05197 	-0.05688 	-0.04819 	-0.16335 	0.00765 	0.44070 	-0.04918 	-0.04403 	0.02445 	-0.04526 	0.01563 	0.00077 	0.02530	0.03034
Replication110	 -1.44731	0.99549	0.95360 	0.96087 	0.97265 	0.95850 	0.96701 	0.98800 	0.95735 	0.96305 	0.97660 	0.95909 	0.97604 	0.97392 	-0.16635 	-0.17271 	-0.17044 	0.27701 	0.00000 	0.37816 	-0.14156 	-0.14916 	0.03235 	-0.14030 	0.24309 	0.01913 	-0.05506 	-0.05716 	-0.05641 	-0.12786 	0.00000 	0.37266 	-0.04685 	-0.04937 	0.01798 	-0.04644 	0.08046 	0.00005 	0.00921	0.03200
Replication111	 0.00187	0.99515	0.95255 	0.95952 	0.97105 	0.95693 	0.96566 	0.98669 	0.94813 	0.95556 	0.97258 	0.95000 	0.96847 	0.96960 	-0.14980 	-0.16387 	-0.15393 	0.29472 	0.00000 	0.40068 	-0.16071 	-0.16222 	0.03592 	-0.17328 	0.22890 	0.02101 	-0.04961 	-0.05427 	-0.05098 	-0.14103 	0.00000 	0.39476 	-0.05323 	-0.05373 	0.02046 	-0.05739 	0.07581 	0.00047 	0.01743	0.03126
Replication112	 -1.44899	0.99602	0.95993 	0.96710 	0.97764 	0.96471 	0.97228 	0.99074 	0.96073 	0.96739 	0.98056 	0.96281 	0.98077 	0.97802 	-0.15580 	-0.14392 	-0.13503 	0.24437 	0.00000 	0.33104 	-0.15734 	-0.12902 	0.02852 	-0.15419 	0.26401 	0.01693 	-0.05151 	-0.04758 	-0.04464 	-0.11320 	0.00000 	0.32618 	-0.05202 	-0.04266 	0.01583 	-0.05098 	0.08729 	0.00007 	0.00956	0.02678
Replication113	 -1.41525	0.99592	0.96120 	0.96751 	0.97750 	0.96530 	0.97342 	0.99055 	0.95749 	0.96418 	0.97904 	0.95969 	0.97735 	0.97637 	-0.13980 	-0.14425 	-0.13049 	0.24807 	0.01693 	0.33438 	-0.15713 	-0.15639 	0.02983 	-0.14995 	0.24450 	0.01758 	-0.04623 	-0.04770 	-0.04315 	-0.11862 	0.00560 	0.32940 	-0.05196 	-0.05172 	0.01682 	-0.04959 	0.08085 	0.00030 	0.01328	0.02399
Replication114	 -1.42045	0.99544	0.95599 	0.96236 	0.97296 	0.96003 	0.96831 	0.98809 	0.95463 	0.96067 	0.97538 	0.95658 	0.97216 	0.97271 	-0.14367 	-0.15786 	-0.16536 	0.27731 	0.00284 	0.37669 	-0.13949 	-0.15710 	0.03336 	-0.13439 	0.20047 	0.01957 	-0.04756 	-0.05225 	-0.05474 	-0.13259 	0.00094 	0.37112 	-0.04617 	-0.05200 	0.01880 	-0.04448 	0.06636 	0.00025 	0.01238	0.02769
Replication115	 -1.48639	0.99617	0.96071 	0.96848 	0.97785 	0.96588 	0.97306 	0.99124 	0.96531 	0.97044 	0.98202 	0.96657 	0.98351 	0.97960 	-0.16748 	-0.12367 	-0.16225 	0.23598 	0.00000 	0.32238 	-0.13307 	-0.12552 	0.02719 	-0.14304 	0.25901 	0.01619 	-0.05536 	-0.04088 	-0.05363 	-0.10819 	0.00000 	0.31770 	-0.04398 	-0.04149 	0.01497 	-0.04728 	0.08561 	-0.00003 	0.00572	0.02745
Replication116	 0.00322	0.99496	0.95241 	0.95868 	0.97027 	0.95618 	0.96507 	0.98614 	0.94678 	0.95484 	0.97083 	0.94951 	0.96187 	0.96824 	-0.13622 	-0.16905 	-0.15077 	0.30407 	0.00000 	0.41014 	-0.14641 	-0.12198 	0.03754 	-0.13461 	0.10342 	0.02176 	-0.04513 	-0.05601 	-0.04995 	-0.14821 	0.00000 	0.40399 	-0.04851 	-0.04042 	0.02149 	-0.04460 	0.03427 	0.00044 	0.01788	0.02736
Replication117	 0.00097	0.99514	0.95360 	0.96089 	0.97111 	0.95798 	0.96639 	0.98687 	0.94903 	0.95594 	0.97230 	0.95162 	0.96616 	0.96951 	-0.14924 	-0.13745 	-0.16532 	0.29355 	0.00000 	0.39770 	-0.14722 	-0.16682 	0.03615 	-0.12855 	0.16287 	0.02105 	-0.04943 	-0.04553 	-0.05475 	-0.14288 	0.00000 	0.39177 	-0.04876 	-0.05525 	0.02066 	-0.04257 	0.05394 	0.00048 	0.01672	0.02767
Replication118	 -1.40444	0.99605	0.96337 	0.96920 	0.97901 	0.96712 	0.97476 	0.99128 	0.95774 	0.96474 	0.97995 	0.95924 	0.97835 	0.97727 	-0.12763 	-0.14080 	-0.11277 	0.23924 	0.01137 	0.32176 	-0.15796 	-0.14406 	0.02893 	-0.17940 	0.25877 	0.01705 	-0.04219 	-0.04655 	-0.03728 	-0.11505 	0.00376 	0.31695 	-0.05222 	-0.04763 	0.01635 	-0.05931 	0.08555 	0.00035 	0.01452	0.02274
Replication119	 -1.45932	0.99582	0.95752 	0.96371 	0.97547 	0.96184 	0.96990 	0.98958 	0.96105 	0.96645 	0.97943 	0.96239 	0.98060 	0.97681 	-0.15035 	-0.18168 	-0.15123 	0.25734 	0.00000 	0.35101 	-0.14119 	-0.14651 	0.02969 	-0.15123 	0.27465 	0.01766 	-0.04973 	-0.06009 	-0.05002 	-0.11785 	0.00000 	0.34592 	-0.04670 	-0.04846 	0.01637 	-0.05002 	0.09084 	-0.00002 	0.00817	0.03024
Replication120	 0.00565	0.99488	0.95214 	0.95986 	0.97003 	0.95655 	0.96522 	0.98593 	0.94435 	0.95132 	0.96933 	0.94573 	0.95919 	0.96653 	-0.14662 	-0.12486 	-0.14964 	0.30731 	0.00000 	0.41383 	-0.12809 	-0.15995 	0.03880 	-0.15316 	0.10231 	0.02239 	-0.04859 	-0.04138 	-0.04959 	-0.15251 	0.00000 	0.40758 	-0.04245 	-0.05300 	0.02248 	-0.05075 	0.03390 	0.00072 	0.02232	0.02642
Replication121	 -1.36533	0.99557	0.96091 	0.96628 	0.97498 	0.96421 	0.97369 	0.98916 	0.95106 	0.95789 	0.97491 	0.95332 	0.96901 	0.97211 	-0.12569 	-0.14172 	-0.15427 	0.26523 	0.05242 	0.35828 	-0.14858 	-0.17856 	0.03350 	-0.14075 	0.17928 	0.01945 	-0.04159 	-0.04690 	-0.05105 	-0.13262 	0.01735 	0.35287 	-0.04917 	-0.05909 	0.01938 	-0.04658 	0.05933 	0.00070 	0.01858	0.02261
Replication122	 -1.41184	0.99576	0.95649 	0.96430 	0.97546 	0.96169 	0.96973 	0.98938 	0.95662 	0.96297 	0.97828 	0.95824 	0.97931 	0.97534 	-0.16595 	-0.14919 	-0.13937 	0.26019 	0.00000 	0.35445 	-0.16368 	-0.17351 	0.03065 	-0.17386 	0.31501 	0.01818 	-0.05489 	-0.04935 	-0.04610 	-0.12027 	0.00000 	0.34928 	-0.05415 	-0.05740 	0.01714 	-0.05751 	0.10420 	0.00025 	0.01291	0.03120
Replication123	 -1.43214	0.99541	0.95466 	0.96186 	0.97258 	0.95924 	0.96754 	0.98791 	0.95605 	0.96133 	0.97534 	0.95682 	0.97183 	0.97277 	-0.15690 	-0.15138 	-0.16953 	0.27980 	0.00000 	0.37970 	-0.11808 	-0.13970 	0.03343 	-0.14728 	0.18147 	0.01962 	-0.05194 	-0.05011 	-0.05612 	-0.13279 	0.00000 	0.37410 	-0.03909 	-0.04625 	0.01879 	-0.04876 	0.06007 	0.00017 	0.01115	0.02808
Replication124	 -1.43573	0.99618	0.96553 	0.96989 	0.97884 	0.96851 	0.97670 	0.99164 	0.96121 	0.96679 	0.98110 	0.96299 	0.98155 	0.97841 	-0.11751 	-0.15758 	-0.14913 	0.23138 	0.03574 	0.31551 	-0.14925 	-0.17467 	0.02785 	-0.14539 	0.27777 	0.01647 	-0.03884 	-0.05208 	-0.04929 	-0.11123 	0.01181 	0.31086 	-0.04933 	-0.05773 	0.01569 	-0.04805 	0.09180 	0.00032 	0.01120	0.02394
Replication125	 -1.46116	0.99627	0.96498 	0.97063 	0.98009 	0.96867 	0.97556 	0.99219 	0.96514 	0.96973 	0.98247 	0.96587 	0.98254 	0.98006 	-0.12766 	-0.13789 	-0.12627 	0.22731 	0.00000 	0.30614 	-0.12167 	-0.14821 	0.02668 	-0.14549 	0.24007 	0.01585 	-0.04219 	-0.04556 	-0.04173 	-0.10760 	0.00000 	0.30159 	-0.04021 	-0.04898 	0.01479 	-0.04808 	0.07933 	0.00007 	0.00886	0.02144
Replication126	 0.00488	0.99494	0.95268 	0.96062 	0.97033 	0.95727 	0.96620 	0.98622 	0.94512 	0.95283 	0.96971 	0.94711 	0.95837 	0.96713 	-0.15266 	-0.11865 	-0.15746 	0.30356 	0.01074 	0.40885 	-0.13009 	-0.12550 	0.03842 	-0.14097 	0.06262 	0.02210 	-0.05058 	-0.03931 	-0.05217 	-0.15084 	0.00356 	0.40268 	-0.04310 	-0.04158 	0.02229 	-0.04671 	0.02075 	0.00069 	0.02095	0.02566
Replication127	 -1.42315	0.99586	0.96056 	0.96768 	0.97624 	0.96496 	0.97215 	0.99009 	0.95726 	0.96368 	0.97845 	0.95917 	0.97723 	0.97572 	-0.14635 	-0.11161 	-0.15901 	0.25101 	0.00000 	0.34216 	-0.15381 	-0.15706 	0.03036 	-0.15418 	0.25288 	0.01787 	-0.04840 	-0.03691 	-0.05259 	-0.12057 	0.00000 	0.33712 	-0.05087 	-0.05194 	0.01717 	-0.05099 	0.08364 	0.00036 	0.01227	0.02600
Replication128	 -1.44765	0.99542	0.95213 	0.95992 	0.97217 	0.95740 	0.96615 	0.98767 	0.95770 	0.96275 	0.97614 	0.95826 	0.97512 	0.97351 	-0.17516 	-0.17490 	-0.16835 	0.28181 	0.00000 	0.38378 	-0.12302 	-0.13910 	0.03281 	-0.15740 	0.22929 	0.01939 	-0.05798 	-0.05790 	-0.05573 	-0.12946 	0.00000 	0.37819 	-0.04072 	-0.04605 	0.01821 	-0.05210 	0.07590 	0.00001 	0.00914	0.03237
Replication129	 0.00368	0.99488	0.94973 	0.95709 	0.96814 	0.95426 	0.96322 	0.98530 	0.94632 	0.95431 	0.97036 	0.94938 	0.96416 	0.96754 	-0.15841 	-0.15850 	-0.18984 	0.31057 	0.00000 	0.42461 	-0.16075 	-0.14062 	0.03802 	-0.13676 	0.16533 	0.02212 	-0.05249 	-0.05252 	-0.06291 	-0.14915 	0.00000 	0.41837 	-0.05327 	-0.04660 	0.02171 	-0.04532 	0.05479 	0.00045 	0.01577	0.03304
Replication130	 0.00185	0.99501	0.95158 	0.95847 	0.97033 	0.95590 	0.96512 	0.98624 	0.94815 	0.95494 	0.97154 	0.95036 	0.96538 	0.96872 	-0.14998 	-0.17066 	-0.15491 	0.30228 	0.00646 	0.40844 	-0.14431 	-0.16729 	0.03693 	-0.13776 	0.16659 	0.02153 	-0.04969 	-0.05654 	-0.05132 	-0.14559 	0.00214 	0.40235 	-0.04781 	-0.05542 	0.02103 	-0.04564 	0.05519 	0.00042 	0.01731	0.02912
Replication131	 0.00125	0.99524	0.95259 	0.96125 	0.97277 	0.95800 	0.96670 	0.98743 	0.94875 	0.95597 	0.97325 	0.95003 	0.96811 	0.97034 	-0.16813 	-0.13754 	-0.12604 	0.28889 	0.00000 	0.38806 	-0.15087 	-0.15873 	0.03527 	-0.18198 	0.20955 	0.02061 	-0.05567 	-0.04554 	-0.04174 	-0.13829 	0.00000 	0.38226 	-0.04996 	-0.05256 	0.02011 	-0.06026 	0.06939 	0.00047 	0.01910	0.02821
Replication132	 -1.44856	0.99603	0.96010 	0.96748 	0.97726 	0.96515 	0.97408 	0.99076 	0.96109 	0.96685 	0.98031 	0.96284 	0.98062 	0.97770 	-0.16832 	-0.14284 	-0.15735 	0.24326 	0.03865 	0.33064 	-0.14658 	-0.15135 	0.02870 	-0.14558 	0.26338 	0.01699 	-0.05565 	-0.04723 	-0.05202 	-0.11337 	0.01278 	0.32579 	-0.04846 	-0.05004 	0.01604 	-0.04813 	0.08708 	0.00018 	0.00959	0.02696
Replication133	 -1.43981	0.99569	0.95754 	0.96466 	0.97492 	0.96212 	0.96997 	0.98927 	0.95888 	0.96385 	0.97775 	0.95953 	0.97627 	0.97514 	-0.15411 	-0.14255 	-0.15799 	0.26268 	0.00000 	0.35639 	-0.12306 	-0.15203 	0.03116 	-0.15347 	0.22507 	0.01838 	-0.05098 	-0.04716 	-0.05227 	-0.12402 	0.00000 	0.35114 	-0.04071 	-0.05030 	0.01743 	-0.05077 	0.07446 	0.00015 	0.01048	0.02697
Replication134	 0.01397	0.99445	0.94863 	0.95564 	0.96657 	0.95250 	0.96177 	0.98377 	0.93603 	0.94499 	0.96509 	0.93874 	0.95262 	0.96204 	-0.13584 	-0.14640 	-0.15622 	0.33247 	0.00000 	0.45101 	-0.15760 	-0.16424 	0.04268 	-0.15612 	0.09348 	0.02449 	-0.04505 	-0.04855 	-0.05181 	-0.16595 	0.00000 	0.44424 	-0.05227 	-0.05447 	0.02499 	-0.05178 	0.03100 	0.00100 	0.02772	0.03134
Replication135	 -1.46622	0.99618	0.96549 	0.96983 	0.97898 	0.96837 	0.97587 	0.99173 	0.96414 	0.96902 	0.98156 	0.96535 	0.98074 	0.97919 	-0.11423 	-0.15553 	-0.14751 	0.23165 	0.01668 	0.31399 	-0.12318 	-0.14135 	0.02751 	-0.13257 	0.21661 	0.01627 	-0.03775 	-0.05140 	-0.04875 	-0.11109 	0.00551 	0.30933 	-0.04071 	-0.04672 	0.01535 	-0.04382 	0.07159 	0.00011 	0.00833	0.02164
Replication136	 0.00542	0.99480	0.94899 	0.95761 	0.96821 	0.95416 	0.96313 	0.98517 	0.94458 	0.95254 	0.96926 	0.94710 	0.96073 	0.96648 	-0.16952 	-0.13183 	-0.17857 	0.31418 	0.00000 	0.42686 	-0.14884 	-0.13590 	0.03897 	-0.14353 	0.12415 	0.02256 	-0.05618 	-0.04369 	-0.05918 	-0.15246 	0.00000 	0.42052 	-0.04933 	-0.04504 	0.02241 	-0.04757 	0.04115 	0.00057 	0.01853	0.03119
Replication137	 -1.42191	0.99575	0.95913 	0.96568 	0.97533 	0.96327 	0.97085 	0.98949 	0.95654 	0.96291 	0.97775 	0.95843 	0.97660 	0.97499 	-0.14225 	-0.13753 	-0.15645 	0.25871 	0.00000 	0.35252 	-0.15363 	-0.15941 	0.03108 	-0.15406 	0.25500 	0.01831 	-0.04706 	-0.04550 	-0.05176 	-0.12338 	0.00000 	0.34733 	-0.05082 	-0.05273 	0.01751 	-0.05096 	0.08435 	0.00030 	0.01227	0.02729
Replication138	 -1.42825	0.99545	0.95391 	0.96096 	0.97299 	0.95861 	0.96719 	0.98799 	0.95512 	0.96176 	0.97604 	0.95787 	0.97427 	0.97335 	-0.15924 	-0.17477 	-0.15423 	0.27875 	0.00000 	0.37827 	-0.15683 	-0.15362 	0.03284 	-0.12932 	0.23010 	0.01937 	-0.05271 	-0.05785 	-0.05105 	-0.12991 	0.00000 	0.37271 	-0.05191 	-0.05085 	0.01834 	-0.04280 	0.07616 	0.00011 	0.01133	0.03025
Replication139	 0.00287	0.99495	0.95191 	0.95890 	0.96984 	0.95608 	0.96487 	0.98600 	0.94713 	0.95337 	0.97067 	0.94910 	0.96384 	0.96777 	-0.14515 	-0.15198 	-0.16220 	0.30489 	0.00000 	0.41258 	-0.13617 	-0.18754 	0.03768 	-0.13261 	0.15727 	0.02191 	-0.04809 	-0.05035 	-0.05374 	-0.14873 	0.00000 	0.40642 	-0.04512 	-0.06214 	0.02158 	-0.04394 	0.05211 	0.00053 	0.01868	0.02852
Replication140	 -1.38377	0.99527	0.95616 	0.96234 	0.97257 	0.95983 	0.96806 	0.98763 	0.95019 	0.95750 	0.97332 	0.95295 	0.96649 	0.97069 	-0.13173 	-0.14654 	-0.15212 	0.28500 	0.00103 	0.38463 	-0.14760 	-0.14697 	0.03517 	-0.12692 	0.14202 	0.02046 	-0.04362 	-0.04852 	-0.05037 	-0.13970 	0.00034 	0.37886 	-0.04887 	-0.04867 	0.02010 	-0.04202 	0.04703 	0.00044 	0.01643	0.02498
Replication141	 -1.37623	0.99570	0.96083 	0.96687 	0.97690 	0.96463 	0.97360 	0.98995 	0.95426 	0.96031 	0.97662 	0.95548 	0.97124 	0.97396 	-0.13190 	-0.14545 	-0.11724 	0.25878 	0.03371 	0.34476 	-0.13212 	-0.16854 	0.03201 	-0.15310 	0.17810 	0.01868 	-0.04364 	-0.04812 	-0.03879 	-0.12737 	0.01115 	0.33951 	-0.04371 	-0.05576 	0.01830 	-0.05065 	0.05892 	0.00048 	0.01767	0.02032
Replication142	 -1.42142	0.99562	0.95886 	0.96514 	0.97439 	0.96270 	0.97029 	0.98900 	0.95564 	0.96186 	0.97654 	0.95708 	0.97351 	0.97388 	-0.13653 	-0.13395 	-0.16618 	0.26512 	0.00000 	0.36101 	-0.13898 	-0.14407 	0.03219 	-0.15426 	0.20920 	0.01887 	-0.04517 	-0.04432 	-0.05499 	-0.12814 	0.00000 	0.35567 	-0.04599 	-0.04767 	0.01823 	-0.05104 	0.06922 	0.00033 	0.01244	0.02612
Replication143	 -1.42223	0.99591	0.96112 	0.96730 	0.97722 	0.96507 	0.97250 	0.99043 	0.95801 	0.96445 	0.97920 	0.96060 	0.97840 	0.97649 	-0.13497 	-0.14139 	-0.13460 	0.24862 	0.00000 	0.33640 	-0.16065 	-0.17058 	0.02972 	-0.13678 	0.25916 	0.01756 	-0.04464 	-0.04676 	-0.04451 	-0.11850 	0.00000 	0.33141 	-0.05312 	-0.05641 	0.01669 	-0.04523 	0.08570 	0.00026 	0.01248	0.02489
Replication144	 -1.41836	0.99564	0.95754 	0.96403 	0.97473 	0.96173 	0.96969 	0.98900 	0.95496 	0.96238 	0.97703 	0.95731 	0.97494 	0.97434 	-0.14402 	-0.15510 	-0.14795 	0.26569 	0.00000 	0.36091 	-0.16345 	-0.13378 	0.03179 	-0.15854 	0.23830 	0.01871 	-0.04765 	-0.05132 	-0.04895 	-0.12589 	0.00000 	0.35559 	-0.05408 	-0.04426 	0.01789 	-0.05246 	0.07885 	0.00025 	0.01257	0.02796
Replication145	 0.02340	0.99403	0.94631 	0.95314 	0.96418 	0.94977 	0.95944 	0.98194 	0.92660 	0.93731 	0.96001 	0.93048 	0.94138 	0.95688 	-0.12217 	-0.14217 	-0.13827 	0.35548 	0.00000 	0.48242 	-0.16720 	-0.16688 	0.04719 	-0.14296 	0.00554 	0.02676 	-0.04055 	-0.04719 	-0.04590 	-0.18105 	0.00000 	0.47513 	-0.05550 	-0.05539 	0.02814 	-0.04745 	0.00184 	0.00148 	0.03775	0.03355
Replication146	 0.00037	0.99523	0.95219 	0.96059 	0.97249 	0.95750 	0.96633 	0.98734 	0.94963 	0.95736 	0.97349 	0.95303 	0.96810 	0.97075 	-0.16816 	-0.14878 	-0.13196 	0.29035 	0.00000 	0.38949 	-0.16478 	-0.16017 	0.03511 	-0.12571 	0.18088 	0.02053 	-0.05568 	-0.04927 	-0.04370 	-0.13830 	0.00000 	0.38367 	-0.05457 	-0.05304 	0.01990 	-0.04163 	0.05990 	0.00033 	0.01682	0.02760
Replication147	 0.00407	0.99492	0.94907 	0.95769 	0.96916 	0.95443 	0.96350 	0.98562 	0.94593 	0.95292 	0.97065 	0.94809 	0.96576 	0.96757 	-0.17277 	-0.14621 	-0.16506 	0.30838 	0.00000 	0.41911 	-0.15691 	-0.18825 	0.03773 	-0.15458 	0.21530 	0.02202 	-0.05725 	-0.04844 	-0.05469 	-0.14744 	0.00000 	0.41292 	-0.05199 	-0.06238 	0.02155 	-0.05122 	0.07134 	0.00054 	0.01876	0.03294
Replication148	 -1.46385	0.99607	0.96177 	0.96781 	0.97758 	0.96578 	0.97303 	0.99092 	0.96395 	0.96810 	0.98100 	0.96369 	0.98201 	0.97844 	-0.13983 	-0.14655 	-0.15261 	0.24048 	0.00000 	0.32788 	-0.11469 	-0.14709 	0.02811 	-0.16965 	0.26535 	0.01671 	-0.04623 	-0.04845 	-0.05045 	-0.11241 	0.00000 	0.32309 	-0.03792 	-0.04863 	0.01559 	-0.05608 	0.08772 	0.00007 	0.00810	0.02631
Replication149	 -1.45488	0.99602	0.95843 	0.96590 	0.97715 	0.96357 	0.97136 	0.99051 	0.96165 	0.96785 	0.98094 	0.96379 	0.98314 	0.97828 	-0.16610 	-0.15652 	-0.13964 	0.24586 	0.00000 	0.33504 	-0.16155 	-0.14756 	0.02824 	-0.15118 	0.30519 	0.01685 	-0.05492 	-0.05175 	-0.04617 	-0.11140 	0.00000 	0.33018 	-0.05341 	-0.04879 	0.01556 	-0.04998 	0.10090 	0.00001 	0.00862	0.03024
Replication150	 -1.40109	0.99553	0.95791 	0.96424 	0.97424 	0.96180 	0.96966 	0.98869 	0.95387 	0.96024 	0.97570 	0.95495 	0.97181 	0.97299 	-0.13581 	-0.14221 	-0.14977 	0.27059 	0.00000 	0.36640 	-0.13771 	-0.14598 	0.03297 	-0.16728 	0.20405 	0.01930 	-0.04494 	-0.04706 	-0.04957 	-0.13099 	0.00000 	0.36095 	-0.04557 	-0.04831 	0.01871 	-0.05536 	0.06753 	0.00037 	0.01456	0.02575
Replication151	 -1.39789	0.99543	0.95849 	0.96383 	0.97290 	0.96161 	0.96928 	0.98812 	0.95134 	0.95876 	0.97457 	0.95470 	0.97036 	0.97178 	-0.12057 	-0.14141 	-0.17424 	0.27522 	0.00000 	0.37607 	-0.16519 	-0.16547 	0.03397 	-0.12413 	0.20072 	0.01983 	-0.03991 	-0.04681 	-0.05768 	-0.13508 	0.00000 	0.37049 	-0.05468 	-0.05477 	0.01941 	-0.04109 	0.06644 	0.00049 	0.01478	0.02681
Replication152	 0.00168	0.99510	0.95137 	0.95835 	0.97068 	0.95590 	0.96519 	0.98646 	0.94832 	0.95606 	0.97246 	0.95086 	0.96801 	0.96958 	-0.15542 	-0.18013 	-0.15305 	0.29835 	0.00718 	0.40468 	-0.16437 	-0.15302 	0.03609 	-0.15610 	0.21111 	0.02111 	-0.05148 	-0.05967 	-0.05069 	-0.14166 	0.00238 	0.39870 	-0.05444 	-0.05068 	0.02047 	-0.05171 	0.06993 	0.00038 	0.01644	0.03152
Replication153	 0.01314	0.99447	0.94757 	0.95607 	0.96670 	0.95238 	0.96165 	0.98388 	0.93686 	0.94585 	0.96533 	0.93975 	0.95240 	0.96239 	-0.15679 	-0.12507 	-0.15843 	0.33173 	0.00000 	0.44903 	-0.15430 	-0.15289 	0.04247 	-0.14683 	0.07356 	0.02436 	-0.05200 	-0.04148 	-0.05254 	-0.16485 	0.00000 	0.44228 	-0.05117 	-0.05071 	0.02484 	-0.04870 	0.02440 	0.00095 	0.02682	0.03102
Replication154	 0.00645	0.99483	0.95129 	0.95851 	0.96915 	0.95563 	0.96569 	0.98554 	0.94355 	0.95082 	0.96882 	0.94489 	0.95887 	0.96598 	-0.15161 	-0.15056 	-0.16349 	0.31103 	0.03027 	0.42045 	-0.13214 	-0.15198 	0.03927 	-0.16134 	0.10953 	0.02265 	-0.05025 	-0.04990 	-0.05418 	-0.15358 	0.01003 	0.41413 	-0.04379 	-0.05037 	0.02278 	-0.05347 	0.03630 	0.00075 	0.02207	0.02845
Replication155	 -1.39953	0.99546	0.95428 	0.96213 	0.97286 	0.95932 	0.96759 	0.98797 	0.95283 	0.95961 	0.97543 	0.95425 	0.97408 	0.97249 	-0.16496 	-0.14388 	-0.16091 	0.27733 	0.00000 	0.37874 	-0.15808 	-0.15867 	0.03328 	-0.17978 	0.27146 	0.01958 	-0.05460 	-0.04762 	-0.05326 	-0.13056 	0.00000 	0.37319 	-0.05232 	-0.05252 	0.01880 	-0.05951 	0.08985 	0.00036 	0.01411	0.03181
Replication156	 -1.50037	0.99633	0.96122 	0.96875 	0.97863 	0.96661 	0.97517 	0.99183 	0.96836 	0.97251 	0.98348 	0.96937 	0.98673 	0.98107 	-0.17869 	-0.14791 	-0.16830 	0.22780 	0.03533 	0.31223 	-0.12553 	-0.14100 	0.02583 	-0.13420 	0.28314 	0.01546 	-0.05904 	-0.04887 	-0.05561 	-0.10213 	0.01167 	0.30774 	-0.04148 	-0.04659 	0.01412 	-0.04434 	0.09355 	-0.00009 	0.00416	0.02894
Replication157	 -1.39602	0.99537	0.95522 	0.96234 	0.97257 	0.95964 	0.96791 	0.98779 	0.95183 	0.95860 	0.97445 	0.95390 	0.97085 	0.97163 	-0.15069 	-0.14169 	-0.16344 	0.28082 	0.00241 	0.38176 	-0.15196 	-0.16161 	0.03416 	-0.15045 	0.21550 	0.02000 	-0.04989 	-0.04691 	-0.05411 	-0.13498 	0.00080 	0.37611 	-0.05031 	-0.05350 	0.01940 	-0.04981 	0.07134 	0.00040 	0.01480	0.02855
Replication158	 -1.41594	0.99587	0.96050 	0.96658 	0.97705 	0.96446 	0.97226 	0.99025 	0.95755 	0.96390 	0.97887 	0.95958 	0.97790 	0.97614 	-0.13567 	-0.15244 	-0.12909 	0.25142 	0.00503 	0.33957 	-0.15597 	-0.16665 	0.03003 	-0.15120 	0.26032 	0.01774 	-0.04487 	-0.05042 	-0.04269 	-0.11952 	0.00166 	0.33453 	-0.05158 	-0.05512 	0.01687 	-0.05000 	0.08609 	0.00026 	0.01309	0.02520
Replication159	 -1.39928	0.99559	0.95599 	0.96378 	0.97474 	0.96099 	0.96915 	0.98885 	0.95482 	0.96083 	0.97657 	0.95598 	0.97478 	0.97373 	-0.16045 	-0.14196 	-0.13615 	0.26917 	0.00000 	0.36351 	-0.14524 	-0.17064 	0.03222 	-0.16822 	0.25331 	0.01898 	-0.05309 	-0.04697 	-0.04505 	-0.12722 	0.00000 	0.35813 	-0.04806 	-0.05647 	0.01815 	-0.05567 	0.08382 	0.00030 	0.01453	0.02786
Replication160	 -1.45340	0.99570	0.95876 	0.96449 	0.97445 	0.96246 	0.97015 	0.98917 	0.95894 	0.96454 	0.97779 	0.96013 	0.97633 	0.97524 	-0.13643 	-0.15675 	-0.17362 	0.26189 	0.00000 	0.35801 	-0.13110 	-0.13292 	0.03112 	-0.14877 	0.21927 	0.01834 	-0.04514 	-0.05186 	-0.05744 	-0.12420 	0.00000 	0.35277 	-0.04337 	-0.04398 	0.01741 	-0.04922 	0.07254 	0.00014 	0.00903	0.02767
Replication161	 0.00672	0.99474	0.94829 	0.95619 	0.96876 	0.95319 	0.96304 	0.98504 	0.94328 	0.95020 	0.96883 	0.94463 	0.96096 	0.96580 	-0.16143 	-0.16831 	-0.14183 	0.31847 	0.00900 	0.42903 	-0.14073 	-0.18114 	0.03940 	-0.16607 	0.16305 	0.02288 	-0.05351 	-0.05579 	-0.04701 	-0.15394 	0.00298 	0.42261 	-0.04665 	-0.06004 	0.02264 	-0.05505 	0.05405 	0.00062 	0.02233	0.03091
Replication162	 0.00931	0.99459	0.94702 	0.95548 	0.96677 	0.95206 	0.96143 	0.98418 	0.94069 	0.94926 	0.96729 	0.94415 	0.95787 	0.96435 	-0.16649 	-0.14403 	-0.17394 	0.32679 	0.00000 	0.44393 	-0.16352 	-0.15877 	0.04080 	-0.13140 	0.12454 	0.02358 	-0.05520 	-0.04775 	-0.05767 	-0.15899 	0.00000 	0.43733 	-0.05422 	-0.05264 	0.02356 	-0.04357 	0.04129 	0.00069 	0.02150	0.03282
Replication163	 0.00261	0.99527	0.95515 	0.96294 	0.97246 	0.95985 	0.96863 	0.98754 	0.94739 	0.95500 	0.97266 	0.94913 	0.96651 	0.96973 	-0.15455 	-0.12074 	-0.15316 	0.28518 	0.01731 	0.38603 	-0.15533 	-0.16056 	0.03567 	-0.17410 	0.19341 	0.02072 	-0.05117 	-0.03998 	-0.05072 	-0.13992 	0.00573 	0.38025 	-0.05143 	-0.05317 	0.02058 	-0.05765 	0.06404 	0.00069 	0.01986	0.02725
Replication164	 0.00291	0.99526	0.95347 	0.96192 	0.97284 	0.95867 	0.96717 	0.98751 	0.94709 	0.95566 	0.97314 	0.95000 	0.96769 	0.97022 	-0.16289 	-0.12993 	-0.13015 	0.28701 	0.00000 	0.38656 	-0.17671 	-0.15683 	0.03532 	-0.16417 	0.21087 	0.02060 	-0.05394 	-0.04302 	-0.04310 	-0.13835 	0.00000 	0.38078 	-0.05851 	-0.05193 	0.02022 	-0.05436 	0.06982 	0.00055 	0.01968	0.02817
Replication165	 -1.36482	0.99549	0.95910 	0.96504 	0.97477 	0.96258 	0.97035 	0.98875 	0.95062 	0.95779 	0.97480 	0.95268 	0.96941 	0.97198 	-0.12216 	-0.13544 	-0.13108 	0.27127 	0.00005 	0.36527 	-0.15348 	-0.16817 	0.03371 	-0.15650 	0.19542 	0.01965 	-0.04043 	-0.04483 	-0.04338 	-0.13392 	0.00002 	0.35977 	-0.05080 	-0.05566 	0.01933 	-0.05180 	0.06468 	0.00056 	0.01854	0.02353
Replication166	 -1.46559	0.99589	0.95931 	0.96535 	0.97634 	0.96340 	0.97118 	0.99010 	0.96247 	0.96712 	0.97986 	0.96408 	0.98008 	0.97734 	-0.14355 	-0.16767 	-0.14963 	0.25216 	0.00000 	0.34202 	-0.12897 	-0.16161 	0.02927 	-0.12105 	0.23955 	0.01738 	-0.04747 	-0.05545 	-0.04948 	-0.11719 	0.00000 	0.33700 	-0.04265 	-0.05344 	0.01615 	-0.04003 	0.07922 	-0.00002 	0.00790	0.02663
Replication167	 0.00285	0.99513	0.95299 	0.96015 	0.97086 	0.95747 	0.96678 	0.98672 	0.94715 	0.95544 	0.97213 	0.95052 	0.96643 	0.96927 	-0.15486 	-0.15375 	-0.16680 	0.29452 	0.01888 	0.40019 	-0.17178 	-0.15455 	0.03628 	-0.13970 	0.18783 	0.02112 	-0.05129 	-0.05092 	-0.05525 	-0.14239 	0.00625 	0.39425 	-0.05689 	-0.05119 	0.02078 	-0.04627 	0.06221 	0.00053 	0.01739	0.02982
Replication168	 0.02003	0.99384	0.94146 	0.94943 	0.96163 	0.94588 	0.95621 	0.98077 	0.92997 	0.93871 	0.95958 	0.93228 	0.94241 	0.95657 	-0.15169 	-0.15925 	-0.16980 	0.36931 	0.00000 	0.50250 	-0.13347 	-0.15701 	0.04780 	-0.14348 	0.00000 	0.02723 	-0.05037 	-0.05288 	-0.05638 	-0.18360 	0.00000 	0.49499 	-0.04432 	-0.05214 	0.02817 	-0.04764 	0.00000 	0.00117 	0.03213	0.03699
Replication169	 -1.38481	0.99547	0.95573 	0.96339 	0.97378 	0.96054 	0.96886 	0.98834 	0.95163 	0.95888 	0.97518 	0.95404 	0.97194 	0.97231 	-0.15673 	-0.13554 	-0.14578 	0.27509 	0.00497 	0.37233 	-0.16361 	-0.16684 	0.03345 	-0.15478 	0.23387 	0.01961 	-0.05187 	-0.04486 	-0.04825 	-0.13184 	0.00164 	0.36680 	-0.05415 	-0.05522 	0.01901 	-0.05123 	0.07741 	0.00043 	0.01603	0.02786
Replication170	 -1.40232	0.99571	0.95855 	0.96590 	0.97611 	0.96338 	0.97287 	0.98972 	0.95528 	0.96193 	0.97709 	0.95758 	0.97303 	0.97449 	-0.16023 	-0.14293 	-0.13735 	0.26017 	0.04253 	0.34863 	-0.14743 	-0.15510 	0.03163 	-0.13595 	0.19216 	0.01852 	-0.05301 	-0.04728 	-0.04544 	-0.12514 	0.01407 	0.34340 	-0.04877 	-0.05131 	0.01795 	-0.04497 	0.06357 	0.00036 	0.01467	0.02341
Replication171	 -1.41024	0.99539	0.95521 	0.96124 	0.97262 	0.95912 	0.96750 	0.98779 	0.95392 	0.95979 	0.97516 	0.95533 	0.97298 	0.97233 	-0.14051 	-0.17416 	-0.15908 	0.28051 	0.00000 	0.38173 	-0.14176 	-0.16855 	0.03359 	-0.15420 	0.23590 	0.01976 	-0.04651 	-0.05765 	-0.05266 	-0.13314 	0.00000 	0.37611 	-0.04693 	-0.05580 	0.01891 	-0.05104 	0.07809 	0.00027 	0.01323	0.02964
Replication172	 -1.49852	0.99633	0.96386 	0.97004 	0.97859 	0.96800 	0.97470 	0.99187 	0.96709 	0.97198 	0.98325 	0.96873 	0.98617 	0.98080 	-0.14475 	-0.13045 	-0.17447 	0.22557 	0.00000 	0.31151 	-0.13835 	-0.13841 	0.02600 	-0.13201 	0.28431 	0.01553 	-0.04783 	-0.04310 	-0.05765 	-0.10394 	0.00000 	0.30703 	-0.04571 	-0.04573 	0.01430 	-0.04362 	0.09394 	-0.00000 	0.00447	0.02769
Replication173	 -1.42690	0.99612	0.96585 	0.97083 	0.97936 	0.96899 	0.97693 	0.99175 	0.95990 	0.96626 	0.98023 	0.96155 	0.97672 	0.97783 	-0.11723 	-0.13486 	-0.13243 	0.23364 	0.03013 	0.31380 	-0.13720 	-0.13006 	0.02862 	-0.14635 	0.18777 	0.01676 	-0.03875 	-0.04458 	-0.04377 	-0.11487 	0.00996 	0.30907 	-0.04535 	-0.04299 	0.01624 	-0.04838 	0.06207 	0.00034 	0.01259	0.01898
Replication174	 -1.49006	0.99618	0.96168 	0.96755 	0.97816 	0.96585 	0.97366 	0.99133 	0.96615 	0.97092 	0.98244 	0.96835 	0.98463 	0.98002 	-0.14710 	-0.16844 	-0.15305 	0.23524 	0.01117 	0.32081 	-0.13856 	-0.15347 	0.02684 	-0.11046 	0.26635 	0.01604 	-0.04862 	-0.05567 	-0.05059 	-0.10736 	0.00369 	0.31615 	-0.04579 	-0.05072 	0.01468 	-0.03651 	0.08803 	-0.00010 	0.00537	0.02719
Replication175	 0.00649	0.99493	0.95069 	0.95869 	0.97061 	0.95555 	0.96464 	0.98604 	0.94351 	0.95202 	0.97016 	0.94570 	0.96174 	0.96727 	-0.15622 	-0.15005 	-0.12721 	0.30669 	0.00000 	0.41199 	-0.15976 	-0.14600 	0.03810 	-0.17218 	0.15484 	0.02210 	-0.05176 	-0.04972 	-0.04215 	-0.14899 	0.00000 	0.40580 	-0.05294 	-0.04838 	0.02192 	-0.05705 	0.05131 	0.00062 	0.02231	0.02867
Replication176	 -1.38108	0.99527	0.95568 	0.96274 	0.97229 	0.95986 	0.96808 	0.98757 	0.95137 	0.95685 	0.97318 	0.95223 	0.96711 	0.97043 	-0.14346 	-0.12759 	-0.16239 	0.28521 	0.00373 	0.38558 	-0.11933 	-0.17181 	0.03529 	-0.14742 	0.15831 	0.02054 	-0.04750 	-0.04225 	-0.05377 	-0.13999 	0.00123 	0.37981 	-0.03951 	-0.05689 	0.02019 	-0.04881 	0.05242 	0.00050 	0.01666	0.02543
Replication177	 0.01530	0.99427	0.94419 	0.95306 	0.96500 	0.94936 	0.95923 	0.98282 	0.93470 	0.94454 	0.96393 	0.93817 	0.95043 	0.96099 	-0.16737 	-0.14523 	-0.15901 	0.34489 	0.00000 	0.46728 	-0.16444 	-0.13760 	0.04384 	-0.14536 	0.06494 	0.02514 	-0.05553 	-0.04818 	-0.05275 	-0.16927 	0.00000 	0.46029 	-0.05456 	-0.04565 	0.02559 	-0.04823 	0.02154 	0.00091 	0.02708	0.03415
Replication178	 -1.41995	0.99565	0.95935 	0.96558 	0.97500 	0.96321 	0.97116 	0.98928 	0.95581 	0.96216 	0.97677 	0.95787 	0.97309 	0.97418 	-0.13678 	-0.13748 	-0.15778 	0.26300 	0.00911 	0.35618 	-0.14154 	-0.14789 	0.03197 	-0.13566 	0.19092 	0.01872 	-0.04526 	-0.04549 	-0.05221 	-0.12747 	0.00301 	0.35087 	-0.04683 	-0.04893 	0.01811 	-0.04489 	0.06317 	0.00032 	0.01276	0.02441
Replication179	 -1.42855	0.99576	0.95732 	0.96501 	0.97624 	0.96254 	0.97209 	0.98981 	0.95867 	0.96421 	0.97818 	0.96002 	0.97550 	0.97567 	-0.17082 	-0.15741 	-0.13514 	0.25921 	0.03724 	0.34702 	-0.12916 	-0.14789 	0.03074 	-0.14026 	0.20023 	0.01810 	-0.05651 	-0.05207 	-0.04470 	-0.12177 	0.01232 	0.34185 	-0.04273 	-0.04892 	0.01721 	-0.04640 	0.06623 	0.00015 	0.01185	0.02467
Replication180	 0.01623	0.99427	0.94552 	0.95417 	0.96468 	0.95037 	0.95983 	0.98277 	0.93377 	0.94256 	0.96336 	0.93611 	0.95055 	0.96017 	-0.15882 	-0.12468 	-0.17327 	0.34362 	0.00000 	0.46813 	-0.15438 	-0.17336 	0.04427 	-0.16418 	0.09636 	0.02537 	-0.05269 	-0.04137 	-0.05749 	-0.17091 	0.00000 	0.46114 	-0.05122 	-0.05752 	0.02601 	-0.05447 	0.03197 	0.00112 	0.02906	0.03456
Replication181	 -1.49508	0.99647	0.96467 	0.97056 	0.98002 	0.96887 	0.97624 	0.99257 	0.96871 	0.97310 	0.98459 	0.97131 	0.98895 	0.98208 	-0.14635 	-0.15088 	-0.15613 	0.21796 	0.01556 	0.29963 	-0.14735 	-0.17909 	0.02476 	-0.10042 	0.31225 	0.01489 	-0.04834 	-0.04984 	-0.05157 	-0.09883 	0.00514 	0.29532 	-0.04867 	-0.05916 	0.01352 	-0.03317 	0.10314 	-0.00004 	0.00484	0.02750
Replication182	 0.00079	0.99533	0.95485 	0.96260 	0.97320 	0.95960 	0.96791 	0.98784 	0.94921 	0.95677 	0.97384 	0.95179 	0.96908 	0.97095 	-0.15360 	-0.13342 	-0.13691 	0.28258 	0.00000 	0.38099 	-0.16456 	-0.17114 	0.03468 	-0.15282 	0.21221 	0.02026 	-0.05085 	-0.04417 	-0.04533 	-0.13661 	0.00000 	0.37529 	-0.05448 	-0.05666 	0.01980 	-0.05060 	0.07026 	0.00050 	0.01826	0.02714
Replication183	 0.02801	0.99367	0.94259 	0.94936 	0.96043 	0.94596 	0.95603 	0.97991 	0.92199 	0.93286 	0.95657 	0.92525 	0.93679 	0.95326 	-0.12419 	-0.14956 	-0.16798 	0.37699 	0.00000 	0.51720 	-0.16352 	-0.16514 	0.05035 	-0.16239 	0.00000 	0.02848 	-0.04125 	-0.04968 	-0.05580 	-0.19150 	0.00000 	0.50947 	-0.05432 	-0.05486 	0.03017 	-0.05394 	0.00000 	0.00169 	0.04023	0.03997
Replication184	 -1.43868	0.99566	0.95746 	0.96433 	0.97501 	0.96189 	0.96986 	0.98922 	0.95763 	0.96389 	0.97752 	0.95987 	0.97490 	0.97501 	-0.15036 	-0.15039 	-0.14950 	0.26442 	0.00000 	0.35725 	-0.14232 	-0.13872 	0.03139 	-0.12876 	0.19921 	0.01848 	-0.04975 	-0.04976 	-0.04946 	-0.12509 	0.00000 	0.35196 	-0.04709 	-0.04590 	0.01756 	-0.04260 	0.06591 	0.00012 	0.01070	0.02591
Replication185	 -1.38538	0.99541	0.95694 	0.96306 	0.97337 	0.96068 	0.96873 	0.98811 	0.95067 	0.95849 	0.97459 	0.95334 	0.97016 	0.97180 	-0.13278 	-0.14970 	-0.14946 	0.27739 	0.00000 	0.37623 	-0.16535 	-0.14833 	0.03399 	-0.15338 	0.20759 	0.01986 	-0.04395 	-0.04956 	-0.04948 	-0.13455 	0.00000 	0.37063 	-0.05473 	-0.04910 	0.01937 	-0.05077 	0.06872 	0.00045 	0.01606	0.02702
Replication186	 -1.50360	0.99662	0.96595 	0.97227 	0.98172 	0.97034 	0.97695 	0.99340 	0.97033 	0.97541 	0.98587 	0.97165 	0.98919 	0.98361 	-0.14618 	-0.13675 	-0.13482 	0.20920 	0.00000 	0.28531 	-0.13695 	-0.11458 	0.02357 	-0.14405 	0.28530 	0.01417 	-0.04827 	-0.04516 	-0.04452 	-0.09435 	0.00000 	0.28119 	-0.04522 	-0.03784 	0.01279 	-0.04757 	0.09421 	-0.00014 	0.00422	0.02512
Replication187	 -1.49853	0.99678	0.96622 	0.97246 	0.98200 	0.97075 	0.97722 	0.99369 	0.97213 	0.97617 	0.98721 	0.97311 	0.99454 	0.98463 	-0.15017 	-0.14434 	-0.14224 	0.20163 	0.00000 	0.28034 	-0.14408 	-0.16270 	0.02231 	-0.15275 	0.38259 	0.01357 	-0.04958 	-0.04765 	-0.04696 	-0.08796 	0.00000 	0.27640 	-0.04756 	-0.05371 	0.01203 	-0.05042 	0.12630 	-0.00008 	0.00416	0.03082
Replication188	 -1.43998	0.99553	0.95434 	0.96197 	0.97270 	0.95936 	0.96757 	0.98814 	0.95707 	0.96245 	0.97658 	0.95822 	0.97647 	0.97379 	-0.16824 	-0.15203 	-0.17988 	0.27409 	0.00000 	0.37579 	-0.13850 	-0.15974 	0.03230 	-0.15535 	0.26238 	0.01909 	-0.05568 	-0.05031 	-0.05953 	-0.12742 	0.00000 	0.37033 	-0.04584 	-0.05286 	0.01805 	-0.05141 	0.08684 	0.00016 	0.00992	0.03233
Replication189	 0.00126	0.99531	0.95667 	0.96417 	0.97302 	0.96104 	0.96932 	0.98791 	0.94874 	0.95602 	0.97296 	0.95032 	0.96551 	0.97022 	-0.14563 	-0.10924 	-0.15379 	0.28133 	0.01088 	0.37983 	-0.14131 	-0.14658 	0.03537 	-0.16251 	0.15022 	0.02049 	-0.04822 	-0.03617 	-0.05092 	-0.13954 	0.00360 	0.37411 	-0.04679 	-0.04853 	0.02043 	-0.05380 	0.04974 	0.00066 	0.01908	0.02458
Replication190	 -1.37184	0.99538	0.95925 	0.96427 	0.97284 	0.96206 	0.96981 	0.98802 	0.95003 	0.95661 	0.97368 	0.95163 	0.96865 	0.97076 	-0.11185 	-0.13514 	-0.17113 	0.27669 	0.00522 	0.37793 	-0.14535 	-0.17651 	0.03472 	-0.15833 	0.20110 	0.02020 	-0.03703 	-0.04474 	-0.05665 	-0.13785 	0.00173 	0.37230 	-0.04812 	-0.05843 	0.02001 	-0.05241 	0.06657 	0.00066 	0.01756	0.02603
Replication191	 -1.44585	0.99634	0.96422 	0.97109 	0.98040 	0.96882 	0.97639 	0.99238 	0.96208 	0.96948 	0.98270 	0.96505 	0.98331 	0.98019 	-0.14972 	-0.12760 	-0.12559 	0.22400 	0.01784 	0.30293 	-0.17459 	-0.12999 	0.02640 	-0.14706 	0.27787 	0.01567 	-0.04947 	-0.04216 	-0.04150 	-0.10473 	0.00589 	0.29846 	-0.05769 	-0.04295 	0.01473 	-0.04859 	0.09181 	0.00018 	0.01016	0.02400
Replication192	 -1.47921	0.99623	0.96478 	0.96986 	0.97838 	0.96809 	0.97478 	0.99160 	0.96352 	0.97007 	0.98200 	0.96588 	0.98268 	0.97959 	-0.12415 	-0.13806 	-0.16581 	0.23004 	0.00000 	0.31624 	-0.15498 	-0.11381 	0.02710 	-0.14019 	0.25419 	0.01606 	-0.04103 	-0.04563 	-0.05480 	-0.10866 	0.00000 	0.31164 	-0.05122 	-0.03761 	0.01508 	-0.04633 	0.08400 	0.00010 	0.00663	0.02555
Replication193	 -1.39373	0.99564	0.95901 	0.96521 	0.97636 	0.96290 	0.97090 	0.98953 	0.95456 	0.96147 	0.97681 	0.95639 	0.97203 	0.97425 	-0.13146 	-0.15461 	-0.10921 	0.26385 	0.00000 	0.35186 	-0.14457 	-0.14109 	0.03195 	-0.15279 	0.18303 	0.01872 	-0.04350 	-0.05116 	-0.03614 	-0.12743 	0.00000 	0.34654 	-0.04783 	-0.04668 	0.01806 	-0.05056 	0.06056 	0.00028 	0.01568	0.02215
Replication194	 -1.46789	0.99615	0.96185 	0.96829 	0.97776 	0.96615 	0.97327 	0.99113 	0.96418 	0.96880 	0.98164 	0.96500 	0.98396 	0.97901 	-0.14689 	-0.13938 	-0.15916 	0.23658 	0.00000 	0.32439 	-0.13367 	-0.15908 	0.02751 	-0.15431 	0.29516 	0.01640 	-0.04855 	-0.04607 	-0.05261 	-0.10958 	0.00000 	0.31968 	-0.04418 	-0.05258 	0.01522 	-0.05101 	0.09756 	0.00008 	0.00753	0.02796
Replication195	 -1.40713	0.99575	0.96043 	0.96655 	0.97594 	0.96419 	0.97164 	0.98972 	0.95670 	0.96185 	0.97755 	0.95807 	0.97583 	0.97473 	-0.13082 	-0.13336 	-0.14566 	0.25733 	0.00000 	0.34854 	-0.13719 	-0.19567 	0.03123 	-0.14346 	0.24474 	0.01838 	-0.04327 	-0.04411 	-0.04818 	-0.12465 	0.00000 	0.34335 	-0.04538 	-0.06473 	0.01767 	-0.04746 	0.08096 	0.00037 	0.01406	0.02456
Replication196	 -1.44291	0.99593	0.95870 	0.96581 	0.97676 	0.96349 	0.97126 	0.99022 	0.95869 	0.96638 	0.97986 	0.96225 	0.98027 	0.97724 	-0.15707 	-0.15322 	-0.13867 	0.25011 	0.00000 	0.33993 	-0.18178 	-0.13629 	0.02919 	-0.13606 	0.27653 	0.01732 	-0.05194 	-0.05067 	-0.04586 	-0.11541 	0.00000 	0.33496 	-0.06011 	-0.04507 	0.01622 	-0.04499 	0.09144 	0.00009 	0.00999	0.02868
Replication197	 -1.46446	0.99617	0.95998 	0.96813 	0.97893 	0.96549 	0.97304 	0.99147 	0.96538 	0.96961 	0.98221 	0.96616 	0.98391 	0.97970 	-0.17144 	-0.13632 	-0.12572 	0.23651 	0.00000 	0.31851 	-0.12493 	-0.16160 	0.02704 	-0.14290 	0.27277 	0.01616 	-0.05667 	-0.04506 	-0.04155 	-0.10760 	0.00000 	0.31383 	-0.04129 	-0.05341 	0.01483 	-0.04723 	0.09016 	-0.00006 	0.00808	0.02595
Replication198	 -1.46279	0.99615	0.96409 	0.97019 	0.97847 	0.96806 	0.97592 	0.99157 	0.96227 	0.96842 	0.98102 	0.96521 	0.97958 	0.97865 	-0.14047 	-0.12604 	-0.16085 	0.23353 	0.02780 	0.31686 	-0.14729 	-0.13913 	0.02797 	-0.10724 	0.20701 	0.01648 	-0.04643 	-0.04166 	-0.05317 	-0.11205 	0.00919 	0.31217 	-0.04869 	-0.04599 	0.01570 	-0.03545 	0.06842 	0.00019 	0.00862	0.02224
Replication199	 -1.42444	0.99568	0.95816 	0.96433 	0.97478 	0.96215 	0.96999 	0.98913 	0.95617 	0.96278 	0.97740 	0.95811 	0.97616 	0.97467 	-0.14022 	-0.15609 	-0.15455 	0.26337 	0.00000 	0.35880 	-0.15526 	-0.14932 	0.03145 	-0.15657 	0.25177 	0.01854 	-0.04639 	-0.05164 	-0.05113 	-0.12478 	0.00000 	0.35353 	-0.05137 	-0.04940 	0.01767 	-0.05180 	0.08330 	0.00024 	0.01192	0.02823
Replication200	 -1.38586	0.99541	0.95557 	0.96287 	0.97380 	0.96011 	0.96841 	0.98821 	0.95172 	0.95887 	0.97477 	0.95385 	0.96993 	0.97206 	-0.14969 	-0.14434 	-0.13471 	0.27854 	0.00000 	0.37458 	-0.15125 	-0.15036 	0.03386 	-0.15128 	0.19096 	0.01981 	-0.04955 	-0.04778 	-0.04459 	-0.13404 	0.00000 	0.36898 	-0.05007 	-0.04977 	0.01922 	-0.05008 	0.06321 	0.00036 	0.01612	0.02588
Replication201	 -1.46604	0.99634	0.96353 	0.96937 	0.97878 	0.96758 	0.97444 	0.99177 	0.96421 	0.97035 	0.98314 	0.96594 	0.98756 	0.98041 	-0.14075 	-0.14712 	-0.15750 	0.22564 	0.00000 	0.31327 	-0.16741 	-0.14523 	0.02606 	-0.17135 	0.35618 	0.01561 	-0.04651 	-0.04861 	-0.05204 	-0.10279 	0.00000 	0.30881 	-0.05531 	-0.04799 	0.01440 	-0.05661 	0.11768 	0.00013 	0.00740	0.03117
Replication202	 -1.40825	0.99567	0.95786 	0.96519 	0.97585 	0.96250 	0.97045 	0.98945 	0.95548 	0.96225 	0.97715 	0.95752 	0.97365 	0.97455 	-0.15063 	-0.13853 	-0.12708 	0.26339 	0.00000 	0.35332 	-0.14838 	-0.14434 	0.03165 	-0.14775 	0.20372 	0.01859 	-0.04984 	-0.04583 	-0.04204 	-0.12581 	0.00000 	0.34803 	-0.04909 	-0.04776 	0.01784 	-0.04888 	0.06740 	0.00025 	0.01397	0.02427
Replication203	 -1.38158	0.99552	0.95706 	0.96435 	0.97437 	0.96162 	0.97014 	0.98869 	0.95139 	0.95906 	0.97539 	0.95416 	0.97150 	0.97256 	-0.15137 	-0.13473 	-0.14416 	0.27108 	0.01471 	0.36641 	-0.16798 	-0.16102 	0.03321 	-0.15088 	0.22182 	0.01943 	-0.05010 	-0.04459 	-0.04771 	-0.13097 	0.00487 	0.36094 	-0.05559 	-0.05329 	0.01894 	-0.04993 	0.07341 	0.00048 	0.01651	0.02645
Replication204	 -1.47696	0.99654	0.96659 	0.97101 	0.98033 	0.96981 	0.97655 	0.99270 	0.96683 	0.97257 	0.98473 	0.96790 	0.98968 	0.98209 	-0.12151 	-0.16206 	-0.15137 	0.21368 	0.00536 	0.29738 	-0.15808 	-0.13335 	0.02456 	-0.18181 	0.35890 	0.01475 	-0.04013 	-0.05353 	-0.04999 	-0.09728 	0.00177 	0.29315 	-0.05221 	-0.04404 	0.01352 	-0.06005 	0.11854 	0.00009 	0.00643	0.02983
Replication205	 0.00833	0.99477	0.94994 	0.95785 	0.96868 	0.95459 	0.96357 	0.98518 	0.94167 	0.95017 	0.96856 	0.94407 	0.95946 	0.96561 	-0.15414 	-0.13789 	-0.15777 	0.31489 	0.00000 	0.42671 	-0.15877 	-0.15133 	0.03955 	-0.16343 	0.14179 	0.02286 	-0.05109 	-0.04570 	-0.05229 	-0.15441 	0.00000 	0.42033 	-0.05262 	-0.05016 	0.02289 	-0.05417 	0.04700 	0.00074 	0.02247	0.03051
Replication206	 -1.48614	0.99669	0.96674 	0.97291 	0.98147 	0.97103 	0.97731 	0.99342 	0.96925 	0.97433 	0.98610 	0.97083 	0.99209 	0.98348 	-0.14374 	-0.12771 	-0.15028 	0.20488 	0.00000 	0.28486 	-0.15735 	-0.15587 	0.02328 	-0.15538 	0.36881 	0.01405 	-0.04746 	-0.04217 	-0.04962 	-0.09201 	0.00000 	0.28083 	-0.05195 	-0.05146 	0.01274 	-0.05130 	0.12177 	0.00005 	0.00554	0.02942
Replication207	 -1.49619	0.99634	0.96045 	0.96830 	0.97900 	0.96598 	0.97351 	0.99183 	0.96821 	0.97285 	0.98392 	0.96982 	0.98810 	0.98146 	-0.17671 	-0.14724 	-0.14790 	0.22826 	0.00422 	0.31231 	-0.14048 	-0.14563 	0.02549 	-0.13218 	0.30899 	0.01534 	-0.05839 	-0.04865 	-0.04887 	-0.10078 	0.00139 	0.30783 	-0.04642 	-0.04812 	0.01381 	-0.04367 	0.10209 	-0.00017 	0.00447	0.03007
Replication208	 -1.47010	0.99592	0.96022 	0.96581 	0.97649 	0.96400 	0.97163 	0.99025 	0.96316 	0.96758 	0.98008 	0.96393 	0.98023 	0.97760 	-0.13681 	-0.16796 	-0.15392 	0.24968 	0.00000 	0.33946 	-0.11898 	-0.14734 	0.02904 	-0.13916 	0.23622 	0.01724 	-0.04524 	-0.05554 	-0.05090 	-0.11647 	0.00000 	0.33449 	-0.03935 	-0.04872 	0.01605 	-0.04602 	0.07811 	-0.00002 	0.00746	0.02639
Replication209	 -1.37989	0.99547	0.95638 	0.96257 	0.97437 	0.96045 	0.96957 	0.98848 	0.95265 	0.95889 	0.97545 	0.95421 	0.97238 	0.97257 	-0.14122 	-0.17634 	-0.12710 	0.27497 	0.01827 	0.36993 	-0.14818 	-0.18304 	0.03325 	-0.15923 	0.23582 	0.01953 	-0.04674 	-0.05837 	-0.04207 	-0.13147 	0.00605 	0.36440 	-0.04905 	-0.06058 	0.01882 	-0.05270 	0.07805 	0.00037 	0.01666	0.02671
Replication210	 -1.41722	0.99571	0.95725 	0.96347 	0.97546 	0.96150 	0.96996 	0.98928 	0.95617 	0.96310 	0.97795 	0.95881 	0.97750 	0.97517 	-0.14573 	-0.18022 	-0.13113 	0.26305 	0.00609 	0.35621 	-0.16845 	-0.16219 	0.03099 	-0.14806 	0.27369 	0.01835 	-0.04821 	-0.05962 	-0.04338 	-0.12258 	0.00201 	0.35097 	-0.05573 	-0.05366 	0.01731 	-0.04898 	0.09055 	0.00017 	0.01260	0.02884
Replication211	 -1.42621	0.99541	0.95434 	0.96137 	0.97347 	0.95894 	0.96774 	0.98813 	0.95602 	0.96171 	0.97560 	0.95743 	0.97121 	0.97314 	-0.15599 	-0.17238 	-0.14131 	0.28004 	0.00416 	0.37599 	-0.12261 	-0.13570 	0.03323 	-0.13293 	0.15993 	0.01951 	-0.05164 	-0.05706 	-0.04678 	-0.13217 	0.00138 	0.37039 	-0.04059 	-0.04492 	0.01860 	-0.04400 	0.05294 	0.00008 	0.01194	0.02623
Replication212	 -1.43029	0.99573	0.95534 	0.96341 	0.97461 	0.96076 	0.96890 	0.98905 	0.95670 	0.96396 	0.97817 	0.95866 	0.97898 	0.97536 	-0.17401 	-0.15151 	-0.15440 	0.26309 	0.00000 	0.36015 	-0.17056 	-0.13383 	0.03079 	-0.17789 	0.30078 	0.01825 	-0.05756 	-0.05012 	-0.05108 	-0.12050 	0.00000 	0.35493 	-0.05642 	-0.04427 	0.01717 	-0.05885 	0.09950 	0.00017 	0.01085	0.03297
Replication213	 -1.50025	0.99627	0.96077 	0.96737 	0.97805 	0.96549 	0.97285 	0.99139 	0.96813 	0.97232 	0.98341 	0.96907 	0.98799 	0.98089 	-0.15998 	-0.16324 	-0.16128 	0.23191 	0.00000 	0.31984 	-0.13226 	-0.14624 	0.02598 	-0.14413 	0.31769 	0.01563 	-0.05287 	-0.05394 	-0.05330 	-0.10300 	0.00000 	0.31529 	-0.04370 	-0.04832 	0.01409 	-0.04763 	0.10498 	-0.00015 	0.00392	0.03145
Replication214	 -1.42218	0.99554	0.95740 	0.96379 	0.97362 	0.96139 	0.96923 	0.98854 	0.95409 	0.96152 	0.97605 	0.95702 	0.97299 	0.97339 	-0.14124 	-0.14433 	-0.16828 	0.27048 	0.00000 	0.36883 	-0.16226 	-0.13714 	0.03268 	-0.13673 	0.21100 	0.01916 	-0.04674 	-0.04776 	-0.05569 	-0.12970 	0.00000 	0.36339 	-0.05370 	-0.04538 	0.01848 	-0.04525 	0.06983 	0.00030 	0.01220	0.02777
Replication215	 -1.51167	0.99650	0.96434 	0.96914 	0.98026 	0.96803 	0.97529 	0.99257 	0.97014 	0.97520 	0.98537 	0.97214 	0.98996 	0.98304 	-0.13496 	-0.18839 	-0.14134 	0.21798 	0.00413 	0.29962 	-0.14603 	-0.12611 	0.02414 	-0.12813 	0.30754 	0.01458 	-0.04458 	-0.06223 	-0.04669 	-0.09642 	0.00136 	0.29535 	-0.04824 	-0.04165 	0.01298 	-0.04232 	0.10158 	-0.00024 	0.00303	0.02891
Replication216	 0.00593	0.99493	0.95182 	0.95910 	0.97011 	0.95626 	0.96607 	0.98603 	0.94407 	0.95208 	0.96995 	0.94697 	0.96121 	0.96709 	-0.15201 	-0.15338 	-0.15258 	0.30557 	0.02450 	0.41209 	-0.15624 	-0.16376 	0.03826 	-0.13826 	0.13501 	0.02214 	-0.05037 	-0.05082 	-0.05056 	-0.14993 	0.00812 	0.40590 	-0.05177 	-0.05426 	0.02209 	-0.04581 	0.04474 	0.00067 	0.02134	0.02800
Replication217	 -1.39987	0.99535	0.95480 	0.96184 	0.97268 	0.95922 	0.96756 	0.98776 	0.95207 	0.95905 	0.97451 	0.95426 	0.97042 	0.97177 	-0.15008 	-0.15134 	-0.15482 	0.28217 	0.00000 	0.38224 	-0.15122 	-0.14887 	0.03415 	-0.14744 	0.19968 	0.01999 	-0.04969 	-0.05010 	-0.05125 	-0.13509 	0.00000 	0.37657 	-0.05006 	-0.04928 	0.01933 	-0.04881 	0.06611 	0.00033 	0.01446	0.02804
Replication218	 -1.46686	0.99620	0.96225 	0.96942 	0.97867 	0.96695 	0.97400 	0.99156 	0.96386 	0.96937 	0.98199 	0.96595 	0.98322 	0.97947 	-0.15381 	-0.12380 	-0.14747 	0.23308 	0.00000 	0.31695 	-0.14672 	-0.15130 	0.02717 	-0.13073 	0.26836 	0.01616 	-0.05083 	-0.04092 	-0.04874 	-0.10841 	0.00000 	0.31231 	-0.04849 	-0.05001 	0.01504 	-0.04321 	0.08869 	0.00007 	0.00788	0.02551
Replication219	 -1.40531	0.99566	0.95742 	0.96364 	0.97489 	0.96176 	0.97163 	0.98910 	0.95443 	0.96168 	0.97696 	0.95652 	0.97514 	0.97418 	-0.15323 	-0.18026 	-0.14846 	0.26470 	0.04502 	0.35918 	-0.16363 	-0.14729 	0.03180 	-0.16652 	0.25381 	0.01870 	-0.05070 	-0.05964 	-0.04912 	-0.12497 	0.01490 	0.35389 	-0.05414 	-0.04873 	0.01797 	-0.05509 	0.08398 	0.00034 	0.01383	0.02867
Replication220	 0.01764	0.99409	0.94373 	0.95206 	0.96422 	0.94843 	0.95848 	0.98214 	0.93236 	0.94170 	0.96184 	0.93533 	0.94505 	0.95897 	-0.15454 	-0.15006 	-0.14735 	0.35450 	0.00000 	0.47892 	-0.14340 	-0.14261 	0.04570 	-0.13637 	0.00006 	0.02607 	-0.05129 	-0.04980 	-0.04891 	-0.17617 	0.00000 	0.47171 	-0.04760 	-0.04733 	0.02687 	-0.04526 	0.00002 	0.00106 	0.03092	0.03328
Replication221	 -1.48405	0.99630	0.96395 	0.96969 	0.97945 	0.96785 	0.97483 	0.99201 	0.96616 	0.97149 	0.98306 	0.96735 	0.98444 	0.98071 	-0.13648 	-0.14839 	-0.14267 	0.22711 	0.00000 	0.30914 	-0.13459 	-0.11953 	0.02619 	-0.14907 	0.25886 	0.01561 	-0.04510 	-0.04903 	-0.04714 	-0.10505 	0.00000 	0.30462 	-0.04447 	-0.03950 	0.01440 	-0.04926 	0.08554 	-0.00004 	0.00620	0.02497
Replication222	 -1.44246	0.99576	0.95736 	0.96458 	0.97585 	0.96215 	0.97019 	0.98963 	0.95902 	0.96512 	0.97858 	0.96088 	0.97724 	0.97605 	-0.15768 	-0.15579 	-0.13843 	0.25956 	0.00000 	0.35020 	-0.14322 	-0.13793 	0.03042 	-0.14194 	0.22705 	0.01799 	-0.05216 	-0.05153 	-0.04579 	-0.12097 	0.00000 	0.34503 	-0.04738 	-0.04563 	0.01692 	-0.04695 	0.07511 	0.00006 	0.01023	0.02670
Replication223	 -1.47340	0.99627	0.96156 	0.96832 	0.97938 	0.96629 	0.97371 	0.99177 	0.96470 	0.97116 	0.98301 	0.96685 	0.98503 	0.98059 	-0.15453 	-0.15807 	-0.12584 	0.23099 	0.00000 	0.31331 	-0.15861 	-0.11649 	0.02628 	-0.15062 	0.28490 	0.01572 	-0.05107 	-0.05224 	-0.04158 	-0.10439 	0.00000 	0.30875 	-0.05242 	-0.03849 	0.01438 	-0.04978 	0.09415 	-0.00009 	0.00705	0.02724
Replication224	 -1.42806	0.99602	0.96127 	0.96798 	0.97851 	0.96566 	0.97315 	0.99103 	0.95900 	0.96631 	0.98028 	0.96147 	0.97911 	0.97774 	-0.14331 	-0.14263 	-0.11528 	0.24272 	0.00000 	0.32619 	-0.16467 	-0.13046 	0.02872 	-0.15453 	0.24824 	0.01699 	-0.04738 	-0.04716 	-0.03812 	-0.11430 	0.00000 	0.32133 	-0.05444 	-0.04313 	0.01605 	-0.05109 	0.08207 	0.00016 	0.01197	0.02400
Replication225	 -1.48228	0.99664	0.96618 	0.97300 	0.98191 	0.97082 	0.97728 	0.99347 	0.96841 	0.97403 	0.98565 	0.96984 	0.98945 	0.98320 	-0.14970 	-0.12056 	-0.13254 	0.20766 	0.00000 	0.28409 	-0.15154 	-0.12816 	0.02370 	-0.16067 	0.31976 	0.01424 	-0.04943 	-0.03981 	-0.04377 	-0.09420 	0.00000 	0.27998 	-0.05004 	-0.04232 	0.01299 	-0.05306 	0.10559 	0.00001 	0.00628	0.02595
Replication226	 -1.40235	0.99539	0.95474 	0.96227 	0.97270 	0.95946 	0.96769 	0.98786 	0.95206 	0.95935 	0.97475 	0.95449 	0.97115 	0.97199 	-0.15729 	-0.14017 	-0.16117 	0.28018 	0.00000 	0.38063 	-0.15854 	-0.14632 	0.03390 	-0.14927 	0.21230 	0.01986 	-0.05207 	-0.04640 	-0.05335 	-0.13381 	0.00000 	0.37501 	-0.05248 	-0.04844 	0.01921 	-0.04941 	0.07028 	0.00035 	0.01412	0.02887
Replication227	 -1.43510	0.99580	0.95866 	0.96479 	0.97540 	0.96277 	0.97081 	0.98957 	0.95830 	0.96420 	0.97866 	0.96101 	0.97956 	0.97584 	-0.14465 	-0.16317 	-0.15729 	0.25696 	0.00671 	0.35117 	-0.16173 	-0.18651 	0.03030 	-0.12783 	0.28879 	0.01797 	-0.04785 	-0.05397 	-0.05203 	-0.12019 	0.00222 	0.34604 	-0.05350 	-0.06169 	0.01692 	-0.04228 	0.09552 	0.00019 	0.01071	0.02939
Replication228	 -1.42940	0.99579	0.95776 	0.96537 	0.97502 	0.96295 	0.97261 	0.98955 	0.95677 	0.96369 	0.97798 	0.95864 	0.97708 	0.97525 	-0.17515 	-0.14479 	-0.17647 	0.25700 	0.05092 	0.35152 	-0.15832 	-0.13521 	0.03083 	-0.16559 	0.25840 	0.01814 	-0.05793 	-0.04789 	-0.05837 	-0.12072 	0.01684 	0.34639 	-0.05237 	-0.04472 	0.01742 	-0.05477 	0.08547 	0.00033 	0.01127	0.02967
Replication229	 -1.46482	0.99613	0.96246 	0.96829 	0.97849 	0.96638 	0.97366 	0.99133 	0.96516 	0.96884 	0.98166 	0.96501 	0.98277 	0.97913 	-0.13639 	-0.15325 	-0.13866 	0.23678 	0.00025 	0.32089 	-0.11022 	-0.16045 	0.02752 	-0.15603 	0.26135 	0.01639 	-0.04508 	-0.05066 	-0.04583 	-0.11044 	0.00008 	0.31617 	-0.03643 	-0.05304 	0.01519 	-0.05158 	0.08639 	0.00002 	0.00816	0.02479
Replication230	 -1.45105	0.99578	0.95864 	0.96455 	0.97602 	0.96261 	0.97060 	0.98974 	0.96076 	0.96572 	0.97885 	0.96146 	0.97748 	0.97637 	-0.13998 	-0.17374 	-0.13871 	0.25805 	0.00000 	0.34821 	-0.12048 	-0.13876 	0.03019 	-0.14897 	0.21579 	0.01787 	-0.04630 	-0.05747 	-0.04588 	-0.12081 	0.00000 	0.34306 	-0.03985 	-0.04590 	0.01675 	-0.04928 	0.07138 	0.00001 	0.00946	0.02570
Replication231	 0.00287	0.99508	0.95371 	0.96066 	0.97070 	0.95793 	0.96725 	0.98664 	0.94713 	0.95459 	0.97135 	0.94937 	0.96374 	0.96858 	-0.14843 	-0.14414 	-0.17010 	0.29618 	0.02300 	0.40153 	-0.14590 	-0.14871 	0.03695 	-0.14563 	0.14215 	0.02141 	-0.04917 	-0.04775 	-0.05634 	-0.14537 	0.00762 	0.39553 	-0.04833 	-0.04926 	0.02128 	-0.04824 	0.04709 	0.00060 	0.01833	0.02767
Replication232	 -1.45445	0.99606	0.96142 	0.96791 	0.97762 	0.96569 	0.97296 	0.99090 	0.96293 	0.96738 	0.98086 	0.96380 	0.98225 	0.97820 	-0.14496 	-0.13960 	-0.14970 	0.24100 	0.00000 	0.32826 	-0.13049 	-0.17345 	0.02823 	-0.14745 	0.28041 	0.01679 	-0.04792 	-0.04615 	-0.04949 	-0.11268 	0.00000 	0.32345 	-0.04314 	-0.05734 	0.01567 	-0.04875 	0.09270 	0.00012 	0.00904	0.02648
Replication233	 0.00807	0.99478	0.94934 	0.95762 	0.96912 	0.95431 	0.96353 	0.98525 	0.94193 	0.94949 	0.96864 	0.94228 	0.96006 	0.96557 	-0.15954 	-0.14277 	-0.14145 	0.31495 	0.00180 	0.42552 	-0.14015 	-0.15535 	0.03948 	-0.20734 	0.16603 	0.02285 	-0.05288 	-0.04732 	-0.04688 	-0.15365 	0.00060 	0.41915 	-0.04645 	-0.05149 	0.02285 	-0.06872 	0.05503 	0.00077 	0.02402	0.03100
Replication234	 -1.47750	0.99612	0.95861 	0.96645 	0.97801 	0.96408 	0.97188 	0.99102 	0.96595 	0.97027 	0.98218 	0.96635 	0.98471 	0.97969 	-0.17374 	-0.15746 	-0.13510 	0.24055 	0.00000 	0.32621 	-0.12404 	-0.14183 	0.02714 	-0.15655 	0.28501 	0.01626 	-0.05743 	-0.05205 	-0.04466 	-0.10755 	0.00000 	0.32148 	-0.04100 	-0.04688 	0.01478 	-0.05175 	0.09421 	-0.00015 	0.00646	0.02901
Replication235	 -1.46984	0.99638	0.96515 	0.97080 	0.98078 	0.96920 	0.97783 	0.99268 	0.96613 	0.97124 	0.98342 	0.96815 	0.98399 	0.98108 	-0.14261 	-0.16016 	-0.12949 	0.22144 	0.04283 	0.29774 	-0.13671 	-0.14955 	0.02579 	-0.11892 	0.24224 	0.01534 	-0.04711 	-0.05291 	-0.04278 	-0.10328 	0.01415 	0.29333 	-0.04517 	-0.04941 	0.01426 	-0.03929 	0.08003 	0.00004 	0.00794	0.02186
Replication236	 0.01724	0.99424	0.94555 	0.95277 	0.96495 	0.94978 	0.96062 	0.98271 	0.93276 	0.94210 	0.96320 	0.93560 	0.95003 	0.96002 	-0.14827 	-0.17239 	-0.15569 	0.34573 	0.02473 	0.46907 	-0.16353 	-0.17314 	0.04443 	-0.16154 	0.09540 	0.02547 	-0.04919 	-0.05720 	-0.05166 	-0.17132 	0.00821 	0.46205 	-0.05426 	-0.05745 	0.02608 	-0.05360 	0.03165 	0.00110 	0.03028	0.03440
Replication237	 -1.43497	0.99548	0.95469 	0.96194 	0.97311 	0.95941 	0.96775 	0.98818 	0.95596 	0.96224 	0.97614 	0.95790 	0.97376 	0.97353 	-0.15990 	-0.15885 	-0.16305 	0.27613 	0.00000 	0.37507 	-0.14251 	-0.13831 	0.03271 	-0.14035 	0.21055 	0.01926 	-0.05292 	-0.05258 	-0.05397 	-0.12963 	0.00000 	0.36956 	-0.04717 	-0.04578 	0.01831 	-0.04645 	0.06969 	0.00013 	0.01075	0.02919
Replication238	 -1.48369	0.99654	0.96529 	0.97103 	0.98153 	0.96938 	0.97629 	0.99307 	0.96884 	0.97373 	0.98525 	0.96980 	0.98884 	0.98284 	-0.13819 	-0.15842 	-0.11883 	0.21421 	0.00000 	0.29103 	-0.13829 	-0.13520 	0.02416 	-0.15676 	0.30791 	0.01454 	-0.04564 	-0.05232 	-0.03925 	-0.09657 	0.00000 	0.28681 	-0.04567 	-0.04465 	0.01313 	-0.05178 	0.10170 	-0.00010 	0.00617	0.02565
Replication239	 -1.44174	0.99541	0.95520 	0.96107 	0.97165 	0.95902 	0.96721 	0.98761 	0.95555 	0.96155 	0.97545 	0.95689 	0.97378 	0.97275 	-0.14292 	-0.17072 	-0.19165 	0.27979 	0.00000 	0.38484 	-0.13842 	-0.13660 	0.03334 	-0.15483 	0.22736 	0.01961 	-0.04731 	-0.05651 	-0.06344 	-0.13213 	0.00000 	0.37924 	-0.04582 	-0.04522 	0.01872 	-0.05125 	0.07526 	0.00020 	0.00980	0.03174
Replication240	 0.00483	0.99502	0.95129 	0.95924 	0.97045 	0.95616 	0.96499 	0.98625 	0.94517 	0.95384 	0.97116 	0.94780 	0.96455 	0.96826 	-0.15929 	-0.14500 	-0.15061 	0.30142 	0.00000 	0.40827 	-0.16937 	-0.14063 	0.03719 	-0.16792 	0.18372 	0.02163 	-0.05277 	-0.04804 	-0.04990 	-0.14550 	0.00000 	0.40220 	-0.05611 	-0.04659 	0.02133 	-0.05563 	0.06086 	0.00056 	0.01940	0.03043
Replication241	 -1.39335	0.99524	0.95427 	0.96088 	0.97187 	0.95837 	0.96684 	0.98727 	0.95176 	0.95769 	0.97350 	0.95296 	0.96866 	0.97074 	-0.14355 	-0.15808 	-0.15778 	0.28866 	0.00000 	0.39072 	-0.13027 	-0.16116 	0.03509 	-0.15087 	0.18188 	0.02052 	-0.04754 	-0.05235 	-0.05225 	-0.13911 	0.00000 	0.38491 	-0.04314 	-0.05337 	0.01991 	-0.04996 	0.06023 	0.00035 	0.01516	0.02770
Replication242	 -1.39991	0.99579	0.96129 	0.96786 	0.97606 	0.96520 	0.97235 	0.98989 	0.95468 	0.96165 	0.97736 	0.95647 	0.97462 	0.97458 	-0.13342 	-0.10872 	-0.15389 	0.25402 	0.00079 	0.34572 	-0.15628 	-0.15395 	0.03130 	-0.16659 	0.23747 	0.01833 	-0.04413 	-0.03596 	-0.05090 	-0.12427 	0.00026 	0.34058 	-0.05169 	-0.05092 	0.01787 	-0.05511 	0.07855 	0.00050 	0.01478	0.02478
Replication243	 0.00142	0.99520	0.95494 	0.96134 	0.97181 	0.95881 	0.96736 	0.98718 	0.94858 	0.95577 	0.97270 	0.95101 	0.96711 	0.96983 	-0.13706 	-0.15116 	-0.15576 	0.28953 	0.00530 	0.39229 	-0.15465 	-0.17063 	0.03575 	-0.14446 	0.18780 	0.02083 	-0.04539 	-0.05006 	-0.05158 	-0.14126 	0.00176 	0.38644 	-0.05121 	-0.05651 	0.02046 	-0.04784 	0.06219 	0.00053 	0.01778	0.02752
Replication244	 0.00784	0.99464	0.94730 	0.95599 	0.96731 	0.95251 	0.96184 	0.98448 	0.94216 	0.95052 	0.96782 	0.94476 	0.95788 	0.96503 	-0.16994 	-0.14118 	-0.17010 	0.32371 	0.00000 	0.43876 	-0.14968 	-0.13296 	0.04032 	-0.14566 	0.10403 	0.02329 	-0.05634 	-0.04681 	-0.05639 	-0.15721 	0.00000 	0.43223 	-0.04962 	-0.04408 	0.02324 	-0.04829 	0.03449 	0.00062 	0.02057	0.03183
Replication245	 0.00179	0.99502	0.94940 	0.95749 	0.96964 	0.95460 	0.96373 	0.98598 	0.94821 	0.95627 	0.97198 	0.95116 	0.96726 	0.96917 	-0.17189 	-0.16602 	-0.16677 	0.30367 	0.00000 	0.41292 	-0.16629 	-0.13720 	0.03657 	-0.14696 	0.19566 	0.02138 	-0.05694 	-0.05500 	-0.05525 	-0.14322 	0.00000 	0.40684 	-0.05509 	-0.04545 	0.02071 	-0.04868 	0.06482 	0.00032 	0.01506	0.03306
Replication246	 -1.44198	0.99576	0.95941 	0.96626 	0.97520 	0.96374 	0.97170 	0.98962 	0.95841 	0.96412 	0.97782 	0.95972 	0.97537 	0.97528 	-0.14990 	-0.12791 	-0.17262 	0.25742 	0.01357 	0.35039 	-0.13074 	-0.13731 	0.03100 	-0.14511 	0.20338 	0.01821 	-0.04959 	-0.04231 	-0.05710 	-0.12345 	0.00449 	0.34522 	-0.04325 	-0.04542 	0.01748 	-0.04800 	0.06728 	0.00025 	0.01039	0.02560
Replication247	 0.00253	0.99513	0.95396 	0.96005 	0.97116 	0.95768 	0.96624 	0.98675 	0.94747 	0.95556 	0.97220 	0.94946 	0.96619 	0.96938 	-0.13433 	-0.16477 	-0.15433 	0.29424 	0.00000 	0.39960 	-0.15849 	-0.13304 	0.03623 	-0.17349 	0.18494 	0.02109 	-0.04449 	-0.05457 	-0.05112 	-0.14270 	0.00000 	0.39366 	-0.05249 	-0.04406 	0.02072 	-0.05746 	0.06125 	0.00050 	0.01766	0.02924
Replication248	 -1.51095	0.99684	0.96917 	0.97439 	0.98294 	0.97291 	0.97934 	0.99429 	0.97206 	0.97726 	0.98741 	0.97336 	0.99203 	0.98513 	-0.13199 	-0.13836 	-0.14382 	0.19557 	0.00919 	0.26992 	-0.14323 	-0.11015 	0.02205 	-0.15261 	0.31355 	0.01330 	-0.04357 	-0.04567 	-0.04747 	-0.08816 	0.00303 	0.26607 	-0.04728 	-0.03636 	0.01198 	-0.05037 	0.10350 	-0.00008 	0.00343	0.02563
Replication249	 -1.43011	0.99566	0.95773 	0.96476 	0.97469 	0.96219 	0.96997 	0.98913 	0.95608 	0.96306 	0.97720 	0.95853 	0.97482 	0.97459 	-0.15080 	-0.13751 	-0.15933 	0.26402 	0.00000 	0.35881 	-0.15540 	-0.13519 	0.03163 	-0.14217 	0.21878 	0.01859 	-0.04989 	-0.04550 	-0.05271 	-0.12555 	0.00000 	0.35352 	-0.05141 	-0.04473 	0.01780 	-0.04704 	0.07239 	0.00023 	0.01145	0.02710