
Replication	FitnessValue	Frequency	Bus1	Bus2	Bus3	Bus4	Bus5	Bus6	Bus7	Bus8	Bus9	Bus10	Bus11	Bus12	Bus1_P	Bus2_P	Bus3_P	Bus4_P	Bus5_P	Bus6_P	Bus7_P	Bus8_P	Bus9_P	Bus10_P	Bus11_P	Bus12_P	Bus1_Q	Bus2_Q	Bus3_Q	Bus4_Q	Bus5_Q	Bus6_Q	Bus7_Q	Bus8_Q	Bus9_Q	Bus10_Q	Bus11_Q	Bus12_Q	PLoss	QLoss
Replication0	 -1.38371	0.99851	0.99379 	0.99318 	0.99292 	0.99743 	0.99644 	1.00642 	0.97740 	0.98037 	0.99712 	0.97566 	0.99387 	0.98905 	-0.11558 	-0.18183 	-0.16601 	0.04860 	0.00000 	0.34990 	-0.09038 	-0.15100 	0.03999 	-0.18792 	0.24552 	0.22632 	-0.03802 	-0.05982 	-0.05461 	0.04581 	0.00000 	0.34867 	-0.02973 	-0.04968 	0.03794 	-0.06182 	0.08077 	-0.20614 	0.01759	0.01337
Replication1	 -1.36068	0.99843	0.99360 	0.99507 	0.99205 	0.99816 	0.99678 	1.00629 	0.97435 	0.97693 	0.99537 	0.97289 	0.98900 	0.98683 	-0.13815 	-0.11398 	-0.18946 	0.04596 	0.00211 	0.36263 	-0.08059 	-0.18219 	0.04533 	-0.16366 	0.19316 	0.23924 	-0.04546 	-0.03750 	-0.06234 	0.04302 	0.00069 	0.36134 	-0.02652 	-0.05995 	0.04317 	-0.05385 	0.06356 	-0.21692 	0.02040	0.00926
Replication2	 -1.29880	0.99828	0.98774 	0.99259 	0.99338 	0.99537 	0.99462 	1.00612 	0.96948 	0.97440 	0.99397 	0.96975 	0.98166 	0.98514 	-0.19653 	-0.13612 	-0.08799 	0.05657 	0.00000 	0.37916 	-0.09722 	-0.14752 	0.04968 	-0.14167 	0.08780 	0.26130 	-0.06468 	-0.04480 	-0.02896 	0.05336 	0.00000 	0.37775 	-0.03200 	-0.04855 	0.04732 	-0.04663 	0.02890 	-0.23735 	0.02746	0.00435
Replication3	 -1.40643	0.99855	0.99246 	0.99248 	0.99228 	0.99671 	0.99573 	1.00640 	0.97586 	0.98299 	0.99813 	0.97944 	0.99742 	0.99030 	-0.13357 	-0.18395 	-0.19228 	0.05126 	0.00000 	0.35131 	-0.18178 	-0.12176 	0.03691 	-0.12844 	0.29694 	0.21988 	-0.04394 	-0.06051 	-0.06325 	0.04855 	0.00000 	0.35012 	-0.05980 	-0.04005 	0.03492 	-0.04225 	0.09768 	-0.20090 	0.01453	0.02057
Replication4	 -1.16074	0.99800	0.98882 	0.99318 	0.99049 	0.99586 	0.99433 	1.00546 	0.95084 	0.96172 	0.98884 	0.95504 	0.97104 	0.97785 	-0.18427 	-0.10030 	-0.11561 	0.05500 	0.00000 	0.44340 	-0.20117 	-0.17916 	0.06540 	-0.16748 	0.12052 	0.30637 	-0.06068 	-0.03303 	-0.03807 	0.05125 	0.00000 	0.44176 	-0.06625 	-0.05900 	0.06265 	-0.05515 	0.03969 	-0.27540 	0.04269	0.00776
Replication5	 -1.32600	0.99824	0.99012 	0.99035 	0.98981 	0.99503 	0.99382 	1.00574 	0.96754 	0.97518 	0.99430 	0.96861 	0.98765 	0.98494 	-0.14906 	-0.19881 	-0.19124 	0.05786 	0.00000 	0.41583 	-0.15962 	-0.10315 	0.04871 	-0.20416 	0.23917 	0.26749 	-0.04906 	-0.06544 	-0.06295 	0.05458 	0.00000 	0.41439 	-0.05254 	-0.03395 	0.04629 	-0.06720 	0.07872 	-0.24335 	0.02303	0.01949
Replication6	 -1.39444	0.99869	0.99317 	0.99615 	0.99566 	0.99859 	0.99778 	1.00691 	0.97770 	0.98277 	0.99853 	0.97890 	0.99550 	0.99133 	-0.14922 	-0.10965 	-0.12599 	0.04411 	0.00000 	0.30158 	-0.13260 	-0.14084 	0.03561 	-0.14481 	0.23914 	0.19959 	-0.04907 	-0.03606 	-0.04143 	0.04165 	0.00000 	0.30050 	-0.04361 	-0.04632 	0.03381 	-0.04762 	0.07864 	-0.18161 	0.01693	0.00889
Replication7	 -1.35553	0.99869	0.99722 	0.99645 	0.99687 	1.00010 	1.00059 	1.00701 	0.97404 	0.98028 	0.99740 	0.97332 	0.99021 	0.99023 	-0.09001 	-0.16236 	-0.08846 	0.03842 	0.03050 	0.29174 	-0.11903 	-0.08650 	0.03903 	-0.21438 	0.18297 	0.19961 	-0.02960 	-0.05339 	-0.02909 	0.03597 	0.01003 	0.29066 	-0.03914 	-0.02845 	0.03723 	-0.07050 	0.06017 	-0.18056 	0.02153	0.00333
Replication8	 -1.17795	0.99786	0.98706 	0.99067 	0.98812 	0.99420 	0.99267 	1.00508 	0.95626 	0.96133 	0.98836 	0.95572 	0.97195 	0.97677 	-0.19381 	-0.13748 	-0.15764 	0.06134 	0.00258 	0.48078 	-0.10818 	-0.23662 	0.06694 	-0.18317 	0.11867 	0.32698 	-0.06384 	-0.04529 	-0.05193 	0.05733 	0.00085 	0.47902 	-0.03563 	-0.07794 	0.06400 	-0.06034 	0.03909 	-0.29497 	0.04040	0.01035
Replication9	 -1.21006	0.99808	0.99108 	0.99177 	0.99110 	0.99596 	0.99473 	1.00562 	0.95440 	0.96612 	0.99064 	0.96114 	0.97540 	0.98033 	-0.13663 	-0.17451 	-0.11177 	0.05453 	0.00000 	0.42779 	-0.22883 	-0.16796 	0.05988 	-0.11238 	0.13455 	0.29223 	-0.04499 	-0.05746 	-0.03680 	0.05095 	0.00000 	0.42622 	-0.07535 	-0.05530 	0.05725 	-0.03700 	0.04430 	-0.26365 	0.03691	0.00818
Replication10	 -1.26918	0.99814	0.98806 	0.99202 	0.99001 	0.99512 	0.99373 	1.00565 	0.96544 	0.96936 	0.99238 	0.96576 	0.98343 	0.98217 	-0.19277 	-0.12615 	-0.16883 	0.05763 	0.00000 	0.42508 	-0.11778 	-0.24691 	0.05458 	-0.15007 	0.21128 	0.28384 	-0.06346 	-0.04153 	-0.05558 	0.05414 	0.00000 	0.42356 	-0.03877 	-0.08129 	0.05202 	-0.04941 	0.06956 	-0.25704 	0.02989	0.01219
Replication11	 -1.33666	0.99824	0.98458 	0.99133 	0.99026 	0.99379 	0.99266 	1.00580 	0.96907 	0.97678 	0.99447 	0.97121 	0.98587 	0.98544 	-0.24405 	-0.11313 	-0.17987 	0.06254 	0.00000 	0.40975 	-0.15200 	-0.08446 	0.04820 	-0.15834 	0.16611 	0.26735 	-0.08033 	-0.03724 	-0.05921 	0.05925 	0.00000 	0.40831 	-0.05003 	-0.02780 	0.04578 	-0.05212 	0.05467 	-0.24369 	0.02209	0.01759
Replication12	 -1.40835	0.99880	0.99904 	0.99902 	0.99630 	1.00160 	1.00039 	1.00718 	0.97855 	0.98303 	0.99870 	0.97985 	0.99548 	0.99188 	-0.08450 	-0.09081 	-0.14887 	0.03269 	0.00000 	0.27590 	-0.12506 	-0.15977 	0.03502 	-0.12685 	0.22504 	0.18308 	-0.02778 	-0.02986 	-0.04895 	0.03044 	0.00000 	0.27492 	-0.04112 	-0.05253 	0.03337 	-0.04171 	0.07399 	-0.16562 	0.01587	0.00515
Replication13	 -1.38046	0.99893	0.99187 	0.99656 	0.99961 	0.99865 	1.00019 	1.00752 	0.97957 	0.98567 	1.00110 	0.98232 	1.00188 	0.99481 	-0.17344 	-0.12991 	-0.04223 	0.04364 	0.03870 	0.24256 	-0.17273 	-0.16521 	0.02767 	-0.13890 	0.32482 	0.16329 	-0.05701 	-0.04270 	-0.01388 	0.04163 	0.01272 	0.24168 	-0.05678 	-0.05430 	0.02620 	-0.04566 	0.10677 	-0.14866 	0.01827	0.01000
Replication14	 -1.48437	0.99917	0.99953 	0.99980 	1.00045 	1.00220 	1.00181 	1.00799 	0.98839 	0.99353 	1.00355 	0.99077 	1.00547 	0.99885 	-0.08048 	-0.11275 	-0.09185 	0.03007 	0.00000 	0.19584 	-0.13924 	-0.08785 	0.02007 	-0.10796 	0.25611 	0.12592 	-0.02644 	-0.03704 	-0.03018 	0.02852 	0.00000 	0.19516 	-0.04575 	-0.02886 	0.01893 	-0.03547 	0.08414 	-0.11518 	0.00788	0.00784
Replication15	 -1.21571	0.99808	0.98922 	0.99345 	0.99085 	0.99610 	0.99463 	1.00564 	0.95797 	0.96586 	0.99038 	0.95942 	0.97456 	0.98006 	-0.18322 	-0.10087 	-0.13025 	0.05399 	0.00000 	0.42554 	-0.14609 	-0.16586 	0.06066 	-0.17929 	0.10915 	0.29269 	-0.06033 	-0.03321 	-0.04289 	0.05041 	0.00000 	0.42397 	-0.04810 	-0.05461 	0.05803 	-0.05903 	0.03594 	-0.26384 	0.03645	0.00633
Replication16	 -1.26055	0.99817	0.98911 	0.99256 	0.99043 	0.99588 	0.99641 	1.00575 	0.96131 	0.96950 	0.99186 	0.96255 	0.97938 	0.98199 	-0.19249 	-0.13763 	-0.16895 	0.05474 	0.04862 	0.41552 	-0.15410 	-0.12957 	0.05614 	-0.19793 	0.15718 	0.27937 	-0.06337 	-0.04531 	-0.05562 	0.05131 	0.01601 	0.41402 	-0.05073 	-0.04265 	0.05363 	-0.06516 	0.05175 	-0.25238 	0.03091	0.01149
Replication17	 -1.43173	0.99893	0.99556 	0.99832 	0.99762 	1.00029 	0.99957 	1.00742 	0.98384 	0.98688 	1.00111 	0.98629 	1.00324 	0.99481 	-0.13171 	-0.08813 	-0.12486 	0.03748 	0.00000 	0.25198 	-0.13542 	-0.21757 	0.02763 	-0.07852 	0.30876 	0.16331 	-0.04329 	-0.02897 	-0.04104 	0.03547 	0.00000 	0.25110 	-0.04451 	-0.07152 	0.02616 	-0.02581 	0.10149 	-0.14868 	0.01296	0.01040
Replication18	 -1.33568	0.99856	0.99639 	0.99699 	0.99426 	1.00002 	1.00002 	1.00666 	0.97068 	0.97643 	0.99571 	0.97006 	0.98868 	0.98760 	-0.11472 	-0.11345 	-0.15446 	0.03884 	0.03383 	0.32610 	-0.12479 	-0.13736 	0.04421 	-0.21089 	0.21679 	0.21919 	-0.03774 	-0.03732 	-0.05081 	0.03616 	0.01113 	0.32493 	-0.04105 	-0.04518 	0.04224 	-0.06937 	0.07131 	-0.19762 	0.02329	0.00667
Replication19	 -1.33882	0.99855	0.99000 	0.99442 	0.99442 	0.99699 	0.99745 	1.00659 	0.97401 	0.97819 	0.99700 	0.97302 	0.99390 	0.98881 	-0.18899 	-0.12445 	-0.12714 	0.05023 	0.03134 	0.33298 	-0.12047 	-0.17818 	0.04033 	-0.20320 	0.28916 	0.22074 	-0.06217 	-0.04094 	-0.04182 	0.04752 	0.01031 	0.33179 	-0.03963 	-0.05861 	0.03834 	-0.06684 	0.09512 	-0.20034 	0.02235	0.01272
Replication20	 -1.37537	0.99849	0.99129 	0.99256 	0.99298 	0.99645 	0.99590 	1.00638 	0.97622 	0.98029 	0.99712 	0.97545 	0.99382 	0.98899 	-0.15014 	-0.17625 	-0.15452 	0.05232 	0.00754 	0.35369 	-0.11042 	-0.14118 	0.04000 	-0.18438 	0.25234 	0.22935 	-0.04939 	-0.05799 	-0.05084 	0.04950 	0.00248 	0.35245 	-0.03633 	-0.04645 	0.03793 	-0.06066 	0.08302 	-0.20911 	0.01833	0.01461
Replication21	 -1.43879	0.99876	0.99204 	0.99667 	0.99641 	0.99855 	0.99844 	1.00711 	0.98423 	0.98679 	0.99956 	0.98434 	0.99542 	0.99316 	-0.17652 	-0.09270 	-0.12479 	0.04418 	0.01444 	0.28220 	-0.07538 	-0.12387 	0.03244 	-0.10042 	0.14492 	0.18815 	-0.05804 	-0.03048 	-0.04103 	0.04186 	0.00475 	0.28118 	-0.02479 	-0.04073 	0.03074 	-0.03302 	0.04765 	-0.17193 	0.01266	0.00617
Replication22	 -1.20358	0.99800	0.98601 	0.98974 	0.98949 	0.99353 	0.99236 	1.00534 	0.95497 	0.96552 	0.99078 	0.96085 	0.97921 	0.97986 	-0.19942 	-0.16727 	-0.13449 	0.06374 	0.00000 	0.45519 	-0.22998 	-0.20770 	0.05953 	-0.13239 	0.22535 	0.30425 	-0.06567 	-0.05509 	-0.04429 	0.06001 	0.00000 	0.45356 	-0.07574 	-0.06840 	0.05678 	-0.04360 	0.07421 	-0.27522 	0.03681	0.01657
Replication23	 -1.18971	0.99800	0.99235 	0.99230 	0.98814 	0.99648 	0.99452 	1.00528 	0.95281 	0.96238 	0.98931 	0.95483 	0.97643 	0.97801 	-0.12841 	-0.14529 	-0.19652 	0.05265 	0.00000 	0.46123 	-0.19348 	-0.18777 	0.06395 	-0.22422 	0.23043 	0.30587 	-0.04229 	-0.04785 	-0.06472 	0.04890 	0.00000 	0.45959 	-0.06372 	-0.06184 	0.06121 	-0.07384 	0.07589 	-0.27506 	0.03844	0.01628
Replication24	 -1.38821	0.99885	0.99703 	0.99914 	0.99858 	1.00111 	1.00041 	1.00741 	0.97862 	0.98334 	0.99928 	0.97995 	0.99539 	0.99278 	-0.11059 	-0.08570 	-0.07854 	0.03446 	0.00000 	0.25320 	-0.12617 	-0.16083 	0.03323 	-0.12966 	0.21427 	0.17467 	-0.03636 	-0.02817 	-0.02582 	0.03232 	0.00000 	0.25226 	-0.04148 	-0.05287 	0.03165 	-0.04263 	0.07044 	-0.15809 	0.01834	0.00126
Replication25	 -1.37404	0.99846	0.99258 	0.99532 	0.99244 	0.99796 	0.99657 	1.00636 	0.97197 	0.97884 	0.99576 	0.97507 	0.98821 	0.98762 	-0.15619 	-0.09848 	-0.18357 	0.04667 	0.00000 	0.35521 	-0.15066 	-0.12195 	0.04414 	-0.11252 	0.16205 	0.23429 	-0.05139 	-0.03240 	-0.06040 	0.04380 	0.00000 	0.35395 	-0.04957 	-0.04012 	0.04203 	-0.03702 	0.05332 	-0.21273 	0.01899	0.00946
Replication26	 0.00802	0.99751	0.98705 	0.98633 	0.98368 	0.99222 	0.99020 	1.00412 	0.94198 	0.95261 	0.98406 	0.94334 	0.96315 	0.97048 	-0.15487 	-0.22608 	-0.19522 	0.06911 	0.00000 	0.57450 	-0.18289 	-0.18100 	0.08019 	-0.24759 	0.13435 	0.38100 	-0.05105 	-0.07453 	-0.06435 	0.06445 	0.00000 	0.57245 	-0.06029 	-0.05967 	0.07676 	-0.08162 	0.04429 	-0.34293 	0.05149	0.02352
Replication27	 -1.32712	0.99838	0.99042 	0.99328 	0.99374 	0.99648 	0.99568 	1.00630 	0.97091 	0.97623 	0.99518 	0.97331 	0.98624 	0.98666 	-0.16292 	-0.14817 	-0.10533 	0.05230 	0.00000 	0.36119 	-0.13021 	-0.18212 	0.04595 	-0.10102 	0.14873 	0.24594 	-0.05361 	-0.04876 	-0.03466 	0.04928 	0.00000 	0.35986 	-0.04285 	-0.05993 	0.04372 	-0.03324 	0.04894 	-0.22345 	0.02433	0.00531
Replication28	 -1.38492	0.99845	0.99119 	0.99224 	0.99157 	0.99626 	0.99564 	1.00622 	0.97601 	0.98039 	0.99682 	0.97492 	0.99384 	0.98852 	-0.15387 	-0.17377 	-0.19480 	0.05307 	0.01196 	0.36896 	-0.11152 	-0.11815 	0.04093 	-0.20039 	0.25954 	0.23499 	-0.05063 	-0.05717 	-0.06409 	0.05018 	0.00394 	0.36769 	-0.03669 	-0.03887 	0.03881 	-0.06593 	0.08539 	-0.21430 	0.01697	0.01832
Replication29	 -1.17884	0.99792	0.98619 	0.99031 	0.98972 	0.99390 	0.99335 	1.00527 	0.95318 	0.96367 	0.98890 	0.95702 	0.96980 	0.97801 	-0.20363 	-0.15739 	-0.11279 	0.06243 	0.01725 	0.46216 	-0.17983 	-0.13696 	0.06526 	-0.15462 	0.06118 	0.31734 	-0.06707 	-0.05184 	-0.03715 	0.05854 	0.00568 	0.46045 	-0.05923 	-0.04511 	0.06240 	-0.05093 	0.02015 	-0.28652 	0.04040	0.00938
Replication30	 0.00150	0.99767	0.98360 	0.98728 	0.98505 	0.99172 	0.99086 	1.00449 	0.94850 	0.95680 	0.98672 	0.95001 	0.97205 	0.97379 	-0.22342 	-0.18020 	-0.19655 	0.07084 	0.02254 	0.53801 	-0.18027 	-0.24589 	0.07204 	-0.21566 	0.22867 	0.35555 	-0.07362 	-0.05938 	-0.06477 	0.06648 	0.00743 	0.53610 	-0.05941 	-0.08103 	0.06884 	-0.07107 	0.07535 	-0.32067 	0.04567	0.02426
Replication31	 -1.38799	0.99846	0.98746 	0.99155 	0.99276 	0.99494 	0.99541 	1.00633 	0.97511 	0.98195 	0.99734 	0.98135 	0.99321 	0.98939 	-0.20624 	-0.16943 	-0.15375 	0.05799 	0.02853 	0.35864 	-0.18169 	-0.16546 	0.03935 	-0.02651 	0.20275 	0.23272 	-0.06786 	-0.05574 	-0.05058 	0.05512 	0.00939 	0.35738 	-0.05978 	-0.05444 	0.03724 	-0.00872 	0.06671 	-0.21288 	0.01690	0.01584
Replication32	 -1.26140	0.99835	0.99604 	0.99401 	0.99439 	0.99850 	0.99758 	1.00629 	0.96442 	0.97075 	0.99351 	0.96687 	0.98247 	0.98439 	-0.07559 	-0.19081 	-0.07663 	0.04472 	0.00000 	0.36203 	-0.14990 	-0.22293 	0.05102 	-0.12985 	0.16821 	0.25158 	-0.02487 	-0.06279 	-0.02522 	0.04164 	0.00000 	0.36068 	-0.04933 	-0.07336 	0.04876 	-0.04273 	0.05535 	-0.22691 	0.03184	0.00121
Replication33	 -1.42019	0.99871	0.99285 	0.99601 	0.99501 	0.99850 	0.99842 	1.00691 	0.98198 	0.98451 	0.99896 	0.97955 	0.99678 	0.99196 	-0.16167 	-0.11061 	-0.15774 	0.04441 	0.02089 	0.30161 	-0.07435 	-0.11709 	0.03428 	-0.19330 	0.23149 	0.19611 	-0.05316 	-0.03637 	-0.05187 	0.04200 	0.00687 	0.30055 	-0.02445 	-0.03851 	0.03251 	-0.06357 	0.07612 	-0.17873 	0.01404	0.01139
Replication34	 -1.32501	0.99824	0.98676 	0.99124 	0.99015 	0.99440 	0.99321 	1.00578 	0.96614 	0.97553 	0.99421 	0.97043 	0.98615 	0.98498 	-0.20928 	-0.13848 	-0.18242 	0.06024 	0.00000 	0.41199 	-0.19349 	-0.10298 	0.04897 	-0.13969 	0.20039 	0.26803 	-0.06889 	-0.04558 	-0.06004 	0.05694 	0.00000 	0.41054 	-0.06369 	-0.03390 	0.04655 	-0.04598 	0.06596 	-0.24393 	0.02329	0.01799
Replication35	 -1.26327	0.99812	0.99602 	0.99330 	0.98725 	0.99799 	0.99566 	1.00543 	0.95662 	0.96755 	0.99092 	0.96086 	0.98081 	0.98040 	-0.08762 	-0.14783 	-0.26808 	0.04688 	0.00000 	0.44653 	-0.22153 	-0.13982 	0.05900 	-0.18675 	0.24231 	0.28666 	-0.02885 	-0.04867 	-0.08826 	0.04337 	0.00000 	0.44499 	-0.07293 	-0.04603 	0.05642 	-0.06148 	0.07978 	-0.25814 	0.02974	0.02018
Replication36	 -1.32844	0.99844	0.99189 	0.99305 	0.99312 	0.99695 	0.99733 	1.00633 	0.97049 	0.97618 	0.99579 	0.97224 	0.99094 	0.98712 	-0.14826 	-0.17495 	-0.14223 	0.05049 	0.03287 	0.35847 	-0.15271 	-0.19268 	0.04407 	-0.15149 	0.26259 	0.23735 	-0.04878 	-0.05756 	-0.04680 	0.04758 	0.01081 	0.35719 	-0.05025 	-0.06340 	0.04193 	-0.04985 	0.08640 	-0.21532 	0.02352	0.01197
Replication37	 -1.24316	0.99800	0.98864 	0.99201 	0.98737 	0.99522 	0.99324 	1.00526 	0.96095 	0.96570 	0.99036 	0.96073 	0.97954 	0.97931 	-0.18865 	-0.10806 	-0.22714 	0.05741 	0.00000 	0.46343 	-0.12227 	-0.23228 	0.06081 	-0.18277 	0.20632 	0.30560 	-0.06213 	-0.03559 	-0.07480 	0.05366 	0.00000 	0.46179 	-0.04026 	-0.07649 	0.05805 	-0.06019 	0.06795 	-0.27604 	0.03239	0.01596
Replication38	 -1.17188	0.99794	0.99163 	0.99211 	0.98878 	0.99620 	0.99440 	1.00525 	0.95484 	0.96142 	0.98833 	0.95148 	0.97070 	0.97708 	-0.13458 	-0.14830 	-0.15890 	0.05377 	0.00000 	0.46446 	-0.09974 	-0.14414 	0.06698 	-0.29074 	0.11740 	0.31486 	-0.04432 	-0.04884 	-0.05234 	0.04992 	0.00000 	0.46277 	-0.03285 	-0.04747 	0.06415 	-0.09576 	0.03867 	-0.28315 	0.04107	0.01078
Replication39	 -1.36922	0.99835	0.99001 	0.99324 	0.99110 	0.99626 	0.99494 	1.00608 	0.97635 	0.97793 	0.99524 	0.97323 	0.98809 	0.98661 	-0.17847 	-0.12207 	-0.19326 	0.05316 	0.00000 	0.38309 	-0.04763 	-0.14805 	0.04578 	-0.18102 	0.15678 	0.25093 	-0.05873 	-0.04017 	-0.06360 	0.05007 	0.00000 	0.38173 	-0.01568 	-0.04872 	0.04351 	-0.05957 	0.05159 	-0.22840 	0.01923	0.01204
Replication40	 -1.36305	0.99842	0.98593 	0.99168 	0.99291 	0.99444 	0.99393 	1.00626 	0.97659 	0.97973 	0.99688 	0.97819 	0.99315 	0.98851 	-0.22256 	-0.14285 	-0.13279 	0.05994 	0.00313 	0.36561 	-0.11557 	-0.21005 	0.04077 	-0.09209 	0.22590 	0.24021 	-0.07323 	-0.04701 	-0.04369 	0.05698 	0.00103 	0.36431 	-0.03803 	-0.06912 	0.03860 	-0.03030 	0.07433 	-0.21951 	0.01964	0.01436
Replication41	 -1.23546	0.99825	0.99377 	0.99446 	0.99200 	0.99794 	0.99649 	1.00596 	0.95949 	0.96794 	0.99203 	0.95988 	0.98037 	0.98220 	-0.12117 	-0.13059 	-0.13442 	0.04694 	0.00000 	0.39427 	-0.16284 	-0.14940 	0.05556 	-0.24015 	0.20851 	0.26723 	-0.03988 	-0.04298 	-0.04424 	0.04367 	0.00000 	0.39284 	-0.05360 	-0.04917 	0.05316 	-0.07905 	0.06863 	-0.24046 	0.03396	0.00892
Replication42	 -1.23717	0.99818	0.99244 	0.99333 	0.99055 	0.99705 	0.99577 	1.00575 	0.95952 	0.96718 	0.99176 	0.96070 	0.98173 	0.98149 	-0.13640 	-0.13972 	-0.16532 	0.05035 	0.00730 	0.41499 	-0.16923 	-0.19602 	0.05644 	-0.20965 	0.24329 	0.27738 	-0.04490 	-0.04599 	-0.05442 	0.04696 	0.00240 	0.41350 	-0.05571 	-0.06453 	0.05395 	-0.06902 	0.08009 	-0.24991 	0.03342	0.01242
Replication43	 -1.34733	0.99859	0.99495 	0.99451 	0.99578 	0.99852 	0.99878 	1.00676 	0.97061 	0.97942 	0.99696 	0.97494 	0.99009 	0.98934 	-0.10663 	-0.18489 	-0.09113 	0.04444 	0.02235 	0.31689 	-0.18813 	-0.11863 	0.04043 	-0.12590 	0.19891 	0.21442 	-0.03507 	-0.06082 	-0.02998 	0.04180 	0.00735 	0.31574 	-0.06188 	-0.03902 	0.03849 	-0.04141 	0.06543 	-0.19452 	0.02211	0.00611
Replication44	 0.00416	0.99775	0.98980 	0.98956 	0.98697 	0.99463 	0.99393 	1.00480 	0.94584 	0.95604 	0.98631 	0.95042 	0.96793 	0.97383 	-0.14541 	-0.19585 	-0.16507 	0.05983 	0.02786 	0.50792 	-0.20689 	-0.24897 	0.07323 	-0.15293 	0.15008 	0.34379 	-0.04791 	-0.06453 	-0.05439 	0.05562 	0.00918 	0.50607 	-0.06817 	-0.08203 	0.07014 	-0.05039 	0.04945 	-0.30894 	0.04758	0.01412
Replication45	 -1.29311	0.99839	0.99538 	0.99467 	0.99305 	0.99861 	0.99796 	1.00627 	0.96306 	0.97297 	0.99396 	0.96778 	0.98413 	0.98507 	-0.10273 	-0.15662 	-0.13803 	0.04429 	0.01536 	0.36465 	-0.20457 	-0.14386 	0.04962 	-0.14082 	0.19461 	0.24585 	-0.03380 	-0.05154 	-0.04542 	0.04128 	0.00506 	0.36333 	-0.06732 	-0.04734 	0.04741 	-0.04634 	0.06404 	-0.22184 	0.02775	0.00752
Replication46	 -1.40011	0.99874	0.99235 	0.99444 	0.99714 	0.99773 	0.99817 	1.00707 	0.98034 	0.98494 	0.99972 	0.98157 	0.99779 	0.99294 	-0.14606 	-0.17122 	-0.07876 	0.04726 	0.01700 	0.28600 	-0.12803 	-0.14225 	0.03197 	-0.13409 	0.24415 	0.19038 	-0.04803 	-0.05630 	-0.02590 	0.04491 	0.00559 	0.28497 	-0.04210 	-0.04678 	0.03025 	-0.04409 	0.08028 	-0.17395 	0.01635	0.00886
Replication47	 -1.43379	0.99861	0.99179 	0.99338 	0.99285 	0.99691 	0.99595 	1.00657 	0.98154 	0.98484 	0.99905 	0.98474 	0.99990 	0.99155 	-0.15331 	-0.15486 	-0.19502 	0.05046 	0.00000 	0.33536 	-0.13715 	-0.20313 	0.03407 	-0.05551 	0.28089 	0.21014 	-0.05042 	-0.05094 	-0.06414 	0.04787 	0.00000 	0.33422 	-0.04511 	-0.06681 	0.03216 	-0.01826 	0.09239 	-0.19237 	0.01193	0.01858
Replication48	 -1.41475	0.99856	0.99458 	0.99462 	0.99188 	0.99838 	0.99821 	1.00647 	0.98117 	0.98154 	0.99743 	0.97801 	0.99574 	0.98950 	-0.13030 	-0.14641 	-0.22952 	0.04500 	0.03154 	0.34497 	-0.05261 	-0.18121 	0.03903 	-0.17498 	0.24981 	0.21886 	-0.04286 	-0.04816 	-0.07550 	0.04231 	0.01037 	0.34379 	-0.01731 	-0.05961 	0.03705 	-0.05756 	0.08217 	-0.19912 	0.01417	0.01558
Replication49	 -1.32031	0.99848	0.99250 	0.99515 	0.99436 	0.99792 	0.99695 	1.00650 	0.96839 	0.97604 	0.99561 	0.97148 	0.98830 	0.98724 	-0.14762 	-0.11942 	-0.11378 	0.04680 	0.00000 	0.34226 	-0.17288 	-0.15881 	0.04458 	-0.14381 	0.21591 	0.23166 	-0.04857 	-0.03929 	-0.03743 	0.04396 	0.00000 	0.34102 	-0.05688 	-0.05225 	0.04250 	-0.04731 	0.07104 	-0.20973 	0.02488	0.00704
Replication50	 -1.34331	0.99834	0.99132 	0.99243 	0.99091 	0.99632 	0.99521 	1.00601 	0.96910 	0.97624 	0.99506 	0.97228 	0.98945 	0.98608 	-0.15043 	-0.16000 	-0.19084 	0.05292 	0.00426 	0.38926 	-0.17222 	-0.15741 	0.04635 	-0.13427 	0.24157 	0.25238 	-0.04950 	-0.05265 	-0.06280 	0.04982 	0.00140 	0.38790 	-0.05668 	-0.05180 	0.04407 	-0.04419 	0.07950 	-0.22934 	0.02158	0.01572
Replication51	 -1.53042	0.99915	0.99414 	0.99566 	0.99875 	0.99883 	0.99945 	1.00777 	0.99708 	0.99852 	1.00529 	0.99550 	1.01176 	1.00077 	-0.13663 	-0.17188 	-0.12467 	0.04275 	0.01592 	0.21802 	-0.07269 	-0.06139 	0.01482 	-0.14934 	0.29863 	0.12843 	-0.04489 	-0.05647 	-0.04096 	0.04116 	0.00523 	0.21732 	-0.02388 	-0.02017 	0.01365 	-0.04907 	0.09812 	-0.11954 	0.00199	0.02049
Replication52	 -1.35914	0.99840	0.98671 	0.99224 	0.99302 	0.99490 	0.99419 	1.00626 	0.97585 	0.97916 	0.99637 	0.97651 	0.99063 	0.98802 	-0.21452 	-0.13417 	-0.12870 	0.05823 	0.00000 	0.36551 	-0.10159 	-0.18078 	0.04232 	-0.11445 	0.18577 	0.24272 	-0.07059 	-0.04415 	-0.04235 	0.05524 	0.00000 	0.36420 	-0.03343 	-0.05949 	0.04013 	-0.03766 	0.06113 	-0.22155 	0.02034	0.01148
Replication53	 -1.32267	0.99821	0.99675 	0.99255 	0.98834 	0.99797 	0.99645 	1.00566 	0.96417 	0.97259 	0.99262 	0.96658 	0.98298 	0.98300 	-0.07212 	-0.19279 	-0.25472 	0.04687 	0.01189 	0.42392 	-0.16784 	-0.11028 	0.05382 	-0.17186 	0.18444 	0.27237 	-0.02374 	-0.06346 	-0.08385 	0.04353 	0.00391 	0.42245 	-0.05525 	-0.03630 	0.05136 	-0.05657 	0.06071 	-0.24636 	0.02369	0.01644
Replication54	 -1.41171	0.99879	0.99189 	0.99529 	0.99785 	0.99790 	0.99772 	1.00720 	0.98393 	0.98596 	1.00026 	0.98436 	0.99881 	0.99372 	-0.15616 	-0.14257 	-0.06651 	0.04659 	0.00000 	0.27391 	-0.09187 	-0.18832 	0.03030 	-0.09897 	0.22486 	0.18416 	-0.05135 	-0.04688 	-0.02187 	0.04432 	0.00000 	0.27291 	-0.03021 	-0.06192 	0.02863 	-0.03254 	0.07393 	-0.16847 	0.01539	0.00655
Replication55	 -1.35937	0.99837	0.99430 	0.99342 	0.99238 	0.99766 	0.99648 	1.00621 	0.97522 	0.97711 	0.99498 	0.97454 	0.98583 	0.98650 	-0.10854 	-0.17390 	-0.15745 	0.04786 	0.00000 	0.36975 	-0.06176 	-0.18886 	0.04655 	-0.10886 	0.10858 	0.24758 	-0.03572 	-0.05722 	-0.05181 	0.04481 	0.00000 	0.36841 	-0.02032 	-0.06215 	0.04431 	-0.03582 	0.03573 	-0.22495 	0.02094	0.00527
Replication56	 -1.30085	0.99829	0.99215 	0.99426 	0.99169 	0.99737 	0.99610 	1.00604 	0.96597 	0.97232 	0.99337 	0.96832 	0.98328 	0.98409 	-0.15014 	-0.11874 	-0.16121 	0.04905 	0.00385 	0.38721 	-0.14606 	-0.18616 	0.05147 	-0.12984 	0.16661 	0.26089 	-0.04941 	-0.03908 	-0.05306 	0.04585 	0.00127 	0.38580 	-0.04807 	-0.06127 	0.04912 	-0.04273 	0.05484 	-0.23593 	0.02694	0.00732
Replication57	 -1.31998	0.99867	1.00225 	0.99941 	0.99665 	1.00274 	1.00143 	1.00701 	0.97249 	0.97593 	0.99587 	0.97200 	0.98721 	0.98820 	-0.02967 	-0.11442 	-0.10578 	0.02851 	0.00000 	0.29194 	-0.09372 	-0.21054 	0.04365 	-0.15036 	0.16172 	0.20402 	-0.00976 	-0.03763 	-0.03479 	0.02602 	0.00000 	0.29085 	-0.03082 	-0.06924 	0.04182 	-0.04945 	0.05318 	-0.18302 	0.02534	0.00284
Replication58	 -1.35341	0.99861	0.99483 	0.99618 	0.99570 	0.99932 	1.00058 	1.00684 	0.97191 	0.97910 	0.99657 	0.97491 	0.98836 	0.98906 	-0.13347 	-0.14026 	-0.11402 	0.04141 	0.05384 	0.30904 	-0.15309 	-0.12908 	0.04157 	-0.12210 	0.15604 	0.21189 	-0.04390 	-0.04613 	-0.03750 	0.03881 	0.01771 	0.30790 	-0.05035 	-0.04246 	0.03966 	-0.04016 	0.05132 	-0.19172 	0.02177	0.00318
Replication59	 -1.45515	0.99853	0.98912 	0.98992 	0.99221 	0.99462 	0.99407 	1.00635 	0.98458 	0.98771 	0.99925 	0.98588 	0.99807 	0.99199 	-0.16317 	-0.22585 	-0.17966 	0.05915 	0.00000 	0.35625 	-0.09926 	-0.10693 	0.03352 	-0.08630 	0.19995 	0.22182 	-0.05368 	-0.07430 	-0.05910 	0.05641 	0.00000 	0.35504 	-0.03265 	-0.03518 	0.03150 	-0.02839 	0.06578 	-0.20447 	0.00952	0.02096
Replication60	 -1.25481	0.99798	0.98434 	0.99046 	0.98776 	0.99327 	0.99169 	1.00524 	0.96328 	0.96809 	0.99097 	0.96190 	0.97950 	0.98024 	-0.23956 	-0.11267 	-0.20028 	0.06473 	0.00000 	0.46533 	-0.10359 	-0.17291 	0.05895 	-0.20663 	0.17050 	0.30708 	-0.07889 	-0.03711 	-0.06596 	0.06096 	0.00000 	0.46367 	-0.03411 	-0.05695 	0.05618 	-0.06805 	0.05615 	-0.27842 	0.03095	0.01748
Replication61	 -1.32713	0.99866	0.98892 	0.99636 	0.99782 	0.99745 	0.99714 	1.00701 	0.97375 	0.97964 	0.99786 	0.97486 	0.99252 	0.99046 	-0.20756 	-0.07512 	-0.03747 	0.04837 	0.00000 	0.29188 	-0.14202 	-0.15922 	0.03763 	-0.16617 	0.23078 	0.20327 	-0.06826 	-0.02471 	-0.01232 	0.04588 	0.00000 	0.29078 	-0.04671 	-0.05236 	0.03580 	-0.05465 	0.07590 	-0.18444 	0.02437	0.00490
Replication62	 -1.30430	0.99856	0.99534 	0.99800 	0.99502 	1.00001 	0.99871 	1.00670 	0.96776 	0.97418 	0.99560 	0.97189 	0.98996 	0.98715 	-0.12919 	-0.06816 	-0.12592 	0.03888 	0.00000 	0.32195 	-0.18232 	-0.25558 	0.04455 	-0.10195 	0.26500 	0.21951 	-0.04250 	-0.02242 	-0.04142 	0.03619 	0.00000 	0.32078 	-0.05997 	-0.08407 	0.04258 	-0.03354 	0.08717 	-0.19749 	0.02677	0.00530
Replication63	 -1.41985	0.99880	0.98748 	0.99361 	0.99800 	0.99601 	0.99759 	1.00720 	0.98465 	0.98821 	1.00105 	0.98773 	1.00039 	0.99478 	-0.21727 	-0.15723 	-0.05690 	0.05368 	0.03538 	0.27325 	-0.12594 	-0.17252 	0.02789 	-0.05108 	0.22305 	0.18180 	-0.07144 	-0.05170 	-0.01871 	0.05144 	0.01163 	0.27227 	-0.04141 	-0.05672 	0.02624 	-0.01679 	0.07334 	-0.16714 	0.01411	0.01101
Replication64	 -1.27752	0.99847	0.99503 	0.99515 	0.99565 	0.99872 	0.99795 	1.00657 	0.96678 	0.97298 	0.99495 	0.96869 	0.98662 	0.98631 	-0.10165 	-0.15709 	-0.06536 	0.04379 	0.00000 	0.33540 	-0.15399 	-0.21808 	0.04657 	-0.15230 	0.21955 	0.23312 	-0.03344 	-0.05168 	-0.02150 	0.04093 	0.00000 	0.33414 	-0.05066 	-0.07175 	0.04447 	-0.05011 	0.07223 	-0.21031 	0.02997	0.00233
Replication65	 -1.34036	0.99824	0.99086 	0.99014 	0.98960 	0.99516 	0.99392 	1.00574 	0.96912 	0.97599 	0.99447 	0.97011 	0.98793 	0.98520 	-0.13662 	-0.21165 	-0.20006 	0.05740 	0.00000 	0.41641 	-0.14761 	-0.10907 	0.04820 	-0.18690 	0.22437 	0.26709 	-0.04497 	-0.06966 	-0.06585 	0.05412 	0.00000 	0.41497 	-0.04859 	-0.03590 	0.04579 	-0.06152 	0.07385 	-0.24320 	0.02156	0.01904
Replication66	 -1.27333	0.99808	0.99015 	0.99263 	0.98844 	0.99606 	0.99511 	1.00549 	0.96346 	0.96865 	0.99104 	0.96236 	0.97835 	0.98077 	-0.17615 	-0.12170 	-0.21897 	0.05415 	0.02288 	0.44064 	-0.10200 	-0.15734 	0.05867 	-0.19891 	0.13553 	0.29262 	-0.05800 	-0.04007 	-0.07210 	0.05057 	0.00753 	0.43907 	-0.03359 	-0.05181 	0.05603 	-0.06549 	0.04463 	-0.26445 	0.02942	0.01232
Replication67	 -1.34845	0.99868	0.99427 	0.99585 	0.99595 	0.99887 	0.99875 	1.00689 	0.97179 	0.97988 	0.99785 	0.97442 	0.99476 	0.99027 	-0.12962 	-0.13689 	-0.10825 	0.04305 	0.01572 	0.30403 	-0.18776 	-0.13399 	0.03767 	-0.18034 	0.29616 	0.20173 	-0.04263 	-0.04502 	-0.03560 	0.04057 	0.00517 	0.30295 	-0.06175 	-0.04406 	0.03585 	-0.05931 	0.09740 	-0.18273 	0.02152	0.01085
Replication68	 -1.25218	0.99810	0.99287 	0.99187 	0.98809 	0.99653 	0.99543 	1.00544 	0.95884 	0.96706 	0.99116 	0.96162 	0.98171 	0.98050 	-0.12519 	-0.17032 	-0.22707 	0.05236 	0.01975 	0.44552 	-0.18708 	-0.19856 	0.05830 	-0.17599 	0.24882 	0.29069 	-0.04122 	-0.05608 	-0.07476 	0.04880 	0.00650 	0.44396 	-0.06160 	-0.06538 	0.05568 	-0.05794 	0.08193 	-0.26227 	0.03122	0.01761
Replication69	 -1.40324	0.99879	0.99419 	0.99720 	0.99616 	0.99936 	0.99850 	1.00710 	0.97663 	0.98444 	0.99947 	0.97959 	0.99839 	0.99265 	-0.14388 	-0.09355 	-0.13597 	0.04110 	0.00000 	0.28365 	-0.18331 	-0.10131 	0.03267 	-0.16030 	0.29281 	0.18372 	-0.04731 	-0.03076 	-0.04471 	0.03884 	0.00000 	0.28265 	-0.06027 	-0.03331 	0.03101 	-0.05270 	0.09628 	-0.16700 	0.01564	0.01273
Replication70	 -1.37667	0.99844	0.98822 	0.99283 	0.99260 	0.99559 	0.99469 	1.00629 	0.97714 	0.98009 	0.99670 	0.97646 	0.99206 	0.98848 	-0.19948 	-0.12909 	-0.15674 	0.05559 	0.00000 	0.36224 	-0.09029 	-0.15908 	0.04130 	-0.14876 	0.20543 	0.23721 	-0.06563 	-0.04247 	-0.05157 	0.05266 	0.00000 	0.36096 	-0.02971 	-0.05234 	0.03915 	-0.04895 	0.06759 	-0.21648 	0.01834	0.01321
Replication71	 -1.29896	0.99815	0.98796 	0.98936 	0.99027 	0.99397 	0.99302 	1.00564 	0.96659 	0.97312 	0.99339 	0.96849 	0.98413 	0.98372 	-0.16929 	-0.20888 	-0.14820 	0.06194 	0.00000 	0.42604 	-0.14533 	-0.15535 	0.05152 	-0.14761 	0.18024 	0.28135 	-0.05573 	-0.06877 	-0.04879 	0.05848 	0.00000 	0.42453 	-0.04785 	-0.05114 	0.04898 	-0.04860 	0.05934 	-0.25603 	0.02643	0.01441
Replication72	 -1.35502	0.99842	0.99077 	0.99265 	0.99294 	0.99640 	0.99649 	1.00629 	0.97287 	0.97832 	0.99586 	0.97381 	0.98877 	0.98754 	-0.16143 	-0.17129 	-0.14270 	0.05258 	0.02435 	0.36196 	-0.12392 	-0.13263 	0.04386 	-0.14964 	0.17936 	0.24042 	-0.05312 	-0.05636 	-0.04695 	0.04962 	0.00801 	0.36066 	-0.04077 	-0.04364 	0.04168 	-0.04924 	0.05902 	-0.21878 	0.02091	0.01012
Replication73	 -1.22450	0.99793	0.98780 	0.98675 	0.98766 	0.99274 	0.99157 	1.00506 	0.95738 	0.96646 	0.99091 	0.96265 	0.98137 	0.97972 	-0.14773 	-0.26093 	-0.16920 	0.06675 	0.00000 	0.48223 	-0.21523 	-0.22263 	0.05917 	-0.12322 	0.25021 	0.31450 	-0.04865 	-0.08594 	-0.05573 	0.06289 	0.00000 	0.48054 	-0.07089 	-0.07332 	0.05633 	-0.04058 	0.08241 	-0.28533 	0.03391	0.02171
Replication74	 -1.39925	0.99865	0.99842 	0.99710 	0.99468 	1.00054 	0.99927 	1.00682 	0.97457 	0.98177 	0.99721 	0.97757 	0.99021 	0.99001 	-0.07790 	-0.12800 	-0.16108 	0.03679 	0.00000 	0.31038 	-0.14971 	-0.09361 	0.03961 	-0.11849 	0.15313 	0.20565 	-0.02562 	-0.04210 	-0.05298 	0.03426 	0.00000 	0.30927 	-0.04924 	-0.03079 	0.03775 	-0.03897 	0.05036 	-0.18640 	0.01677	0.00557
Replication75	 -1.37091	0.99840	0.99185 	0.99158 	0.98961 	0.99614 	0.99534 	1.00597 	0.96736 	0.97935 	0.99610 	0.97551 	0.99348 	0.98741 	-0.14275 	-0.18423 	-0.24442 	0.05357 	0.01580 	0.39330 	-0.26726 	-0.09769 	0.04314 	-0.10041 	0.30551 	0.24302 	-0.04697 	-0.06062 	-0.08043 	0.05058 	0.00520 	0.39199 	-0.08794 	-0.03215 	0.04095 	-0.03304 	0.10053 	-0.22126 	0.01758	0.02683
Replication76	 0.00405	0.99780	0.99205 	0.98881 	0.98523 	0.99484 	0.99294 	1.00470 	0.94595 	0.95799 	0.98745 	0.95189 	0.97481 	0.97491 	-0.10367 	-0.22220 	-0.22852 	0.05898 	0.00477 	0.51798 	-0.25954 	-0.23674 	0.06973 	-0.17704 	0.28333 	0.33616 	-0.03415 	-0.07320 	-0.07528 	0.05487 	0.00157 	0.51618 	-0.08550 	-0.07799 	0.06671 	-0.05833 	0.09334 	-0.30236 	0.04325	0.02585
Replication77	 -1.31134	0.99834	0.98828 	0.99187 	0.99239 	0.99526 	0.99505 	1.00611 	0.97395 	0.97462 	0.99522 	0.97052 	0.99054 	0.98605 	-0.18908 	-0.16030 	-0.13391 	0.05690 	0.01585 	0.38039 	-0.06228 	-0.24217 	0.04585 	-0.19695 	0.25837 	0.25257 	-0.06223 	-0.05275 	-0.04407 	0.05380 	0.00522 	0.37903 	-0.02050 	-0.07969 	0.04356 	-0.06481 	0.08503 	-0.22949 	0.02524	0.01309
Replication78	 -1.33516	0.99846	0.98908 	0.99298 	0.99316 	0.99607 	0.99649 	1.00635 	0.97362 	0.97737 	0.99627 	0.97147 	0.99223 	0.98774 	-0.19186 	-0.14683 	-0.14189 	0.05378 	0.03172 	0.35692 	-0.10289 	-0.16127 	0.04260 	-0.22367 	0.27102 	0.23493 	-0.06313 	-0.04831 	-0.04669 	0.05089 	0.01043 	0.35565 	-0.03385 	-0.05306 	0.04048 	-0.07359 	0.08917 	-0.21349 	0.02256	0.01452
Replication79	 -1.45410	0.99893	0.99294 	0.99488 	0.99733 	0.99803 	0.99781 	1.00732 	0.98341 	0.99113 	1.00240 	0.98756 	1.00573 	0.99654 	-0.14171 	-0.16348 	-0.11353 	0.04596 	0.00000 	0.26129 	-0.19478 	-0.07453 	0.02372 	-0.12655 	0.33179 	0.16163 	-0.04658 	-0.05374 	-0.03732 	0.04396 	0.00000 	0.26041 	-0.06403 	-0.02450 	0.02225 	-0.04160 	0.10906 	-0.14866 	0.00980	0.01927
Replication80	 -1.26474	0.99838	0.98847 	0.99434 	0.99353 	0.99638 	0.99581 	1.00625 	0.96691 	0.97197 	0.99444 	0.96458 	0.98763 	0.98521 	-0.20383 	-0.09472 	-0.10939 	0.05269 	0.01005 	0.36619 	-0.12034 	-0.18064 	0.04820 	-0.26062 	0.27551 	0.24730 	-0.06707 	-0.03117 	-0.03600 	0.04966 	0.00331 	0.36486 	-0.03960 	-0.05944 	0.04597 	-0.08576 	0.09066 	-0.22342 	0.03040	0.01200
Replication81	 -1.31727	0.99851	0.99505 	0.99517 	0.99443 	0.99886 	0.99931 	1.00656 	0.96724 	0.97561 	0.99546 	0.97111 	0.98793 	0.98714 	-0.11682 	-0.15674 	-0.12423 	0.04326 	0.03714 	0.33632 	-0.18688 	-0.16013 	0.04500 	-0.13734 	0.21807 	0.22758 	-0.03843 	-0.05156 	-0.04087 	0.04047 	0.01222 	0.33510 	-0.06148 	-0.05268 	0.04295 	-0.04518 	0.07174 	-0.20556 	0.02524	0.00672
Replication82	 0.02429	0.99738	0.98460 	0.98978 	0.98571 	0.99300 	0.99089 	1.00404 	0.92571 	0.94108 	0.97930 	0.92886 	0.94617 	0.96472 	-0.21071 	-0.10958 	-0.09077 	0.06630 	0.00000 	0.58184 	-0.22017 	-0.16900 	0.09469 	-0.26996 	0.00000 	0.40207 	-0.06947 	-0.03613 	-0.02993 	0.06140 	0.00000 	0.57970 	-0.07260 	-0.05572 	0.09109 	-0.08901 	0.00000 	-0.35845 	0.07472	0.02088
Replication83	 -1.30068	0.99807	0.98589 	0.98711 	0.98825 	0.99239 	0.99189 	1.00534 	0.96489 	0.97338 	0.99319 	0.96833 	0.98532 	0.98316 	-0.18796 	-0.24002 	-0.18807 	0.06794 	0.01279 	0.45556 	-0.18324 	-0.12580 	0.05218 	-0.15062 	0.21976 	0.29284 	-0.06189 	-0.07903 	-0.06193 	0.06433 	0.00421 	0.45398 	-0.06033 	-0.04142 	0.04954 	-0.04960 	0.07236 	-0.26698 	0.02536	0.02324
Replication84	 -1.32451	0.99831	0.98724 	0.99143 	0.99219 	0.99469 	0.99389 	1.00604 	0.97115 	0.97619 	0.99513 	0.97096 	0.98810 	0.98622 	-0.19827 	-0.15626 	-0.13028 	0.05908 	0.00000 	0.38637 	-0.11789 	-0.14608 	0.04613 	-0.18064 	0.20541 	0.25626 	-0.06525 	-0.05143 	-0.04288 	0.05593 	0.00000 	0.38499 	-0.03880 	-0.04808 	0.04382 	-0.05945 	0.06760 	-0.23336 	0.02383	0.01309
Replication85	 -1.32988	0.99834	0.98820 	0.99040 	0.99162 	0.99453 	0.99375 	1.00601 	0.97053 	0.97670 	0.99598 	0.97488 	0.99342 	0.98690 	-0.17559 	-0.19332 	-0.15127 	0.05965 	0.00000 	0.38941 	-0.18581 	-0.22632 	0.04356 	-0.09449 	0.30544 	0.25137 	-0.05778 	-0.06362 	-0.04978 	0.05656 	0.00000 	0.38805 	-0.06115 	-0.07448 	0.04129 	-0.03110 	0.10052 	-0.22912 	0.02263	0.01939
Replication86	 -1.19527	0.99795	0.99098 	0.99000 	0.98988 	0.99514 	0.99389 	1.00532 	0.95625 	0.96415 	0.98929 	0.95790 	0.97139 	0.97847 	-0.12187 	-0.21553 	-0.11429 	0.05774 	0.00000 	0.45739 	-0.14052 	-0.16688 	0.06408 	-0.16637 	0.07177 	0.31322 	-0.04014 	-0.07099 	-0.03764 	0.05390 	0.00000 	0.45570 	-0.04628 	-0.05496 	0.06126 	-0.05479 	0.02364 	-0.28285 	0.03874	0.00685
Replication87	 -1.40694	0.99864	0.99348 	0.99655 	0.99427 	0.99881 	0.99764 	1.00677 	0.98170 	0.98202 	0.99803 	0.97961 	0.99544 	0.99053 	-0.15245 	-0.08791 	-0.16932 	0.04331 	0.00000 	0.31537 	-0.05580 	-0.20548 	0.03715 	-0.13838 	0.22224 	0.20689 	-0.05014 	-0.02891 	-0.05569 	0.04077 	0.00000 	0.31425 	-0.01835 	-0.06758 	0.03529 	-0.04551 	0.07309 	-0.18814 	0.01563	0.00908
Replication88	 -1.27526	0.99804	0.98890 	0.98936 	0.98816 	0.99419 	0.99276 	1.00532 	0.96178 	0.96995 	0.99171 	0.96430 	0.98096 	0.98133 	-0.15836 	-0.19950 	-0.19514 	0.06121 	0.00000 	0.45695 	-0.16804 	-0.14204 	0.05670 	-0.16578 	0.18394 	0.29875 	-0.05215 	-0.06569 	-0.06426 	0.05754 	0.00000 	0.45534 	-0.05533 	-0.04677 	0.05400 	-0.05459 	0.06057 	-0.27113 	0.02869	0.01753
Replication89	 -1.35319	0.99882	0.99389 	0.99917 	0.99746 	1.00014 	0.99927 	1.00724 	0.97496 	0.98103 	0.99889 	0.97526 	0.99757 	0.99178 	-0.16187 	-0.04050 	-0.10259 	0.03814 	0.00000 	0.26949 	-0.15579 	-0.15475 	0.03443 	-0.21190 	0.32626 	0.18019 	-0.05322 	-0.01332 	-0.03373 	0.03593 	0.00000 	0.26852 	-0.05122 	-0.05088 	0.03281 	-0.06967 	0.10727 	-0.16264 	0.02112	0.00987
Replication90	 -1.39111	0.99865	0.99914 	0.99607 	0.99303 	1.00027 	0.99879 	1.00666 	0.97272 	0.98106 	0.99762 	0.97579 	0.99593 	0.98992 	-0.06079 	-0.15293 	-0.21021 	0.03779 	0.00000 	0.32648 	-0.19398 	-0.10953 	0.03839 	-0.17311 	0.30936 	0.20498 	-0.01999 	-0.05030 	-0.06913 	0.03527 	0.00000 	0.32538 	-0.06380 	-0.03602 	0.03654 	-0.05693 	0.10174 	-0.18564 	0.01645	0.01712
Replication91	 -1.20415	0.99830	0.99330 	0.99662 	0.99492 	0.99899 	0.99961 	1.00632 	0.95983 	0.96795 	0.99123 	0.96061 	0.97138 	0.98220 	-0.15181 	-0.09658 	-0.06165 	0.04294 	0.04492 	0.35924 	-0.11931 	-0.11816 	0.05796 	-0.17899 	0.00000 	0.25947 	-0.04996 	-0.03179 	-0.02029 	0.03977 	0.01478 	0.35785 	-0.03927 	-0.03889 	0.05563 	-0.05891 	0.00000 	-0.23269 	0.03802	0.00376
Replication92	 -1.24652	0.99837	0.99564 	0.99684 	0.99372 	0.99957 	0.99811 	1.00631 	0.96066 	0.96913 	0.99285 	0.96297 	0.98151 	0.98356 	-0.11172 	-0.09377 	-0.11770 	0.04071 	0.00000 	0.36021 	-0.17640 	-0.18361 	0.05301 	-0.18479 	0.19867 	0.24860 	-0.03676 	-0.03086 	-0.03873 	0.03767 	0.00000 	0.35888 	-0.05805 	-0.06042 	0.05078 	-0.06081 	0.06537 	-0.22314 	0.03322	0.00394
Replication93	 -1.16111	0.99784	0.98784 	0.99135 	0.98770 	0.99470 	0.99286 	1.00502 	0.95170 	0.95985 	0.98771 	0.95403 	0.97051 	0.97592 	-0.18786 	-0.12062 	-0.16966 	0.05948 	0.00000 	0.48606 	-0.16341 	-0.22264 	0.06892 	-0.16770 	0.12998 	0.32971 	-0.06189 	-0.03974 	-0.05589 	0.05545 	0.00000 	0.48429 	-0.05383 	-0.07334 	0.06595 	-0.05524 	0.04282 	-0.29688 	0.04225	0.01171
Replication94	 -1.38685	0.99857	0.99129 	0.99492 	0.99348 	0.99743 	0.99637 	1.00657 	0.97582 	0.98104 	0.99769 	0.97877 	0.99572 	0.98982 	-0.17151 	-0.10713 	-0.16889 	0.04856 	0.00000 	0.33472 	-0.15588 	-0.18512 	0.03821 	-0.10520 	0.27266 	0.21680 	-0.05642 	-0.03524 	-0.05555 	0.04589 	0.00000 	0.33355 	-0.05127 	-0.06089 	0.03625 	-0.03461 	0.08969 	-0.19735 	0.01720	0.01404
Replication95	 -1.46013	0.99875	0.99461 	0.99302 	0.99429 	0.99767 	0.99724 	1.00685 	0.98685 	0.98827 	1.00078 	0.98710 	1.00395 	0.99398 	-0.10504 	-0.21169 	-0.17561 	0.04747 	0.00528 	0.30748 	-0.09704 	-0.17942 	0.02875 	-0.10462 	0.30443 	0.18918 	-0.03454 	-0.06961 	-0.05775 	0.04513 	0.00174 	0.30645 	-0.03191 	-0.05900 	0.02703 	-0.03440 	0.10010 	-0.17375 	0.00916	0.01951
Replication96	 -1.26070	0.99805	0.99147 	0.99066 	0.98930 	0.99555 	0.99411 	1.00546 	0.96063 	0.96881 	0.99104 	0.96314 	0.97680 	0.98084 	-0.12686 	-0.19720 	-0.16706 	0.05610 	0.00000 	0.44389 	-0.15386 	-0.13729 	0.05870 	-0.15168 	0.10942 	0.29685 	-0.04177 	-0.06494 	-0.05501 	0.05245 	0.00000 	0.44230 	-0.05066 	-0.04521 	0.05603 	-0.04995 	0.03603 	-0.26875 	0.03099	0.01052
Replication97	 -1.31178	0.99855	0.99798 	0.99591 	0.99499 	1.00005 	1.00020 	1.00667 	0.96908 	0.97495 	0.99560 	0.97030 	0.98894 	0.98728 	-0.07423 	-0.16919 	-0.11870 	0.03875 	0.03095 	0.32569 	-0.14727 	-0.19697 	0.04458 	-0.16717 	0.23828 	0.22128 	-0.02442 	-0.05566 	-0.03905 	0.03604 	0.01018 	0.32451 	-0.04845 	-0.06479 	0.04259 	-0.05499 	0.07838 	-0.19939 	0.02600	0.00495
Replication98	 -1.35533	0.99850	0.99576 	0.99664 	0.99258 	0.99951 	0.99817 	1.00644 	0.96927 	0.97694 	0.99543 	0.97271 	0.98861 	0.98712 	-0.11973 	-0.09524 	-0.19491 	0.04080 	0.00689 	0.34763 	-0.17302 	-0.14376 	0.04511 	-0.13119 	0.20941 	0.22893 	-0.03939 	-0.03133 	-0.06412 	0.03799 	0.00227 	0.34640 	-0.05692 	-0.04729 	0.04305 	-0.04316 	0.06889 	-0.20689 	0.02094	0.00949
Replication99	 -1.31156	0.99845	0.99445 	0.99699 	0.99353 	0.99929 	0.99804 	1.00644 	0.96886 	0.97364 	0.99447 	0.96918 	0.98581 	0.98578 	-0.13801 	-0.07722 	-0.14921 	0.04169 	0.00538 	0.34774 	-0.11937 	-0.19807 	0.04803 	-0.16058 	0.18877 	0.23693 	-0.04541 	-0.02541 	-0.04909 	0.03879 	0.00177 	0.34647 	-0.03927 	-0.06517 	0.04590 	-0.05283 	0.06211 	-0.21360 	0.02609	0.00426
Replication100	 0.00259	0.99779	0.98891 	0.99117 	0.98758 	0.99495 	0.99306 	1.00492 	0.94741 	0.95732 	0.98665 	0.95123 	0.96750 	0.97451 	-0.16757 	-0.13574 	-0.15840 	0.05861 	0.00000 	0.49582 	-0.19088 	-0.22306 	0.07216 	-0.16080 	0.11827 	0.33779 	-0.05521 	-0.04472 	-0.05219 	0.05448 	0.00000 	0.49401 	-0.06289 	-0.07349 	0.06913 	-0.05298 	0.03896 	-0.30360 	0.04619	0.01151
Replication101	 -1.33244	0.99845	0.99413 	0.99529 	0.99341 	0.99844 	0.99722 	1.00641 	0.97369 	0.97536 	0.99540 	0.97172 	0.98937 	0.98677 	-0.12626 	-0.12424 	-0.14639 	0.04486 	0.00000 	0.35043 	-0.07552 	-0.23115 	0.04522 	-0.16724 	0.21844 	0.23549 	-0.04154 	-0.04088 	-0.04816 	0.04197 	0.00000 	0.34916 	-0.02485 	-0.07605 	0.04310 	-0.05502 	0.07187 	-0.21311 	0.02365	0.00649
Replication102	 -1.31930	0.99840	0.99174 	0.99463 	0.99370 	0.99745 	0.99642 	1.00634 	0.97138 	0.97488 	0.99484 	0.97152 	0.98608 	0.98618 	-0.15526 	-0.12061 	-0.11798 	0.04864 	0.00000 	0.35723 	-0.09850 	-0.20796 	0.04696 	-0.13270 	0.16123 	0.24424 	-0.05109 	-0.03969 	-0.03882 	0.04564 	0.00000 	0.35592 	-0.03241 	-0.06843 	0.04476 	-0.04366 	0.05305 	-0.22129 	0.02530	0.00398
Replication103	 -1.36849	0.99841	0.98629 	0.98823 	0.99322 	0.99308 	0.99299 	1.00619 	0.98060 	0.98175 	0.99775 	0.97776 	0.99529 	0.98955 	-0.18196 	-0.25326 	-0.09927 	0.06505 	0.00000 	0.37209 	-0.06096 	-0.16255 	0.03816 	-0.18013 	0.24075 	0.24076 	-0.05987 	-0.08333 	-0.03266 	0.06207 	0.00000 	0.37079 	-0.02006 	-0.05349 	0.03598 	-0.05927 	0.07922 	-0.22106 	0.01868	0.01831
Replication104	 -1.40807	0.99866	0.98755 	0.99175 	0.99568 	0.99503 	0.99497 	1.00678 	0.98089 	0.98638 	1.00004 	0.98336 	0.99980 	0.99304 	-0.19453 	-0.18378 	-0.09076 	0.05750 	0.00000 	0.31437 	-0.15036 	-0.12294 	0.03105 	-0.11980 	0.27144 	0.20253 	-0.06398 	-0.06044 	-0.02985 	0.05500 	0.00000 	0.31327 	-0.04945 	-0.04043 	0.02921 	-0.03940 	0.08927 	-0.18619 	0.01472	0.01701
Replication105	 0.00020	0.99812	0.98769 	0.99363 	0.99418 	0.99582 	0.99502 	1.00587 	0.94980 	0.96065 	0.98991 	0.95315 	0.97389 	0.97919 	-0.19400 	-0.10720 	-0.00912 	0.05501 	0.00000 	0.40354 	-0.21301 	-0.22179 	0.06206 	-0.20957 	0.19580 	0.28707 	-0.06387 	-0.03529 	-0.00300 	0.05151 	0.00000 	0.40201 	-0.07013 	-0.07302 	0.05949 	-0.06900 	0.06446 	-0.25738 	0.04878	0.00576
Replication106	 -1.23585	0.99811	0.98518 	0.99112 	0.99105 	0.99390 	0.99290 	1.00565 	0.96007 	0.96855 	0.99210 	0.96508 	0.98119 	0.98188 	-0.22384 	-0.13102 	-0.11570 	0.06223 	0.00000 	0.42503 	-0.19634 	-0.21899 	0.05544 	-0.10704 	0.19618 	0.28763 	-0.07370 	-0.04314 	-0.03809 	0.05870 	0.00000 	0.42348 	-0.06464 	-0.07210 	0.05285 	-0.03524 	0.06459 	-0.26055 	0.03359	0.01216
Replication107	 -1.29910	0.99817	0.98164 	0.98778 	0.99017 	0.99139 	0.99079 	1.00560 	0.96635 	0.97525 	0.99468 	0.97254 	0.98927 	0.98507 	-0.25242 	-0.18812 	-0.14140 	0.07160 	0.00000 	0.42948 	-0.21707 	-0.17392 	0.04760 	-0.08858 	0.26074 	0.27754 	-0.08310 	-0.06193 	-0.04655 	0.06818 	0.00000 	0.42798 	-0.07146 	-0.05725 	0.04508 	-0.02916 	0.08584 	-0.25352 	0.02545	0.02411
Replication108	 -1.30552	0.99830	0.99285 	0.99258 	0.99278 	0.99689 	0.99591 	1.00610 	0.97115 	0.97405 	0.99383 	0.96696 	0.98218 	0.98494 	-0.11869 	-0.18623 	-0.11551 	0.05084 	0.00000 	0.38114 	-0.04588 	-0.12478 	0.05008 	-0.23167 	0.10852 	0.25880 	-0.03906 	-0.06129 	-0.03802 	0.04767 	0.00000 	0.37975 	-0.01510 	-0.04107 	0.04775 	-0.07625 	0.03572 	-0.23466 	0.02662	0.00543
Replication109	 -1.23454	0.99818	0.98766 	0.99285 	0.99126 	0.99539 	0.99415 	1.00578 	0.95656 	0.96876 	0.99216 	0.96317 	0.98094 	0.98218 	-0.20265 	-0.10707 	-0.13281 	0.05657 	0.00000 	0.41220 	-0.24735 	-0.15245 	0.05523 	-0.14081 	0.21577 	0.27694 	-0.06671 	-0.03525 	-0.04372 	0.05318 	0.00000 	0.41072 	-0.08143 	-0.05019 	0.05274 	-0.04635 	0.07103 	-0.25014 	0.03357	0.01387
Replication110	 0.00172	0.99794	0.99620 	0.99113 	0.98889 	0.99717 	0.99542 	1.00522 	0.94828 	0.95962 	0.98807 	0.95345 	0.97144 	0.97654 	-0.05036 	-0.22764 	-0.14951 	0.05014 	0.00000 	0.46693 	-0.22413 	-0.21248 	0.06775 	-0.16083 	0.16867 	0.31513 	-0.01659 	-0.07498 	-0.04924 	0.04629 	0.00000 	0.46525 	-0.07382 	-0.06998 	0.06492 	-0.05297 	0.05555 	-0.28290 	0.04367	0.01153
Replication111	 -1.54628	0.99937	0.99614 	1.00162 	0.99993 	1.00194 	1.00131 	1.00825 	0.99742 	0.99994 	1.00648 	0.99898 	1.01564 	1.00258 	-0.16008 	-0.01698 	-0.16473 	0.03087 	0.00000 	0.17050 	-0.12080 	-0.10705 	0.01109 	-0.09072 	0.35309 	0.09517 	-0.05257 	-0.00558 	-0.05410 	0.02970 	0.00000 	0.16998 	-0.03967 	-0.03516 	0.01023 	-0.02979 	0.11596 	-0.08802 	0.00035	0.02097
Replication112	 -1.36416	0.99850	0.98923 	0.99573 	0.99232 	0.99730 	0.99762 	1.00642 	0.97387 	0.97832 	0.99618 	0.97404 	0.99168 	0.98787 	-0.22346 	-0.06002 	-0.20143 	0.04911 	0.04316 	0.34964 	-0.12062 	-0.16331 	0.04285 	-0.16383 	0.23871 	0.22878 	-0.07351 	-0.01975 	-0.06627 	0.04630 	0.01420 	0.34841 	-0.03968 	-0.05373 	0.04079 	-0.05390 	0.07853 	-0.20746 	0.01957	0.01393
Replication113	 -1.28089	0.99826	0.99203 	0.99533 	0.99141 	0.99776 	0.99612 	1.00598 	0.96293 	0.97063 	0.99241 	0.96547 	0.98001 	0.98296 	-0.16105 	-0.08044 	-0.16683 	0.04759 	0.00000 	0.39256 	-0.15520 	-0.15826 	0.05441 	-0.14679 	0.13696 	0.26623 	-0.05301 	-0.02648 	-0.05491 	0.04433 	0.00000 	0.39113 	-0.05108 	-0.05209 	0.05201 	-0.04831 	0.04508 	-0.24018 	0.02918	0.00648
Replication114	 -1.42762	0.99871	0.98962 	0.99492 	0.99447 	0.99696 	0.99617 	1.00682 	0.97908 	0.98673 	0.99962 	0.98008 	0.99850 	0.99279 	-0.19867 	-0.09902 	-0.16304 	0.05019 	0.00000 	0.31044 	-0.15758 	-0.02117 	0.03228 	-0.20501 	0.26846 	0.19562 	-0.06533 	-0.03256 	-0.05361 	0.04778 	0.00000 	0.30938 	-0.05182 	-0.00696 	0.03051 	-0.06742 	0.08828 	-0.17903 	0.01250	0.01921
Replication115	 -1.27322	0.99812	0.98808 	0.99082 	0.99022 	0.99467 	0.99393 	1.00562 	0.96434 	0.97041 	0.99229 	0.96543 	0.98109 	0.98232 	-0.18294 	-0.16762 	-0.15196 	0.05933 	0.01099 	0.42740 	-0.13235 	-0.17446 	0.05487 	-0.15939 	0.15932 	0.28635 	-0.06023 	-0.05519 	-0.05003 	0.05582 	0.00362 	0.42586 	-0.04357 	-0.05744 	0.05228 	-0.05248 	0.05245 	-0.25968 	0.02953	0.01141
Replication116	 -1.43061	0.99888	0.99239 	0.99561 	0.99820 	0.99820 	0.99805 	1.00734 	0.98340 	0.98859 	1.00140 	0.98527 	1.00179 	0.99532 	-0.15277 	-0.14214 	-0.07640 	0.04538 	0.00000 	0.25939 	-0.14168 	-0.11503 	0.02679 	-0.13034 	0.27018 	0.16965 	-0.05022 	-0.04673 	-0.02512 	0.04329 	0.00000 	0.25847 	-0.04657 	-0.03781 	0.02525 	-0.04285 	0.08882 	-0.15551 	0.01301	0.01101
Replication117	 -1.46940	0.99874	0.99207 	0.99346 	0.99479 	0.99709 	0.99654 	1.00689 	0.98426 	0.98984 	1.00064 	0.98684 	1.00017 	0.99425 	-0.14724 	-0.17404 	-0.15711 	0.04968 	0.00000 	0.30374 	-0.13757 	-0.06552 	0.02919 	-0.10398 	0.22106 	0.19029 	-0.04842 	-0.05723 	-0.05166 	0.04733 	0.00000 	0.30270 	-0.04524 	-0.02154 	0.02747 	-0.03419 	0.07269 	-0.17512 	0.00850	0.01678
Replication118	 -1.44112	0.99872	0.98795 	0.99271 	0.99540 	0.99554 	0.99531 	1.00687 	0.98593 	0.98861 	1.00070 	0.98473 	1.00131 	0.99405 	-0.20080 	-0.15737 	-0.12087 	0.05551 	0.00000 	0.30593 	-0.08743 	-0.10115 	0.02902 	-0.16250 	0.25674 	0.19418 	-0.06603 	-0.05175 	-0.03975 	0.05311 	0.00000 	0.30487 	-0.02875 	-0.03326 	0.02725 	-0.05344 	0.08443 	-0.17882 	0.01125	0.01786
Replication119	 -1.30166	0.99833	0.98448 	0.98964 	0.99259 	0.99311 	0.99270 	1.00602 	0.96734 	0.97649 	0.99585 	0.97189 	0.99146 	0.98686 	-0.22161 	-0.18444 	-0.10275 	0.06500 	0.00000 	0.38853 	-0.21334 	-0.14884 	0.04394 	-0.14745 	0.29277 	0.25374 	-0.07293 	-0.06070 	-0.03382 	0.06188 	0.00000 	0.38716 	-0.07021 	-0.04898 	0.04165 	-0.04853 	0.09635 	-0.23144 	0.02554	0.02042
Replication120	 -1.23504	0.99812	0.99251 	0.99378 	0.98899 	0.99718 	0.99522 	1.00556 	0.95839 	0.96571 	0.99098 	0.96061 	0.98116 	0.98028 	-0.14159 	-0.11050 	-0.20821 	0.04990 	0.00000 	0.43339 	-0.17646 	-0.23400 	0.05883 	-0.17583 	0.25106 	0.28688 	-0.04662 	-0.03638 	-0.06855 	0.04639 	0.00000 	0.43185 	-0.05810 	-0.07704 	0.05625 	-0.05789 	0.08266 	-0.25825 	0.03346	0.01432
Replication121	 -1.37349	0.99863	0.98974 	0.99277 	0.99497 	0.99610 	0.99570 	1.00670 	0.98098 	0.98231 	0.99914 	0.97844 	1.00073 	0.99141 	-0.17031 	-0.16985 	-0.11354 	0.05350 	0.00000 	0.32269 	-0.08879 	-0.20680 	0.03380 	-0.19871 	0.34891 	0.20731 	-0.05601 	-0.05586 	-0.03734 	0.05094 	0.00000 	0.32157 	-0.02920 	-0.06802 	0.03193 	-0.06536 	0.11476 	-0.18940 	0.01819	0.01799
Replication122	 -1.38770	0.99879	0.99837 	0.99798 	0.99667 	1.00096 	0.99999 	1.00715 	0.97533 	0.98246 	0.99866 	0.97785 	0.99542 	0.99175 	-0.08276 	-0.11875 	-0.12335 	0.03508 	0.00000 	0.27869 	-0.16728 	-0.12487 	0.03513 	-0.15302 	0.25400 	0.18495 	-0.02721 	-0.03905 	-0.04056 	0.03281 	0.00000 	0.27770 	-0.05500 	-0.04106 	0.03347 	-0.05031 	0.08352 	-0.16737 	0.01782	0.00693
Replication123	 -1.42905	0.99884	0.98981 	0.99434 	0.99687 	0.99688 	0.99701 	1.00716 	0.98363 	0.98866 	1.00147 	0.98440 	1.00397 	0.99509 	-0.18638 	-0.14340 	-0.10534 	0.05039 	0.00822 	0.27764 	-0.14203 	-0.10560 	0.02659 	-0.16992 	0.32656 	0.17572 	-0.06127 	-0.04714 	-0.03463 	0.04821 	0.00270 	0.27669 	-0.04669 	-0.03472 	0.02500 	-0.05586 	0.10736 	-0.16136 	0.01244	0.01828
Replication124	 -1.22331	0.99797	0.98930 	0.98791 	0.98865 	0.99371 	0.99256 	1.00521 	0.95427 	0.96704 	0.99066 	0.96257 	0.97763 	0.97990 	-0.13319 	-0.25075 	-0.14934 	0.06308 	0.00000 	0.46801 	-0.25743 	-0.15575 	0.05989 	-0.09609 	0.17705 	0.30896 	-0.04386 	-0.08258 	-0.04918 	0.05928 	0.00000 	0.46635 	-0.08478 	-0.05129 	0.05711 	-0.03164 	0.05831 	-0.27997 	0.03444	0.01774
Replication125	 -1.33547	0.99828	0.98638 	0.98957 	0.99177 	0.99369 	0.99362 	1.00594 	0.97254 	0.97725 	0.99528 	0.97306 	0.98813 	0.98639 	-0.19795 	-0.20361 	-0.12916 	0.06289 	0.01350 	0.39635 	-0.11408 	-0.14737 	0.04572 	-0.14740 	0.18213 	0.26154 	-0.06515 	-0.06702 	-0.04251 	0.05966 	0.00444 	0.39493 	-0.03755 	-0.04851 	0.04336 	-0.04851 	0.05994 	-0.23880 	0.02255	0.01430
Replication126	 -1.23525	0.99807	0.98823 	0.99199 	0.98912 	0.99513 	0.99354 	1.00547 	0.95689 	0.96705 	0.99108 	0.96147 	0.97963 	0.98051 	-0.19036 	-0.12018 	-0.17961 	0.05765 	0.00000 	0.44288 	-0.21186 	-0.17269 	0.05857 	-0.15650 	0.21136 	0.29406 	-0.06268 	-0.03957 	-0.05914 	0.05404 	0.00000 	0.44130 	-0.06976 	-0.05686 	0.05593 	-0.05153 	0.06959 	-0.26565 	0.03331	0.01567
Replication127	 -1.37270	0.99847	0.99542 	0.99528 	0.99199 	0.99879 	0.99725 	1.00634 	0.97097 	0.97830 	0.99570 	0.97384 	0.98922 	0.98744 	-0.11230 	-0.12638 	-0.20195 	0.04355 	0.00000 	0.35748 	-0.16165 	-0.12030 	0.04432 	-0.13718 	0.20068 	0.23267 	-0.03695 	-0.04158 	-0.06644 	0.04069 	0.00000 	0.35623 	-0.05318 	-0.03958 	0.04222 	-0.04513 	0.06603 	-0.21093 	0.01894	0.01137
Replication128	 -1.35058	0.99846	0.99410 	0.99200 	0.99256 	0.99717 	0.99774 	1.00629 	0.97038 	0.97810 	0.99616 	0.97338 	0.99143 	0.98774 	-0.10719 	-0.22720 	-0.16196 	0.04963 	0.03776 	0.36191 	-0.17859 	-0.13390 	0.04294 	-0.15345 	0.25610 	0.23485 	-0.03527 	-0.07475 	-0.05329 	0.04674 	0.01242 	0.36064 	-0.05876 	-0.04406 	0.04082 	-0.05049 	0.08426 	-0.21341 	0.02090	0.01488
Replication129	 -1.41520	0.99879	0.99625 	0.99669 	0.99576 	0.99975 	0.99884 	1.00706 	0.98049 	0.98453 	0.99958 	0.98005 	0.99955 	0.99268 	-0.10772 	-0.12830 	-0.14900 	0.03964 	0.00000 	0.28707 	-0.11993 	-0.13950 	0.03235 	-0.18144 	0.29676 	0.18452 	-0.03542 	-0.04218 	-0.04899 	0.03737 	0.00000 	0.28607 	-0.03943 	-0.04587 	0.03069 	-0.05966 	0.09757 	-0.16784 	0.01445	0.01232
Replication130	 -1.37180	0.99832	0.98871 	0.99063 	0.99054 	0.99491 	0.99536 	1.00596 	0.97242 	0.97890 	0.99547 	0.97607 	0.98892 	0.98682 	-0.18403 	-0.19270 	-0.19533 	0.05827 	0.03772 	0.39475 	-0.15294 	-0.13286 	0.04510 	-0.09037 	0.17561 	0.25528 	-0.06057 	-0.06342 	-0.06428 	0.05513 	0.01242 	0.39337 	-0.05033 	-0.04372 	0.04279 	-0.02974 	0.05779 	-0.23295 	0.01852	0.01648
Replication131	 -1.37058	0.99875	0.99611 	0.99694 	0.99757 	1.00002 	1.00085 	1.00716 	0.97510 	0.98186 	0.99823 	0.97700 	0.99225 	0.99137 	-0.11322 	-0.14356 	-0.08148 	0.03866 	0.03606 	0.27698 	-0.14609 	-0.11423 	0.03646 	-0.15092 	0.19094 	0.19044 	-0.03723 	-0.04720 	-0.02679 	0.03632 	0.01186 	0.27595 	-0.04804 	-0.03756 	0.03475 	-0.04963 	0.06278 	-0.17249 	0.02002	0.00272
Replication132	 -1.34921	0.99848	0.99474 	0.99498 	0.99273 	0.99848 	0.99715 	1.00639 	0.96826 	0.97722 	0.99581 	0.97454 	0.99031 	0.98741 	-0.11696 	-0.13453 	-0.17389 	0.04470 	0.00000 	0.35305 	-0.21431 	-0.17039 	0.04396 	-0.08262 	0.24116 	0.23119 	-0.03848 	-0.04426 	-0.05721 	0.04186 	0.00000 	0.35181 	-0.07051 	-0.05606 	0.04187 	-0.02718 	0.07934 	-0.20943 	0.02135	0.01175
Replication133	 -1.32738	0.99865	0.99461 	0.99806 	0.99615 	0.99990 	0.99935 	1.00691 	0.97035 	0.97708 	0.99674 	0.97375 	0.99149 	0.98890 	-0.14318 	-0.07279 	-0.10806 	0.03922 	0.01245 	0.30143 	-0.17466 	-0.20581 	0.04105 	-0.12443 	0.25276 	0.20639 	-0.04709 	-0.02394 	-0.03554 	0.03669 	0.00409 	0.30032 	-0.05744 	-0.06769 	0.03919 	-0.04092 	0.08313 	-0.18606 	0.02436	0.00474
Replication134	 -1.41873	0.99869	0.99788 	0.99664 	0.99416 	1.00043 	1.00160 	1.00688 	0.97807 	0.98287 	0.99787 	0.97920 	0.99356 	0.99074 	-0.10041 	-0.14913 	-0.19736 	0.03716 	0.06256 	0.30523 	-0.11910 	-0.12456 	0.03759 	-0.13088 	0.19461 	0.19870 	-0.03302 	-0.04904 	-0.06490 	0.03472 	0.02057 	0.30416 	-0.03917 	-0.04096 	0.03580 	-0.04304 	0.06400 	-0.18015 	0.01443	0.00897
Replication135	 -1.39064	0.99853	0.99111 	0.99509 	0.99395 	0.99746 	0.99647 	1.00658 	0.97707 	0.98119 	0.99705 	0.97858 	0.99091 	0.98938 	-0.17431 	-0.10355 	-0.14719 	0.04848 	0.00000 	0.33428 	-0.10896 	-0.15254 	0.04017 	-0.09908 	0.15754 	0.22262 	-0.05734 	-0.03406 	-0.04842 	0.04574 	0.00000 	0.33307 	-0.03585 	-0.05018 	0.03816 	-0.03260 	0.05182 	-0.20276 	0.01745	0.00759
Replication136	 -1.22859	0.99802	0.98641 	0.98900 	0.98916 	0.99338 	0.99278 	1.00535 	0.96102 	0.96699 	0.99144 	0.96127 	0.98186 	0.98062 	-0.19162 	-0.19528 	-0.15127 	0.06429 	0.01335 	0.45434 	-0.14467 	-0.21447 	0.05750 	-0.20106 	0.24149 	0.30126 	-0.06310 	-0.06431 	-0.04981 	0.06059 	0.00440 	0.45272 	-0.04764 	-0.07062 	0.05479 	-0.06621 	0.07952 	-0.27296 	0.03389	0.01737
Replication137	 -1.19267	0.99813	0.98936 	0.99344 	0.99029 	0.99626 	0.99593 	1.00563 	0.95060 	0.96481 	0.99049 	0.95820 	0.97733 	0.97994 	-0.18994 	-0.10649 	-0.15764 	0.05337 	0.03173 	0.42641 	-0.27709 	-0.15314 	0.06030 	-0.15738 	0.22172 	0.28631 	-0.06253 	-0.03506 	-0.05190 	0.04987 	0.01045 	0.42487 	-0.09123 	-0.05042 	0.05773 	-0.05181 	0.07300 	-0.25735 	0.03816	0.01561
Replication138	 -1.35745	0.99824	0.99191 	0.98907 	0.98937 	0.99515 	0.99528 	1.00573 	0.97198 	0.97691 	0.99468 	0.97318 	0.98837 	0.98551 	-0.11873 	-0.26194 	-0.21041 	0.05744 	0.03226 	0.41684 	-0.12432 	-0.14878 	0.04756 	-0.13485 	0.19779 	0.26698 	-0.03908 	-0.08622 	-0.06926 	0.05415 	0.01062 	0.41540 	-0.04092 	-0.04897 	0.04515 	-0.04439 	0.06510 	-0.24339 	0.01984	0.01820
Replication139	 -1.28517	0.99813	0.99291 	0.99026 	0.98966 	0.99583 	0.99451 	1.00558 	0.96371 	0.97102 	0.99227 	0.96487 	0.98099 	0.98239 	-0.10109 	-0.22859 	-0.17172 	0.05498 	0.00000 	0.43162 	-0.14408 	-0.13142 	0.05491 	-0.18166 	0.16028 	0.28485 	-0.03328 	-0.07526 	-0.05654 	0.05149 	0.00000 	0.43008 	-0.04744 	-0.04327 	0.05234 	-0.05981 	0.05277 	-0.25825 	0.02808	0.01284
Replication140	 0.00047	0.99785	0.98391 	0.99072 	0.98983 	0.99338 	0.99278 	1.00515 	0.94953 	0.96018 	0.98742 	0.95076 	0.96509 	0.97609 	-0.23882 	-0.11981 	-0.08721 	0.06444 	0.01622 	0.47340 	-0.15750 	-0.10852 	0.06980 	-0.22725 	0.03361 	0.32843 	-0.07867 	-0.03947 	-0.02873 	0.06042 	0.00534 	0.47164 	-0.05188 	-0.03575 	0.06685 	-0.07486 	0.01107 	-0.29577 	0.04679	0.01020
Replication141	 -1.46649	0.99880	0.99290 	0.99487 	0.99556 	0.99797 	0.99750 	1.00705 	0.98874 	0.98935 	1.00088 	0.98534 	1.00132 	0.99456 	-0.14700 	-0.14768 	-0.15168 	0.04629 	0.00326 	0.28800 	-0.04302 	-0.10476 	0.02841 	-0.17770 	0.23284 	0.18206 	-0.04833 	-0.04856 	-0.04987 	0.04405 	0.00107 	0.28701 	-0.01415 	-0.03445 	0.02676 	-0.05842 	0.07656 	-0.16719 	0.00902	0.01448
Replication142	 -1.25411	0.99799	0.99211 	0.99110 	0.98688 	0.99596 	0.99492 	1.00520 	0.95461 	0.96765 	0.98976 	0.96058 	0.97383 	0.97924 	-0.13347 	-0.17577 	-0.24136 	0.05460 	0.02488 	0.46848 	-0.22437 	-0.06307 	0.06261 	-0.14962 	0.10195 	0.30615 	-0.04396 	-0.05788 	-0.07948 	0.05085 	0.00819 	0.46683 	-0.07389 	-0.02077 	0.05986 	-0.04927 	0.03357 	-0.27652 	0.03102	0.01754
Replication143	 -1.33396	0.99848	0.99573 	0.99434 	0.99371 	0.99863 	0.99848 	1.00646 	0.96898 	0.97641 	0.99559 	0.97242 	0.98864 	0.98723 	-0.09675 	-0.17962 	-0.13920 	0.04413 	0.02314 	0.34615 	-0.17277 	-0.16379 	0.04464 	-0.12848 	0.21453 	0.23134 	-0.03183 	-0.05909 	-0.04580 	0.04130 	0.00761 	0.34491 	-0.05684 	-0.05389 	0.04256 	-0.04227 	0.07058 	-0.20940 	0.02335	0.00784
Replication144	 -1.30047	0.99829	0.99319 	0.99257 	0.99165 	0.99695 	0.99574 	1.00599 	0.96598 	0.97276 	0.99389 	0.96857 	0.98586 	0.98454 	-0.11624 	-0.18031 	-0.15261 	0.05062 	0.00000 	0.39127 	-0.16277 	-0.18993 	0.04993 	-0.14298 	0.21956 	0.26013 	-0.03826 	-0.05935 	-0.05023 	0.04742 	0.00000 	0.38987 	-0.05357 	-0.06251 	0.04758 	-0.04706 	0.07226 	-0.23560 	0.02665	0.01057
Replication145	 -1.37323	0.99835	0.98945 	0.99020 	0.98982 	0.99477 	0.99363 	1.00589 	0.97127 	0.97940 	0.99627 	0.97752 	0.99414 	0.98742 	-0.16159 	-0.19793 	-0.21647 	0.05877 	0.00000 	0.40107 	-0.21279 	-0.16385 	0.04269 	-0.07265 	0.28935 	0.25098 	-0.05318 	-0.06514 	-0.07124 	0.05568 	0.00000 	0.39972 	-0.07003 	-0.05392 	0.04041 	-0.02391 	0.09522 	-0.22923 	0.01758	0.02439
Replication146	 -1.42244	0.99853	0.98694 	0.99074 	0.99331 	0.99434 	0.99394 	1.00643 	0.98301 	0.98560 	0.99893 	0.98296 	0.99732 	0.99147 	-0.20028 	-0.18658 	-0.14202 	0.06019 	0.00000 	0.34835 	-0.08962 	-0.13133 	0.03451 	-0.12097 	0.21860 	0.22228 	-0.06589 	-0.06138 	-0.04672 	0.05744 	0.00000 	0.34714 	-0.02948 	-0.04320 	0.03249 	-0.03979 	0.07191 	-0.20443 	0.01314	0.01810
Replication147	 -1.38981	0.99859	0.98628 	0.99035 	0.99432 	0.99418 	0.99568 	1.00657 	0.98077 	0.98451 	0.99936 	0.97999 	1.00001 	0.99183 	-0.21275 	-0.21127 	-0.11875 	0.06074 	0.04089 	0.33496 	-0.11624 	-0.13221 	0.03316 	-0.18714 	0.31171 	0.21303 	-0.06998 	-0.06949 	-0.03906 	0.05811 	0.01345 	0.33381 	-0.03823 	-0.04349 	0.03123 	-0.06156 	0.10253 	-0.19552 	0.01612	0.02179
Replication148	 -1.37829	0.99844	0.99344 	0.99309 	0.99347 	0.99730 	0.99642 	1.00638 	0.97433 	0.98024 	0.99603 	0.97798 	0.98651 	0.98820 	-0.11765 	-0.18488 	-0.13279 	0.04916 	0.00000 	0.35330 	-0.12851 	-0.12634 	0.04332 	-0.05897 	0.08578 	0.23650 	-0.03871 	-0.06083 	-0.04369 	0.04624 	0.00000 	0.35203 	-0.04228 	-0.04157 	0.04118 	-0.01940 	0.02822 	-0.21550 	0.01892	0.00570
Replication149	 -1.40862	0.99882	1.00076 	0.99794 	0.99718 	1.00168 	1.00078 	1.00725 	0.97882 	0.98398 	0.99908 	0.98037 	0.99530 	0.99252 	-0.04380 	-0.15044 	-0.11775 	0.03234 	0.00000 	0.26859 	-0.12944 	-0.13514 	0.03386 	-0.12939 	0.20791 	0.17924 	-0.01440 	-0.04946 	-0.03871 	0.03014 	0.00000 	0.26763 	-0.04256 	-0.04443 	0.03224 	-0.04254 	0.06836 	-0.16240 	0.01598	0.00385
Replication150	 0.00625	0.99795	0.99640 	0.99639 	0.98869 	0.99945 	0.99689 	1.00529 	0.94375 	0.95682 	0.98592 	0.94652 	0.96225 	0.97448 	-0.09885 	-0.06610 	-0.18203 	0.04153 	0.00000 	0.45968 	-0.19707 	-0.10805 	0.07426 	-0.23720 	0.04715 	0.31482 	-0.03256 	-0.02177 	-0.05995 	0.03770 	0.00000 	0.45800 	-0.06491 	-0.03559 	0.07144 	-0.07812 	0.01553 	-0.28060 	0.04813	0.00918
Replication151	 -1.34375	0.99841	0.99770 	0.99400 	0.99015 	0.99900 	0.99836 	1.00609 	0.97068 	0.97496 	0.99482 	0.96949 	0.99092 	0.98573 	-0.07358 	-0.18102 	-0.24687 	0.04281 	0.02947 	0.38223 	-0.12091 	-0.17988 	0.04703 	-0.21208 	0.29116 	0.24296 	-0.02421 	-0.05956 	-0.08123 	0.03983 	0.00970 	0.38092 	-0.03978 	-0.05919 	0.04484 	-0.06978 	0.09581 	-0.21957 	0.02133	0.01776
Replication152	 -1.49315	0.99887	0.99874 	0.99917 	0.99341 	1.00148 	0.99970 	1.00708 	0.98265 	0.98914 	1.00030 	0.98577 	1.00127 	0.99403 	-0.10471 	-0.05900 	-0.27071 	0.03305 	0.00000 	0.28538 	-0.16085 	-0.06839 	0.03011 	-0.11719 	0.26673 	0.17147 	-0.03442 	-0.01940 	-0.08899 	0.03094 	0.00000 	0.28446 	-0.05288 	-0.02248 	0.02856 	-0.03852 	0.08769 	-0.15609 	0.00590	0.01886
Replication153	 -1.18558	0.99788	0.98805 	0.98793 	0.98829 	0.99338 	0.99259 	1.00505 	0.95491 	0.96344 	0.98914 	0.95525 	0.97361 	0.97782 	-0.15377 	-0.23538 	-0.13962 	0.06441 	0.01110 	0.48356 	-0.15230 	-0.14476 	0.06456 	-0.23179 	0.14917 	0.32382 	-0.05065 	-0.07753 	-0.04599 	0.06043 	0.00366 	0.48182 	-0.05017 	-0.04768 	0.06164 	-0.07635 	0.04914 	-0.29282 	0.03900	0.01549
Replication154	 -1.16239	0.99775	0.98720 	0.98944 	0.98723 	0.99369 	0.99201 	1.00484 	0.95139 	0.96082 	0.98690 	0.95481 	0.96479 	0.97527 	-0.17986 	-0.16700 	-0.15510 	0.06338 	0.00000 	0.50446 	-0.15435 	-0.15140 	0.07142 	-0.13260 	0.00000 	0.34329 	-0.05926 	-0.05502 	-0.05110 	0.05917 	0.00000 	0.50261 	-0.05086 	-0.04988 	0.06833 	-0.04369 	0.00000 	-0.30983 	0.04223	0.01048
Replication155	 -1.25203	0.99815	0.99157 	0.99255 	0.99040 	0.99642 	0.99495 	1.00570 	0.96129 	0.96792 	0.99190 	0.96457 	0.98184 	0.98163 	-0.14125 	-0.15091 	-0.16093 	0.05275 	0.00000 	0.42032 	-0.16897 	-0.24696 	0.05604 	-0.12269 	0.21245 	0.28214 	-0.04650 	-0.04968 	-0.05298 	0.04929 	0.00000 	0.41881 	-0.05563 	-0.08130 	0.05350 	-0.04039 	0.06994 	-0.25481 	0.03198	0.01023
Replication156	 -1.27639	0.99819	0.99215 	0.99218 	0.98973 	0.99642 	0.99486 	1.00569 	0.96222 	0.97016 	0.99253 	0.96387 	0.98364 	0.98253 	-0.13206 	-0.16337 	-0.18997 	0.05272 	0.00000 	0.42141 	-0.17098 	-0.15868 	0.05410 	-0.19778 	0.23688 	0.27652 	-0.04347 	-0.05378 	-0.06254 	0.04933 	0.00000 	0.41992 	-0.05628 	-0.05224 	0.05161 	-0.06511 	0.07798 	-0.25006 	0.02879	0.01535
Replication157	 -1.46558	0.99875	0.99409 	0.99298 	0.99425 	0.99762 	0.99835 	1.00687 	0.98436 	0.98877 	1.00059 	0.98840 	1.00213 	0.99395 	-0.12053 	-0.21497 	-0.18114 	0.04768 	0.03468 	0.30606 	-0.14864 	-0.15138 	0.02933 	-0.04740 	0.26559 	0.18942 	-0.03963 	-0.07069 	-0.05956 	0.04534 	0.01140 	0.30503 	-0.04888 	-0.04978 	0.02762 	-0.01558 	0.08733 	-0.17395 	0.00870	0.01864
Replication158	 -1.19425	0.99793	0.99123 	0.99146 	0.98790 	0.99581 	0.99425 	1.00517 	0.95278 	0.96285 	0.98868 	0.95497 	0.97218 	0.97748 	-0.14012 	-0.15842 	-0.18794 	0.05524 	0.00788 	0.47134 	-0.17845 	-0.13921 	0.06592 	-0.20818 	0.13462 	0.31552 	-0.04615 	-0.05218 	-0.06190 	0.05137 	0.00260 	0.46964 	-0.05877 	-0.04585 	0.06309 	-0.06857 	0.04434 	-0.28420 	0.03820	0.01343
Replication159	 -1.34515	0.99850	0.99719 	0.99619 	0.99354 	0.99975 	0.99836 	1.00650 	0.97011 	0.97623 	0.99541 	0.97483 	0.98809 	0.98708 	-0.08732 	-0.13091 	-0.15853 	0.03991 	0.00000 	0.34169 	-0.16465 	-0.21904 	0.04518 	-0.05870 	0.18551 	0.22933 	-0.02873 	-0.04307 	-0.05216 	0.03709 	0.00000 	0.34045 	-0.05417 	-0.07206 	0.04312 	-0.01931 	0.06103 	-0.20725 	0.02246	0.00495
Replication160	 -1.16628	0.99788	0.98880 	0.98830 	0.98708 	0.99385 	0.99386 	1.00496 	0.95107 	0.96110 	0.98886 	0.95456 	0.97671 	0.97698 	-0.15514 	-0.22917 	-0.18590 	0.06265 	0.03930 	0.49182 	-0.21567 	-0.21674 	0.06542 	-0.19892 	0.25917 	0.32381 	-0.05110 	-0.07549 	-0.06123 	0.05868 	0.01295 	0.49008 	-0.07104 	-0.07139 	0.06250 	-0.06552 	0.08537 	-0.29200 	0.04063	0.02181
Replication161	 -1.32906	0.99809	0.98569 	0.98671 	0.98684 	0.99206 	0.99083 	1.00525 	0.97169 	0.97521 	0.99412 	0.96905 	0.99065 	0.98404 	-0.19001 	-0.23499 	-0.23927 	0.06915 	0.00000 	0.46391 	-0.09938 	-0.14197 	0.04936 	-0.23521 	0.29093 	0.28906 	-0.06256 	-0.07737 	-0.07878 	0.06559 	0.00000 	0.46234 	-0.03272 	-0.04675 	0.04674 	-0.07744 	0.09579 	-0.26405 	0.02158	0.03080
Replication162	 -1.54192	0.99896	0.99323 	0.99396 	0.99510 	0.99770 	0.99754 	1.00723 	0.99618 	0.99691 	1.00383 	0.99566 	1.01001 	0.99849 	-0.14192 	-0.17900 	-0.20361 	0.04717 	0.00938 	0.27031 	-0.07107 	-0.09073 	0.01938 	-0.09975 	0.28400 	0.15616 	-0.04665 	-0.05884 	-0.06692 	0.04523 	0.00308 	0.26946 	-0.02336 	-0.02982 	0.01796 	-0.03279 	0.09334 	-0.14507 	0.00032	0.02564
Replication163	 -1.35802	0.99842	0.98856 	0.99236 	0.99233 	0.99549 	0.99458 	1.00622 	0.97534 	0.97856 	0.99651 	0.97503 	0.99327 	0.98794 	-0.18932 	-0.14445 	-0.15747 	0.05600 	0.00000 	0.36892 	-0.10919 	-0.19050 	0.04191 	-0.15693 	0.26092 	0.24019 	-0.06229 	-0.04753 	-0.05181 	0.05304 	0.00000 	0.36762 	-0.03593 	-0.06268 	0.03974 	-0.05164 	0.08585 	-0.21894 	0.02006	0.01543
Replication164	 -1.18147	0.99783	0.98769 	0.98923 	0.98631 	0.99372 	0.99195 	1.00486 	0.95096 	0.96154 	0.98849 	0.95651 	0.97493 	0.97659 	-0.17479 	-0.17222 	-0.20417 	0.06316 	0.00123 	0.50170 	-0.22594 	-0.21609 	0.06656 	-0.14066 	0.20956 	0.33067 	-0.05758 	-0.05673 	-0.06726 	0.05911 	0.00041 	0.49992 	-0.07443 	-0.07119 	0.06359 	-0.04634 	0.06904 	-0.29848 	0.03902	0.02005
Replication165	 -1.29042	0.99848	0.99478 	0.99634 	0.99529 	0.99929 	0.99968 	1.00660 	0.96301 	0.97445 	0.99432 	0.96881 	0.98122 	0.98617 	-0.12827 	-0.12435 	-0.09195 	0.04165 	0.03548 	0.33205 	-0.20916 	-0.09392 	0.04847 	-0.12229 	0.10934 	0.23158 	-0.04220 	-0.04091 	-0.03025 	0.03882 	0.01167 	0.33080 	-0.06881 	-0.03090 	0.04639 	-0.04023 	0.03597 	-0.20862 	0.02862	0.00172
Replication166	 -1.38821	0.99850	0.99458 	0.99365 	0.99236 	0.99806 	0.99884 	1.00641 	0.97976 	0.97978 	0.99653 	0.97497 	0.99183 	0.98844 	-0.12175 	-0.18443 	-0.19563 	0.04625 	0.05009 	0.35049 	-0.02622 	-0.16314 	0.04179 	-0.20473 	0.19670 	0.22785 	-0.04005 	-0.06067 	-0.06436 	0.04345 	0.01648 	0.34926 	-0.00862 	-0.05367 	0.03974 	-0.06735 	0.06471 	-0.20709 	0.01728	0.01181
Replication167	 -1.35212	0.99863	0.99746 	0.99548 	0.99504 	0.99967 	0.99952 	1.00676 	0.97105 	0.97888 	0.99708 	0.97449 	0.99270 	0.98930 	-0.07863 	-0.17541 	-0.13141 	0.04010 	0.02073 	0.31622 	-0.18533 	-0.15185 	0.04003 	-0.14519 	0.26266 	0.20939 	-0.02586 	-0.05769 	-0.04322 	0.03753 	0.00682 	0.31509 	-0.06096 	-0.04994 	0.03815 	-0.04775 	0.08639 	-0.18945 	0.02131	0.00909
Replication168	 -1.39747	0.99860	0.98854 	0.99195 	0.99361 	0.99535 	0.99481 	1.00654 	0.97739 	0.98458 	0.99908 	0.97814 	0.99919 	0.99158 	-0.18628 	-0.16983 	-0.14919 	0.05633 	0.00000 	0.33803 	-0.16360 	-0.06214 	0.03399 	-0.21518 	0.32140 	0.21163 	-0.06127 	-0.05586 	-0.04907 	0.05372 	0.00000 	0.33689 	-0.05381 	-0.02044 	0.03207 	-0.07078 	0.10571 	-0.19389 	0.01518	0.02327
Replication169	 -1.42204	0.99883	0.99280 	0.99695 	0.99565 	0.99886 	0.99842 	1.00711 	0.98103 	0.98592 	1.00040 	0.98229 	1.00282 	0.99361 	-0.16901 	-0.08528 	-0.16312 	0.04293 	0.01106 	0.28200 	-0.15114 	-0.14956 	0.02986 	-0.15929 	0.34712 	0.17766 	-0.05556 	-0.02804 	-0.05363 	0.04074 	0.00364 	0.28104 	-0.04969 	-0.04917 	0.02825 	-0.05237 	0.11412 	-0.16187 	0.01324	0.01747
Replication170	 -1.35472	0.99842	0.98888 	0.99021 	0.99370 	0.99479 	0.99520 	1.00629 	0.97354 	0.98026 	0.99671 	0.97470 	0.99021 	0.98864 	-0.16355 	-0.23020 	-0.09956 	0.05859 	0.01859 	0.36202 	-0.13824 	-0.08583 	0.04129 	-0.16979 	0.18818 	0.23914 	-0.05381 	-0.07574 	-0.03276 	0.05564 	0.00612 	0.36073 	-0.04549 	-0.02824 	0.03913 	-0.05587 	0.06192 	-0.21856 	0.02064	0.01306
Replication171	 -1.33259	0.99856	0.99345 	0.99248 	0.99514 	0.99724 	0.99813 	1.00661 	0.97068 	0.97867 	0.99720 	0.97402 	0.99347 	0.98918 	-0.11394 	-0.22757 	-0.09327 	0.04928 	0.03353 	0.33079 	-0.19096 	-0.15326 	0.03970 	-0.15661 	0.28624 	0.21911 	-0.03748 	-0.07486 	-0.03068 	0.04659 	0.01103 	0.32961 	-0.06281 	-0.05041 	0.03772 	-0.05152 	0.09416 	-0.19906 	0.02305	0.01228
Replication172	 -1.44803	0.99875	0.99367 	0.99398 	0.99549 	0.99781 	0.99729 	1.00695 	0.98132 	0.98820 	1.00026 	0.98513 	0.99910 	0.99378 	-0.12406 	-0.18123 	-0.13662 	0.04696 	0.00000 	0.29744 	-0.16445 	-0.07822 	0.03031 	-0.09927 	0.23083 	0.18923 	-0.04079 	-0.05959 	-0.04492 	0.04462 	0.00000 	0.29642 	-0.05407 	-0.02572 	0.02860 	-0.03264 	0.07590 	-0.17360 	0.01092	0.01418
Replication173	 -1.44249	0.99858	0.99124 	0.99324 	0.99246 	0.99667 	0.99566 	1.00650 	0.98401 	0.98511 	0.99875 	0.98341 	0.99819 	0.99126 	-0.16161 	-0.14993 	-0.20141 	0.05140 	0.00000 	0.34179 	-0.07437 	-0.17057 	0.03502 	-0.11012 	0.23573 	0.21525 	-0.05316 	-0.04932 	-0.06625 	0.04874 	0.00000 	0.34062 	-0.02446 	-0.05610 	0.03307 	-0.03622 	0.07754 	-0.19719 	0.01118	0.01726
Replication174	 -1.26865	0.99805	0.98455 	0.98944 	0.98959 	0.99302 	0.99256 	1.00546 	0.96224 	0.97082 	0.99197 	0.96660 	0.97937 	0.98192 	-0.22612 	-0.16660 	-0.14917 	0.06560 	0.01479 	0.44379 	-0.17419 	-0.14701 	0.05588 	-0.10910 	0.12557 	0.29630 	-0.07446 	-0.05486 	-0.04912 	0.06196 	0.00487 	0.44219 	-0.05736 	-0.04841 	0.05320 	-0.03592 	0.04135 	-0.26926 	0.02975	0.01419
Replication175	 -1.40587	0.99876	0.99467 	0.99552 	0.99643 	0.99897 	1.00007 	1.00707 	0.97696 	0.98463 	0.99915 	0.98080 	0.99577 	0.99243 	-0.12892 	-0.16398 	-0.11732 	0.04258 	0.04255 	0.28607 	-0.17438 	-0.09992 	0.03367 	-0.11735 	0.22368 	0.18907 	-0.04239 	-0.05392 	-0.03858 	0.04026 	0.01399 	0.28505 	-0.05734 	-0.03286 	0.03196 	-0.03859 	0.07355 	-0.17214 	0.01574	0.00900
Replication176	 -1.24375	0.99807	0.98715 	0.99142 	0.98869 	0.99456 	0.99305 	1.00542 	0.96072 	0.96761 	0.99147 	0.96062 	0.98191 	0.98083 	-0.20353 	-0.12290 	-0.19151 	0.05980 	0.00162 	0.44707 	-0.15027 	-0.17476 	0.05738 	-0.22885 	0.24398 	0.29406 	-0.06702 	-0.04047 	-0.06306 	0.05619 	0.00053 	0.44548 	-0.04948 	-0.05754 	0.05473 	-0.07535 	0.08033 	-0.26596 	0.03208	0.01840
Replication177	 -1.31649	0.99850	0.99278 	0.99442 	0.99466 	0.99771 	0.99690 	1.00652 	0.96720 	0.97666 	0.99594 	0.97054 	0.98902 	0.98768 	-0.13532 	-0.14755 	-0.10164 	0.04758 	0.00000 	0.34012 	-0.19615 	-0.11444 	0.04357 	-0.17753 	0.23798 	0.22842 	-0.04452 	-0.04854 	-0.03344 	0.04478 	0.00000 	0.33889 	-0.06453 	-0.03765 	0.04151 	-0.05840 	0.07829 	-0.20692 	0.02505	0.00947
Replication178	 -1.37580	0.99876	1.00065 	0.99970 	0.99514 	1.00234 	1.00074 	1.00702 	0.97338 	0.97989 	0.99759 	0.97495 	0.99448 	0.99021 	-0.06680 	-0.07629 	-0.18035 	0.02995 	0.00000 	0.29073 	-0.16055 	-0.15106 	0.03841 	-0.17492 	0.27988 	0.18985 	-0.02196 	-0.02508 	-0.05930 	0.02763 	0.00000 	0.28971 	-0.05279 	-0.04967 	0.03671 	-0.05752 	0.09203 	-0.17078 	0.01885	0.00896
Replication179	 -1.25065	0.99812	0.98780 	0.99135 	0.98937 	0.99474 	0.99331 	1.00553 	0.95905 	0.96900 	0.99201 	0.96190 	0.98240 	0.98171 	-0.19150 	-0.13784 	-0.17738 	0.05908 	0.00000 	0.43639 	-0.20178 	-0.13631 	0.05570 	-0.20671 	0.24511 	0.28653 	-0.06305 	-0.04538 	-0.05840 	0.05556 	0.00000 	0.43485 	-0.06643 	-0.04488 	0.05312 	-0.06806 	0.08070 	-0.25928 	0.03128	0.01875
Replication180	 -1.43616	0.99882	0.99553 	0.99753 	0.99627 	0.99990 	0.99900 	1.00718 	0.98259 	0.98620 	0.99994 	0.98259 	0.99884 	0.99343 	-0.12746 	-0.09938 	-0.14596 	0.03904 	0.00000 	0.27584 	-0.10669 	-0.12923 	0.03124 	-0.14739 	0.24329 	0.17930 	-0.04190 	-0.03267 	-0.04799 	0.03683 	0.00000 	0.27488 	-0.03508 	-0.04249 	0.02962 	-0.04846 	0.07999 	-0.16333 	0.01261	0.00940
Replication181	 -1.43983	0.99855	0.99132 	0.99225 	0.99205 	0.99629 	0.99556 	1.00641 	0.97847 	0.98558 	0.99850 	0.98347 	0.99652 	0.99107 	-0.15310 	-0.17886 	-0.20365 	0.05286 	0.00606 	0.35052 	-0.17516 	-0.09784 	0.03580 	-0.06880 	0.22430 	0.21909 	-0.05036 	-0.05884 	-0.06699 	0.05016 	0.00199 	0.34934 	-0.05762 	-0.03219 	0.03381 	-0.02263 	0.07378 	-0.20085 	0.01121	0.01960
Replication182	 -1.24164	0.99804	0.98574 	0.98889 	0.99065 	0.99312 	0.99233 	1.00549 	0.96103 	0.96922 	0.99179 	0.96443 	0.97885 	0.98159 	-0.19421 	-0.20084 	-0.10321 	0.06524 	0.00000 	0.44023 	-0.16787 	-0.16643 	0.05645 	-0.13384 	0.13992 	0.29755 	-0.06395 	-0.06613 	-0.03399 	0.06159 	0.00000 	0.43863 	-0.05528 	-0.05480 	0.05376 	-0.04407 	0.04607 	-0.27018 	0.03299	0.01165
Replication183	 -1.31864	0.99845	0.99263 	0.99538 	0.99343 	0.99803 	0.99682 	1.00639 	0.96806 	0.97515 	0.99516 	0.97018 	0.98808 	0.98654 	-0.15031 	-0.10513 	-0.14082 	0.04643 	0.00000 	0.35277 	-0.16260 	-0.16289 	0.04595 	-0.16318 	0.22804 	0.23664 	-0.04946 	-0.03459 	-0.04633 	0.04352 	0.00000 	0.35150 	-0.05350 	-0.05360 	0.04382 	-0.05369 	0.07503 	-0.21404 	0.02490	0.00867
Replication184	 -1.38967	0.99845	0.99346 	0.99481 	0.99142 	0.99798 	0.99644 	1.00626 	0.97140 	0.97967 	0.99580 	0.97666 	0.98876 	0.98765 	-0.14105 	-0.11457 	-0.21463 	0.04661 	0.00000 	0.36482 	-0.18075 	-0.11104 	0.04404 	-0.07835 	0.16579 	0.23619 	-0.04641 	-0.03769 	-0.07062 	0.04370 	0.00000 	0.36355 	-0.05947 	-0.03654 	0.04190 	-0.02578 	0.05455 	-0.21465 	0.01706	0.01255
Replication185	 -1.29412	0.99842	0.99220 	0.99444 	0.99491 	0.99754 	0.99677 	1.00643 	0.96734 	0.97463 	0.99466 	0.96780 	0.98353 	0.98621 	-0.14180 	-0.14184 	-0.07475 	0.04827 	0.00000 	0.34846 	-0.13423 	-0.11105 	0.04750 	-0.19712 	0.14352 	0.24110 	-0.04666 	-0.04667 	-0.02460 	0.04531 	0.00000 	0.34716 	-0.04417 	-0.03654 	0.04533 	-0.06486 	0.04722 	-0.21818 	0.02806	0.00335
Replication186	 -1.21888	0.99807	0.99213 	0.99100 	0.98947 	0.99594 	0.99477 	1.00547 	0.95611 	0.96572 	0.99080 	0.95945 	0.97923 	0.98009 	-0.11930 	-0.19719 	-0.16270 	0.05463 	0.00781 	0.44296 	-0.20117 	-0.18424 	0.05941 	-0.18478 	0.22517 	0.29465 	-0.03928 	-0.06493 	-0.05357 	0.05102 	0.00257 	0.44138 	-0.06624 	-0.06066 	0.05676 	-0.06084 	0.07414 	-0.26584 	0.03527	0.01452
Replication187	 0.00096	0.99774	0.98532 	0.98937 	0.98747 	0.99310 	0.99151 	1.00480 	0.94951 	0.95849 	0.98661 	0.94904 	0.96568 	0.97457 	-0.20585 	-0.15039 	-0.13712 	0.06560 	0.00000 	0.50773 	-0.13713 	-0.13694 	0.07233 	-0.24991 	0.07251 	0.34529 	-0.06783 	-0.04955 	-0.04518 	0.06137 	0.00000 	0.50587 	-0.04518 	-0.04512 	0.06922 	-0.08234 	0.02389 	-0.31117 	0.04613	0.01400
Replication188	 -1.31013	0.99811	0.98852 	0.98962 	0.98827 	0.99419 	0.99278 	1.00545 	0.96666 	0.97249 	0.99303 	0.96885 	0.98565 	0.98297 	-0.16917 	-0.18924 	-0.21242 	0.06114 	0.00000 	0.44455 	-0.14922 	-0.18837 	0.05263 	-0.13371 	0.22120 	0.28737 	-0.05570 	-0.06231 	-0.06994 	0.05761 	0.00000 	0.44300 	-0.04913 	-0.06202 	0.05003 	-0.04402 	0.07283 	-0.26133 	0.02477	0.01904
Replication189	 -1.23635	0.99831	0.99369 	0.99549 	0.99354 	0.99840 	0.99713 	1.00619 	0.96101 	0.96841 	0.99259 	0.96240 	0.98110 	0.98305 	-0.12865 	-0.11222 	-0.10186 	0.04516 	0.00000 	0.37220 	-0.15911 	-0.19995 	0.05383 	-0.18935 	0.19663 	0.25767 	-0.04234 	-0.03693 	-0.03352 	0.04201 	0.00000 	0.37081 	-0.05236 	-0.06580 	0.05151 	-0.06232 	0.06471 	-0.23171 	0.03434	0.00406
Replication190	 -1.30301	0.99837	0.99129 	0.99188 	0.99384 	0.99631 	0.99720 	1.00627 	0.96503 	0.97539 	0.99478 	0.97175 	0.98468 	0.98620 	-0.14343 	-0.21061 	-0.09327 	0.05294 	0.03787 	0.36484 	-0.21524 	-0.13648 	0.04716 	-0.08273 	0.15794 	0.24767 	-0.04720 	-0.06930 	-0.03069 	0.04990 	0.01246 	0.36350 	-0.07083 	-0.04491 	0.04493 	-0.02722 	0.05197 	-0.22474 	0.02665	0.00786
Replication191	 -1.28100	0.99808	0.98261 	0.98867 	0.98932 	0.99204 	0.99109 	1.00545 	0.96573 	0.97217 	0.99307 	0.96742 	0.98474 	0.98299 	-0.24660 	-0.16327 	-0.15745 	0.06926 	0.00000 	0.44484 	-0.15013 	-0.16706 	0.05252 	-0.15910 	0.21325 	0.29159 	-0.08120 	-0.05376 	-0.05184 	0.06567 	0.00000 	0.44326 	-0.04943 	-0.05501 	0.04989 	-0.05239 	0.07022 	-0.26557 	0.02784	0.01984
Replication192	 -1.31545	0.99818	0.98645 	0.99107 	0.98954 	0.99422 	0.99292 	1.00567 	0.96676 	0.97373 	0.99367 	0.97140 	0.98613 	0.98402 	-0.21289 	-0.13457 	-0.19116 	0.06098 	0.00000 	0.42323 	-0.17611 	-0.19519 	0.05064 	-0.08298 	0.20592 	0.27656 	-0.07008 	-0.04430 	-0.06293 	0.05758 	0.00000 	0.42174 	-0.05798 	-0.06426 	0.04814 	-0.02732 	0.06779 	-0.25153 	0.02442	0.01685
Replication193	 0.00566	0.99757	0.98322 	0.98528 	0.98627 	0.99070 	0.98945 	1.00437 	0.94434 	0.95393 	0.98557 	0.94859 	0.96703 	0.97230 	-0.19706 	-0.23974 	-0.11251 	0.07477 	0.00000 	0.54946 	-0.20313 	-0.27650 	0.07557 	-0.15475 	0.16494 	0.37116 	-0.06495 	-0.07902 	-0.03708 	0.07022 	0.00000 	0.54747 	-0.06695 	-0.09113 	0.07223 	-0.05100 	0.05436 	-0.33485 	0.05222	0.01930
Replication194	 -1.24945	0.99802	0.99353 	0.99406 	0.98742 	0.99756 	0.99519 	1.00534 	0.95658 	0.96612 	0.98940 	0.95964 	0.97306 	0.97883 	-0.13250 	-0.09836 	-0.24511 	0.04858 	0.00000 	0.45499 	-0.16788 	-0.12134 	0.06368 	-0.16042 	0.08870 	0.30176 	-0.04363 	-0.03239 	-0.08071 	0.04488 	0.00000 	0.45337 	-0.05528 	-0.03996 	0.06097 	-0.05283 	0.02921 	-0.27174 	0.03210	0.01189
Replication195	 -1.32745	0.99849	0.99504 	0.99551 	0.99291 	0.99880 	0.99742 	1.00640 	0.97199 	0.97544 	0.99563 	0.96877 	0.99131 	0.98696 	-0.11598 	-0.12285 	-0.17009 	0.04348 	0.00000 	0.35118 	-0.09651 	-0.17423 	0.04452 	-0.25268 	0.28649 	0.23024 	-0.03816 	-0.04042 	-0.05596 	0.04066 	0.00000 	0.34995 	-0.03175 	-0.05732 	0.04245 	-0.08313 	0.09425 	-0.20804 	0.02357	0.01254
Replication196	 0.00833	0.99777	0.99224 	0.99245 	0.98730 	0.99648 	0.99427 	1.00487 	0.94167 	0.95542 	0.98505 	0.94650 	0.96051 	0.97292 	-0.12712 	-0.12919 	-0.16580 	0.05286 	0.00000 	0.50100 	-0.21683 	-0.12712 	0.07703 	-0.19100 	0.03432 	0.34181 	-0.04188 	-0.04256 	-0.05463 	0.04869 	0.00000 	0.49917 	-0.07144 	-0.04188 	0.07396 	-0.06293 	0.01131 	-0.30609 	0.04997	0.01172
Replication197	 -1.48445	0.99894	0.98983 	0.99431 	0.99665 	0.99700 	0.99843 	1.00731 	0.98870 	0.99335 	1.00301 	0.99153 	1.00748 	0.99734 	-0.19866 	-0.15275 	-0.14459 	0.04982 	0.04137 	0.26234 	-0.14720 	-0.10112 	0.02188 	-0.09358 	0.30904 	0.15993 	-0.06530 	-0.05021 	-0.04753 	0.04784 	0.01360 	0.26147 	-0.04838 	-0.03324 	0.02043 	-0.03076 	0.10158 	-0.14774 	0.00648	0.02176
Replication198	 -1.38397	0.99859	0.99443 	0.99582 	0.99435 	0.99879 	0.99771 	1.00669 	0.97672 	0.98030 	0.99731 	0.97809 	0.99321 	0.98957 	-0.12814 	-0.12104 	-0.15016 	0.04344 	0.00000 	0.32326 	-0.11683 	-0.19765 	0.03935 	-0.10641 	0.21796 	0.21438 	-0.04215 	-0.03981 	-0.04939 	0.04080 	0.00000 	0.32210 	-0.03843 	-0.06501 	0.03741 	-0.03500 	0.07169 	-0.19470 	0.01815	0.00752
Replication199	 0.00943	0.99734	0.98096 	0.98346 	0.98104 	0.98909 	0.98703 	1.00363 	0.94057 	0.95150 	0.98323 	0.94346 	0.96313 	0.96887 	-0.22655 	-0.22364 	-0.22786 	0.08102 	0.00000 	0.62247 	-0.20158 	-0.20091 	0.08281 	-0.21531 	0.15514 	0.40657 	-0.07471 	-0.07374 	-0.07514 	0.07604 	0.00000 	0.62028 	-0.06647 	-0.06625 	0.07915 	-0.07100 	0.05116 	-0.36694 	0.05216	0.03238
Replication200	 -1.29817	0.99832	0.99542 	0.99520 	0.99217 	0.99876 	0.99722 	1.00613 	0.96210 	0.97287 	0.99299 	0.96726 	0.97945 	0.98410 	-0.10570 	-0.12838 	-0.15642 	0.04380 	0.00000 	0.37811 	-0.19580 	-0.09335 	0.05262 	-0.12524 	0.10210 	0.25564 	-0.03479 	-0.04225 	-0.05148 	0.04067 	0.00000 	0.37673 	-0.06444 	-0.03072 	0.05032 	-0.04122 	0.03360 	-0.23069 	0.02738	0.00574
Replication201	 -1.38218	0.99868	0.99785 	0.99733 	0.99399 	1.00055 	1.00009 	1.00680 	0.97228 	0.98056 	0.99742 	0.97459 	0.99407 	0.98989 	-0.09729 	-0.11525 	-0.19291 	0.03672 	0.02456 	0.31227 	-0.18142 	-0.09788 	0.03896 	-0.18773 	0.27673 	0.20100 	-0.03199 	-0.03790 	-0.06344 	0.03426 	0.00808 	0.31119 	-0.05966 	-0.03219 	0.03715 	-0.06174 	0.09101 	-0.18162 	0.01777	0.01314
Replication202	 -1.43538	0.99865	0.99184 	0.99230 	0.99329 	0.99648 	0.99577 	1.00662 	0.98055 	0.98655 	0.99975 	0.98300 	1.00125 	0.99254 	-0.14128 	-0.19270 	-0.17992 	0.05203 	0.00000 	0.33060 	-0.16228 	-0.10515 	0.03192 	-0.13848 	0.31281 	0.20384 	-0.04646 	-0.06338 	-0.05917 	0.04951 	0.00000 	0.32949 	-0.05337 	-0.03458 	0.03007 	-0.04555 	0.10288 	-0.18702 	0.01138	0.02242
Replication203	 -1.25903	0.99824	0.99497 	0.99222 	0.99133 	0.99733 	0.99604 	1.00587 	0.96099 	0.96972 	0.99276 	0.96331 	0.98341 	0.98296 	-0.08273 	-0.20643 	-0.14615 	0.04923 	0.00000 	0.40353 	-0.18571 	-0.16557 	0.05336 	-0.19652 	0.23988 	0.26812 	-0.02723 	-0.06795 	-0.04811 	0.04594 	0.00000 	0.40208 	-0.06113 	-0.05450 	0.05095 	-0.06469 	0.07896 	-0.24208 	0.03100	0.01226
Replication204	 -1.46472	0.99871	0.98958 	0.99311 	0.99380 	0.99616 	0.99551 	1.00676 	0.98478 	0.98926 	1.00065 	0.98683 	1.00239 	0.99392 	-0.18537 	-0.14881 	-0.18080 	0.05320 	0.00000 	0.31644 	-0.13431 	-0.10319 	0.02918 	-0.10829 	0.27544 	0.19500 	-0.06096 	-0.04894 	-0.05945 	0.05078 	0.00000 	0.31538 	-0.04417 	-0.03393 	0.02741 	-0.03561 	0.09058 	-0.17951 	0.00849	0.02158
Replication205	 -1.33871	0.99866	0.99896 	0.99829 	0.99618 	1.00126 	1.00009 	1.00694 	0.97306 	0.97736 	0.99648 	0.97208 	0.98957 	0.98881 	-0.07362 	-0.10959 	-0.11190 	0.03409 	0.00000 	0.29922 	-0.10513 	-0.17040 	0.04182 	-0.18866 	0.20227 	0.20539 	-0.02421 	-0.03604 	-0.03680 	0.03158 	0.00000 	0.29812 	-0.03458 	-0.05604 	0.03998 	-0.06205 	0.06652 	-0.18498 	0.02349	0.00149
Replication206	 -1.46032	0.99881	0.99104 	0.99385 	0.99495 	0.99695 	0.99641 	1.00698 	0.98454 	0.98990 	1.00151 	0.98728 	1.00528 	0.99504 	-0.16735 	-0.15290 	-0.16515 	0.05015 	0.00000 	0.29543 	-0.16054 	-0.11144 	0.02649 	-0.11863 	0.33250 	0.18026 	-0.05502 	-0.05027 	-0.05430 	0.04792 	0.00000 	0.29445 	-0.05278 	-0.03664 	0.02485 	-0.03900 	0.10932 	-0.16585 	0.00882	0.02268
Replication207	 -1.23979	0.99805	0.98833 	0.99206 	0.98894 	0.99519 	0.99354 	1.00544 	0.95909 	0.96670 	0.99087 	0.96204 	0.97909 	0.98021 	-0.18984 	-0.11734 	-0.18320 	0.05746 	0.00000 	0.44573 	-0.17073 	-0.20764 	0.05923 	-0.14668 	0.18840 	0.29765 	-0.06251 	-0.03864 	-0.06033 	0.05381 	0.00000 	0.44413 	-0.05622 	-0.06837 	0.05655 	-0.04830 	0.06204 	-0.26895 	0.03304	0.01321
Replication208	 -1.42587	0.99861	0.99173 	0.99353 	0.99465 	0.99701 	0.99639 	1.00671 	0.97917 	0.98563 	0.99861 	0.98222 	0.99350 	0.99167 	-0.14992 	-0.16541 	-0.13266 	0.05009 	0.00000 	0.32144 	-0.13920 	-0.07098 	0.03540 	-0.09757 	0.15245 	0.20987 	-0.04931 	-0.05441 	-0.04363 	0.04750 	0.00000 	0.32031 	-0.04578 	-0.02335 	0.03350 	-0.03209 	0.05014 	-0.19221 	0.01353	0.01067
Replication209	 -1.27254	0.99815	0.99026 	0.99155 	0.99052 	0.99570 	0.99538 	1.00571 	0.96095 	0.97056 	0.99207 	0.96594 	0.97913 	0.98233 	-0.15869 	-0.17505 	-0.15491 	0.05543 	0.02392 	0.41925 	-0.19033 	-0.14243 	0.05550 	-0.11354 	0.12885 	0.28174 	-0.05224 	-0.05763 	-0.05100 	0.05198 	0.00788 	0.41774 	-0.06266 	-0.04689 	0.05296 	-0.03738 	0.04242 	-0.25508 	0.02973	0.01008
Replication210	 -1.30745	0.99866	0.99603 	1.00025 	0.99568 	1.00119 	0.99971 	1.00691 	0.96713 	0.97531 	0.99593 	0.96893 	0.98957 	0.98794 	-0.13984 	-0.01229 	-0.13458 	0.03433 	0.00000 	0.30171 	-0.17939 	-0.15385 	0.04349 	-0.20308 	0.26462 	0.20519 	-0.04599 	-0.00404 	-0.04426 	0.03183 	0.00000 	0.30061 	-0.05900 	-0.05060 	0.04165 	-0.06679 	0.08703 	-0.18394 	0.02631	0.00649
Replication211	 -1.46908	0.99928	0.99605 	0.99824 	1.00329 	1.00058 	1.00109 	1.00830 	0.99165 	0.99600 	1.00555 	0.99365 	1.01034 	1.00137 	-0.11246 	-0.14912 	-0.00162 	0.03607 	0.00000 	0.16645 	-0.13910 	-0.11093 	0.01397 	-0.11296 	0.31037 	0.10858 	-0.03694 	-0.04898 	-0.00053 	0.03473 	0.00000 	0.16586 	-0.04569 	-0.03644 	0.01298 	-0.03710 	0.10195 	-0.10027 	0.00925	0.00956
Replication212	 -1.39975	0.99875	0.99711 	0.99529 	0.99619 	0.99955 	1.00002 	1.00703 	0.97982 	0.98327 	0.99915 	0.98071 	0.99798 	0.99209 	-0.08456 	-0.19118 	-0.12262 	0.04043 	0.02854 	0.28974 	-0.12076 	-0.19003 	0.03369 	-0.12669 	0.26956 	0.19026 	-0.02780 	-0.06286 	-0.04032 	0.03809 	0.00938 	0.28872 	-0.03971 	-0.06249 	0.03197 	-0.04166 	0.08864 	-0.17301 	0.01638	0.00895
Replication213	 -1.30852	0.99843	0.99462 	0.99515 	0.99405 	0.99857 	0.99759 	1.00641 	0.96530 	0.97479 	0.99454 	0.96991 	0.98380 	0.98608 	-0.11481 	-0.13948 	-0.11463 	0.04442 	0.00309 	0.35075 	-0.18922 	-0.12605 	0.04786 	-0.12478 	0.14982 	0.23944 	-0.03778 	-0.04589 	-0.03772 	0.04148 	0.00102 	0.34946 	-0.06226 	-0.04148 	0.04570 	-0.04106 	0.04930 	-0.21640 	0.02641	0.00438
Replication214	 -1.37886	0.99859	0.99473 	0.99422 	0.99398 	0.99819 	0.99726 	1.00661 	0.97463 	0.98082 	0.99768 	0.97652 	0.99523 	0.98988 	-0.10864 	-0.17003 	-0.15147 	0.04568 	0.00000 	0.33081 	-0.15841 	-0.14453 	0.03823 	-0.15748 	0.27982 	0.21411 	-0.03573 	-0.05593 	-0.04982 	0.04305 	0.00000 	0.32966 	-0.05210 	-0.04754 	0.03630 	-0.05180 	0.09204 	-0.19473 	0.01809	0.01339
Replication215	 -1.30063	0.99837	0.99046 	0.99386 	0.99375 	0.99674 	0.99585 	1.00628 	0.96959 	0.97399 	0.99470 	0.96950 	0.98626 	0.98583 	-0.16655 	-0.13033 	-0.10312 	0.05132 	0.00000 	0.36300 	-0.11261 	-0.19640 	0.04741 	-0.16481 	0.19126 	0.24794 	-0.05481 	-0.04289 	-0.03393 	0.04828 	0.00000 	0.36167 	-0.03706 	-0.06463 	0.04518 	-0.05423 	0.06294 	-0.22466 	0.02711	0.00586
Replication216	 -1.34638	0.99832	0.99111 	0.99280 	0.99091 	0.99651 	0.99619 	1.00601 	0.96962 	0.97648 	0.99438 	0.97007 	0.98493 	0.98562 	-0.16262 	-0.15194 	-0.19179 	0.05225 	0.02586 	0.38954 	-0.12730 	-0.07895 	0.04841 	-0.18608 	0.14832 	0.25587 	-0.05352 	-0.05001 	-0.06312 	0.04911 	0.00851 	0.38816 	-0.04189 	-0.02598 	0.04611 	-0.06124 	0.04881 	-0.23238 	0.02157	0.01256
Replication217	 0.00710	0.99779	0.99274 	0.99328 	0.98725 	0.99699 	0.99464 	1.00490 	0.94290 	0.95308 	0.98518 	0.94389 	0.96463 	0.97257 	-0.12672 	-0.10880 	-0.17665 	0.05094 	0.00024 	0.49790 	-0.18016 	-0.21235 	0.07661 	-0.25317 	0.14534 	0.33866 	-0.04175 	-0.03584 	-0.05820 	0.04681 	0.00008 	0.49609 	-0.05935 	-0.06996 	0.07358 	-0.08341 	0.04788 	-0.30261 	0.05186	0.01333
Replication218	 -1.27317	0.99791	0.98406 	0.98600 	0.98732 	0.99129 	0.99024 	1.00503 	0.96292 	0.97091 	0.99136 	0.96568 	0.97859 	0.98085 	-0.20204 	-0.24080 	-0.17492 	0.07224 	0.00000 	0.48591 	-0.15216 	-0.11126 	0.05783 	-0.13894 	0.11544 	0.31733 	-0.06655 	-0.07931 	-0.05761 	0.06833 	0.00000 	0.48420 	-0.05012 	-0.03665 	0.05497 	-0.04576 	0.03802 	-0.28925 	0.02865	0.02027
Replication219	 -1.26919	0.99813	0.98870 	0.99081 	0.98954 	0.99479 	0.99346 	1.00556 	0.95881 	0.97087 	0.99222 	0.96381 	0.98090 	0.98229 	-0.17263 	-0.16578 	-0.17232 	0.05888 	0.00000 	0.43400 	-0.22521 	-0.08275 	0.05507 	-0.17485 	0.18999 	0.28494 	-0.05683 	-0.05458 	-0.05673 	0.05538 	0.00000 	0.43247 	-0.07414 	-0.02724 	0.05250 	-0.05757 	0.06255 	-0.25825 	0.02935	0.01755
Replication220	 -1.29703	0.99826	0.99227 	0.99361 	0.99098 	0.99710 	0.99561 	1.00592 	0.96538 	0.97189 	0.99319 	0.96650 	0.98367 	0.98371 	-0.14248 	-0.13244 	-0.17404 	0.05010 	0.00000 	0.39818 	-0.14324 	-0.16517 	0.05205 	-0.17361 	0.19245 	0.26525 	-0.04690 	-0.04359 	-0.05728 	0.04685 	0.00000 	0.39675 	-0.04715 	-0.05436 	0.04967 	-0.05714 	0.06334 	-0.23992 	0.02706	0.01026
Replication221	 -1.30529	0.99815	0.98344 	0.98695 	0.99029 	0.99159 	0.99108 	1.00558 	0.96819 	0.97532 	0.99452 	0.97197 	0.98806 	0.98494 	-0.21629 	-0.23325 	-0.13041 	0.07087 	0.00000 	0.43200 	-0.17401 	-0.16541 	0.04810 	-0.11388 	0.22642 	0.28095 	-0.07121 	-0.07679 	-0.04293 	0.06741 	0.00000 	0.43048 	-0.05729 	-0.05445 	0.04556 	-0.03749 	0.07454 	-0.25681 	0.02509	0.02101
Replication222	 -1.38509	0.99856	0.99233 	0.99354 	0.99332 	0.99724 	0.99708 	1.00653 	0.97702 	0.98075 	0.99776 	0.97967 	0.99677 	0.98975 	-0.14646 	-0.16424 	-0.16713 	0.04929 	0.01920 	0.33926 	-0.14264 	-0.22837 	0.03800 	-0.08658 	0.28811 	0.21886 	-0.04818 	-0.05402 	-0.05498 	0.04659 	0.00632 	0.33808 	-0.04692 	-0.07512 	0.03603 	-0.02848 	0.09477 	-0.19936 	0.01731	0.01473
Replication223	 -1.21156	0.99801	0.99095 	0.99245 	0.98807 	0.99612 	0.99416 	1.00530 	0.95408 	0.96428 	0.98964 	0.95641 	0.97597 	0.97865 	-0.15355 	-0.12529 	-0.20338 	0.05401 	0.00000 	0.45887 	-0.19209 	-0.14416 	0.06297 	-0.21831 	0.19277 	0.30411 	-0.05056 	-0.04126 	-0.06697 	0.05028 	0.00000 	0.45724 	-0.06326 	-0.04747 	0.06023 	-0.07189 	0.06348 	-0.27390 	0.03596	0.01592
Replication224	 -1.30758	0.99843	0.99003 	0.99292 	0.99483 	0.99634 	0.99671 	1.00642 	0.96798 	0.97635 	0.99539 	0.97033 	0.98580 	0.98709 	-0.16757 	-0.17035 	-0.07395 	0.05279 	0.02248 	0.34949 	-0.16295 	-0.10558 	0.04527 	-0.16835 	0.16575 	0.23925 	-0.05514 	-0.05605 	-0.02433 	0.04985 	0.00740 	0.34820 	-0.05362 	-0.03474 	0.04311 	-0.05539 	0.05454 	-0.21718 	0.02628	0.00665
Replication225	 -1.22295	0.99811	0.98947 	0.99323 	0.99063 	0.99610 	0.99480 	1.00566 	0.95674 	0.96652 	0.99088 	0.96032 	0.97701 	0.98058 	-0.17960 	-0.11011 	-0.14370 	0.05398 	0.00466 	0.42395 	-0.19097 	-0.16287 	0.05915 	-0.16740 	0.16014 	0.28807 	-0.05913 	-0.03625 	-0.04731 	0.05045 	0.00154 	0.42240 	-0.06287 	-0.05362 	0.05656 	-0.05511 	0.05273 	-0.25973 	0.03530	0.00962
Replication226	 -1.38812	0.99858	0.99427 	0.99498 	0.99412 	0.99837 	0.99737 	1.00664 	0.97806 	0.98112 	0.99744 	0.97567 	0.99318 	0.98978 	-0.12333 	-0.14310 	-0.15115 	0.04499 	0.00000 	0.32791 	-0.07998 	-0.12752 	0.03897 	-0.20243 	0.21791 	0.21521 	-0.04057 	-0.04707 	-0.04972 	0.04235 	0.00000 	0.32675 	-0.02631 	-0.04194 	0.03702 	-0.06658 	0.07168 	-0.19574 	0.01749	0.00987
Replication227	 -1.35260	0.99864	0.99533 	0.99734 	0.99506 	0.99977 	0.99903 	1.00681 	0.97030 	0.97878 	0.99693 	0.97421 	0.99187 	0.98921 	-0.12882 	-0.09289 	-0.14145 	0.03970 	0.01085 	0.31134 	-0.19257 	-0.14024 	0.04048 	-0.14256 	0.24990 	0.20760 	-0.04237 	-0.03055 	-0.04652 	0.03715 	0.00357 	0.31023 	-0.06334 	-0.04612 	0.03861 	-0.04689 	0.08219 	-0.18757 	0.02133	0.00839
Replication228	 -1.17894	0.99794	0.99211 	0.99183 	0.98973 	0.99626 	0.99468 	1.00533 	0.95391 	0.96238 	0.98843 	0.95572 	0.96877 	0.97749 	-0.12173 	-0.17031 	-0.12829 	0.05355 	0.00000 	0.45591 	-0.14385 	-0.16535 	0.06666 	-0.17007 	0.05023 	0.31405 	-0.04009 	-0.05609 	-0.04225 	0.04971 	0.00000 	0.45422 	-0.04738 	-0.05446 	0.06384 	-0.05601 	0.01654 	-0.28273 	0.04079	0.00529
Replication229	 -1.17676	0.99815	0.99321 	0.99512 	0.99323 	0.99808 	0.99677 	1.00592 	0.95512 	0.96443 	0.98975 	0.95640 	0.96932 	0.97982 	-0.12887 	-0.11363 	-0.06828 	0.04649 	0.00000 	0.39865 	-0.14293 	-0.12821 	0.06252 	-0.19684 	0.02941 	0.28319 	-0.04243 	-0.03741 	-0.02248 	0.04303 	0.00000 	0.39713 	-0.04705 	-0.04221 	0.05998 	-0.06480 	0.00968 	-0.25411 	0.04151	0.00067
Replication230	 -1.39813	0.99843	0.98631 	0.98958 	0.99233 	0.99373 	0.99418 	1.00622 	0.98108 	0.98285 	0.99783 	0.98135 	0.99563 	0.98978 	-0.20481 	-0.21159 	-0.15038 	0.06260 	0.02284 	0.36948 	-0.08704 	-0.18423 	0.03789 	-0.09768 	0.22141 	0.23711 	-0.06739 	-0.06962 	-0.04948 	0.05967 	0.00751 	0.36819 	-0.02864 	-0.06062 	0.03574 	-0.03214 	0.07285 	-0.21763 	0.01560	0.01845
Replication231	 -1.18620	0.99811	0.99738 	0.99329 	0.99033 	0.99860 	0.99793 	1.00562 	0.95148 	0.96301 	0.98959 	0.95653 	0.97430 	0.97892 	-0.05955 	-0.19584 	-0.15629 	0.04460 	0.02739 	0.42757 	-0.22381 	-0.18213 	0.06305 	-0.16639 	0.17135 	0.28959 	-0.01961 	-0.06448 	-0.05146 	0.04106 	0.00902 	0.42602 	-0.07369 	-0.05996 	0.06045 	-0.05478 	0.05642 	-0.25965 	0.03954	0.00933
Replication232	 -1.24226	0.99823	0.99339 	0.99445 	0.99171 	0.99781 	0.99631 	1.00593 	0.95905 	0.96838 	0.99187 	0.96038 	0.97920 	0.98211 	-0.12801 	-0.12438 	-0.14155 	0.04744 	0.00000 	0.39795 	-0.17202 	-0.12701 	0.05605 	-0.22497 	0.18011 	0.26961 	-0.04214 	-0.04094 	-0.04659 	0.04414 	0.00000 	0.39650 	-0.05662 	-0.04181 	0.05363 	-0.07405 	0.05929 	-0.24274 	0.03322	0.00866
Replication233	 -1.40837	0.99874	0.99125 	0.99509 	0.99645 	0.99758 	0.99714 	1.00702 	0.98010 	0.98534 	0.99978 	0.98180 	0.99863 	0.99296 	-0.16801 	-0.12897 	-0.10330 	0.04782 	0.00000 	0.29116 	-0.14111 	-0.13050 	0.03178 	-0.13653 	0.26203 	0.19088 	-0.05524 	-0.04241 	-0.03397 	0.04547 	0.00000 	0.29013 	-0.04640 	-0.04291 	0.03005 	-0.04490 	0.08616 	-0.17446 	0.01524	0.01151
Replication234	 -1.23191	0.99822	0.98907 	0.99228 	0.99281 	0.99568 	0.99530 	1.00595 	0.96150 	0.96891 	0.99264 	0.96181 	0.98158 	0.98286 	-0.17363 	-0.15707 	-0.08753 	0.05547 	0.01241 	0.39555 	-0.15164 	-0.16942 	0.05375 	-0.22116 	0.20681 	0.27082 	-0.05715 	-0.05170 	-0.02881 	0.05215 	0.00408 	0.39410 	-0.04991 	-0.05577 	0.05131 	-0.07280 	0.06808 	-0.24467 	0.03436	0.00890
Replication235	 -1.30087	0.99806	0.98360 	0.98732 	0.98831 	0.99186 	0.99201 	1.00534 	0.96997 	0.97283 	0.99318 	0.96899 	0.98598 	0.98301 	-0.22883 	-0.21371 	-0.18747 	0.06996 	0.02864 	0.45477 	-0.09221 	-0.20109 	0.05222 	-0.16064 	0.20882 	0.29506 	-0.07535 	-0.07037 	-0.06173 	0.06633 	0.00943 	0.45318 	-0.03036 	-0.06621 	0.04955 	-0.05289 	0.06876 	-0.26906 	0.02554	0.02127
Replication236	 -1.35220	0.99836	0.99095 	0.99130 	0.99183 	0.99574 	0.99482 	1.00608 	0.97215 	0.97807 	0.99561 	0.97181 	0.98908 	0.98702 	-0.14199 	-0.19758 	-0.15586 	0.05508 	0.00000 	0.38241 	-0.12300 	-0.09649 	0.04465 	-0.20068 	0.20497 	0.24925 	-0.04673 	-0.06502 	-0.05129 	0.05202 	0.00000 	0.38106 	-0.04048 	-0.03175 	0.04240 	-0.06604 	0.06745 	-0.22711 	0.02076	0.01452
Replication237	 0.00071	0.99803	0.99541 	0.99254 	0.99033 	0.99757 	0.99595 	1.00547 	0.94929 	0.96235 	0.98870 	0.95380 	0.96959 	0.97796 	-0.07491 	-0.18979 	-0.12600 	0.04854 	0.00000 	0.44238 	-0.21837 	-0.11036 	0.06579 	-0.19666 	0.09922 	0.30203 	-0.02467 	-0.06250 	-0.04149 	0.04485 	0.00000 	0.44076 	-0.07191 	-0.03634 	0.06308 	-0.06476 	0.03267 	-0.27116 	0.04188	0.00854
Replication238	 -1.28913	0.99849	0.99224 	0.99502 	0.99528 	0.99782 	0.99705 	1.00655 	0.96324 	0.97520 	0.99537 	0.96898 	0.98657 	0.98705 	-0.14660 	-0.12824 	-0.07804 	0.04718 	0.00000 	0.33704 	-0.23633 	-0.10457 	0.04529 	-0.15774 	0.22037 	0.22978 	-0.04823 	-0.04219 	-0.02567 	0.04436 	0.00000 	0.33581 	-0.07775 	-0.03440 	0.04322 	-0.05190 	0.07250 	-0.20768 	0.02813	0.00807
Replication239	 -1.34632	0.99846	0.98908 	0.99217 	0.99320 	0.99559 	0.99489 	1.00632 	0.97350 	0.97858 	0.99687 	0.97478 	0.99426 	0.98841 	-0.17655 	-0.16388 	-0.13242 	0.05557 	0.00000 	0.35925 	-0.14684 	-0.18423 	0.04077 	-0.15632 	0.29159 	0.23430 	-0.05809 	-0.05392 	-0.04357 	0.05269 	0.00000 	0.35799 	-0.04831 	-0.06061 	0.03865 	-0.05143 	0.09594 	-0.21350 	0.02125	0.01583
Replication240	 -1.31082	0.99816	0.99299 	0.99226 	0.98940 	0.99669 	0.99504 	1.00567 	0.96410 	0.97225 	0.99230 	0.96879 	0.97990 	0.98271 	-0.12211 	-0.16681 	-0.20236 	0.05171 	0.00000 	0.42334 	-0.16748 	-0.14630 	0.05481 	-0.08539 	0.10610 	0.28006 	-0.04020 	-0.05491 	-0.06662 	0.04827 	0.00000 	0.42183 	-0.05514 	-0.04816 	0.05229 	-0.02811 	0.03493 	-0.25377 	0.02556	0.01040
Replication241	 -1.44426	0.99874	0.99546 	0.99619 	0.99492 	0.99927 	0.99827 	1.00695 	0.98324 	0.98595 	0.99937 	0.98264 	0.99756 	0.99260 	-0.11877 	-0.12735 	-0.16882 	0.04148 	0.00000 	0.29798 	-0.08668 	-0.12769 	0.03301 	-0.13976 	0.21647 	0.19180 	-0.03905 	-0.04188 	-0.05551 	0.03912 	0.00000 	0.29694 	-0.02850 	-0.04199 	0.03128 	-0.04596 	0.07118 	-0.17504 	0.01166	0.01059
Replication242	 -1.26469	0.99788	0.98173 	0.98394 	0.98671 	0.98970 	0.98885 	1.00488 	0.96344 	0.97068 	0.99180 	0.96692 	0.98250 	0.98093 	-0.21886 	-0.27232 	-0.17436 	0.07825 	0.00000 	0.50012 	-0.16809 	-0.16958 	0.05651 	-0.12070 	0.19579 	0.32220 	-0.07209 	-0.08970 	-0.05743 	0.07428 	0.00000 	0.49838 	-0.05537 	-0.05586 	0.05359 	-0.03976 	0.06449 	-0.29420 	0.02897	0.02633
Replication243	 -1.35516	0.99837	0.99081 	0.99312 	0.99126 	0.99646 	0.99516 	1.00609 	0.96844 	0.97798 	0.99517 	0.97139 	0.98724 	0.98664 	-0.16416 	-0.13570 	-0.18761 	0.05240 	0.00000 	0.38180 	-0.17988 	-0.05104 	0.04600 	-0.17641 	0.18714 	0.24783 	-0.05402 	-0.04465 	-0.06174 	0.04935 	0.00000 	0.38046 	-0.05919 	-0.01679 	0.04376 	-0.05805 	0.06158 	-0.22532 	0.02037	0.01538
Replication244	 -1.40232	0.99848	0.98504 	0.99020 	0.99215 	0.99351 	0.99297 	1.00626 	0.98031 	0.98398 	0.99861 	0.98151 	0.99914 	0.99064 	-0.22643 	-0.17196 	-0.16526 	0.06337 	0.00000 	0.36570 	-0.12796 	-0.15894 	0.03550 	-0.12481 	0.29601 	0.22935 	-0.07449 	-0.05657 	-0.05437 	0.06053 	0.00000 	0.36446 	-0.04210 	-0.05229 	0.03342 	-0.04106 	0.09739 	-0.21070 	0.01459	0.02422
Replication245	 -1.32013	0.99846	0.99867 	0.99624 	0.99261 	1.00033 	1.00005 	1.00639 	0.96515 	0.97411 	0.99431 	0.96940 	0.98549 	0.98568 	-0.07388 	-0.14569 	-0.18572 	0.03775 	0.03421 	0.35289 	-0.19172 	-0.15021 	0.04852 	-0.13438 	0.19818 	0.23486 	-0.02431 	-0.04793 	-0.06110 	0.03487 	0.01126 	0.35163 	-0.06308 	-0.04942 	0.04641 	-0.04421 	0.06520 	-0.21143 	0.02482	0.00789
Replication246	 -1.24742	0.99816	0.98776 	0.98806 	0.99240 	0.99343 	0.99309 	1.00575 	0.96248 	0.97124 	0.99340 	0.96589 	0.98362 	0.98365 	-0.15090 	-0.26392 	-0.06290 	0.06397 	0.00000 	0.41492 	-0.18780 	-0.16400 	0.05149 	-0.15947 	0.21158 	0.27923 	-0.04968 	-0.08689 	-0.02071 	0.06054 	0.00000 	0.41342 	-0.06183 	-0.05399 	0.04897 	-0.05250 	0.06965 	-0.25384 	0.03220	0.01315
Replication247	 -1.26390	0.99832	0.99053 	0.99477 	0.99256 	0.99711 	0.99583 	1.00611 	0.96157 	0.97066 	0.99339 	0.96617 	0.98430 	0.98393 	-0.17557 	-0.09199 	-0.13257 	0.04999 	0.00000 	0.37994 	-0.20554 	-0.19654 	0.05142 	-0.13757 	0.23207 	0.25709 	-0.05778 	-0.03027 	-0.04363 	0.04684 	0.00000 	0.37855 	-0.06764 	-0.06468 	0.04910 	-0.04528 	0.07638 	-0.23198 	0.03073	0.00961
Replication248	 -1.33836	0.99857	0.99462 	0.99794 	0.99462 	0.99975 	0.99840 	1.00670 	0.96875 	0.97716 	0.99581 	0.97158 	0.98773 	0.98787 	-0.14304 	-0.05904 	-0.14245 	0.03983 	0.00000 	0.32277 	-0.17222 	-0.11619 	0.04393 	-0.16055 	0.19173 	0.21833 	-0.04705 	-0.01942 	-0.04686 	0.03716 	0.00000 	0.32160 	-0.05665 	-0.03822 	0.04196 	-0.05281 	0.06307 	-0.19701 	0.02310	0.00576
Replication249	 -1.24473	0.99826	0.99291 	0.99374 	0.99238 	0.99741 	0.99633 	1.00599 	0.95758 	0.96967 	0.99224 	0.96179 	0.97875 	0.98277 	-0.12822 	-0.14797 	-0.11846 	0.04894 	0.00439 	0.39200 	-0.21549 	-0.08975 	0.05492 	-0.19371 	0.16003 	0.26627 	-0.04220 	-0.04871 	-0.03899 	0.04568 	0.00145 	0.39057 	-0.07093 	-0.02954 	0.05253 	-0.06376 	0.05267 	-0.24004 	0.03294	0.00872