
Replication	FitnessValue	Frequency	Bus1	Bus2	Bus3	Bus4	Bus5	Bus6	Bus7	Bus8	Bus9	Bus10	Bus11	Bus12	Bus1_P	Bus2_P	Bus3_P	Bus4_P	Bus5_P	Bus6_P	Bus7_P	Bus8_P	Bus9_P	Bus10_P	Bus11_P	Bus12_P	Bus1_Q	Bus2_Q	Bus3_Q	Bus4_Q	Bus5_Q	Bus6_Q	Bus7_Q	Bus8_Q	Bus9_Q	Bus10_Q	Bus11_Q	Bus12_Q	PLoss	QLoss
Replication0	 -1.47716	0.99891	0.96564 	0.96911 	0.97121 	0.97526 	0.97140 	0.97833 	0.95671 	0.96428 	0.97837 	0.95933 	0.97572 	0.97788 	-0.15851 	-0.14821 	-0.15774 	0.14776 	0.00000 	0.20793 	-0.16236 	-0.14557 	0.13845 	-0.14927 	0.21165 	0.20995 	-0.05211 	-0.04872 	-0.05185 	0.06061 	0.00000 	0.07715 	-0.05337 	-0.04785 	0.05130 	-0.04907 	0.06957 	0.07917 	0.00591	0.03483
Replication1	 -1.49419	0.99896	0.96935 	0.97218 	0.97300 	0.97793 	0.97424 	0.97997 	0.95733 	0.96472 	0.97952 	0.96005 	0.97741 	0.97889 	-0.13957 	-0.12668 	-0.16348 	0.13780 	0.00507 	0.19760 	-0.16698 	-0.16855 	0.13303 	-0.14823 	0.23315 	0.20244 	-0.04587 	-0.04164 	-0.05373 	0.05458 	0.00167 	0.07273 	-0.05488 	-0.05540 	0.04981 	-0.04872 	0.07663 	0.07757 	0.00440	0.03273
Replication2	 -1.48424	0.99913	0.97415 	0.97650 	0.97849 	0.98187 	0.98024 	0.98454 	0.96746 	0.97306 	0.98502 	0.96921 	0.98606 	0.98436 	-0.13578 	-0.14426 	-0.14460 	0.11900 	0.03528 	0.16656 	-0.14217 	-0.14971 	0.10955 	-0.13942 	0.25248 	0.16735 	-0.04461 	-0.04740 	-0.04751 	0.04976 	0.01159 	0.06265 	-0.04671 	-0.04919 	0.04031 	-0.04581 	0.08296 	0.06344 	0.00573	0.02947
Replication3	 -1.50891	0.99891	0.96628 	0.97065 	0.97368 	0.97623 	0.97280 	0.97961 	0.95781 	0.96469 	0.97873 	0.96091 	0.97227 	0.97847 	-0.16232 	-0.13941 	-0.10951 	0.14492 	0.00000 	0.20224 	-0.13969 	-0.15543 	0.13744 	-0.10170 	0.11257 	0.20737 	-0.05336 	-0.04582 	-0.03600 	0.05764 	0.00000 	0.07127 	-0.04592 	-0.05109 	0.05015 	-0.03343 	0.03700 	0.07639 	0.00351	0.02683
Replication4	 -1.46714	0.99913	0.97286 	0.97553 	0.97763 	0.98084 	0.97772 	0.98387 	0.96826 	0.97371 	0.98508 	0.97034 	0.98770 	0.98439 	-0.13656 	-0.13777 	-0.14728 	0.12218 	0.00000 	0.16969 	-0.14744 	-0.15369 	0.10946 	-0.13098 	0.27784 	0.16736 	-0.04487 	-0.04527 	-0.04839 	0.05276 	0.00000 	0.06551 	-0.04844 	-0.05050 	0.04003 	-0.04304 	0.09129 	0.06318 	0.00718	0.03226
Replication5	 -1.48956	0.99890	0.96655 	0.96917 	0.97154 	0.97558 	0.97176 	0.97840 	0.95605 	0.96349 	0.97807 	0.95834 	0.97443 	0.97761 	-0.14359 	-0.15914 	-0.14625 	0.14724 	0.00000 	0.20824 	-0.15610 	-0.14919 	0.13975 	-0.15352 	0.19590 	0.21180 	-0.04720 	-0.05231 	-0.04808 	0.05925 	0.00000 	0.07621 	-0.05131 	-0.04904 	0.05176 	-0.05046 	0.06440 	0.07977 	0.00484	0.03297
Replication6	 -1.45977	0.99895	0.96631 	0.96950 	0.97173 	0.97571 	0.97194 	0.97895 	0.95958 	0.96669 	0.97959 	0.96196 	0.97840 	0.97910 	-0.15698 	-0.15446 	-0.16519 	0.14487 	0.00000 	0.20277 	-0.15712 	-0.13419 	0.13324 	-0.14757 	0.22493 	0.20212 	-0.05160 	-0.05077 	-0.05430 	0.06085 	0.00000 	0.07669 	-0.05164 	-0.04411 	0.04921 	-0.04850 	0.07393 	0.07603 	0.00757	0.03579
Replication7	 -1.47497	0.99879	0.96319 	0.96602 	0.96774 	0.97288 	0.96853 	0.97548 	0.95266 	0.95986 	0.97477 	0.95465 	0.96832 	0.97451 	-0.15339 	-0.15938 	-0.17154 	0.15959 	0.00000 	0.22779 	-0.13904 	-0.14574 	0.15394 	-0.14484 	0.13426 	0.23217 	-0.05043 	-0.05240 	-0.05640 	0.06306 	0.00000 	0.08293 	-0.04571 	-0.04792 	0.05741 	-0.04762 	0.04414 	0.08731 	0.00618	0.03436
Replication8	 -1.45175	0.99907	0.96847 	0.97267 	0.97528 	0.97805 	0.97480 	0.98195 	0.96753 	0.97227 	0.98353 	0.96874 	0.98606 	0.98289 	-0.16865 	-0.13989 	-0.15463 	0.13290 	0.00000 	0.18183 	-0.13207 	-0.15311 	0.11645 	-0.13972 	0.27088 	0.17760 	-0.05542 	-0.04597 	-0.05081 	0.05879 	0.00000 	0.07063 	-0.04340 	-0.05031 	0.04235 	-0.04591 	0.08901 	0.06640 	0.00843	0.03535
Replication9	 0.00322	0.99873	0.96325 	0.96532 	0.96695 	0.97250 	0.96797 	0.97447 	0.94678 	0.95549 	0.97270 	0.94982 	0.96390 	0.97240 	-0.13753 	-0.16441 	-0.15759 	0.16318 	0.00000 	0.23595 	-0.16264 	-0.16453 	0.16256 	-0.14679 	0.12397 	0.24527 	-0.04522 	-0.05406 	-0.05182 	0.06180 	0.00000 	0.08382 	-0.05348 	-0.05410 	0.06118 	-0.04827 	0.04076 	0.09314 	0.00256	0.03374
Replication10	 -1.47778	0.99888	0.96565 	0.96809 	0.97058 	0.97476 	0.97085 	0.97768 	0.95659 	0.96331 	0.97751 	0.95825 	0.97358 	0.97711 	-0.14496 	-0.16745 	-0.15357 	0.15054 	0.00000 	0.21271 	-0.14042 	-0.14702 	0.14228 	-0.15275 	0.17938 	0.21528 	-0.04765 	-0.05505 	-0.05049 	0.06086 	0.00000 	0.07815 	-0.04616 	-0.04833 	0.05260 	-0.05022 	0.05897 	0.08072 	0.00599	0.03341
Replication11	 -1.49070	0.99892	0.96600 	0.96939 	0.97220 	0.97555 	0.97190 	0.97887 	0.95659 	0.96443 	0.97887 	0.95932 	0.97649 	0.97833 	-0.15598 	-0.15661 	-0.13876 	0.14637 	0.00000 	0.20469 	-0.16904 	-0.14922 	0.13639 	-0.15517 	0.22563 	0.20711 	-0.05127 	-0.05148 	-0.04561 	0.06031 	0.00000 	0.07554 	-0.05556 	-0.04905 	0.05033 	-0.05101 	0.07417 	0.07796 	0.00459	0.03432
Replication12	 -1.49376	0.99888	0.96543 	0.96908 	0.97134 	0.97516 	0.97133 	0.97816 	0.95604 	0.96278 	0.97765 	0.95781 	0.97344 	0.97720 	-0.15781 	-0.14556 	-0.14345 	0.14915 	0.00000 	0.21033 	-0.14301 	-0.16087 	0.14168 	-0.15203 	0.18244 	0.21463 	-0.05188 	-0.04785 	-0.04716 	0.05982 	0.00000 	0.07629 	-0.04701 	-0.05288 	0.05235 	-0.04998 	0.05997 	0.08058 	0.00449	0.03226
Replication13	 -1.49709	0.99884	0.96343 	0.96716 	0.96916 	0.97356 	0.96942 	0.97648 	0.95103 	0.95981 	0.97597 	0.95411 	0.97229 	0.97539 	-0.16351 	-0.14902 	-0.15767 	0.15581 	0.00000 	0.22063 	-0.18328 	-0.16197 	0.14858 	-0.16693 	0.22817 	0.22554 	-0.05375 	-0.04899 	-0.05184 	0.06280 	0.00000 	0.08106 	-0.06025 	-0.05325 	0.05557 	-0.05488 	0.07501 	0.08597 	0.00364	0.03745
Replication14	 -1.49913	0.99909	0.97361 	0.97579 	0.97751 	0.98114 	0.97789 	0.98345 	0.96476 	0.97025 	0.98356 	0.96552 	0.98374 	0.98286 	-0.12195 	-0.13169 	-0.13390 	0.12312 	0.00000 	0.17432 	-0.13599 	-0.15909 	0.11585 	-0.16813 	0.25621 	0.17701 	-0.04007 	-0.04327 	-0.04400 	0.05001 	0.00000 	0.06461 	-0.04469 	-0.05228 	0.04275 	-0.05525 	0.08419 	0.06730 	0.00425	0.02930
Replication15	 -1.46688	0.99893	0.96466 	0.96884 	0.97090 	0.97484 	0.97098 	0.97827 	0.95823 	0.96492 	0.97886 	0.96008 	0.97836 	0.97824 	-0.17239 	-0.14339 	-0.16802 	0.14837 	0.00000 	0.20723 	-0.15635 	-0.15910 	0.13634 	-0.16186 	0.25519 	0.20734 	-0.05667 	-0.04713 	-0.05523 	0.06252 	0.00000 	0.07840 	-0.05139 	-0.05230 	0.05048 	-0.05320 	0.08388 	0.07851 	0.00664	0.03787
Replication16	 -1.52248	0.99893	0.96687 	0.97162 	0.97379 	0.97687 	0.97331 	0.97986 	0.95655 	0.96339 	0.97891 	0.95790 	0.97455 	0.97838 	-0.16417 	-0.12011 	-0.11915 	0.14234 	0.00000 	0.20011 	-0.14386 	-0.16364 	0.13621 	-0.16873 	0.19234 	0.20680 	-0.05396 	-0.03948 	-0.03917 	0.05640 	0.00000 	0.07114 	-0.04729 	-0.05379 	0.05027 	-0.05546 	0.06322 	0.07783 	0.00186	0.02971
Replication17	 -1.49863	0.99880	0.96250 	0.96656 	0.96875 	0.97295 	0.96881 	0.97600 	0.95176 	0.95896 	0.97521 	0.95391 	0.97010 	0.97473 	-0.16834 	-0.14858 	-0.15141 	0.15894 	0.00000 	0.22478 	-0.15259 	-0.18087 	0.15217 	-0.15276 	0.18445 	0.23048 	-0.05535 	-0.04885 	-0.04978 	0.06330 	0.00000 	0.08127 	-0.05017 	-0.05947 	0.05653 	-0.05022 	0.06064 	0.08696 	0.00374	0.03486
Replication18	 -1.50268	0.99900	0.97082 	0.97405 	0.97525 	0.97946 	0.97722 	0.98166 	0.96077 	0.96689 	0.98083 	0.96187 	0.97713 	0.98035 	-0.14706 	-0.12694 	-0.14785 	0.13164 	0.03244 	0.18764 	-0.12991 	-0.14685 	0.12754 	-0.15641 	0.17821 	0.19352 	-0.04833 	-0.04172 	-0.04859 	0.05154 	0.01066 	0.06744 	-0.04270 	-0.04826 	0.04744 	-0.05140 	0.05857 	0.07332 	0.00403	0.02795
Replication19	 -1.48325	0.99892	0.96509 	0.96955 	0.97159 	0.97531 	0.97151 	0.97862 	0.95781 	0.96415 	0.97880 	0.95950 	0.97758 	0.97816 	-0.17190 	-0.13517 	-0.15549 	0.14713 	0.00000 	0.20585 	-0.15094 	-0.17672 	0.13667 	-0.15863 	0.24604 	0.20796 	-0.05650 	-0.04443 	-0.05111 	0.06097 	0.00000 	0.07656 	-0.04962 	-0.05809 	0.05052 	-0.05214 	0.08088 	0.07867 	0.00521	0.03570
Replication20	 -1.47611	0.99915	0.97430 	0.97708 	0.97845 	0.98207 	0.97922 	0.98464 	0.96859 	0.97379 	0.98554 	0.97000 	0.98817 	0.98479 	-0.13450 	-0.12213 	-0.15183 	0.11763 	0.00747 	0.16490 	-0.14173 	-0.15541 	0.10721 	-0.14734 	0.28513 	0.16424 	-0.04419 	-0.04013 	-0.04988 	0.04994 	0.00245 	0.06333 	-0.04657 	-0.05106 	0.03952 	-0.04841 	0.09368 	0.06266 	0.00636	0.03134
Replication21	 -1.49596	0.99905	0.97168 	0.97504 	0.97661 	0.98013 	0.97679 	0.98268 	0.96366 	0.96935 	0.98261 	0.96500 	0.98145 	0.98201 	-0.14046 	-0.11890 	-0.13559 	0.12756 	0.00000 	0.17991 	-0.13563 	-0.15825 	0.12013 	-0.14881 	0.22246 	0.18294 	-0.04616 	-0.03907 	-0.04456 	0.05162 	0.00000 	0.06596 	-0.04457 	-0.05201 	0.04419 	-0.04890 	0.07311 	0.06899 	0.00464	0.02861
Replication22	 -1.48195	0.99888	0.96354 	0.96663 	0.97069 	0.97346 	0.96984 	0.97747 	0.95624 	0.96345 	0.97788 	0.95824 	0.97574 	0.97735 	-0.16076 	-0.18780 	-0.13373 	0.15427 	0.00000 	0.21342 	-0.15783 	-0.15273 	0.14102 	-0.16327 	0.22820 	0.21396 	-0.05285 	-0.06174 	-0.04396 	0.06494 	0.00000 	0.07936 	-0.05189 	-0.05021 	0.05168 	-0.05367 	0.07502 	0.07990 	0.00525	0.03658
Replication23	 -1.49796	0.99908	0.97150 	0.97459 	0.97704 	0.97991 	0.97676 	0.98294 	0.96410 	0.97000 	0.98337 	0.96507 	0.98426 	0.98263 	-0.14015 	-0.13686 	-0.12703 	0.12721 	0.00000 	0.17725 	-0.14581 	-0.15659 	0.11684 	-0.17480 	0.27715 	0.17866 	-0.04605 	-0.04497 	-0.04174 	0.05326 	0.00000 	0.06628 	-0.04791 	-0.05146 	0.04289 	-0.05744 	0.09107 	0.06769 	0.00414	0.03160
Replication24	 0.00788	0.99867	0.96103 	0.96456 	0.96588 	0.97136 	0.96666 	0.97326 	0.94212 	0.95183 	0.97047 	0.94505 	0.95819 	0.97029 	-0.15510 	-0.14261 	-0.14571 	0.16929 	0.00000 	0.24545 	-0.16313 	-0.15284 	0.17196 	-0.16179 	0.07596 	0.25885 	-0.05101 	-0.04690 	-0.04792 	0.06252 	0.00000 	0.08523 	-0.05365 	-0.05027 	0.06518 	-0.05321 	0.02498 	0.09862 	0.00032	0.03358
Replication25	 -1.47674	0.99891	0.96527 	0.96982 	0.97137 	0.97547 	0.97157 	0.97853 	0.95830 	0.96439 	0.97848 	0.95939 	0.97579 	0.97799 	-0.17186 	-0.12625 	-0.16198 	0.14703 	0.00000 	0.20682 	-0.13453 	-0.15496 	0.13799 	-0.16102 	0.20343 	0.20927 	-0.05649 	-0.04150 	-0.05324 	0.06012 	0.00000 	0.07640 	-0.04422 	-0.05094 	0.05108 	-0.05293 	0.06687 	0.07885 	0.00603	0.03399
Replication26	 -1.48877	0.99902	0.97056 	0.97287 	0.97520 	0.97889 	0.97691 	0.98165 	0.96171 	0.96825 	0.98167 	0.96446 	0.98053 	0.98108 	-0.14182 	-0.16054 	-0.14743 	0.13246 	0.03490 	0.18634 	-0.15592 	-0.16580 	0.12413 	-0.12714 	0.22676 	0.18892 	-0.04661 	-0.05276 	-0.04845 	0.05416 	0.01147 	0.06883 	-0.05124 	-0.05449 	0.04582 	-0.04178 	0.07452 	0.07141 	0.00513	0.03088
Replication27	 -1.46279	0.99889	0.96226 	0.96684 	0.97030 	0.97314 	0.96945 	0.97744 	0.95890 	0.96466 	0.97822 	0.96033 	0.97684 	0.97772 	-0.18430 	-0.16485 	-0.15034 	0.15488 	0.00000 	0.21305 	-0.13677 	-0.16363 	0.13967 	-0.14755 	0.22091 	0.21180 	-0.06058 	-0.05419 	-0.04942 	0.06621 	0.00000 	0.07999 	-0.04496 	-0.05379 	0.05100 	-0.04850 	0.07262 	0.07874 	0.00713	0.03711
Replication28	 -1.52207	0.99908	0.97571 	0.97684 	0.97812 	0.98228 	0.97896 	0.98378 	0.96153 	0.96890 	0.98303 	0.96367 	0.98098 	0.98239 	-0.09862 	-0.13003 	-0.12444 	0.12009 	0.00000 	0.17343 	-0.16045 	-0.14489 	0.11782 	-0.16257 	0.22778 	0.17967 	-0.03241 	-0.04273 	-0.04089 	0.04621 	0.00000 	0.06257 	-0.05272 	-0.04761 	0.04394 	-0.05342 	0.07485 	0.06882 	0.00221	0.02661
Replication29	 -1.50743	0.99890	0.96735 	0.97089 	0.97236 	0.97667 	0.97330 	0.97902 	0.95446 	0.96299 	0.97780 	0.95714 	0.97139 	0.97747 	-0.15167 	-0.13108 	-0.14317 	0.14402 	0.01206 	0.20554 	-0.15925 	-0.12277 	0.14064 	-0.15416 	0.14397 	0.21250 	-0.04986 	-0.04309 	-0.04706 	0.05592 	0.00396 	0.07334 	-0.05235 	-0.04036 	0.05253 	-0.05067 	0.04733 	0.08029 	0.00335	0.02998
Replication30	 -1.47937	0.99915	0.97381 	0.97583 	0.97864 	0.98133 	0.97841 	0.98447 	0.96880 	0.97396 	0.98568 	0.97031 	0.98881 	0.98492 	-0.12580 	-0.15234 	-0.13052 	0.12000 	0.00000 	0.16594 	-0.14429 	-0.15999 	0.10694 	-0.14547 	0.29563 	0.16391 	-0.04133 	-0.05005 	-0.04288 	0.05200 	0.00000 	0.06389 	-0.04741 	-0.05257 	0.03894 	-0.04780 	0.09713 	0.06187 	0.00599	0.03180
Replication31	 -1.48330	0.99883	0.96464 	0.96753 	0.96915 	0.97410 	0.96989 	0.97662 	0.95339 	0.96082 	0.97598 	0.95595 	0.97094 	0.97558 	-0.15041 	-0.15174 	-0.16591 	0.15430 	0.00000 	0.22018 	-0.15367 	-0.16048 	0.14865 	-0.14124 	0.17011 	0.22484 	-0.04945 	-0.04989 	-0.05454 	0.06107 	0.00000 	0.08028 	-0.05052 	-0.05276 	0.05542 	-0.04643 	0.05592 	0.08494 	0.00537	0.03403
Replication32	 -1.48004	0.99912	0.97278 	0.97648 	0.97820 	0.98125 	0.97815 	0.98417 	0.96684 	0.97327 	0.98481 	0.96863 	0.98541 	0.98422 	-0.14623 	-0.11508 	-0.13781 	0.12124 	0.00000 	0.16876 	-0.14807 	-0.11918 	0.11056 	-0.15286 	0.24402 	0.16854 	-0.04805 	-0.03781 	-0.04528 	0.05123 	0.00000 	0.06370 	-0.04865 	-0.03916 	0.04055 	-0.05023 	0.08018 	0.06347 	0.00610	0.02995
Replication33	 0.00269	0.99876	0.96441 	0.96707 	0.96873 	0.97373 	0.96941 	0.97567 	0.94731 	0.95535 	0.97358 	0.94905 	0.96529 	0.97313 	-0.13901 	-0.14954 	-0.13825 	0.15831 	0.00000 	0.22880 	-0.15341 	-0.18007 	0.15877 	-0.17678 	0.15083 	0.24025 	-0.04571 	-0.04917 	-0.04546 	0.05927 	0.00000 	0.08018 	-0.05044 	-0.05921 	0.05973 	-0.05813 	0.04960 	0.09163 	0.00010	0.03228
Replication34	 -1.48864	0.99892	0.96791 	0.97083 	0.97225 	0.97693 	0.97435 	0.97927 	0.95756 	0.96428 	0.97847 	0.96004 	0.97365 	0.97809 	-0.15109 	-0.14587 	-0.16226 	0.14245 	0.03189 	0.20322 	-0.14190 	-0.15769 	0.13782 	-0.12486 	0.15457 	0.20851 	-0.04967 	-0.04795 	-0.05334 	0.05594 	0.01048 	0.07341 	-0.04665 	-0.05183 	0.05131 	-0.04104 	0.05081 	0.07869 	0.00522	0.03016
Replication35	 -1.46505	0.99892	0.96457 	0.96913 	0.97133 	0.97495 	0.97116 	0.97848 	0.95853 	0.96571 	0.97882 	0.96082 	0.97626 	0.97841 	-0.17632 	-0.13889 	-0.15940 	0.14827 	0.00000 	0.20660 	-0.15152 	-0.12964 	0.13666 	-0.14641 	0.19664 	0.20690 	-0.05796 	-0.04566 	-0.05240 	0.06198 	0.00000 	0.07712 	-0.04981 	-0.04261 	0.05037 	-0.04813 	0.06464 	0.07741 	0.00712	0.03497
Replication36	 -1.47286	0.99926	0.97941 	0.97995 	0.98110 	0.98525 	0.98345 	0.98716 	0.97142 	0.97784 	0.98838 	0.97389 	0.99290 	0.98757 	-0.10214 	-0.14205 	-0.16102 	0.10376 	0.02833 	0.14707 	-0.16718 	-0.12593 	0.09436 	-0.14703 	0.31995 	0.14526 	-0.03355 	-0.04666 	-0.05289 	0.04472 	0.00931 	0.05848 	-0.05492 	-0.04136 	0.03533 	-0.04830 	0.10510 	0.05667 	0.00663	0.03193
Replication37	 -1.47860	0.99906	0.97156 	0.97407 	0.97557 	0.97964 	0.97616 	0.98216 	0.96303 	0.96979 	0.98270 	0.96537 	0.98356 	0.98202 	-0.13408 	-0.13458 	-0.15584 	0.12864 	0.00000 	0.18166 	-0.16287 	-0.15019 	0.11944 	-0.15129 	0.27086 	0.18232 	-0.04406 	-0.04422 	-0.05121 	0.05351 	0.00000 	0.06891 	-0.05352 	-0.04936 	0.04430 	-0.04972 	0.08901 	0.06957 	0.00592	0.03321
Replication38	 -1.47536	0.99902	0.96962 	0.97314 	0.97498 	0.97855 	0.97509 	0.98147 	0.96338 	0.96929 	0.98174 	0.96477 	0.98020 	0.98127 	-0.15035 	-0.12986 	-0.14711 	0.13356 	0.00000 	0.18724 	-0.13282 	-0.13581 	0.12397 	-0.14640 	0.20288 	0.18816 	-0.04941 	-0.04268 	-0.04835 	0.05512 	0.00000 	0.06954 	-0.04365 	-0.04463 	0.04553 	-0.04811 	0.06667 	0.07045 	0.00652	0.03048
Replication39	 -1.50158	0.99899	0.96699 	0.97113 	0.97489 	0.97680 	0.97364 	0.98079 	0.95929 	0.96723 	0.98116 	0.96206 	0.98035 	0.98052 	-0.16404 	-0.15467 	-0.11206 	0.13981 	0.00000 	0.19183 	-0.17597 	-0.14311 	0.12674 	-0.16133 	0.25621 	0.19303 	-0.05391 	-0.05084 	-0.03683 	0.05935 	0.00000 	0.07108 	-0.05783 	-0.04703 	0.04628 	-0.05302 	0.08420 	0.07229 	0.00356	0.03372
Replication40	 -1.49273	0.99887	0.96624 	0.96839 	0.97037 	0.97506 	0.97102 	0.97751 	0.95346 	0.96167 	0.97695 	0.95570 	0.97275 	0.97647 	-0.13741 	-0.16147 	-0.15562 	0.14999 	0.00000 	0.21404 	-0.16491 	-0.14103 	0.14433 	-0.17242 	0.20139 	0.21874 	-0.04517 	-0.05308 	-0.05116 	0.05960 	0.00000 	0.07840 	-0.05421 	-0.04636 	0.05394 	-0.05668 	0.06620 	0.08310 	0.00437	0.03458
Replication41	 0.00827	0.99866	0.96350 	0.96570 	0.96679 	0.97266 	0.96797 	0.97378 	0.94173 	0.95147 	0.97011 	0.94466 	0.95445 	0.97013 	-0.12840 	-0.14623 	-0.13225 	0.16558 	0.00000 	0.24340 	-0.14779 	-0.13885 	0.17324 	-0.14647 	0.00000 	0.25984 	-0.04223 	-0.04809 	-0.04349 	0.05842 	0.00000 	0.08259 	-0.04861 	-0.04566 	0.06608 	-0.04817 	0.00000 	0.09903 	0.00206	0.02986
Replication42	 -1.47234	0.99895	0.96552 	0.96986 	0.97212 	0.97568 	0.97248 	0.97917 	0.95926 	0.96599 	0.97959 	0.96129 	0.97848 	0.97903 	-0.17473 	-0.14334 	-0.15906 	0.14497 	0.01184 	0.20182 	-0.15391 	-0.15172 	0.13326 	-0.15319 	0.23528 	0.20248 	-0.05743 	-0.04712 	-0.05228 	0.06089 	0.00389 	0.07565 	-0.05059 	-0.04987 	0.04918 	-0.05035 	0.07733 	0.07631 	0.00632	0.03560
Replication43	 0.00550	0.99867	0.95990 	0.96336 	0.96507 	0.97045 	0.96575 	0.97285 	0.94450 	0.95377 	0.97084 	0.94789 	0.95964 	0.97074 	-0.16214 	-0.15682 	-0.15977 	0.17183 	0.00000 	0.24703 	-0.15930 	-0.14477 	0.17064 	-0.13681 	0.07073 	0.25650 	-0.05332 	-0.05157 	-0.05254 	0.06545 	0.00000 	0.08738 	-0.05239 	-0.04761 	0.06426 	-0.04499 	0.02326 	0.09686 	0.00287	0.03476
Replication44	 -1.47288	0.99904	0.97005 	0.97256 	0.97485 	0.97844 	0.97502 	0.98147 	0.96246 	0.96954 	0.98230 	0.96557 	0.98338 	0.98163 	-0.13973 	-0.15152 	-0.15159 	0.13297 	0.00000 	0.18590 	-0.17233 	-0.15387 	0.12140 	-0.13598 	0.27320 	0.18519 	-0.04592 	-0.04979 	-0.04982 	0.05633 	0.00000 	0.07090 	-0.05663 	-0.05057 	0.04476 	-0.04469 	0.08978 	0.07019 	0.00637	0.03455
Replication45	 -1.51296	0.99890	0.96743 	0.97069 	0.97321 	0.97674 	0.97457 	0.97949 	0.95725 	0.96355 	0.97815 	0.95844 	0.97106 	0.97789 	-0.15431 	-0.15458 	-0.12809 	0.14371 	0.03507 	0.20327 	-0.11927 	-0.14470 	0.13948 	-0.14431 	0.11016 	0.21049 	-0.05073 	-0.05081 	-0.04211 	0.05579 	0.01153 	0.07134 	-0.03921 	-0.04757 	0.05156 	-0.04744 	0.03621 	0.07856 	0.00308	0.02713
Replication46	 -1.53429	0.99881	0.96467 	0.96812 	0.97099 	0.97451 	0.97171 	0.97727 	0.95061 	0.95904 	0.97520 	0.95337 	0.96509 	0.97504 	-0.15632 	-0.16034 	-0.11533 	0.15420 	0.02493 	0.21895 	-0.14712 	-0.13982 	0.15213 	-0.13816 	0.07702 	0.22902 	-0.05140 	-0.05272 	-0.03792 	0.05867 	0.00820 	0.07560 	-0.04837 	-0.04597 	0.05660 	-0.04543 	0.02532 	0.08567 	0.00082	0.02827
Replication47	 -1.46741	0.99891	0.96627 	0.96899 	0.97123 	0.97541 	0.97156 	0.97836 	0.95839 	0.96521 	0.97838 	0.96031 	0.97452 	0.97805 	-0.14831 	-0.15885 	-0.15823 	0.14744 	0.00000 	0.20795 	-0.13895 	-0.12818 	0.13853 	-0.14333 	0.16550 	0.20933 	-0.04875 	-0.05222 	-0.05201 	0.06007 	0.00000 	0.07685 	-0.04568 	-0.04213 	0.05116 	-0.04711 	0.05440 	0.07822 	0.00710	0.03279
Replication48	 -1.48342	0.99894	0.96506 	0.96904 	0.97264 	0.97514 	0.97170 	0.97916 	0.95861 	0.96590 	0.97968 	0.96071 	0.97850 	0.97912 	-0.16836 	-0.16341 	-0.13133 	0.14677 	0.00000 	0.20215 	-0.16120 	-0.14309 	0.13314 	-0.16386 	0.24167 	0.20231 	-0.05534 	-0.05371 	-0.04317 	0.06236 	0.00000 	0.07548 	-0.05298 	-0.04703 	0.04873 	-0.05386 	0.07943 	0.07565 	0.00520	0.03555
Replication49	 -1.49602	0.99902	0.96986 	0.97282 	0.97577 	0.97852 	0.97530 	0.98174 	0.96299 	0.96847 	0.98198 	0.96340 	0.98124 	0.98136 	-0.14181 	-0.15069 	-0.12259 	0.13349 	0.00000 	0.18579 	-0.12989 	-0.15359 	0.12310 	-0.17446 	0.23872 	0.18750 	-0.04661 	-0.04952 	-0.04029 	0.05537 	0.00000 	0.06857 	-0.04269 	-0.05047 	0.04498 	-0.05733 	0.07845 	0.07027 	0.00442	0.03073
Replication50	 -1.44527	0.99910	0.97139 	0.97387 	0.97583 	0.97954 	0.97620 	0.98261 	0.96760 	0.97355 	0.98400 	0.96929 	0.98554 	0.98348 	-0.14000 	-0.14582 	-0.16500 	0.12745 	0.00000 	0.17744 	-0.14104 	-0.11049 	0.11408 	-0.14450 	0.24513 	0.17351 	-0.04600 	-0.04792 	-0.05422 	0.05527 	0.00000 	0.06912 	-0.04635 	-0.03631 	0.04190 	-0.04748 	0.08055 	0.06518 	0.00925	0.03374
Replication51	 -1.45742	0.99898	0.96343 	0.96753 	0.97225 	0.97398 	0.97071 	0.97901 	0.96131 	0.96837 	0.98081 	0.96369 	0.98288 	0.98017 	-0.18133 	-0.18759 	-0.13810 	0.14892 	0.00000 	0.20082 	-0.16980 	-0.13891 	0.12841 	-0.16013 	0.29485 	0.19559 	-0.05960 	-0.06165 	-0.04539 	0.06718 	0.00000 	0.07816 	-0.05581 	-0.04565 	0.04667 	-0.05263 	0.09691 	0.07293 	0.00727	0.04111
Replication52	 -1.50809	0.99887	0.96419 	0.96886 	0.97190 	0.97469 	0.97123 	0.97823 	0.95626 	0.96228 	0.97742 	0.95778 	0.97185 	0.97704 	-0.17240 	-0.14456 	-0.12014 	0.15124 	0.00392 	0.21103 	-0.12796 	-0.17461 	0.14305 	-0.13793 	0.14870 	0.21638 	-0.05668 	-0.04752 	-0.03950 	0.06056 	0.00129 	0.07496 	-0.04206 	-0.05740 	0.05237 	-0.04534 	0.04888 	0.08031 	0.00329	0.02987
Replication53	 -1.45595	0.99901	0.96871 	0.97086 	0.97304 	0.97717 	0.97352 	0.98020 	0.96244 	0.96875 	0.98126 	0.96426 	0.98238 	0.98063 	-0.14051 	-0.16186 	-0.16931 	0.13811 	0.00000 	0.19363 	-0.15314 	-0.14543 	0.12585 	-0.15546 	0.26857 	0.19167 	-0.04618 	-0.05320 	-0.05564 	0.05880 	0.00000 	0.07461 	-0.05033 	-0.04779 	0.04654 	-0.05109 	0.08827 	0.07265 	0.00787	0.03663
Replication54	 -1.45603	0.99898	0.96541 	0.96910 	0.97210 	0.97529 	0.97171 	0.97924 	0.96175 	0.96771 	0.98060 	0.96385 	0.98232 	0.97992 	-0.16876 	-0.16296 	-0.16112 	0.14498 	0.00000 	0.19975 	-0.15568 	-0.16909 	0.12907 	-0.14401 	0.28346 	0.19671 	-0.05547 	-0.05356 	-0.05295 	0.06324 	0.00000 	0.07710 	-0.05117 	-0.05558 	0.04733 	-0.04733 	0.09317 	0.07405 	0.00764	0.03883
Replication55	 -1.47862	0.99883	0.96499 	0.96800 	0.96861 	0.97443 	0.97032 	0.97648 	0.95373 	0.96039 	0.97566 	0.95503 	0.97046 	0.97526 	-0.15253 	-0.13786 	-0.18564 	0.15344 	0.00785 	0.22103 	-0.13576 	-0.15883 	0.14976 	-0.16060 	0.16679 	0.22652 	-0.05015 	-0.04532 	-0.06103 	0.05994 	0.00258 	0.08072 	-0.04463 	-0.05222 	0.05626 	-0.05280 	0.05484 	0.08621 	0.00581	0.03439
Replication56	 -1.45556	0.99908	0.97134 	0.97403 	0.97496 	0.97955 	0.97593 	0.98205 	0.96488 	0.97126 	0.98305 	0.96627 	0.98469 	0.98241 	-0.14014 	-0.12797 	-0.17834 	0.12829 	0.00000 	0.18124 	-0.15058 	-0.12258 	0.11779 	-0.16909 	0.27372 	0.17962 	-0.04605 	-0.04205 	-0.05860 	0.05440 	0.00000 	0.07037 	-0.04948 	-0.04028 	0.04390 	-0.05557 	0.08995 	0.06875 	0.00804	0.03533
Replication57	 -1.47624	0.99897	0.96682 	0.97055 	0.97293 	0.97640 	0.97279 	0.97974 	0.96011 	0.96668 	0.98020 	0.96161 	0.97940 	0.97961 	-0.16063 	-0.14512 	-0.15055 	0.14204 	0.00000 	0.19810 	-0.14937 	-0.14592 	0.13064 	-0.16634 	0.24249 	0.19866 	-0.05280 	-0.04770 	-0.04948 	0.05955 	0.00000 	0.07430 	-0.04909 	-0.04796 	0.04814 	-0.05467 	0.07970 	0.07486 	0.00600	0.03484
Replication58	 -1.48121	0.99897	0.96765 	0.97070 	0.97324 	0.97673 	0.97316 	0.97988 	0.95870 	0.96666 	0.98011 	0.96205 	0.97824 	0.97960 	-0.14912 	-0.15316 	-0.14367 	0.14114 	0.00000 	0.19761 	-0.17287 	-0.13880 	0.13102 	-0.13758 	0.22090 	0.19889 	-0.04901 	-0.05034 	-0.04722 	0.05843 	0.00000 	0.07349 	-0.05682 	-0.04562 	0.04830 	-0.04522 	0.07260 	0.07477 	0.00565	0.03336
Replication59	 -1.45759	0.99909	0.97263 	0.97400 	0.97604 	0.97999 	0.97664 	0.98265 	0.96763 	0.97237 	0.98371 	0.96830 	0.98502 	0.98313 	-0.12104 	-0.15665 	-0.15835 	0.12652 	0.00000 	0.17785 	-0.12284 	-0.14031 	0.11535 	-0.15017 	0.24576 	0.17570 	-0.03977 	-0.05147 	-0.05203 	0.05353 	0.00000 	0.06832 	-0.04036 	-0.04611 	0.04236 	-0.04934 	0.08076 	0.06617 	0.00817	0.03204
Replication60	 -1.47407	0.99906	0.97104 	0.97380 	0.97544 	0.97935 	0.97589 	0.98205 	0.96320 	0.97012 	0.98271 	0.96557 	0.98346 	0.98206 	-0.13925 	-0.13510 	-0.15599 	0.12956 	0.00000 	0.18222 	-0.16299 	-0.13962 	0.11949 	-0.15201 	0.26510 	0.18222 	-0.04576 	-0.04439 	-0.05126 	0.05432 	0.00000 	0.06931 	-0.05356 	-0.04588 	0.04424 	-0.04995 	0.08712 	0.06931 	0.00635	0.03348
Replication61	 -1.49776	0.99918	0.97550 	0.97793 	0.98065 	0.98306 	0.98188 	0.98604 	0.96917 	0.97480 	0.98659 	0.97083 	0.98826 	0.98588 	-0.13404 	-0.14750 	-0.12153 	0.11347 	0.03737 	0.15685 	-0.14445 	-0.14603 	0.10289 	-0.14526 	0.26614 	0.15758 	-0.04404 	-0.04846 	-0.03993 	0.04811 	0.01228 	0.05878 	-0.04746 	-0.04798 	0.03753 	-0.04772 	0.08744 	0.05951 	0.00451	0.02807
Replication62	 -1.45178	0.99918	0.97320 	0.97570 	0.97791 	0.98107 	0.97802 	0.98433 	0.96944 	0.97600 	0.98620 	0.97163 	0.99041 	0.98550 	-0.13796 	-0.14367 	-0.15715 	0.11975 	0.00000 	0.16502 	-0.16352 	-0.10940 	0.10438 	-0.15509 	0.30948 	0.15978 	-0.04533 	-0.04720 	-0.05163 	0.05377 	0.00000 	0.06601 	-0.05372 	-0.03594 	0.03839 	-0.05095 	0.10168 	0.06076 	0.00838	0.03582
Replication63	 -1.43977	0.99907	0.96760 	0.97040 	0.97431 	0.97673 	0.97365 	0.98114 	0.96828 	0.97248 	0.98342 	0.96871 	0.98760 	0.98273 	-0.15859 	-0.18431 	-0.15480 	0.13708 	0.00220 	0.18587 	-0.12649 	-0.15273 	0.11702 	-0.15710 	0.30389 	0.17871 	-0.05211 	-0.06057 	-0.05087 	0.06248 	0.00072 	0.07392 	-0.04157 	-0.05019 	0.04242 	-0.05163 	0.09986 	0.06676 	0.00925	0.03924
Replication64	 -1.50619	0.99898	0.97042 	0.97290 	0.97484 	0.97881 	0.97672 	0.98115 	0.95799 	0.96631 	0.98025 	0.96119 	0.97557 	0.97984 	-0.13960 	-0.14978 	-0.13894 	0.13439 	0.03519 	0.19112 	-0.16502 	-0.12613 	0.13007 	-0.13881 	0.16690 	0.19698 	-0.04588 	-0.04923 	-0.04566 	0.05274 	0.01157 	0.06860 	-0.05424 	-0.04146 	0.04842 	-0.04562 	0.05486 	0.07445 	0.00362	0.02854
Replication65	 -1.47553	0.99909	0.97026 	0.97275 	0.97616 	0.97874 	0.97618 	0.98242 	0.96585 	0.97122 	0.98375 	0.96712 	0.98691 	0.98295 	-0.14507 	-0.17126 	-0.13850 	0.13035 	0.01274 	0.17904 	-0.14847 	-0.16744 	0.11533 	-0.16080 	0.31143 	0.17665 	-0.04767 	-0.05628 	-0.04551 	0.05716 	0.00419 	0.06919 	-0.04879 	-0.05502 	0.04213 	-0.05284 	0.10234 	0.06681 	0.00598	0.03571
Replication66	 -1.45574	0.99915	0.97194 	0.97406 	0.97784 	0.97992 	0.97710 	0.98387 	0.97050 	0.97558 	0.98588 	0.97143 	0.98983 	0.98521 	-0.13708 	-0.17416 	-0.13389 	0.12415 	0.00000 	0.16851 	-0.13670 	-0.12516 	0.10628 	-0.15836 	0.29584 	0.16250 	-0.04504 	-0.05722 	-0.04399 	0.05627 	0.00000 	0.06665 	-0.04491 	-0.04112 	0.03839 	-0.05203 	0.09720 	0.06063 	0.00807	0.03482
Replication67	 -1.46881	0.99902	0.97022 	0.97222 	0.97424 	0.97830 	0.97474 	0.98100 	0.96202 	0.96893 	0.98154 	0.96553 	0.98107 	0.98099 	-0.13180 	-0.15391 	-0.15631 	0.13446 	0.00000 	0.18960 	-0.16497 	-0.15624 	0.12474 	-0.11219 	0.23000 	0.18964 	-0.04332 	-0.05058 	-0.05137 	0.05572 	0.00000 	0.07143 	-0.05422 	-0.05135 	0.04599 	-0.03687 	0.07559 	0.07147 	0.00698	0.03249
Replication68	 -1.48691	0.99913	0.97359 	0.97611 	0.97779 	0.98133 	0.97813 	0.98393 	0.96583 	0.97202 	0.98472 	0.96783 	0.98735 	0.98390 	-0.12995 	-0.12957 	-0.14456 	0.12089 	0.00000 	0.16968 	-0.16152 	-0.16111 	0.11073 	-0.15605 	0.30650 	0.16984 	-0.04270 	-0.04257 	-0.04750 	0.05111 	0.00000 	0.06497 	-0.05307 	-0.05293 	0.04095 	-0.05127 	0.10071 	0.06513 	0.00513	0.03282
Replication69	 -1.48265	0.99907	0.97323 	0.97433 	0.97561 	0.98031 	0.97700 	0.98229 	0.96323 	0.96929 	0.98271 	0.96486 	0.98397 	0.98194 	-0.11345 	-0.14778 	-0.16226 	0.12642 	0.00603 	0.18075 	-0.15421 	-0.16673 	0.11923 	-0.16067 	0.28481 	0.18234 	-0.03728 	-0.04856 	-0.05332 	0.05170 	0.00198 	0.06863 	-0.05067 	-0.05479 	0.04451 	-0.05280 	0.09359 	0.07022 	0.00552	0.03321
Replication70	 0.00116	0.99878	0.96574 	0.96765 	0.96910 	0.97465 	0.97224 	0.97628 	0.94884 	0.95749 	0.97377 	0.95103 	0.96230 	0.97369 	-0.14008 	-0.16696 	-0.15475 	0.15498 	0.04676 	0.22521 	-0.13972 	-0.12112 	0.15760 	-0.15356 	0.05306 	0.23685 	-0.04606 	-0.05490 	-0.05088 	0.05710 	0.01537 	0.07834 	-0.04594 	-0.03982 	0.05973 	-0.05049 	0.01745 	0.08998 	0.00173	0.02988
Replication71	 -1.49761	0.99899	0.97140 	0.97412 	0.97514 	0.97974 	0.97806 	0.98168 	0.96155 	0.96718 	0.98063 	0.96281 	0.97566 	0.98028 	-0.14315 	-0.13425 	-0.15554 	0.13104 	0.04787 	0.18787 	-0.11692 	-0.14717 	0.12837 	-0.13238 	0.13537 	0.19420 	-0.04705 	-0.04412 	-0.05112 	0.05049 	0.01573 	0.06700 	-0.03843 	-0.04837 	0.04782 	-0.04351 	0.04449 	0.07333 	0.00470	0.02626
Replication72	 -1.47381	0.99903	0.96995 	0.97309 	0.97472 	0.97863 	0.97510 	0.98142 	0.96336 	0.96900 	0.98193 	0.96505 	0.98212 	0.98130 	-0.14578 	-0.13267 	-0.15659 	0.13294 	0.00000 	0.18693 	-0.14224 	-0.16447 	0.12304 	-0.14213 	0.24703 	0.18747 	-0.04791 	-0.04360 	-0.05146 	0.05525 	0.00000 	0.07035 	-0.04675 	-0.05405 	0.04536 	-0.04671 	0.08118 	0.07089 	0.00647	0.03255
Replication73	 0.00750	0.99868	0.96196 	0.96531 	0.96653 	0.97202 	0.96738 	0.97382 	0.94250 	0.95253 	0.97107 	0.94671 	0.95928 	0.97085 	-0.15080 	-0.14047 	-0.14482 	0.16653 	0.00000 	0.24177 	-0.17726 	-0.16776 	0.16938 	-0.13369 	0.08230 	0.25513 	-0.04959 	-0.04620 	-0.04763 	0.06129 	0.00000 	0.08384 	-0.05830 	-0.05517 	0.06414 	-0.04397 	0.02707 	0.09721 	0.00030	0.03271
Replication74	 -1.49556	0.99882	0.96223 	0.96635 	0.96970 	0.97285 	0.96920 	0.97653 	0.95237 	0.96092 	0.97596 	0.95516 	0.97003 	0.97564 	-0.17300 	-0.16586 	-0.13304 	0.15847 	0.00476 	0.22119 	-0.16331 	-0.13092 	0.14913 	-0.15463 	0.15790 	0.22520 	-0.05688 	-0.05453 	-0.04374 	0.06441 	0.00157 	0.08003 	-0.05369 	-0.04304 	0.05506 	-0.05084 	0.05191 	0.08405 	0.00411	0.03432
Replication75	 -1.48843	0.99893	0.96862 	0.97189 	0.97277 	0.97753 	0.97379 	0.97965 	0.95816 	0.96512 	0.97884 	0.95936 	0.97353 	0.97853 	-0.14547 	-0.12210 	-0.15749 	0.14005 	0.00405 	0.20058 	-0.13138 	-0.11719 	0.13611 	-0.16306 	0.14497 	0.20565 	-0.04782 	-0.04014 	-0.05177 	0.05473 	0.00133 	0.07255 	-0.04318 	-0.03852 	0.05079 	-0.05360 	0.04765 	0.07762 	0.00529	0.02965
Replication76	 -1.47772	0.99887	0.96591 	0.96784 	0.97043 	0.97471 	0.97079 	0.97750 	0.95589 	0.96325 	0.97710 	0.95792 	0.97161 	0.97684 	-0.13739 	-0.17440 	-0.15058 	0.15119 	0.00000 	0.21433 	-0.14127 	-0.12443 	0.14403 	-0.14710 	0.14223 	0.21729 	-0.04517 	-0.05733 	-0.04950 	0.06048 	0.00000 	0.07822 	-0.04644 	-0.04091 	0.05332 	-0.04836 	0.04676 	0.08118 	0.00611	0.03225
Replication77	 -1.46543	0.99905	0.96729 	0.97116 	0.97521 	0.97698 	0.97394 	0.98146 	0.96638 	0.97103 	0.98306 	0.96748 	0.98564 	0.98237 	-0.16724 	-0.16698 	-0.13030 	0.13704 	0.00000 	0.18544 	-0.13397 	-0.16973 	0.11879 	-0.14460 	0.28316 	0.18136 	-0.05496 	-0.05487 	-0.04282 	0.06106 	0.00000 	0.07142 	-0.04402 	-0.05578 	0.04281 	-0.04752 	0.09305 	0.06734 	0.00700	0.03572
Replication78	 -1.49248	0.99879	0.96371 	0.96611 	0.96873 	0.97311 	0.96899 	0.97585 	0.95227 	0.95977 	0.97470 	0.95429 	0.96617 	0.97457 	-0.14448 	-0.17304 	-0.14403 	0.15918 	0.00000 	0.22654 	-0.13314 	-0.13111 	0.15441 	-0.14077 	0.08946 	0.23227 	-0.04750 	-0.05690 	-0.04736 	0.06211 	0.00000 	0.08088 	-0.04378 	-0.04311 	0.05734 	-0.04628 	0.02941 	0.08661 	0.00470	0.03144
Replication79	 -1.45624	0.99903	0.96741 	0.97146 	0.97393 	0.97708 	0.97364 	0.98080 	0.96406 	0.97002 	0.98206 	0.96622 	0.98354 	0.98144 	-0.16769 	-0.14300 	-0.15856 	0.13763 	0.00000 	0.18975 	-0.15127 	-0.15170 	0.12268 	-0.13753 	0.26491 	0.18687 	-0.05511 	-0.04699 	-0.05211 	0.05985 	0.00000 	0.07305 	-0.04971 	-0.04985 	0.04491 	-0.04520 	0.08706 	0.07017 	0.00790	0.03606
Replication80	 -1.52066	0.99881	0.96425 	0.96877 	0.96998 	0.97466 	0.97170 	0.97699 	0.95056 	0.95867 	0.97498 	0.95311 	0.96599 	0.97473 	-0.17212 	-0.12731 	-0.14954 	0.15370 	0.02955 	0.22015 	-0.14804 	-0.15115 	0.15272 	-0.14324 	0.10298 	0.23032 	-0.05659 	-0.04186 	-0.04917 	0.05831 	0.00972 	0.07701 	-0.04867 	-0.04970 	0.05733 	-0.04709 	0.03386 	0.08718 	0.00198	0.03034
Replication81	 -1.49554	0.99897	0.97053 	0.97254 	0.97355 	0.97847 	0.97463 	0.98033 	0.95865 	0.96526 	0.97981 	0.96015 	0.97724 	0.97923 	-0.12461 	-0.13495 	-0.15644 	0.13588 	0.00000 	0.19551 	-0.14622 	-0.15924 	0.13184 	-0.16340 	0.21677 	0.20044 	-0.04096 	-0.04436 	-0.05142 	0.05329 	0.00000 	0.07158 	-0.04806 	-0.05234 	0.04925 	-0.05371 	0.07125 	0.07650 	0.00444	0.03103
Replication82	 -1.49859	0.99890	0.96559 	0.96947 	0.97243 	0.97556 	0.97302 	0.97892 	0.95636 	0.96408 	0.97828 	0.95819 	0.97296 	0.97795 	-0.16748 	-0.15818 	-0.13256 	0.14713 	0.02563 	0.20564 	-0.14664 	-0.11943 	0.13897 	-0.16351 	0.15631 	0.21002 	-0.05506 	-0.05200 	-0.04357 	0.05947 	0.00843 	0.07410 	-0.04820 	-0.03926 	0.05131 	-0.05375 	0.05138 	0.07848 	0.00410	0.03132
Replication83	 0.00093	0.99880	0.96443 	0.96860 	0.97018 	0.97450 	0.97039 	0.97682 	0.94907 	0.95783 	0.97479 	0.95206 	0.96585 	0.97447 	-0.15793 	-0.12636 	-0.13051 	0.15455 	0.00002 	0.22146 	-0.16143 	-0.15636 	0.15370 	-0.14786 	0.11792 	0.23204 	-0.05192 	-0.04155 	-0.04291 	0.05840 	0.00001 	0.07717 	-0.05308 	-0.05141 	0.05754 	-0.04862 	0.03877 	0.08775 	0.00075	0.03016
Replication84	 -1.47232	0.99897	0.96552 	0.96924 	0.97291 	0.97541 	0.97202 	0.97954 	0.96066 	0.96726 	0.98054 	0.96353 	0.98106 	0.97991 	-0.16660 	-0.16857 	-0.13820 	0.14490 	0.00000 	0.19884 	-0.16446 	-0.17043 	0.12951 	-0.13199 	0.26357 	0.19719 	-0.05476 	-0.05540 	-0.04542 	0.06260 	0.00000 	0.07533 	-0.05405 	-0.05602 	0.04720 	-0.04338 	0.08663 	0.07369 	0.00624	0.03640
Replication85	 -1.47252	0.99902	0.97181 	0.97292 	0.97426 	0.97912 	0.97551 	0.98116 	0.96255 	0.96837 	0.98144 	0.96419 	0.98093 	0.98084 	-0.11585 	-0.15214 	-0.16574 	0.13187 	0.00215 	0.18868 	-0.14127 	-0.15896 	0.12492 	-0.14504 	0.23459 	0.19012 	-0.03807 	-0.05000 	-0.05447 	0.05337 	0.00071 	0.07089 	-0.04643 	-0.05224 	0.04642 	-0.04767 	0.07710 	0.07232 	0.00667	0.03193
Replication86	 -1.48543	0.99887	0.96613 	0.96932 	0.97037 	0.97543 	0.97128 	0.97767 	0.95444 	0.96226 	0.97684 	0.95695 	0.97112 	0.97651 	-0.14931 	-0.13377 	-0.16544 	0.14900 	0.00000 	0.21351 	-0.15203 	-0.13536 	0.14479 	-0.14568 	0.15021 	0.21874 	-0.04909 	-0.04398 	-0.05439 	0.05835 	0.00000 	0.07748 	-0.04998 	-0.04450 	0.05414 	-0.04789 	0.04938 	0.08270 	0.00534	0.03222
Replication87	 -1.49253	0.99904	0.97067 	0.97312 	0.97546 	0.97906 	0.97711 	0.98190 	0.96200 	0.96830 	0.98209 	0.96408 	0.98233 	0.98137 	-0.14386 	-0.15879 	-0.14772 	0.13129 	0.03465 	0.18424 	-0.15686 	-0.17278 	0.12219 	-0.14960 	0.26606 	0.18659 	-0.04728 	-0.05218 	-0.04855 	0.05431 	0.01139 	0.06872 	-0.05155 	-0.05678 	0.04521 	-0.04916 	0.08744 	0.07107 	0.00458	0.03264
Replication88	 -1.48776	0.99911	0.97168 	0.97490 	0.97701 	0.98015 	0.97696 	0.98325 	0.96529 	0.97110 	0.98433 	0.96712 	0.98821 	0.98340 	-0.14473 	-0.13304 	-0.14404 	0.12500 	0.00000 	0.17360 	-0.16431 	-0.18320 	0.11245 	-0.16101 	0.34161 	0.17294 	-0.04756 	-0.04371 	-0.04733 	0.05408 	0.00000 	0.06717 	-0.05399 	-0.06020 	0.04153 	-0.05291 	0.11225 	0.06652 	0.00474	0.03585
Replication89	 -1.45338	0.99905	0.96862 	0.97146 	0.97431 	0.97750 	0.97413 	0.98113 	0.96500 	0.97094 	0.98258 	0.96597 	0.98446 	0.98196 	-0.15131 	-0.16216 	-0.15660 	0.13560 	0.00000 	0.18714 	-0.14279 	-0.12417 	0.12037 	-0.17215 	0.27458 	0.18337 	-0.04972 	-0.05329 	-0.05146 	0.05938 	0.00000 	0.07275 	-0.04692 	-0.04081 	0.04414 	-0.05657 	0.09023 	0.06898 	0.00813	0.03670
Replication90	 -1.51046	0.99883	0.96575 	0.96812 	0.97049 	0.97484 	0.97164 	0.97730 	0.95263 	0.96018 	0.97591 	0.95495 	0.96858 	0.97560 	-0.14254 	-0.16725 	-0.13993 	0.15224 	0.01901 	0.21735 	-0.14528 	-0.15614 	0.14901 	-0.14267 	0.12820 	0.22499 	-0.04686 	-0.05499 	-0.04600 	0.05870 	0.00625 	0.07699 	-0.04776 	-0.05133 	0.05547 	-0.04691 	0.04215 	0.08463 	0.00301	0.03033
Replication91	 -1.50729	0.99882	0.96546 	0.96784 	0.96981 	0.97452 	0.97056 	0.97681 	0.95167 	0.95955 	0.97547 	0.95415 	0.96831 	0.97514 	-0.13932 	-0.15844 	-0.14566 	0.15369 	0.00399 	0.22032 	-0.15170 	-0.15514 	0.15084 	-0.14688 	0.13727 	0.22782 	-0.04581 	-0.05209 	-0.04789 	0.05916 	0.00131 	0.07846 	-0.04987 	-0.05101 	0.05630 	-0.04829 	0.04513 	0.08596 	0.00322	0.03136
Replication92	 -1.48109	0.99898	0.96749 	0.97033 	0.97359 	0.97654 	0.97313 	0.98007 	0.96113 	0.96703 	0.98066 	0.96333 	0.98041 	0.98003 	-0.14851 	-0.16706 	-0.13593 	0.14129 	0.00000 	0.19611 	-0.14973 	-0.17970 	0.12894 	-0.13404 	0.24670 	0.19630 	-0.04881 	-0.05491 	-0.04468 	0.05942 	0.00000 	0.07327 	-0.04921 	-0.05906 	0.04708 	-0.04406 	0.08108 	0.07346 	0.00564	0.03359
Replication93	 -1.53622	0.99881	0.96705 	0.97031 	0.97100 	0.97613 	0.97199 	0.97757 	0.95109 	0.95877 	0.97487 	0.95264 	0.96297 	0.97481 	-0.13790 	-0.11646 	-0.13369 	0.14926 	0.00144 	0.21748 	-0.12146 	-0.12864 	0.15303 	-0.14782 	0.03399 	0.22991 	-0.04534 	-0.03829 	-0.04396 	0.05392 	0.00047 	0.07442 	-0.03993 	-0.04229 	0.05770 	-0.04860 	0.01118 	0.08685 	0.00085	0.02612
Replication94	 -1.44480	0.99922	0.97441 	0.97639 	0.97901 	0.98191 	0.97958 	0.98534 	0.97284 	0.97814 	0.98759 	0.97506 	0.99319 	0.98685 	-0.13461 	-0.15791 	-0.15808 	0.11551 	0.01311 	0.15789 	-0.15240 	-0.13164 	0.09846 	-0.12917 	0.31868 	0.15107 	-0.04422 	-0.05188 	-0.05193 	0.05301 	0.00431 	0.06411 	-0.05007 	-0.04325 	0.03596 	-0.04243 	0.10469 	0.05729 	0.00911	0.03561
Replication95	 0.01565	0.99855	0.95987 	0.96220 	0.96259 	0.96982 	0.96549 	0.97060 	0.93435 	0.94566 	0.96631 	0.93887 	0.94900 	0.96631 	-0.14325 	-0.15470 	-0.16291 	0.17851 	0.02357 	0.26436 	-0.17687 	-0.16217 	0.18904 	-0.13602 	0.00000 	0.28364 	-0.04712 	-0.05089 	-0.05359 	0.06252 	0.00775 	0.09030 	-0.05818 	-0.05335 	0.07305 	-0.04475 	0.00000 	0.10958 	0.00322	0.03533
Replication96	 -1.48557	0.99897	0.96889 	0.97219 	0.97342 	0.97779 	0.97403 	0.98023 	0.95939 	0.96616 	0.98001 	0.96132 	0.97760 	0.97949 	-0.14654 	-0.12601 	-0.15641 	0.13783 	0.00000 	0.19583 	-0.14861 	-0.14915 	0.13116 	-0.15214 	0.20948 	0.19918 	-0.04816 	-0.04142 	-0.05141 	0.05538 	0.00000 	0.07211 	-0.04884 	-0.04902 	0.04871 	-0.05001 	0.06885 	0.07545 	0.00538	0.03164
Replication97	 -1.49674	0.99889	0.96571 	0.96956 	0.97111 	0.97546 	0.97148 	0.97814 	0.95303 	0.96237 	0.97755 	0.95716 	0.97358 	0.97704 	-0.15909 	-0.13261 	-0.15405 	0.14798 	0.00000 	0.21000 	-0.19140 	-0.14568 	0.14172 	-0.14300 	0.20724 	0.21492 	-0.05230 	-0.04359 	-0.05064 	0.05923 	0.00000 	0.07681 	-0.06292 	-0.04789 	0.05297 	-0.04701 	0.06813 	0.08174 	0.00397	0.03452
Replication98	 -1.50241	0.99896	0.96801 	0.97118 	0.97403 	0.97708 	0.97364 	0.98023 	0.95864 	0.96561 	0.98009 	0.96060 	0.97798 	0.97950 	-0.14704 	-0.15150 	-0.12579 	0.14021 	0.00000 	0.19620 	-0.15551 	-0.15890 	0.13118 	-0.15995 	0.22794 	0.19950 	-0.04833 	-0.04980 	-0.04135 	0.05726 	0.00000 	0.07172 	-0.05111 	-0.05223 	0.04823 	-0.05257 	0.07492 	0.07502 	0.00367	0.03177
Replication99	 -1.48131	0.99906	0.96927 	0.97335 	0.97611 	0.97871 	0.97642 	0.98236 	0.96438 	0.97050 	0.98313 	0.96601 	0.98422 	0.98245 	-0.16658 	-0.14332 	-0.13938 	0.13125 	0.02122 	0.18052 	-0.15039 	-0.14891 	0.11800 	-0.15755 	0.26942 	0.18011 	-0.05474 	-0.04710 	-0.04580 	0.05644 	0.00697 	0.06827 	-0.04942 	-0.04893 	0.04319 	-0.05177 	0.08853 	0.06785 	0.00562	0.03350
Replication100	 -1.47427	0.99917	0.97176 	0.97580 	0.97912 	0.98082 	0.97912 	0.98490 	0.97077 	0.97538 	0.98647 	0.97150 	0.99048 	0.98570 	-0.16524 	-0.14599 	-0.12988 	0.12062 	0.02457 	0.16260 	-0.13382 	-0.14985 	0.10366 	-0.15765 	0.30563 	0.15902 	-0.05429 	-0.04796 	-0.04267 	0.05444 	0.00807 	0.06329 	-0.04397 	-0.04923 	0.03747 	-0.05179 	0.10041 	0.05971 	0.00634	0.03348
Replication101	 -1.46657	0.99906	0.97012 	0.97293 	0.97564 	0.97868 	0.97543 	0.98202 	0.96396 	0.97135 	0.98296 	0.96705 	0.98316 	0.98244 	-0.14436 	-0.15259 	-0.14257 	0.13159 	0.00000 	0.18239 	-0.16635 	-0.11865 	0.11875 	-0.13402 	0.23811 	0.18052 	-0.04744 	-0.05014 	-0.04685 	0.05631 	0.00000 	0.06942 	-0.05466 	-0.03899 	0.04347 	-0.04404 	0.07825 	0.06756 	0.00717	0.03287
Replication102	 -1.48310	0.99910	0.97085 	0.97415 	0.97686 	0.97964 	0.97756 	0.98306 	0.96370 	0.97150 	0.98394 	0.96691 	0.98577 	0.98322 	-0.15499 	-0.15021 	-0.14122 	0.12710 	0.02511 	0.17532 	-0.18352 	-0.13389 	0.11421 	-0.15149 	0.29362 	0.17463 	-0.05093 	-0.04936 	-0.04640 	0.05500 	0.00825 	0.06713 	-0.06030 	-0.04400 	0.04211 	-0.04978 	0.09648 	0.06644 	0.00533	0.03464
Replication103	 -1.49208	0.99910	0.97252 	0.97530 	0.97802 	0.98062 	0.97762 	0.98373 	0.96636 	0.97183 	0.98433 	0.96754 	0.98525 	0.98365 	-0.13485 	-0.14185 	-0.12174 	0.12403 	0.00000 	0.17207 	-0.13851 	-0.15356 	0.11289 	-0.15521 	0.25939 	0.17244 	-0.04431 	-0.04661 	-0.04000 	0.05225 	0.00000 	0.06436 	-0.04551 	-0.05046 	0.04111 	-0.05100 	0.08523 	0.06473 	0.00491	0.02979
Replication104	 -1.49235	0.99888	0.96857 	0.97049 	0.97080 	0.97675 	0.97247 	0.97815 	0.95454 	0.96194 	0.97699 	0.95674 	0.97118 	0.97661 	-0.12569 	-0.13252 	-0.17234 	0.14459 	0.00000 	0.21064 	-0.14686 	-0.14946 	0.14387 	-0.14709 	0.15251 	0.21757 	-0.04132 	-0.04357 	-0.05666 	0.05489 	0.00000 	0.07604 	-0.04828 	-0.04913 	0.05417 	-0.04835 	0.05014 	0.08297 	0.00477	0.03091
Replication105	 -1.45429	0.99909	0.96911 	0.97313 	0.97598 	0.97850 	0.97536 	0.98246 	0.96669 	0.97318 	0.98411 	0.96940 	0.98669 	0.98349 	-0.16530 	-0.14356 	-0.14846 	0.13069 	0.00000 	0.17825 	-0.16171 	-0.12983 	0.11386 	-0.13324 	0.27751 	0.17365 	-0.05432 	-0.04717 	-0.04878 	0.05829 	0.00000 	0.06960 	-0.05314 	-0.04266 	0.04146 	-0.04378 	0.09119 	0.06500 	0.00814	0.03568
Replication106	 -1.48438	0.99909	0.97180 	0.97407 	0.97684 	0.97979 	0.97665 	0.98292 	0.96411 	0.97130 	0.98380 	0.96583 	0.98545 	0.98309 	-0.13245 	-0.15450 	-0.13380 	0.12689 	0.00000 	0.17631 	-0.16551 	-0.12297 	0.11484 	-0.18114 	0.29153 	0.17553 	-0.04352 	-0.05077 	-0.04397 	0.05435 	0.00000 	0.06746 	-0.05439 	-0.04041 	0.04230 	-0.05952 	0.09580 	0.06668 	0.00526	0.03401
Replication107	 -1.50032	0.99885	0.96609 	0.96969 	0.97102 	0.97560 	0.97156 	0.97790 	0.95455 	0.96183 	0.97656 	0.95657 	0.96879 	0.97635 	-0.15165 	-0.12874 	-0.14698 	0.14904 	0.00000 	0.21329 	-0.13351 	-0.13490 	0.14616 	-0.13903 	0.10191 	0.22025 	-0.04985 	-0.04232 	-0.04832 	0.05733 	0.00000 	0.07566 	-0.04389 	-0.04435 	0.05444 	-0.04570 	0.03350 	0.08262 	0.00415	0.02912
Replication108	 -1.44718	0.99912	0.97313 	0.97455 	0.97580 	0.98047 	0.97757 	0.98290 	0.96712 	0.97313 	0.98424 	0.96985 	0.98722 	0.98356 	-0.12646 	-0.15059 	-0.18376 	0.12394 	0.01456 	0.17505 	-0.15888 	-0.14754 	0.11262 	-0.12474 	0.28486 	0.17205 	-0.04155 	-0.04948 	-0.06038 	0.05321 	0.00478 	0.06891 	-0.05220 	-0.04848 	0.04188 	-0.04099 	0.09360 	0.06591 	0.00890	0.03521
Replication109	 -1.51267	0.99896	0.96916 	0.97255 	0.97496 	0.97808 	0.97466 	0.98084 	0.95861 	0.96587 	0.97997 	0.96107 	0.97480 	0.97960 	-0.14313 	-0.13519 	-0.11535 	0.13741 	0.00000 	0.19374 	-0.14609 	-0.14084 	0.13172 	-0.13541 	0.15067 	0.19932 	-0.04705 	-0.04443 	-0.03791 	0.05410 	0.00000 	0.06873 	-0.04802 	-0.04629 	0.04841 	-0.04451 	0.04952 	0.07431 	0.00313	0.02685
Replication110	 -1.48321	0.99915	0.97287 	0.97656 	0.97817 	0.98156 	0.98043 	0.98453 	0.96656 	0.97304 	0.98534 	0.96858 	0.98842 	0.98451 	-0.16130 	-0.13004 	-0.15969 	0.11913 	0.04890 	0.16539 	-0.16549 	-0.14742 	0.10779 	-0.16257 	0.31446 	0.16548 	-0.05299 	-0.04273 	-0.05247 	0.05147 	0.01607 	0.06387 	-0.05437 	-0.04843 	0.04013 	-0.05341 	0.10332 	0.06395 	0.00534	0.03440
Replication111	 0.00243	0.99881	0.96647 	0.96905 	0.97072 	0.97566 	0.97416 	0.97742 	0.94757 	0.95702 	0.97470 	0.95069 	0.96473 	0.97437 	-0.14885 	-0.16079 	-0.14002 	0.15064 	0.06346 	0.21810 	-0.16870 	-0.15202 	0.15354 	-0.15764 	0.11143 	0.23186 	-0.04894 	-0.05286 	-0.04603 	0.05535 	0.02086 	0.07511 	-0.05547 	-0.04998 	0.05825 	-0.05183 	0.03664 	0.08886 	0.00100	0.02995
Replication112	 -1.46397	0.99919	0.97427 	0.97739 	0.97906 	0.98240 	0.98094 	0.98540 	0.97176 	0.97586 	0.98673 	0.97283 	0.99080 	0.98595 	-0.15067 	-0.13303 	-0.16243 	0.11507 	0.03808 	0.15916 	-0.12947 	-0.16429 	0.10207 	-0.13556 	0.29694 	0.15666 	-0.04950 	-0.04371 	-0.05336 	0.05052 	0.01251 	0.06228 	-0.04254 	-0.05397 	0.03751 	-0.04454 	0.09755 	0.05978 	0.00747	0.03254
Replication113	 -1.46198	0.99898	0.96592 	0.96947 	0.97339 	0.97567 	0.97238 	0.97993 	0.96287 	0.96889 	0.98108 	0.96512 	0.98104 	0.98058 	-0.16485 	-0.17355 	-0.13588 	0.14359 	0.00000 	0.19625 	-0.14599 	-0.14912 	0.12734 	-0.12954 	0.23096 	0.19335 	-0.05418 	-0.05704 	-0.04466 	0.06237 	0.00000 	0.07437 	-0.04798 	-0.04901 	0.04612 	-0.04258 	0.07591 	0.07147 	0.00745	0.03478
Replication114	 -1.45203	0.99907	0.97013 	0.97266 	0.97488 	0.97855 	0.97514 	0.98176 	0.96625 	0.97157 	0.98319 	0.96785 	0.98576 	0.98252 	-0.14355 	-0.15276 	-0.16499 	0.13154 	0.00000 	0.18291 	-0.14322 	-0.15342 	0.11760 	-0.14304 	0.28107 	0.17948 	-0.04717 	-0.05020 	-0.05422 	0.05714 	0.00000 	0.07126 	-0.04706 	-0.05041 	0.04320 	-0.04700 	0.09236 	0.06783 	0.00836	0.03572
Replication115	 -1.49665	0.99885	0.96582 	0.96811 	0.97046 	0.97479 	0.97082 	0.97740 	0.95417 	0.96142 	0.97665 	0.95545 	0.97132 	0.97625 	-0.13924 	-0.16455 	-0.14520 	0.15141 	0.00000 	0.21544 	-0.14178 	-0.14257 	0.14585 	-0.17360 	0.16944 	0.22063 	-0.04577 	-0.05410 	-0.04774 	0.05978 	0.00000 	0.07795 	-0.04661 	-0.04687 	0.05422 	-0.05707 	0.05570 	0.08313 	0.00417	0.03262
Replication116	 -1.50699	0.99900	0.97088 	0.97307 	0.97516 	0.97903 	0.97675 	0.98143 	0.95940 	0.96647 	0.98090 	0.96173 	0.97854 	0.98030 	-0.13458 	-0.15344 	-0.13893 	0.13291 	0.02928 	0.18862 	-0.15794 	-0.16079 	0.12730 	-0.15006 	0.22052 	0.19372 	-0.04423 	-0.05043 	-0.04566 	0.05287 	0.00962 	0.06850 	-0.05191 	-0.05284 	0.04726 	-0.04932 	0.07248 	0.07360 	0.00340	0.02993
Replication117	 -1.48230	0.99888	0.96416 	0.96682 	0.97020 	0.97375 	0.97032 	0.97728 	0.95606 	0.96263 	0.97748 	0.95648 	0.97533 	0.97692 	-0.15566 	-0.18528 	-0.14847 	0.15359 	0.00882 	0.21460 	-0.14120 	-0.14892 	0.14241 	-0.19699 	0.23573 	0.21623 	-0.05117 	-0.06091 	-0.04881 	0.06383 	0.00290 	0.07990 	-0.04642 	-0.04896 	0.05265 	-0.06476 	0.07749 	0.08153 	0.00514	0.03730
Replication118	 0.00820	0.99865	0.95997 	0.96359 	0.96453 	0.97070 	0.96733 	0.97258 	0.94180 	0.95123 	0.96983 	0.94449 	0.95784 	0.96964 	-0.17069 	-0.15308 	-0.17419 	0.17185 	0.03713 	0.24943 	-0.15935 	-0.15561 	0.17448 	-0.16364 	0.08019 	0.26266 	-0.05614 	-0.05035 	-0.05729 	0.06388 	0.01221 	0.08741 	-0.05241 	-0.05118 	0.06651 	-0.05382 	0.02637 	0.10064 	0.00081	0.03585
Replication119	 -1.48326	0.99899	0.96702 	0.97113 	0.97412 	0.97690 	0.97460 	0.98061 	0.96003 	0.96776 	0.98097 	0.96327 	0.97983 	0.98042 	-0.17211 	-0.15412 	-0.14052 	0.13956 	0.02590 	0.19271 	-0.17209 	-0.14037 	0.12735 	-0.13815 	0.23290 	0.19355 	-0.05657 	-0.05065 	-0.04618 	0.05900 	0.00851 	0.07182 	-0.05656 	-0.04614 	0.04678 	-0.04541 	0.07655 	0.07266 	0.00540	0.03381
Replication120	 0.00331	0.99878	0.96427 	0.96707 	0.96910 	0.97378 	0.97010 	0.97602 	0.94669 	0.95652 	0.97414 	0.95051 	0.96619 	0.97372 	-0.14656 	-0.15780 	-0.13893 	0.15738 	0.01298 	0.22605 	-0.18665 	-0.16188 	0.15629 	-0.15496 	0.15714 	0.23641 	-0.04819 	-0.05188 	-0.04568 	0.05991 	0.00427 	0.07979 	-0.06137 	-0.05323 	0.05882 	-0.05095 	0.05167 	0.09015 	0.00053	0.03330
Replication121	 -1.47623	0.99914	0.97474 	0.97701 	0.97846 	0.98212 	0.97897 	0.98454 	0.96902 	0.97364 	0.98526 	0.97021 	0.98680 	0.98460 	-0.12400 	-0.12579 	-0.14601 	0.11799 	0.00000 	0.16616 	-0.12766 	-0.15900 	0.10860 	-0.13489 	0.25207 	0.16593 	-0.04074 	-0.04133 	-0.04797 	0.04922 	0.00000 	0.06297 	-0.04194 	-0.05224 	0.03983 	-0.04432 	0.08282 	0.06273 	0.00658	0.02903
Replication122	 0.00227	0.99876	0.96253 	0.96568 	0.96787 	0.97249 	0.96820 	0.97511 	0.94773 	0.95680 	0.97372 	0.95123 	0.96624 	0.97335 	-0.15423 	-0.15957 	-0.14704 	0.16206 	0.00000 	0.23136 	-0.17487 	-0.16269 	0.15837 	-0.14655 	0.15137 	0.23929 	-0.05071 	-0.05247 	-0.04835 	0.06295 	0.00000 	0.08264 	-0.05750 	-0.05349 	0.05926 	-0.04819 	0.04977 	0.09057 	0.00250	0.03448
Replication123	 -1.44905	0.99919	0.97208 	0.97491 	0.97835 	0.98040 	0.97761 	0.98448 	0.97239 	0.97701 	0.98685 	0.97332 	0.99228 	0.98611 	-0.14736 	-0.16044 	-0.14191 	0.12135 	0.00000 	0.16371 	-0.13628 	-0.13286 	0.10200 	-0.15312 	0.31992 	0.15640 	-0.04841 	-0.05271 	-0.04662 	0.05621 	0.00000 	0.06596 	-0.04477 	-0.04365 	0.03686 	-0.05031 	0.10510 	0.05865 	0.00860	0.03631
Replication124	 -1.47863	0.99891	0.96591 	0.96929 	0.97167 	0.97552 	0.97240 	0.97865 	0.95717 	0.96476 	0.97848 	0.96018 	0.97476 	0.97809 	-0.16068 	-0.15624 	-0.15363 	0.14693 	0.01589 	0.20639 	-0.15866 	-0.14057 	0.13803 	-0.13140 	0.17910 	0.20888 	-0.05282 	-0.05136 	-0.05050 	0.05992 	0.00522 	0.07582 	-0.05215 	-0.04621 	0.05102 	-0.04319 	0.05887 	0.07831 	0.00595	0.03294
Replication125	 -1.47409	0.99889	0.96528 	0.96850 	0.97090 	0.97485 	0.97100 	0.97800 	0.95721 	0.96415 	0.97801 	0.95923 	0.97462 	0.97760 	-0.15633 	-0.15711 	-0.15474 	0.14963 	0.00000 	0.21033 	-0.14650 	-0.14312 	0.14015 	-0.14816 	0.18739 	0.21215 	-0.05139 	-0.05165 	-0.05087 	0.06122 	0.00000 	0.07767 	-0.04816 	-0.04705 	0.05174 	-0.04870 	0.06160 	0.07948 	0.00631	0.03391
Replication126	 -1.48462	0.99891	0.96518 	0.96837 	0.97160 	0.97480 	0.97116 	0.97835 	0.95659 	0.96423 	0.97853 	0.95955 	0.97622 	0.97801 	-0.15663 	-0.16871 	-0.13897 	0.14920 	0.00000 	0.20793 	-0.16808 	-0.15571 	0.13802 	-0.14350 	0.22183 	0.20947 	-0.05149 	-0.05546 	-0.04568 	0.06194 	0.00000 	0.07698 	-0.05525 	-0.05119 	0.05076 	-0.04717 	0.07292 	0.07852 	0.00515	0.03487
Replication127	 -1.45864	0.99915	0.97187 	0.97503 	0.97740 	0.98035 	0.97766 	0.98383 	0.96993 	0.97439 	0.98554 	0.97103 	0.98997 	0.98475 	-0.15065 	-0.14287 	-0.15529 	0.12301 	0.00936 	0.16895 	-0.13666 	-0.16320 	0.10746 	-0.14558 	0.31292 	0.16480 	-0.04950 	-0.04694 	-0.05102 	0.05482 	0.00307 	0.06663 	-0.04490 	-0.05362 	0.03927 	-0.04783 	0.10281 	0.06248 	0.00773	0.03528
Replication128	 -1.46431	0.99901	0.96595 	0.97107 	0.97389 	0.97643 	0.97307 	0.98057 	0.96380 	0.96934 	0.98170 	0.96445 	0.98261 	0.98110 	-0.18351 	-0.13621 	-0.14721 	0.14018 	0.00000 	0.19170 	-0.13456 	-0.13969 	0.12437 	-0.17102 	0.25953 	0.18934 	-0.06031 	-0.04477 	-0.04838 	0.06120 	0.00000 	0.07318 	-0.04422 	-0.04591 	0.04539 	-0.05621 	0.08529 	0.07081 	0.00708	0.03608
Replication129	 -1.48616	0.99899	0.96817 	0.97147 	0.97436 	0.97730 	0.97392 	0.98065 	0.96049 	0.96765 	0.98090 	0.96324 	0.97919 	0.98039 	-0.15083 	-0.15155 	-0.13139 	0.13859 	0.00000 	0.19284 	-0.15946 	-0.14478 	0.12778 	-0.13724 	0.21668 	0.19405 	-0.04957 	-0.04981 	-0.04318 	0.05759 	0.00000 	0.07130 	-0.05241 	-0.04758 	0.04678 	-0.04511 	0.07122 	0.07250 	0.00531	0.03172
Replication130	 -1.46361	0.99924	0.97783 	0.97861 	0.98039 	0.98398 	0.98107 	0.98636 	0.97217 	0.97787 	0.98788 	0.97336 	0.99193 	0.98716 	-0.10272 	-0.14447 	-0.14936 	0.10864 	0.00000 	0.15230 	-0.14501 	-0.10805 	0.09694 	-0.16416 	0.29962 	0.14868 	-0.03374 	-0.04746 	-0.04907 	0.04748 	0.00000 	0.06052 	-0.04764 	-0.03550 	0.03578 	-0.05393 	0.09843 	0.05689 	0.00758	0.03177
Replication131	 -1.45430	0.99913	0.97202 	0.97486 	0.97705 	0.98025 	0.97710 	0.98350 	0.96939 	0.97425 	0.98497 	0.97044 	0.98763 	0.98434 	-0.14273 	-0.14080 	-0.15425 	0.12415 	0.00000 	0.17169 	-0.13054 	-0.13647 	0.11001 	-0.14551 	0.26816 	0.16790 	-0.04690 	-0.04626 	-0.05068 	0.05430 	0.00000 	0.06687 	-0.04289 	-0.04484 	0.04016 	-0.04781 	0.08811 	0.06308 	0.00839	0.03314
Replication132	 -1.49787	0.99901	0.96911 	0.97193 	0.97526 	0.97785 	0.97462 	0.98124 	0.96104 	0.96775 	0.98151 	0.96292 	0.98069 	0.98088 	-0.14221 	-0.16049 	-0.11943 	0.13614 	0.00000 	0.18904 	-0.15498 	-0.15403 	0.12517 	-0.15942 	0.24544 	0.19064 	-0.04674 	-0.05275 	-0.03925 	0.05673 	0.00000 	0.06987 	-0.05093 	-0.05062 	0.04576 	-0.05239 	0.08066 	0.07147 	0.00413	0.03180
Replication133	 -1.50727	0.99888	0.96659 	0.96947 	0.97181 	0.97571 	0.97190 	0.97836 	0.95436 	0.96226 	0.97742 	0.95640 	0.97173 	0.97703 	-0.14317 	-0.15163 	-0.13315 	0.14765 	0.00000 	0.20961 	-0.15259 	-0.13698 	0.14253 	-0.16401 	0.16286 	0.21560 	-0.04706 	-0.04985 	-0.04377 	0.05803 	0.00000 	0.07513 	-0.05016 	-0.04503 	0.05291 	-0.05391 	0.05354 	0.08112 	0.00327	0.03094
Replication134	 0.00600	0.99865	0.95959 	0.96256 	0.96471 	0.96996 	0.96528 	0.97240 	0.94400 	0.95287 	0.97024 	0.94692 	0.95825 	0.97017 	-0.15619 	-0.16988 	-0.15249 	0.17416 	0.00000 	0.25037 	-0.14913 	-0.14922 	0.17334 	-0.13918 	0.05547 	0.26038 	-0.05137 	-0.05587 	-0.05015 	0.06602 	0.00000 	0.08808 	-0.04905 	-0.04908 	0.06519 	-0.04577 	0.01824 	0.09809 	0.00237	0.03433
Replication135	 -1.45771	0.99922	0.97197 	0.97619 	0.98012 	0.98112 	0.97946 	0.98578 	0.97394 	0.97864 	0.98811 	0.97572 	0.99359 	0.98738 	-0.17015 	-0.15211 	-0.12717 	0.11771 	0.01978 	0.15565 	-0.14183 	-0.13908 	0.09675 	-0.12805 	0.31212 	0.14848 	-0.05589 	-0.04997 	-0.04178 	0.05552 	0.00650 	0.06233 	-0.04659 	-0.04569 	0.03456 	-0.04207 	0.10253 	0.05516 	0.00790	0.03461
Replication136	 -1.45732	0.99898	0.96740 	0.97027 	0.97225 	0.97648 	0.97308 	0.97955 	0.96109 	0.96744 	0.98032 	0.96386 	0.98034 	0.97974 	-0.15356 	-0.15529 	-0.17294 	0.14154 	0.00877 	0.19854 	-0.15659 	-0.16425 	0.13002 	-0.12522 	0.24345 	0.19769 	-0.05047 	-0.05104 	-0.05684 	0.05956 	0.00288 	0.07552 	-0.05147 	-0.05398 	0.04804 	-0.04116 	0.08001 	0.07467 	0.00782	0.03574
Replication137	 0.01404	0.99854	0.95916 	0.96180 	0.96266 	0.96930 	0.96409 	0.97039 	0.93596 	0.94539 	0.96627 	0.93796 	0.94936 	0.96624 	-0.14201 	-0.15155 	-0.14779 	0.18049 	0.00000 	0.26591 	-0.14160 	-0.17032 	0.18958 	-0.17001 	0.00605 	0.28462 	-0.04672 	-0.04985 	-0.04862 	0.06365 	0.00000 	0.09058 	-0.04658 	-0.05603 	0.07275 	-0.05593 	0.00199 	0.10929 	0.00338	0.03454
Replication138	 -1.50523	0.99890	0.96786 	0.97061 	0.97243 	0.97666 	0.97284 	0.97901 	0.95684 	0.96292 	0.97807 	0.95844 	0.97312 	0.97762 	-0.13806 	-0.14214 	-0.13897 	0.14403 	0.00000 	0.20553 	-0.13222 	-0.17726 	0.13980 	-0.13991 	0.16377 	0.21178 	-0.04538 	-0.04672 	-0.04568 	0.05598 	0.00000 	0.07340 	-0.04347 	-0.05827 	0.05174 	-0.04599 	0.05383 	0.07965 	0.00366	0.02908
Replication139	 -1.47642	0.99892	0.96506 	0.96794 	0.97190 	0.97466 	0.97175 	0.97857 	0.95860 	0.96551 	0.97895 	0.96036 	0.97641 	0.97852 	-0.15896 	-0.18862 	-0.13562 	0.14924 	0.01433 	0.20634 	-0.14657 	-0.13371 	0.13636 	-0.15756 	0.20222 	0.20655 	-0.05225 	-0.06200 	-0.04458 	0.06276 	0.00471 	0.07657 	-0.04818 	-0.04395 	0.04989 	-0.05179 	0.06647 	0.07678 	0.00602	0.03443
Replication140	 0.00808	0.99860	0.95817 	0.96152 	0.96394 	0.96898 	0.96423 	0.97146 	0.94192 	0.95015 	0.96874 	0.94371 	0.95505 	0.96870 	-0.16082 	-0.17043 	-0.13992 	0.17911 	0.00000 	0.25755 	-0.13156 	-0.16311 	0.17981 	-0.15498 	0.03401 	0.27000 	-0.05290 	-0.05606 	-0.04602 	0.06699 	0.00000 	0.08932 	-0.04327 	-0.05365 	0.06770 	-0.05098 	0.01118 	0.10177 	0.00035	0.03409
Replication141	 -1.46851	0.99895	0.96853 	0.97060 	0.97190 	0.97702 	0.97419 	0.97932 	0.95982 	0.96565 	0.97926 	0.96105 	0.97707 	0.97876 	-0.14203 	-0.15682 	-0.18034 	0.14103 	0.02737 	0.20127 	-0.13281 	-0.15621 	0.13430 	-0.15133 	0.20486 	0.20377 	-0.04668 	-0.05155 	-0.05928 	0.05682 	0.00900 	0.07491 	-0.04365 	-0.05134 	0.05009 	-0.04974 	0.06733 	0.07741 	0.00693	0.03332
Replication142	 -1.45629	0.99904	0.96945 	0.97238 	0.97458 	0.97817 	0.97473 	0.98140 	0.96560 	0.97066 	0.98253 	0.96687 	0.98382 	0.98193 	-0.14834 	-0.14784 	-0.16029 	0.13367 	0.00000 	0.18603 	-0.13293 	-0.15387 	0.12060 	-0.14194 	0.25315 	0.18367 	-0.04875 	-0.04858 	-0.05267 	0.05725 	0.00000 	0.07136 	-0.04368 	-0.05057 	0.04419 	-0.04665 	0.08319 	0.06901 	0.00809	0.03411
Replication143	 -1.44106	0.99911	0.97055 	0.97299 	0.97623 	0.97891 	0.97583 	0.98272 	0.96957 	0.97472 	0.98458 	0.97083 	0.98688 	0.98407 	-0.14425 	-0.16767 	-0.14978 	0.12896 	0.00000 	0.17634 	-0.12970 	-0.11396 	0.11195 	-0.13999 	0.24819 	0.17026 	-0.04740 	-0.05509 	-0.04922 	0.05755 	0.00000 	0.06919 	-0.04262 	-0.03745 	0.04055 	-0.04600 	0.08155 	0.06311 	0.00963	0.03418
Replication144	 -1.45313	0.99895	0.96391 	0.96853 	0.97160 	0.97452 	0.97092 	0.97870 	0.96057 	0.96743 	0.97974 	0.96302 	0.97893 	0.97929 	-0.18269 	-0.15438 	-0.15594 	0.14859 	0.00000 	0.20411 	-0.15368 	-0.13129 	0.13292 	-0.13915 	0.22192 	0.20146 	-0.06005 	-0.05074 	-0.05126 	0.06428 	0.00000 	0.07759 	-0.05051 	-0.04315 	0.04860 	-0.04574 	0.07294 	0.07494 	0.00813	0.03689
Replication145	 -1.50617	0.99882	0.96485 	0.96746 	0.96989 	0.97414 	0.97011 	0.97675 	0.95069 	0.96005 	0.97551 	0.95438 	0.96783 	0.97526 	-0.14330 	-0.16239 	-0.13754 	0.15482 	0.00000 	0.22058 	-0.17243 	-0.12861 	0.15071 	-0.13979 	0.12740 	0.22729 	-0.04711 	-0.05339 	-0.04522 	0.06029 	0.00000 	0.07874 	-0.05669 	-0.04228 	0.05619 	-0.04596 	0.04189 	0.08545 	0.00328	0.03190
Replication146	 -1.49682	0.99886	0.96470 	0.96880 	0.97068 	0.97481 	0.97130 	0.97769 	0.95480 	0.96163 	0.97690 	0.95617 	0.97188 	0.97647 	-0.16690 	-0.13927 	-0.15099 	0.15103 	0.01100 	0.21368 	-0.13928 	-0.15639 	0.14478 	-0.16338 	0.17239 	0.21918 	-0.05487 	-0.04578 	-0.04964 	0.06003 	0.00362 	0.07712 	-0.04579 	-0.05141 	0.05378 	-0.05371 	0.05667 	0.08262 	0.00415	0.03265
Replication147	 -1.47393	0.99899	0.96884 	0.97144 	0.97320 	0.97745 	0.97374 	0.98013 	0.95898 	0.96732 	0.98039 	0.96137 	0.97875 	0.97989 	-0.14127 	-0.14600 	-0.15950 	0.13822 	0.00000 	0.19536 	-0.17000 	-0.10496 	0.12941 	-0.17352 	0.22955 	0.19644 	-0.04643 	-0.04799 	-0.05242 	0.05703 	0.00000 	0.07352 	-0.05587 	-0.03450 	0.04822 	-0.05703 	0.07545 	0.07460 	0.00626	0.03457
Replication148	 -1.49076	0.99901	0.97090 	0.97377 	0.97478 	0.97921 	0.97556 	0.98137 	0.96036 	0.96744 	0.98114 	0.96264 	0.97928 	0.98057 	-0.13583 	-0.12199 	-0.15325 	0.13195 	0.00000 	0.18827 	-0.15682 	-0.14657 	0.12618 	-0.15065 	0.22186 	0.19190 	-0.04464 	-0.04009 	-0.05037 	0.05274 	0.00000 	0.06940 	-0.05154 	-0.04817 	0.04697 	-0.04951 	0.07291 	0.07303 	0.00495	0.03073
Replication149	 -1.48667	0.99894	0.96445 	0.96916 	0.97274 	0.97500 	0.97158 	0.97916 	0.95925 	0.96564 	0.97957 	0.96058 	0.97802 	0.97901 	-0.17786 	-0.15388 	-0.12724 	0.14748 	0.00000 	0.20256 	-0.14441 	-0.15282 	0.13377 	-0.16564 	0.22983 	0.20321 	-0.05846 	-0.05058 	-0.04182 	0.06250 	0.00000 	0.07504 	-0.04747 	-0.05023 	0.04879 	-0.05444 	0.07554 	0.07569 	0.00498	0.03455
Replication150	 -1.51605	0.99912	0.97414 	0.97764 	0.97927 	0.98222 	0.97919 	0.98471 	0.96404 	0.97117 	0.98459 	0.96674 	0.98457 	0.98386 	-0.13500 	-0.10762 	-0.11746 	0.11849 	0.00000 	0.16659 	-0.16808 	-0.15438 	0.11140 	-0.14733 	0.26027 	0.17043 	-0.04436 	-0.03536 	-0.03859 	0.04814 	0.00000 	0.06102 	-0.05523 	-0.05073 	0.04105 	-0.04841 	0.08552 	0.06486 	0.00269	0.02789
Replication151	 -1.46215	0.99908	0.97046 	0.97419 	0.97636 	0.97939 	0.97617 	0.98271 	0.96624 	0.97259 	0.98358 	0.96888 	0.98341 	0.98313 	-0.15439 	-0.13063 	-0.14555 	0.12871 	0.00000 	0.17820 	-0.14673 	-0.12203 	0.11614 	-0.11962 	0.21175 	0.17631 	-0.05073 	-0.04292 	-0.04783 	0.05492 	0.00000 	0.06748 	-0.04822 	-0.04010 	0.04235 	-0.03931 	0.06958 	0.06559 	0.00783	0.03081
Replication152	 -1.47696	0.99909	0.97100 	0.97455 	0.97651 	0.97981 	0.97726 	0.98289 	0.96554 	0.97128 	0.98358 	0.96649 	0.98464 	0.98292 	-0.15443 	-0.13310 	-0.14983 	0.12715 	0.01738 	0.17690 	-0.13970 	-0.13869 	0.11583 	-0.16773 	0.26330 	0.17677 	-0.05074 	-0.04374 	-0.04923 	0.05397 	0.00571 	0.06709 	-0.04591 	-0.04557 	0.04265 	-0.05512 	0.08652 	0.06695 	0.00615	0.03258
Replication153	 -1.47908	0.99913	0.97334 	0.97559 	0.97753 	0.98101 	0.97782 	0.98375 	0.96739 	0.97237 	0.98475 	0.96822 	0.98773 	0.98394 	-0.12862 	-0.13882 	-0.14666 	0.12193 	0.00000 	0.17063 	-0.13949 	-0.16498 	0.11071 	-0.16390 	0.30354 	0.16976 	-0.04226 	-0.04561 	-0.04819 	0.05199 	0.00000 	0.06567 	-0.04583 	-0.05421 	0.04077 	-0.05385 	0.09973 	0.06480 	0.00590	0.03301
Replication154	 -1.51339	0.99885	0.96566 	0.96905 	0.97114 	0.97518 	0.97127 	0.97779 	0.95285 	0.96078 	0.97662 	0.95512 	0.97052 	0.97621 	-0.15022 	-0.14356 	-0.13478 	0.15026 	0.00000 	0.21371 	-0.15557 	-0.15262 	0.14594 	-0.15892 	0.16230 	0.22084 	-0.04939 	-0.04720 	-0.04431 	0.05861 	0.00000 	0.07617 	-0.05114 	-0.05017 	0.05428 	-0.05224 	0.05336 	0.08329 	0.00262	0.03125
Replication155	 -1.45203	0.99916	0.97210 	0.97589 	0.97759 	0.98083 	0.97811 	0.98415 	0.96952 	0.97537 	0.98576 	0.97128 	0.98928 	0.98509 	-0.15807 	-0.12428 	-0.16364 	0.12111 	0.01009 	0.16680 	-0.14979 	-0.12055 	0.10633 	-0.14952 	0.29048 	0.16257 	-0.05193 	-0.04083 	-0.05376 	0.05387 	0.00332 	0.06590 	-0.04921 	-0.03961 	0.03909 	-0.04912 	0.09544 	0.06168 	0.00845	0.03482
Replication156	 -1.46480	0.99899	0.96855 	0.97147 	0.97322 	0.97737 	0.97368 	0.98019 	0.96122 	0.96804 	0.98058 	0.96318 	0.97895 	0.98013 	-0.14678 	-0.14264 	-0.16211 	0.13845 	0.00000 	0.19506 	-0.14720 	-0.12468 	0.12882 	-0.14991 	0.20832 	0.19534 	-0.04824 	-0.04688 	-0.05328 	0.05726 	0.00000 	0.07323 	-0.04838 	-0.04098 	0.04764 	-0.04927 	0.06847 	0.07351 	0.00733	0.03307
Replication157	 -1.48845	0.99898	0.96795 	0.97185 	0.97405 	0.97738 	0.97387 	0.98054 	0.96004 	0.96691 	0.98069 	0.96258 	0.97947 	0.98010 	-0.15784 	-0.13443 	-0.14101 	0.13844 	0.00000 	0.19352 	-0.15945 	-0.16105 	0.12851 	-0.14164 	0.23443 	0.19552 	-0.05188 	-0.04418 	-0.04635 	0.05722 	0.00000 	0.07164 	-0.05241 	-0.05293 	0.04729 	-0.04655 	0.07705 	0.07364 	0.00500	0.03254
Replication158	 0.01095	0.99862	0.96275 	0.96528 	0.96469 	0.97236 	0.96924 	0.97271 	0.93905 	0.94861 	0.96842 	0.94173 	0.95228 	0.96838 	-0.14640 	-0.13723 	-0.17843 	0.16793 	0.05066 	0.25041 	-0.14672 	-0.16087 	0.17973 	-0.15245 	0.00583 	0.26988 	-0.04815 	-0.04514 	-0.05868 	0.05787 	0.01666 	0.08525 	-0.04826 	-0.05291 	0.06967 	-0.05014 	0.00192 	0.10472 	0.00233	0.03280
Replication159	 -1.48920	0.99891	0.96589 	0.96930 	0.97202 	0.97545 	0.97177 	0.97867 	0.95722 	0.96423 	0.97844 	0.95910 	0.97468 	0.97801 	-0.15546 	-0.15438 	-0.13786 	0.14733 	0.00000 	0.20657 	-0.14609 	-0.14476 	0.13837 	-0.15379 	0.18556 	0.20956 	-0.05110 	-0.05075 	-0.04532 	0.05991 	0.00000 	0.07539 	-0.04802 	-0.04759 	0.05094 	-0.05055 	0.06100 	0.07837 	0.00495	0.03228
Replication160	 0.00678	0.99868	0.96103 	0.96477 	0.96646 	0.97148 	0.96692 	0.97363 	0.94322 	0.95312 	0.97086 	0.94635 	0.95760 	0.97082 	-0.15828 	-0.14431 	-0.13726 	0.16852 	0.00000 	0.24318 	-0.15818 	-0.13001 	0.17037 	-0.15139 	0.04141 	0.25583 	-0.05205 	-0.04746 	-0.04514 	0.06255 	0.00000 	0.08416 	-0.05202 	-0.04276 	0.06440 	-0.04979 	0.01362 	0.09682 	0.00012	0.03233
Replication161	 -1.45963	0.99892	0.96545 	0.96845 	0.97097 	0.97492 	0.97110 	0.97827 	0.95924 	0.96563 	0.97891 	0.96128 	0.97769 	0.97841 	-0.15674 	-0.16418 	-0.16456 	0.14827 	0.00000 	0.20737 	-0.14797 	-0.15377 	0.13629 	-0.14304 	0.22399 	0.20676 	-0.05152 	-0.05397 	-0.05409 	0.06220 	0.00000 	0.07821 	-0.04864 	-0.05054 	0.05021 	-0.04702 	0.07363 	0.07760 	0.00756	0.03607
Replication162	 -1.48251	0.99893	0.96614 	0.97040 	0.97271 	0.97606 	0.97243 	0.97935 	0.95983 	0.96565 	0.97922 	0.96152 	0.97568 	0.97882 	-0.16568 	-0.13626 	-0.14133 	0.14460 	0.00000 	0.20216 	-0.12934 	-0.15857 	0.13513 	-0.13115 	0.17009 	0.20457 	-0.05446 	-0.04479 	-0.04646 	0.05898 	0.00000 	0.07368 	-0.04251 	-0.05212 	0.04952 	-0.04311 	0.05591 	0.07609 	0.00578	0.03072
Replication163	 -1.49009	0.99890	0.96483 	0.96812 	0.97095 	0.97455 	0.97076 	0.97792 	0.95580 	0.96283 	0.97810 	0.95731 	0.97692 	0.97742 	-0.15827 	-0.16351 	-0.14776 	0.15027 	0.00000 	0.21031 	-0.16058 	-0.16914 	0.13961 	-0.18190 	0.26406 	0.21255 	-0.05203 	-0.05375 	-0.04857 	0.06238 	0.00000 	0.07842 	-0.05279 	-0.05560 	0.05172 	-0.05979 	0.08680 	0.08066 	0.00434	0.03746
Replication164	 -1.51485	0.99886	0.96824 	0.96954 	0.97134 	0.97623 	0.97222 	0.97806 	0.95239 	0.96080 	0.97670 	0.95522 	0.97031 	0.97629 	-0.11728 	-0.16045 	-0.14071 	0.14676 	0.00000 	0.21197 	-0.16384 	-0.15072 	0.14534 	-0.15229 	0.15875 	0.21991 	-0.03856 	-0.05275 	-0.04626 	0.05584 	0.00000 	0.07555 	-0.05386 	-0.04955 	0.05443 	-0.05007 	0.05219 	0.08348 	0.00256	0.03045
Replication165	 -1.47205	0.99907	0.97230 	0.97476 	0.97661 	0.98031 	0.97779 	0.98295 	0.96596 	0.97176 	0.98325 	0.96727 	0.98180 	0.98283 	-0.13680 	-0.14214 	-0.14910 	0.12616 	0.01899 	0.17740 	-0.12730 	-0.11715 	0.11733 	-0.14256 	0.19018 	0.17796 	-0.04495 	-0.04671 	-0.04900 	0.05197 	0.00624 	0.06607 	-0.04183 	-0.03850 	0.04314 	-0.04685 	0.06249 	0.06663 	0.00704	0.02870
Replication166	 -1.46772	0.99900	0.96846 	0.97099 	0.97319 	0.97715 	0.97352 	0.98017 	0.96165 	0.96772 	0.98096 	0.96346 	0.98170 	0.98029 	-0.14378 	-0.15589 	-0.16136 	0.13867 	0.00000 	0.19447 	-0.15196 	-0.16424 	0.12724 	-0.15214 	0.26828 	0.19393 	-0.04725 	-0.05124 	-0.05303 	0.05842 	0.00000 	0.07404 	-0.04994 	-0.05398 	0.04699 	-0.05000 	0.08817 	0.07350 	0.00678	0.03567
Replication167	 -1.49003	0.99895	0.96782 	0.97003 	0.97283 	0.97649 	0.97321 	0.97950 	0.95931 	0.96508 	0.97964 	0.96012 	0.97856 	0.97899 	-0.13988 	-0.16997 	-0.14339 	0.14249 	0.00789 	0.20025 	-0.13888 	-0.17389 	0.13306 	-0.17189 	0.24691 	0.20258 	-0.04598 	-0.05587 	-0.04713 	0.05852 	0.00259 	0.07424 	-0.04565 	-0.05715 	0.04908 	-0.05650 	0.08116 	0.07657 	0.00471	0.03389
Replication168	 -1.51601	0.99901	0.96942 	0.97361 	0.97592 	0.97872 	0.97543 	0.98178 	0.95923 	0.96689 	0.98153 	0.96201 	0.98024 	0.98083 	-0.15461 	-0.12366 	-0.11909 	0.13322 	0.00000 	0.18613 	-0.17394 	-0.16259 	0.12480 	-0.15598 	0.25294 	0.19040 	-0.05081 	-0.04064 	-0.03914 	0.05441 	0.00000 	0.06787 	-0.05716 	-0.05344 	0.04599 	-0.05126 	0.08313 	0.07214 	0.00238	0.03109
Replication169	 -1.50998	0.99897	0.96897 	0.97245 	0.97424 	0.97796 	0.97436 	0.98054 	0.95782 	0.96506 	0.98000 	0.95962 	0.97741 	0.97939 	-0.14607 	-0.12806 	-0.13441 	0.13738 	0.00000 	0.19450 	-0.15722 	-0.15690 	0.13125 	-0.17024 	0.22708 	0.19971 	-0.04801 	-0.04209 	-0.04418 	0.05483 	0.00000 	0.07064 	-0.05167 	-0.05157 	0.04870 	-0.05596 	0.07464 	0.07584 	0.00297	0.03117
Replication170	 -1.45572	0.99905	0.96982 	0.97271 	0.97498 	0.97846 	0.97515 	0.98169 	0.96645 	0.97124 	0.98275 	0.96723 	0.98346 	0.98221 	-0.14720 	-0.14832 	-0.15688 	0.13257 	0.00176 	0.18437 	-0.12204 	-0.14235 	0.11971 	-0.14587 	0.23394 	0.18204 	-0.04837 	-0.04874 	-0.05155 	0.05663 	0.00058 	0.07041 	-0.04011 	-0.04678 	0.04376 	-0.04794 	0.07688 	0.06808 	0.00827	0.03285
Replication171	 -1.45446	0.99905	0.96771 	0.97155 	0.97503 	0.97728 	0.97414 	0.98151 	0.96603 	0.97188 	0.98308 	0.96801 	0.98481 	0.98252 	-0.16632 	-0.15896 	-0.14191 	0.13594 	0.00000 	0.18494 	-0.14619 	-0.13504 	0.11855 	-0.13764 	0.25805 	0.18042 	-0.05465 	-0.05224 	-0.04663 	0.06033 	0.00000 	0.07148 	-0.04804 	-0.04438 	0.04294 	-0.04523 	0.08480 	0.06696 	0.00815	0.03533
Replication172	 -1.48246	0.99895	0.96592 	0.97033 	0.97303 	0.97600 	0.97248 	0.97962 	0.95967 	0.96626 	0.97988 	0.96142 	0.97808 	0.97936 	-0.16999 	-0.14139 	-0.13926 	0.14384 	0.00000 	0.19956 	-0.14710 	-0.14816 	0.13220 	-0.15507 	0.21914 	0.20072 	-0.05587 	-0.04647 	-0.04577 	0.06011 	0.00000 	0.07391 	-0.04835 	-0.04870 	0.04847 	-0.05097 	0.07203 	0.07508 	0.00551	0.03345
Replication173	 -1.48553	0.99898	0.96946 	0.97169 	0.97357 	0.97778 	0.97426 	0.98030 	0.95887 	0.96650 	0.98030 	0.96160 	0.97856 	0.97974 	-0.13423 	-0.15039 	-0.15194 	0.13747 	0.00356 	0.19492 	-0.16705 	-0.14330 	0.12991 	-0.15089 	0.22921 	0.19746 	-0.04412 	-0.04943 	-0.04994 	0.05581 	0.00117 	0.07238 	-0.05491 	-0.04710 	0.04825 	-0.04959 	0.07533 	0.07493 	0.00527	0.03280
Replication174	 -1.44009	0.99901	0.96561 	0.96885 	0.97326 	0.97532 	0.97211 	0.98002 	0.96584 	0.97109 	0.98194 	0.96710 	0.98344 	0.98146 	-0.16673 	-0.18922 	-0.14431 	0.14358 	0.00000 	0.19428 	-0.13132 	-0.12916 	0.12371 	-0.14262 	0.24458 	0.18780 	-0.05480 	-0.06219 	-0.04743 	0.06448 	0.00000 	0.07559 	-0.04316 	-0.04245 	0.04461 	-0.04687 	0.08038 	0.06911 	0.00942	0.03728
Replication175	 -1.46809	0.99916	0.97380 	0.97674 	0.97787 	0.98176 	0.97895 	0.98439 	0.96824 	0.97396 	0.98561 	0.97009 	0.98947 	0.98479 	-0.14068 	-0.12136 	-0.16547 	0.11825 	0.01067 	0.16557 	-0.15623 	-0.15312 	0.10670 	-0.15123 	0.31623 	0.16379 	-0.04622 	-0.03987 	-0.05436 	0.05116 	0.00351 	0.06491 	-0.05133 	-0.05031 	0.03961 	-0.04969 	0.10390 	0.06312 	0.00686	0.03442
Replication176	 -1.53456	0.99886	0.96783 	0.97058 	0.97229 	0.97668 	0.97356 	0.97858 	0.95022 	0.95919 	0.97649 	0.95261 	0.96906 	0.97601 	-0.13713 	-0.14172 	-0.12521 	0.14549 	0.01917 	0.20975 	-0.16852 	-0.15329 	0.14606 	-0.17880 	0.16353 	0.22131 	-0.04508 	-0.04659 	-0.04116 	0.05441 	0.00630 	0.07307 	-0.05540 	-0.05039 	0.05497 	-0.05878 	0.05376 	0.08464 	0.00065	0.02974
Replication177	 -1.48701	0.99910	0.97182 	0.97505 	0.97697 	0.98031 	0.97778 	0.98323 	0.96512 	0.97086 	0.98385 	0.96684 	0.98573 	0.98307 	-0.14734 	-0.13364 	-0.14645 	0.12522 	0.01706 	0.17477 	-0.15217 	-0.17012 	0.11461 	-0.15216 	0.28961 	0.17549 	-0.04842 	-0.04391 	-0.04812 	0.05287 	0.00560 	0.06621 	-0.05000 	-0.05590 	0.04226 	-0.05000 	0.09516 	0.06693 	0.00513	0.03269
Replication178	 -1.45159	0.99893	0.96578 	0.96901 	0.97072 	0.97527 	0.97133 	0.97830 	0.95975 	0.96593 	0.97885 	0.96201 	0.97723 	0.97840 	-0.15877 	-0.14933 	-0.17869 	0.14718 	0.00069 	0.20720 	-0.14352 	-0.15403 	0.13643 	-0.12832 	0.20598 	0.20674 	-0.05219 	-0.04909 	-0.05874 	0.06119 	0.00023 	0.07817 	-0.04717 	-0.05063 	0.05044 	-0.04218 	0.06771 	0.07771 	0.00843	0.03544
Replication179	 -1.43391	0.99891	0.96295 	0.96691 	0.96936 	0.97338 	0.96942 	0.97724 	0.96080 	0.96614 	0.97847 	0.96154 	0.97803 	0.97803 	-0.17860 	-0.16147 	-0.18433 	0.15353 	0.00000 	0.21298 	-0.12602 	-0.14042 	0.13824 	-0.15707 	0.22388 	0.20944 	-0.05871 	-0.05308 	-0.06059 	0.06617 	0.00000 	0.08189 	-0.04142 	-0.04616 	0.05088 	-0.05163 	0.07359 	0.07835 	0.00985	0.03929
Replication180	 -1.50574	0.99886	0.96802 	0.96960 	0.97071 	0.97616 	0.97198 	0.97779 	0.95307 	0.96062 	0.97653 	0.95541 	0.97079 	0.97609 	-0.12181 	-0.14904 	-0.15716 	0.14709 	0.00000 	0.21335 	-0.15375 	-0.16636 	0.14597 	-0.15040 	0.16768 	0.22103 	-0.04004 	-0.04900 	-0.05167 	0.05591 	0.00000 	0.07653 	-0.05055 	-0.05469 	0.05479 	-0.04944 	0.05512 	0.08421 	0.00340	0.03117
Replication181	 -1.46421	0.99889	0.96516 	0.96797 	0.96991 	0.97455 	0.97050 	0.97749 	0.95716 	0.96369 	0.97782 	0.95878 	0.97614 	0.97728 	-0.15343 	-0.15928 	-0.17464 	0.15057 	0.00000 	0.21269 	-0.14803 	-0.15865 	0.14075 	-0.15995 	0.22933 	0.21363 	-0.05044 	-0.05236 	-0.05741 	0.06210 	0.00000 	0.07993 	-0.04866 	-0.05215 	0.05228 	-0.05258 	0.07539 	0.08087 	0.00700	0.03698
Replication182	 -1.50683	0.99908	0.97364 	0.97624 	0.97759 	0.98135 	0.97805 	0.98350 	0.96299 	0.96966 	0.98334 	0.96502 	0.98298 	0.98264 	-0.12533 	-0.11945 	-0.13346 	0.12265 	0.00000 	0.17433 	-0.15760 	-0.15797 	0.11667 	-0.15617 	0.25459 	0.17824 	-0.04118 	-0.03925 	-0.04385 	0.04922 	0.00000 	0.06416 	-0.05179 	-0.05191 	0.04324 	-0.05132 	0.08366 	0.06806 	0.00350	0.02904
Replication183	 -1.47973	0.99881	0.96434 	0.96708 	0.96827 	0.97376 	0.96953 	0.97600 	0.95319 	0.95989 	0.97514 	0.95516 	0.96909 	0.97480 	-0.14935 	-0.15012 	-0.17604 	0.15637 	0.00369 	0.22453 	-0.13666 	-0.16631 	0.15224 	-0.13783 	0.14377 	0.22993 	-0.04910 	-0.04936 	-0.05788 	0.06103 	0.00121 	0.08146 	-0.04493 	-0.05468 	0.05690 	-0.04532 	0.04727 	0.08687 	0.00578	0.03348
Replication184	 -1.50080	0.99887	0.96379 	0.96824 	0.97108 	0.97439 	0.97189 	0.97786 	0.95379 	0.96211 	0.97717 	0.95646 	0.97207 	0.97676 	-0.17986 	-0.15651 	-0.14045 	0.15204 	0.03071 	0.21247 	-0.16395 	-0.13806 	0.14369 	-0.15727 	0.17612 	0.21744 	-0.05913 	-0.05145 	-0.04617 	0.06161 	0.01009 	0.07678 	-0.05390 	-0.04539 	0.05326 	-0.05170 	0.05790 	0.08175 	0.00365	0.03365
Replication185	 -1.48883	0.99902	0.96846 	0.97160 	0.97457 	0.97748 	0.97414 	0.98093 	0.96103 	0.96780 	0.98159 	0.96280 	0.98248 	0.98085 	-0.14995 	-0.15557 	-0.13541 	0.13691 	0.00000 	0.18993 	-0.16298 	-0.15806 	0.12459 	-0.17229 	0.28788 	0.19027 	-0.04928 	-0.05113 	-0.04450 	0.05815 	0.00000 	0.07174 	-0.05356 	-0.05194 	0.04583 	-0.05662 	0.09461 	0.07209 	0.00468	0.03538
Replication186	 -1.46959	0.99901	0.96885 	0.97184 	0.97413 	0.97769 	0.97420 	0.98082 	0.96232 	0.96879 	0.98144 	0.96493 	0.98106 	0.98089 	-0.14777 	-0.14786 	-0.15131 	0.13656 	0.00000 	0.19082 	-0.15419 	-0.15226 	0.12531 	-0.12956 	0.23288 	0.19052 	-0.04857 	-0.04859 	-0.04973 	0.05727 	0.00000 	0.07184 	-0.05067 	-0.05004 	0.04602 	-0.04258 	0.07654 	0.07153 	0.00686	0.03300
Replication187	 0.00021	0.99883	0.96893 	0.96995 	0.97109 	0.97658 	0.97240 	0.97772 	0.94979 	0.95890 	0.97543 	0.95342 	0.96586 	0.97518 	-0.10719 	-0.14946 	-0.13702 	0.14711 	0.00000 	0.21559 	-0.16513 	-0.14774 	0.15055 	-0.13226 	0.09752 	0.22704 	-0.03524 	-0.04914 	-0.04505 	0.05338 	0.00000 	0.07494 	-0.05429 	-0.04857 	0.05682 	-0.04348 	0.03206 	0.08639 	0.00098	0.02782
Replication188	 0.00232	0.99873	0.96312 	0.96619 	0.96796 	0.97288 	0.96851 	0.97501 	0.94768 	0.95563 	0.97279 	0.94965 	0.96212 	0.97260 	-0.14749 	-0.14938 	-0.13936 	0.16206 	0.00000 	0.23356 	-0.13794 	-0.15580 	0.16233 	-0.15192 	0.07813 	0.24440 	-0.04850 	-0.04912 	-0.04583 	0.06063 	0.00000 	0.08135 	-0.04536 	-0.05123 	0.06090 	-0.04996 	0.02569 	0.09219 	0.00141	0.03077
Replication189	 -1.50736	0.99895	0.96920 	0.97179 	0.97345 	0.97770 	0.97397 	0.98000 	0.95660 	0.96417 	0.97948 	0.95957 	0.97725 	0.97882 	-0.13463 	-0.13907 	-0.14327 	0.13874 	0.00000 	0.19782 	-0.17244 	-0.17837 	0.13339 	-0.14694 	0.23851 	0.20313 	-0.04425 	-0.04571 	-0.04709 	0.05503 	0.00000 	0.07219 	-0.05668 	-0.05863 	0.04967 	-0.04830 	0.07839 	0.07750 	0.00314	0.03212
Replication190	 -1.46839	0.99899	0.96788 	0.97097 	0.97302 	0.97694 	0.97328 	0.98001 	0.96033 	0.96748 	0.98067 	0.96371 	0.98069 	0.98005 	-0.15150 	-0.14741 	-0.16109 	0.13969 	0.00000 	0.19575 	-0.17158 	-0.16160 	0.12850 	-0.12650 	0.25341 	0.19558 	-0.04979 	-0.04845 	-0.05294 	0.05866 	0.00000 	0.07416 	-0.05639 	-0.05311 	0.04747 	-0.04158 	0.08329 	0.07398 	0.00675	0.03528
Replication191	 -1.49247	0.99906	0.97199 	0.97383 	0.97652 	0.97970 	0.97649 	0.98254 	0.96489 	0.96965 	0.98303 	0.96539 	0.98396 	0.98230 	-0.12393 	-0.15706 	-0.13025 	0.12842 	0.00000 	0.17990 	-0.12940 	-0.17746 	0.11842 	-0.16311 	0.26872 	0.18100 	-0.04072 	-0.05161 	-0.04280 	0.05336 	0.00000 	0.06726 	-0.04252 	-0.05832 	0.04336 	-0.05360 	0.08831 	0.06836 	0.00474	0.03105
Replication192	 -1.46476	0.99904	0.97028 	0.97222 	0.97468 	0.97836 	0.97501 	0.98138 	0.96478 	0.96996 	0.98235 	0.96567 	0.98356 	0.98171 	-0.13364 	-0.16258 	-0.15488 	0.13325 	0.00177 	0.18636 	-0.13365 	-0.15447 	0.12128 	-0.15793 	0.26237 	0.18487 	-0.04392 	-0.05343 	-0.05090 	0.05652 	0.00058 	0.07122 	-0.04392 	-0.05076 	0.04456 	-0.05190 	0.08622 	0.06974 	0.00724	0.03401
Replication193	 -1.47441	0.99894	0.96606 	0.97016 	0.97239 	0.97594 	0.97226 	0.97926 	0.95866 	0.96614 	0.97947 	0.96203 	0.97707 	0.97901 	-0.16597 	-0.13960 	-0.15112 	0.14446 	0.00000 	0.20179 	-0.16446 	-0.14649 	0.13387 	-0.12324 	0.20152 	0.20292 	-0.05455 	-0.04589 	-0.04967 	0.05987 	0.00000 	0.07486 	-0.05406 	-0.04815 	0.04929 	-0.04051 	0.06624 	0.07599 	0.00633	0.03341
Replication194	 -1.47505	0.99900	0.97163 	0.97289 	0.97374 	0.97901 	0.97517 	0.98078 	0.96071 	0.96744 	0.98079 	0.96312 	0.97945 	0.98023 	-0.11614 	-0.14247 	-0.17091 	0.13289 	0.00000 	0.19143 	-0.15429 	-0.15271 	0.12755 	-0.13995 	0.22427 	0.19392 	-0.03817 	-0.04682 	-0.05617 	0.05301 	0.00000 	0.07155 	-0.05071 	-0.05019 	0.04767 	-0.04600 	0.07371 	0.07404 	0.00641	0.03191
Replication195	 -1.45792	0.99917	0.97060 	0.97479 	0.97735 	0.98007 	0.97927 	0.98403 	0.96978 	0.97476 	0.98588 	0.97059 	0.99129 	0.98502 	-0.18075 	-0.15018 	-0.16868 	0.12311 	0.05443 	0.16692 	-0.14523 	-0.14820 	0.10568 	-0.17026 	0.34325 	0.16245 	-0.05939 	-0.04934 	-0.05542 	0.05643 	0.01788 	0.06687 	-0.04771 	-0.04869 	0.03901 	-0.05594 	0.11277 	0.06239 	0.00745	0.03887
Replication196	 -1.48799	0.99897	0.96880 	0.97049 	0.97316 	0.97703 	0.97371 	0.97984 	0.95844 	0.96580 	0.98003 	0.96094 	0.97904 	0.97939 	-0.13117 	-0.17240 	-0.14620 	0.14019 	0.00693 	0.19770 	-0.16778 	-0.15798 	0.13120 	-0.15691 	0.25182 	0.19974 	-0.04311 	-0.05667 	-0.04805 	0.05759 	0.00228 	0.07375 	-0.05515 	-0.05193 	0.04860 	-0.05157 	0.08277 	0.07578 	0.00487	0.03429
Replication197	 -1.47736	0.99895	0.96739 	0.97026 	0.97235 	0.97641 	0.97266 	0.97930 	0.95947 	0.96566 	0.97949 	0.96029 	0.97782 	0.97894 	-0.14739 	-0.15090 	-0.15581 	0.14285 	0.00000 	0.20130 	-0.13756 	-0.14648 	0.13360 	-0.17474 	0.22623 	0.20294 	-0.04844 	-0.04960 	-0.05121 	0.05868 	0.00000 	0.07500 	-0.04521 	-0.04815 	0.04944 	-0.05744 	0.07436 	0.07664 	0.00597	0.03405
Replication198	 -1.49180	0.99880	0.96387 	0.96587 	0.96780 	0.97305 	0.96882 	0.97548 	0.95132 	0.95823 	0.97480 	0.95259 	0.97058 	0.97425 	-0.14177 	-0.17245 	-0.16888 	0.15887 	0.00302 	0.22746 	-0.14880 	-0.18230 	0.15360 	-0.17738 	0.21142 	0.23298 	-0.04661 	-0.05670 	-0.05552 	0.06279 	0.00099 	0.08329 	-0.04892 	-0.05994 	0.05753 	-0.05832 	0.06951 	0.08881 	0.00422	0.03691
Replication199	 -1.50084	0.99880	0.96492 	0.96789 	0.96893 	0.97430 	0.96995 	0.97628 	0.95156 	0.95892 	0.97477 	0.95343 	0.96679 	0.97450 	-0.14584 	-0.13824 	-0.16075 	0.15511 	0.00000 	0.22383 	-0.13726 	-0.15267 	0.15372 	-0.14889 	0.11525 	0.23186 	-0.04795 	-0.04545 	-0.05285 	0.05903 	0.00000 	0.07965 	-0.04513 	-0.05019 	0.05764 	-0.04895 	0.03789 	0.08768 	0.00387	0.03136
Replication200	 -1.43984	0.99917	0.97204 	0.97425 	0.97740 	0.98004 	0.97709 	0.98387 	0.97291 	0.97640 	0.98629 	0.97396 	0.99186 	0.98554 	-0.14019 	-0.16654 	-0.15482 	0.12320 	0.00000 	0.16762 	-0.12454 	-0.16567 	0.10446 	-0.12449 	0.31133 	0.16010 	-0.04606 	-0.05472 	-0.05087 	0.05651 	0.00000 	0.06755 	-0.04092 	-0.05443 	0.03778 	-0.04090 	0.10229 	0.06003 	0.00954	0.03628
Replication201	 -1.49162	0.99899	0.96948 	0.97174 	0.97419 	0.97782 	0.97432 	0.98062 	0.96019 	0.96668 	0.98075 	0.96234 	0.97980 	0.98011 	-0.13368 	-0.15592 	-0.13930 	0.13699 	0.00000 	0.19295 	-0.15493 	-0.17007 	0.12822 	-0.14752 	0.24326 	0.19527 	-0.04394 	-0.05125 	-0.04578 	0.05603 	0.00000 	0.07146 	-0.05092 	-0.05589 	0.04726 	-0.04848 	0.07995 	0.07378 	0.00471	0.03220
Replication202	 -1.44189	0.99906	0.96898 	0.97206 	0.97467 	0.97790 	0.97455 	0.98151 	0.96745 	0.97235 	0.98298 	0.96853 	0.98409 	0.98250 	-0.15389 	-0.15435 	-0.16028 	0.13406 	0.00000 	0.18492 	-0.12323 	-0.12819 	0.11882 	-0.13744 	0.22956 	0.18044 	-0.05057 	-0.05072 	-0.05267 	0.05851 	0.00000 	0.07154 	-0.04049 	-0.04213 	0.04327 	-0.04517 	0.07544 	0.06706 	0.00956	0.03407
Replication203	 -1.48480	0.99891	0.96759 	0.97037 	0.97182 	0.97646 	0.97253 	0.97885 	0.95666 	0.96415 	0.97840 	0.95975 	0.97453 	0.97796 	-0.14247 	-0.14069 	-0.15846 	0.14400 	0.00000 	0.20533 	-0.15969 	-0.15459 	0.13819 	-0.12867 	0.18227 	0.20933 	-0.04683 	-0.04625 	-0.05209 	0.05719 	0.00000 	0.07506 	-0.05249 	-0.05081 	0.05138 	-0.04230 	0.05992 	0.07906 	0.00544	0.03184
Replication204	 -1.47652	0.99890	0.96630 	0.96928 	0.97109 	0.97553 	0.97159 	0.97822 	0.95690 	0.96409 	0.97790 	0.95915 	0.97348 	0.97756 	-0.14929 	-0.14788 	-0.15894 	0.14758 	0.00000 	0.20931 	-0.14579 	-0.13601 	0.14045 	-0.14187 	0.16390 	0.21231 	-0.04908 	-0.04861 	-0.05225 	0.05921 	0.00000 	0.07671 	-0.04792 	-0.04471 	0.05208 	-0.04664 	0.05388 	0.07971 	0.00622	0.03238
Replication205	 -1.44456	0.99908	0.96859 	0.97243 	0.97480 	0.97797 	0.97463 	0.98177 	0.96702 	0.97247 	0.98365 	0.96889 	0.98742 	0.98294 	-0.16575 	-0.14337 	-0.16768 	0.13272 	0.00000 	0.18205 	-0.15031 	-0.15048 	0.11569 	-0.14178 	0.30324 	0.17679 	-0.05446 	-0.04711 	-0.05510 	0.05943 	0.00000 	0.07206 	-0.04939 	-0.04945 	0.04239 	-0.04659 	0.09965 	0.06680 	0.00887	0.03821
Replication206	 -1.46251	0.99905	0.96933 	0.97268 	0.97416 	0.97826 	0.97466 	0.98126 	0.96242 	0.96974 	0.98245 	0.96578 	0.98519 	0.98167 	-0.15382 	-0.13330 	-0.17348 	0.13301 	0.00000 	0.18607 	-0.18420 	-0.15755 	0.12046 	-0.14182 	0.31333 	0.18425 	-0.05055 	-0.04381 	-0.05701 	0.05739 	0.00000 	0.07260 	-0.06053 	-0.05177 	0.04484 	-0.04660 	0.10297 	0.07078 	0.00704	0.03831
Replication207	 -1.47455	0.99895	0.96797 	0.97081 	0.97287 	0.97685 	0.97316 	0.97969 	0.96000 	0.96661 	0.97975 	0.96174 	0.97695 	0.97933 	-0.14527 	-0.14831 	-0.15240 	0.14124 	0.00000 	0.19914 	-0.14045 	-0.13360 	0.13254 	-0.14897 	0.18886 	0.20076 	-0.04775 	-0.04875 	-0.05009 	0.05761 	0.00000 	0.07364 	-0.04616 	-0.04391 	0.04891 	-0.04896 	0.06208 	0.07526 	0.00647	0.03187
Replication208	 -1.45222	0.99911	0.97072 	0.97450 	0.97645 	0.97964 	0.97641 	0.98304 	0.96904 	0.97361 	0.98447 	0.97017 	0.98690 	0.98385 	-0.15732 	-0.12842 	-0.15852 	0.12669 	0.00000 	0.17481 	-0.12730 	-0.14723 	0.11222 	-0.13601 	0.26133 	0.17117 	-0.05169 	-0.04220 	-0.05209 	0.05541 	0.00000 	0.06784 	-0.04183 	-0.04838 	0.04093 	-0.04469 	0.08587 	0.06420 	0.00858	0.03338
Replication209	 -1.44832	0.99915	0.97249 	0.97506 	0.97735 	0.98052 	0.97742 	0.98385 	0.97004 	0.97541 	0.98567 	0.97156 	0.98942 	0.98500 	-0.14030 	-0.14609 	-0.15796 	0.12230 	0.00000 	0.16856 	-0.14295 	-0.12662 	0.10689 	-0.14624 	0.29019 	0.16338 	-0.04610 	-0.04800 	-0.05190 	0.05451 	0.00000 	0.06682 	-0.04697 	-0.04160 	0.03909 	-0.04805 	0.09534 	0.06165 	0.00883	0.03481
Replication210	 -1.47396	0.99890	0.96621 	0.96884 	0.97052 	0.97529 	0.97126 	0.97793 	0.95602 	0.96353 	0.97796 	0.95884 	0.97570 	0.97742 	-0.14668 	-0.15335 	-0.17034 	0.14804 	0.00000 	0.21025 	-0.16640 	-0.15892 	0.14004 	-0.14546 	0.22413 	0.21256 	-0.04822 	-0.05041 	-0.05599 	0.06017 	0.00000 	0.07840 	-0.05470 	-0.05224 	0.05218 	-0.04781 	0.07367 	0.08071 	0.00614	0.03575
Replication211	 0.01385	0.99856	0.96017 	0.96170 	0.96217 	0.96958 	0.96423 	0.97036 	0.93615 	0.94686 	0.96668 	0.93978 	0.95059 	0.96668 	-0.12909 	-0.16172 	-0.16896 	0.17896 	0.00000 	0.26498 	-0.16621 	-0.14967 	0.18766 	-0.15022 	0.01381 	0.28156 	-0.04246 	-0.05320 	-0.05558 	0.06353 	0.00000 	0.09177 	-0.05467 	-0.04923 	0.07223 	-0.04942 	0.00454 	0.10834 	0.00110	0.03585
Replication212	 -1.53660	0.99886	0.96860 	0.97079 	0.97229 	0.97699 	0.97368 	0.97865 	0.95316 	0.95996 	0.97652 	0.95439 	0.96823 	0.97617 	-0.12733 	-0.14312 	-0.12958 	0.14472 	0.01539 	0.20968 	-0.12844 	-0.16820 	0.14613 	-0.15720 	0.11636 	0.22086 	-0.04186 	-0.04705 	-0.04260 	0.05329 	0.00506 	0.07248 	-0.04222 	-0.05530 	0.05470 	-0.05168 	0.03825 	0.08367 	0.00075	0.02674
Replication213	 -1.44146	0.99904	0.96764 	0.97120 	0.97426 	0.97706 	0.97376 	0.98105 	0.96712 	0.97193 	0.98257 	0.96830 	0.98338 	0.98212 	-0.16339 	-0.15811 	-0.15462 	0.13730 	0.00000 	0.18807 	-0.12145 	-0.13132 	0.12077 	-0.13105 	0.22097 	0.18323 	-0.05369 	-0.05196 	-0.05081 	0.06030 	0.00000 	0.07252 	-0.03991 	-0.04315 	0.04377 	-0.04307 	0.07262 	0.06768 	0.00958	0.03428
Replication214	 -1.49365	0.99887	0.96581 	0.96857 	0.97064 	0.97502 	0.97108 	0.97769 	0.95436 	0.96187 	0.97719 	0.95652 	0.97340 	0.97668 	-0.14626 	-0.15544 	-0.15248 	0.14993 	0.00081 	0.21297 	-0.15845 	-0.15977 	0.14343 	-0.16140 	0.20480 	0.21754 	-0.04808 	-0.05110 	-0.05013 	0.05987 	0.00027 	0.07782 	-0.05209 	-0.05252 	0.05337 	-0.05306 	0.06733 	0.08239 	0.00432	0.03407
Replication215	 -1.47609	0.99899	0.96501 	0.96994 	0.97368 	0.97561 	0.97235 	0.98009 	0.96187 	0.96808 	0.98113 	0.96303 	0.98173 	0.98050 	-0.18268 	-0.15341 	-0.13069 	0.14356 	0.00000 	0.19525 	-0.14753 	-0.14482 	0.12699 	-0.17283 	0.26692 	0.19340 	-0.06004 	-0.05042 	-0.04295 	0.06277 	0.00000 	0.07401 	-0.04849 	-0.04760 	0.04620 	-0.05680 	0.08773 	0.07215 	0.00584	0.03654
Replication216	 0.00015	0.99877	0.96446 	0.96603 	0.96747 	0.97325 	0.96876 	0.97516 	0.94985 	0.95731 	0.97393 	0.95138 	0.96734 	0.97353 	-0.13148 	-0.16699 	-0.16946 	0.15926 	0.00000 	0.23038 	-0.14587 	-0.16518 	0.15724 	-0.17082 	0.16123 	0.23775 	-0.04323 	-0.05491 	-0.05572 	0.06116 	0.00000 	0.08318 	-0.04796 	-0.05431 	0.05914 	-0.05617 	0.05301 	0.09054 	0.00393	0.03474
Replication217	 0.00525	0.99875	0.96440 	0.96677 	0.96851 	0.97357 	0.96922 	0.97539 	0.94475 	0.95542 	0.97293 	0.94898 	0.96191 	0.97273 	-0.13438 	-0.15377 	-0.13357 	0.15947 	0.00000 	0.23110 	-0.18397 	-0.13441 	0.16138 	-0.14627 	0.09128 	0.24307 	-0.04419 	-0.05056 	-0.04392 	0.05908 	0.00000 	0.08046 	-0.06049 	-0.04420 	0.06100 	-0.04810 	0.03002 	0.09243 	0.00006	0.03152
Replication218	 -1.47562	0.99900	0.96906 	0.97196 	0.97445 	0.97782 	0.97439 	0.98094 	0.96261 	0.96860 	0.98138 	0.96457 	0.98033 	0.98086 	-0.14491 	-0.15007 	-0.14277 	0.13636 	0.00000 	0.19053 	-0.14167 	-0.15249 	0.12568 	-0.13538 	0.21737 	0.19093 	-0.04762 	-0.04932 	-0.04692 	0.05670 	0.00000 	0.07099 	-0.04656 	-0.05012 	0.04602 	-0.04449 	0.07144 	0.07139 	0.00640	0.03150
Replication219	 0.00245	0.99872	0.96261 	0.96533 	0.96661 	0.97228 	0.96768 	0.97429 	0.94755 	0.95615 	0.97246 	0.95067 	0.96230 	0.97233 	-0.14751 	-0.15261 	-0.16451 	0.16414 	0.00000 	0.23725 	-0.15155 	-0.14505 	0.16360 	-0.13157 	0.07802 	0.24606 	-0.04851 	-0.05018 	-0.05410 	0.06212 	0.00000 	0.08415 	-0.04983 	-0.04770 	0.06158 	-0.04327 	0.02566 	0.09296 	0.00372	0.03289
Replication220	 0.01246	0.99857	0.96047 	0.96258 	0.96264 	0.97009 	0.96475 	0.97078 	0.93754 	0.94726 	0.96695 	0.94014 	0.95054 	0.96698 	-0.13456 	-0.14622 	-0.16945 	0.17706 	0.00000 	0.26254 	-0.14616 	-0.15200 	0.18646 	-0.15615 	0.00000 	0.27965 	-0.04426 	-0.04810 	-0.05574 	0.06237 	0.00000 	0.09044 	-0.04808 	-0.05000 	0.07177 	-0.05136 	0.00000 	0.10755 	0.00116	0.03459
Replication221	 -1.46893	0.99905	0.97186 	0.97381 	0.97530 	0.97959 	0.97607 	0.98198 	0.96464 	0.97018 	0.98247 	0.96590 	0.98227 	0.98191 	-0.12671 	-0.14145 	-0.15924 	0.12924 	0.00000 	0.18317 	-0.13341 	-0.14424 	0.12061 	-0.14787 	0.22931 	0.18348 	-0.04164 	-0.04648 	-0.05233 	0.05318 	0.00000 	0.06904 	-0.04384 	-0.04740 	0.04455 	-0.04859 	0.07536 	0.06936 	0.00710	0.03120
Replication222	 -1.47790	0.99900	0.96652 	0.97072 	0.97437 	0.97645 	0.97324 	0.98060 	0.96271 	0.96861 	0.98137 	0.96423 	0.98088 	0.98083 	-0.16868 	-0.15632 	-0.12580 	0.14080 	0.00000 	0.19262 	-0.13985 	-0.14904 	0.12606 	-0.14898 	0.23160 	0.19159 	-0.05544 	-0.05138 	-0.04135 	0.06043 	0.00000 	0.07202 	-0.04596 	-0.04898 	0.04569 	-0.04897 	0.07612 	0.07100 	0.00600	0.03319
Replication223	 -1.46373	0.99893	0.96659 	0.96944 	0.97192 	0.97575 	0.97203 	0.97890 	0.96021 	0.96648 	0.97910 	0.96218 	0.97557 	0.97879 	-0.15000 	-0.15966 	-0.15371 	0.14562 	0.00000 	0.20434 	-0.13196 	-0.13305 	0.13559 	-0.12860 	0.15904 	0.20483 	-0.04931 	-0.05248 	-0.05052 	0.05983 	0.00000 	0.07560 	-0.04338 	-0.04373 	0.04979 	-0.04227 	0.05228 	0.07608 	0.00756	0.03188
Replication224	 -1.49384	0.99904	0.97002 	0.97293 	0.97559 	0.97875 	0.97665 	0.98185 	0.96072 	0.96865 	0.98200 	0.96295 	0.98116 	0.98139 	-0.14973 	-0.15644 	-0.13827 	0.13232 	0.02925 	0.18462 	-0.16958 	-0.12118 	0.12257 	-0.17446 	0.24984 	0.18666 	-0.04921 	-0.05141 	-0.04544 	0.05514 	0.00961 	0.06880 	-0.05573 	-0.03982 	0.04539 	-0.05733 	0.08210 	0.07084 	0.00442	0.03292
Replication225	 0.00363	0.99869	0.96073 	0.96382 	0.96578 	0.97097 	0.96652 	0.97343 	0.94637 	0.95432 	0.97164 	0.94851 	0.96202 	0.97140 	-0.15713 	-0.16382 	-0.15694 	0.16934 	0.00296 	0.24305 	-0.14433 	-0.16633 	0.16736 	-0.15261 	0.10349 	0.25217 	-0.05167 	-0.05387 	-0.05161 	0.06477 	0.00097 	0.08613 	-0.04746 	-0.05470 	0.06278 	-0.05019 	0.03403 	0.09524 	0.00278	0.03443
Replication226	 -1.48757	0.99882	0.96360 	0.96676 	0.96952 	0.97343 	0.96945 	0.97657 	0.95427 	0.96108 	0.97597 	0.95625 	0.97010 	0.97565 	-0.15638 	-0.16598 	-0.14456 	0.15673 	0.00000 	0.22102 	-0.13729 	-0.15727 	0.14912 	-0.13911 	0.14347 	0.22516 	-0.05141 	-0.05457 	-0.04753 	0.06265 	0.00000 	0.07984 	-0.04514 	-0.05171 	0.05504 	-0.04574 	0.04717 	0.08398 	0.00508	0.03259
Replication227	 -1.48041	0.99895	0.96707 	0.96998 	0.97197 	0.97616 	0.97235 	0.97905 	0.95696 	0.96505 	0.97934 	0.95979 	0.97852 	0.97870 	-0.14907 	-0.15093 	-0.16040 	0.14352 	0.00000 	0.20236 	-0.17933 	-0.14743 	0.13400 	-0.16447 	0.26239 	0.20396 	-0.04900 	-0.04961 	-0.05272 	0.05945 	0.00000 	0.07619 	-0.05894 	-0.04846 	0.04992 	-0.05406 	0.08624 	0.07780 	0.00538	0.03681
Replication228	 -1.46730	0.99881	0.95894 	0.96358 	0.96698 	0.97046 	0.96635 	0.97476 	0.95230 	0.96012 	0.97536 	0.95473 	0.97360 	0.97479 	-0.19224 	-0.17506 	-0.16471 	0.16636 	0.00000 	0.23026 	-0.17272 	-0.16312 	0.15165 	-0.16930 	0.25263 	0.23014 	-0.06320 	-0.05756 	-0.05415 	0.07085 	0.00000 	0.08694 	-0.05679 	-0.05363 	0.05614 	-0.05566 	0.08306 	0.08682 	0.00610	0.04282
Replication229	 -1.47637	0.99897	0.96788 	0.97022 	0.97331 	0.97660 	0.97319 	0.97988 	0.96035 	0.96714 	0.98025 	0.96284 	0.97845 	0.97977 	-0.14155 	-0.17073 	-0.13973 	0.14155 	0.00194 	0.19765 	-0.15241 	-0.14602 	0.13060 	-0.13554 	0.20992 	0.19811 	-0.04653 	-0.05612 	-0.04593 	0.05881 	0.00064 	0.07348 	-0.05009 	-0.04799 	0.04785 	-0.04455 	0.06900 	0.07395 	0.00622	0.03252
Replication230	 -1.49044	0.99898	0.96987 	0.97283 	0.97467 	0.97844 	0.97491 	0.98100 	0.96025 	0.96747 	0.98062 	0.96310 	0.97680 	0.98024 	-0.13924 	-0.13435 	-0.13780 	0.13531 	0.00000 	0.19150 	-0.15057 	-0.13451 	0.12877 	-0.12509 	0.16581 	0.19494 	-0.04576 	-0.04416 	-0.04529 	0.05402 	0.00000 	0.06951 	-0.04949 	-0.04421 	0.04748 	-0.04111 	0.05450 	0.07295 	0.00521	0.02844
Replication231	 -1.45906	0.99901	0.96725 	0.97052 	0.97405 	0.97660 	0.97332 	0.98062 	0.96449 	0.96996 	0.98187 	0.96597 	0.98260 	0.98133 	-0.15866 	-0.16839 	-0.14181 	0.13961 	0.00000 	0.19140 	-0.13666 	-0.14617 	0.12379 	-0.14246 	0.24338 	0.18821 	-0.05214 	-0.05534 	-0.04660 	0.06074 	0.00000 	0.07305 	-0.04491 	-0.04804 	0.04493 	-0.04682 	0.07999 	0.06986 	0.00775	0.03471
Replication232	 -1.46921	0.99898	0.96720 	0.97058 	0.97323 	0.97655 	0.97302 	0.98000 	0.96181 	0.96777 	0.98066 	0.96256 	0.98002 	0.98012 	-0.15682 	-0.15326 	-0.14950 	0.14106 	0.00000 	0.19614 	-0.13506 	-0.13550 	0.12873 	-0.17265 	0.23451 	0.19560 	-0.05154 	-0.05037 	-0.04914 	0.05959 	0.00000 	0.07390 	-0.04439 	-0.04453 	0.04727 	-0.05675 	0.07708 	0.07335 	0.00675	0.03447
Replication233	 0.00051	0.99875	0.96354 	0.96560 	0.96740 	0.97275 	0.96831 	0.97487 	0.94949 	0.95717 	0.97328 	0.95142 	0.96409 	0.97310 	-0.13820 	-0.16640 	-0.15702 	0.16182 	0.00000 	0.23324 	-0.13656 	-0.14660 	0.16022 	-0.14957 	0.09402 	0.24122 	-0.04544 	-0.05472 	-0.05163 	0.06165 	0.00000 	0.08292 	-0.04490 	-0.04821 	0.06004 	-0.04918 	0.03092 	0.09090 	0.00384	0.03235
Replication234	 -1.47882	0.99884	0.96545 	0.96733 	0.96943 	0.97435 	0.97083 	0.97686 	0.95459 	0.96168 	0.97627 	0.95617 	0.97084 	0.97594 	-0.14116 	-0.17473 	-0.16580 	0.15316 	0.01471 	0.21850 	-0.13861 	-0.13835 	0.14740 	-0.15793 	0.15430 	0.22264 	-0.04641 	-0.05744 	-0.05451 	0.06070 	0.00484 	0.07976 	-0.04557 	-0.04548 	0.05495 	-0.05192 	0.05073 	0.08390 	0.00587	0.03354
Replication235	 0.00534	0.99868	0.96147 	0.96313 	0.96472 	0.97083 	0.96603 	0.97274 	0.94466 	0.95325 	0.97091 	0.94652 	0.96134 	0.97065 	-0.13712 	-0.17683 	-0.17036 	0.17038 	0.00000 	0.24709 	-0.15147 	-0.15228 	0.17016 	-0.17639 	0.11743 	0.25647 	-0.04509 	-0.05816 	-0.05603 	0.06457 	0.00000 	0.08832 	-0.04981 	-0.05008 	0.06435 	-0.05801 	0.03862 	0.09770 	0.00293	0.03638
Replication236	 0.00219	0.99869	0.95983 	0.96251 	0.96500 	0.97007 	0.96550 	0.97295 	0.94781 	0.95556 	0.97185 	0.95085 	0.96349 	0.97165 	-0.15786 	-0.18228 	-0.16588 	0.17202 	0.00000 	0.24518 	-0.14958 	-0.17152 	0.16667 	-0.12342 	0.11056 	0.25103 	-0.05191 	-0.05994 	-0.05455 	0.06750 	0.00000 	0.08834 	-0.04919 	-0.05641 	0.06216 	-0.04059 	0.03636 	0.09419 	0.00508	0.03596
Replication237	 -1.43388	0.99913	0.97083 	0.97322 	0.97636 	0.97913 	0.97607 	0.98302 	0.97070 	0.97568 	0.98532 	0.97276 	0.98952 	0.98470 	-0.14526 	-0.16821 	-0.15870 	0.12722 	0.00000 	0.17338 	-0.14130 	-0.13566 	0.10865 	-0.12063 	0.28456 	0.16581 	-0.04773 	-0.05527 	-0.05214 	0.05796 	0.00000 	0.06945 	-0.04643 	-0.04457 	0.03939 	-0.03963 	0.09350 	0.06188 	0.01014	0.03639
Replication238	 -1.49051	0.99908	0.97131 	0.97473 	0.97738 	0.97994 	0.97695 	0.98317 	0.96528 	0.97105 	0.98360 	0.96786 	0.98352 	0.98299 	-0.14543 	-0.13580 	-0.12284 	0.12717 	0.00177 	0.17625 	-0.14713 	-0.16824 	0.11618 	-0.11599 	0.23184 	0.17706 	-0.04779 	-0.04463 	-0.04037 	0.05318 	0.00058 	0.06522 	-0.04835 	-0.05528 	0.04220 	-0.03812 	0.07618 	0.06604 	0.00516	0.02886
Replication239	 -1.48729	0.99907	0.97017 	0.97445 	0.97669 	0.97957 	0.97775 	0.98292 	0.96573 	0.97043 	0.98339 	0.96642 	0.98434 	0.98268 	-0.16839 	-0.13263 	-0.14346 	0.12827 	0.03327 	0.17740 	-0.12833 	-0.17359 	0.11682 	-0.15435 	0.26129 	0.17849 	-0.05533 	-0.04358 	-0.04714 	0.05426 	0.01093 	0.06634 	-0.04217 	-0.05704 	0.04281 	-0.05072 	0.08586 	0.06743 	0.00521	0.03164
Replication240	 -1.46309	0.99897	0.96807 	0.97021 	0.97222 	0.97661 	0.97283 	0.97942 	0.96014 	0.96690 	0.97999 	0.96194 	0.97926 	0.97945 	-0.13943 	-0.16017 	-0.16741 	0.14147 	0.00000 	0.19962 	-0.15203 	-0.13811 	0.13133 	-0.15992 	0.23788 	0.19950 	-0.04583 	-0.05264 	-0.05503 	0.05883 	0.00000 	0.07563 	-0.04997 	-0.04539 	0.04869 	-0.05256 	0.07819 	0.07550 	0.00727	0.03542
Replication241	 0.00167	0.99879	0.96429 	0.96719 	0.96972 	0.97381 	0.96977 	0.97635 	0.94833 	0.95755 	0.97466 	0.95125 	0.96671 	0.97428 	-0.14479 	-0.15905 	-0.12573 	0.15685 	0.00000 	0.22392 	-0.17147 	-0.15066 	0.15431 	-0.16539 	0.14798 	0.23324 	-0.04761 	-0.05230 	-0.04134 	0.06022 	0.00000 	0.07893 	-0.05638 	-0.04954 	0.05769 	-0.05438 	0.04865 	0.08825 	0.00081	0.03221
Replication242	 -1.49725	0.99884	0.96583 	0.96980 	0.97020 	0.97564 	0.97238 	0.97757 	0.95312 	0.96107 	0.97594 	0.95502 	0.96756 	0.97576 	-0.16309 	-0.11978 	-0.17061 	0.14928 	0.02498 	0.21530 	-0.13797 	-0.11666 	0.14837 	-0.15498 	0.09739 	0.22346 	-0.05362 	-0.03938 	-0.05609 	0.05686 	0.00821 	0.07662 	-0.04536 	-0.03835 	0.05595 	-0.05095 	0.03202 	0.08477 	0.00430	0.03068
Replication243	 -1.48544	0.99905	0.96947 	0.97246 	0.97574 	0.97829 	0.97542 	0.98189 	0.96287 	0.96972 	0.98273 	0.96516 	0.98398 	0.98202 	-0.14888 	-0.16088 	-0.13061 	0.13306 	0.00698 	0.18346 	-0.16593 	-0.15094 	0.11974 	-0.15689 	0.28288 	0.18286 	-0.04892 	-0.05287 	-0.04292 	0.05715 	0.00229 	0.06954 	-0.05453 	-0.04960 	0.04382 	-0.05156 	0.09296 	0.06894 	0.00513	0.03431
Replication244	 -1.46903	0.99889	0.96360 	0.96726 	0.97087 	0.97377 	0.97013 	0.97775 	0.95808 	0.96483 	0.97811 	0.96025 	0.97479 	0.97776 	-0.16798 	-0.17340 	-0.14046 	0.15313 	0.00000 	0.21188 	-0.14297 	-0.13922 	0.14010 	-0.13728 	0.17763 	0.21180 	-0.05522 	-0.05700 	-0.04617 	0.06421 	0.00000 	0.07844 	-0.04700 	-0.04577 	0.05118 	-0.04513 	0.05839 	0.07836 	0.00678	0.03428
Replication245	 -1.49328	0.99892	0.96746 	0.97104 	0.97212 	0.97677 	0.97317 	0.97911 	0.95672 	0.96372 	0.97842 	0.95834 	0.97444 	0.97794 	-0.15343 	-0.12613 	-0.15933 	0.14291 	0.00823 	0.20391 	-0.14539 	-0.14890 	0.13796 	-0.16250 	0.18891 	0.20916 	-0.05043 	-0.04146 	-0.05237 	0.05644 	0.00271 	0.07415 	-0.04779 	-0.04894 	0.05148 	-0.05342 	0.06210 	0.07940 	0.00458	0.03184
Replication246	 0.00051	0.99878	0.96374 	0.96760 	0.96970 	0.97381 	0.96972 	0.97636 	0.94949 	0.95755 	0.97447 	0.95135 	0.96557 	0.97416 	-0.15687 	-0.14061 	-0.12769 	0.15719 	0.00000 	0.22438 	-0.14579 	-0.15306 	0.15522 	-0.16519 	0.11710 	0.23426 	-0.05158 	-0.04623 	-0.04198 	0.05991 	0.00000 	0.07841 	-0.04793 	-0.05033 	0.05794 	-0.05431 	0.03850 	0.08829 	0.00105	0.03068
Replication247	 0.00320	0.99872	0.96298 	0.96581 	0.96749 	0.97264 	0.96819 	0.97468 	0.94680 	0.95500 	0.97248 	0.94903 	0.96219 	0.97225 	-0.14499 	-0.15260 	-0.14400 	0.16312 	0.00000 	0.23555 	-0.14553 	-0.16232 	0.16358 	-0.15325 	0.09261 	0.24649 	-0.04768 	-0.05018 	-0.04735 	0.06101 	0.00000 	0.08233 	-0.04786 	-0.05338 	0.06148 	-0.05039 	0.03045 	0.09328 	0.00136	0.03172
Replication248	 -1.48945	0.99896	0.96890 	0.97161 	0.97362 	0.97754 	0.97391 	0.98020 	0.96010 	0.96598 	0.98007 	0.96206 	0.97798 	0.97951 	-0.13935 	-0.14490 	-0.14454 	0.13880 	0.00000 	0.19628 	-0.14127 	-0.17798 	0.13121 	-0.13395 	0.21121 	0.19941 	-0.04580 	-0.04763 	-0.04751 	0.05593 	0.00000 	0.07193 	-0.04643 	-0.05850 	0.04834 	-0.04403 	0.06942 	0.07505 	0.00507	0.03079
Replication249	 -1.46143	0.99903	0.96888 	0.97108 	0.97398 	0.97738 	0.97397 	0.98078 	0.96455 	0.96950 	0.98205 	0.96531 	0.98409 	0.98135 	-0.14132 	-0.17041 	-0.15479 	0.13671 	0.00022 	0.18980 	-0.13472 	-0.16472 	0.12270 	-0.16101 	0.28289 	0.18726 	-0.04644 	-0.05600 	-0.05087 	0.05898 	0.00007 	0.07316 	-0.04427 	-0.05413 	0.04498 	-0.05291 	0.09297 	0.07062 	0.00737	0.03615