
Replication	FitnessValue	Frequency	Bus1	Bus2	Bus3	Bus4	Bus5	Bus6	Bus7	Bus8	Bus9	Bus10	Bus11	Bus12	Bus1_P	Bus2_P	Bus3_P	Bus4_P	Bus5_P	Bus6_P	Bus7_P	Bus8_P	Bus9_P	Bus10_P	Bus11_P	Bus12_P	Bus1_Q	Bus2_Q	Bus3_Q	Bus4_Q	Bus5_Q	Bus6_Q	Bus7_Q	Bus8_Q	Bus9_Q	Bus10_Q	Bus11_Q	Bus12_Q	PLoss	QLoss
Replication0	 4605.31867	1.01724	24.35300 	-1.90369 	-6.28902 	36.35566 	18.03592 	-20.81147 	-44.00561 	-44.54803 	-47.02559 	-44.54420 	-44.98817 	-46.93731 	-0.95069 	-1.03997 	-0.94312 	-121.83548 	0.15173 	1.20000 	-1.15641 	-1.07409 	0.80000 	-0.83482 	2.10291 	1.20000 	0.24965 	0.27309 	0.24766 	-66.04842 	-0.03984 	1.20000 	0.30367 	0.28206 	0.80000 	0.21922 	-0.55222 	1.20000 	331.38808	888.82601
Replication1	 114212.13406	1.47386	-6513.85407 	-3711.93356 	978.25586 	-6659.50817 	95.68892 	-2251.96010 	557.78549 	5434.03033 	2295.55803 	5246.83409 	-1140.30728 	3076.69846 	-34.16069 	-34.32717 	-29.09562 	0.80000 	3.44636 	1.20000 	-30.87371 	-32.98733 	-7112.48900 	-32.25057 	45.47694 	-13782.91464 	11.13665 	11.19093 	9.48540 	0.80000 	-1.12354 	1.20000 	10.06507 	10.75413 	-5084.44452 	10.51394 	-14.82584 	-10740.84811 	6419.66685	26683.11896
Replication2	 6408636.55180	1.01650	-461643.01290 	-235455.79523 	336747.65722 	-913804.06267 	-2929137.57347 	168045.24934 	234630.89358 	86895.18400 	211867.75063 	79893.03443 	92438.15014 	211671.79797 	-1037.06682 	-923.72009 	-1002.31962 	0.80000 	0.00000 	-722244.79996 	-943.05243 	-1011.56477 	-597968.30413 	-1158.61644 	475.47281 	-896171.24614 	340.09766 	302.92651 	328.70259 	0.80000 	-0.00000 	-617642.87255 	309.26640 	331.73446 	-528233.68134 	379.95887 	-155.92745 	-791569.31874 	354726.30274	1052072.23623
Replication3	 363.64865	1.04008	7.51724 	2.11693 	1.21990 	0.06127 	-0.64441 	1.30905 	-2.74175 	-2.73524 	-2.48205 	-2.73363 	-2.59554 	-2.49167 	-0.18504 	-0.16727 	-0.17571 	0.22325 	0.00000 	-4.63969 	-0.17302 	-0.20142 	0.80000 	-0.15814 	0.34657 	1.20000 	-0.00891 	-0.00805 	-0.00846 	0.80000 	0.00000 	1.20000 	-0.00833 	-0.00969 	0.80000 	-0.00761 	0.01668 	1.20000 	25.11998	70.14481
Replication4	 40158.02756	1.01057	6367.77027 	-7118.92416 	-2736.25021 	-1679.12833 	2417.17776 	3470.47193 	-1461.82570 	-1616.25640 	-1933.29563 	-1611.34801 	-1746.85890 	-1885.79157 	-11.82014 	-10.49548 	-10.96656 	0.80000 	0.00000 	-14331.83992 	-10.59338 	-12.24847 	0.80000 	-11.42854 	15.64365 	1.20000 	3.80583 	3.37932 	3.53099 	0.80000 	-0.00000 	-13331.64495 	3.41084 	3.94374 	0.80000 	3.67974 	-5.03692 	1.20000 	3235.32547	9903.22719
Replication5	 402.96774	1.07398	-61.36840 	6.78979 	-2.94902 	16.06264 	4.82446 	-3.44258 	-6.48808 	-6.48533 	-5.95082 	-6.48580 	-6.17869 	-5.96755 	-0.16669 	-0.12205 	-0.20342 	-42.35261 	0.00000 	1.20000 	-0.20316 	-0.17161 	0.80000 	-0.16478 	0.42035 	1.20000 	-0.00748 	-0.00547 	-0.00912 	-37.66144 	0.00000 	1.20000 	-0.00911 	-0.00770 	0.80000 	-0.00739 	0.01886 	1.20000 	23.69455	68.58279
Replication6	 28500.08663	1.01816	1446.98527 	808.96447 	442.93937 	645.02723 	815.85142 	81.75719 	-562.42758 	-567.98660 	-582.63280 	-568.09082 	-564.24360 	-582.54171 	-7.13728 	-6.40596 	-7.07110 	-1926.22079 	0.00000 	-643.73622 	-6.96282 	-6.81739 	0.80000 	-6.96658 	18.04248 	1.20000 	2.27458 	2.04151 	2.25349 	-1497.12674 	-0.00000 	-0.09519 	2.21898 	2.17263 	0.80000 	2.22018 	-5.74995 	1.20000 	1535.69420	5826.19167
Replication7	 755.32401	1.00816	-107.06467 	9.99166 	-19.82658 	20.18962 	4.01576 	-34.18115 	7.02445 	7.15128 	7.08316 	7.14264 	7.06823 	7.06997 	-0.23369 	-0.21350 	-0.23805 	-55.37070 	0.00000 	1.20000 	-0.22140 	-0.27515 	-20.53625 	-0.26159 	0.35693 	-30.75180 	0.01338 	0.01222 	0.01363 	-46.58077 	-0.00000 	1.20000 	0.01267 	0.01575 	-11.74632 	0.01498 	-0.02043 	-17.56691 	52.37570	140.25355
Replication8	 1269.88069	1.01185	166.41055 	-38.48539 	65.26975 	7.37372 	-9.40184 	32.78026 	-34.37745 	-34.74938 	-35.25473 	-34.75679 	-34.49163 	-35.23697 	-0.40230 	-0.39540 	-0.42233 	-26.19317 	0.03113 	-140.57830 	-0.34799 	-0.41943 	0.80000 	-0.44363 	0.88331 	1.20000 	0.06605 	0.06492 	0.06934 	-7.63391 	-0.00511 	-112.73940 	0.05713 	0.06886 	0.80000 	0.07283 	-0.14502 	1.20000 	99.63730	285.00716
Replication9	 33060.70328	1.01913	-852.81339 	84.49862 	-152.62769 	-58.43610 	450.79199 	-215.04207 	-250.17641 	-273.93146 	-309.53149 	-272.16307 	-301.98822 	-299.98838 	-8.75063 	-10.01855 	-7.98867 	-128.81601 	0.00000 	1.20000 	-9.52435 	-8.32399 	0.80000 	-9.17304 	18.56596 	1.20000 	2.80904 	3.21606 	2.56445 	0.80000 	-0.00000 	1.20000 	3.05742 	2.67209 	0.80000 	2.94464 	-5.95987 	1.20000 	3191.55748	8927.00143