
Replication	FitnessValue	Frequency	Bus1	Bus2	Bus3	Bus4	Bus5	Bus6	Bus7	Bus8	Bus9	Bus10	Bus11	Bus12	Bus1_P	Bus2_P	Bus3_P	Bus4_P	Bus5_P	Bus6_P	Bus7_P	Bus8_P	Bus9_P	Bus10_P	Bus11_P	Bus12_P	Bus1_Q	Bus2_Q	Bus3_Q	Bus4_Q	Bus5_Q	Bus6_Q	Bus7_Q	Bus8_Q	Bus9_Q	Bus10_Q	Bus11_Q	Bus12_Q	PLoss	QLoss
Replication0	 0.06196	0.99628	0.92092 	0.92518 	0.94481 	0.93801 	0.93832 	0.96473 	0.88804 	0.92223 	0.96172 	0.90431 	0.93695 	0.99265 	-0.34637 	-0.59474 	-0.32112 	0.15521 	0.01462 	0.41997 	-0.52818 	-0.50062 	0.65756 	-0.33007 	0.17948 	1.20000 	-0.11446 	-0.19653 	-0.10612 	0.14985 	0.00483 	0.27871 	-0.17454 	-0.16543 	-0.16800 	-0.10907 	0.05931 	0.90000 	0.00576	0.35859
Replication1	 0.03123	0.99608	0.93239 	0.93181 	0.94587 	0.94488 	0.94383 	0.96864 	0.91877 	0.94660 	0.96949 	0.93320 	0.95696 	1.00157 	-0.27002 	-0.57063 	-0.49888 	0.14078 	0.00009 	0.39353 	-0.44879 	-0.36171 	0.63979 	-0.23824 	0.15265 	1.02743 	-0.08926 	-0.18864 	-0.16492 	0.13514 	0.00003 	0.24486 	-0.14836 	-0.11958 	-0.22909 	-0.07876 	0.05046 	0.90000 	0.03400	0.31190
Replication2	 0.05121	0.99659	0.93901 	0.93788 	0.95203 	0.95021 	0.95019 	0.97135 	0.89879 	0.93275 	0.96806 	0.90864 	0.94401 	1.00016 	-0.24870 	-0.54735 	-0.38003 	0.12913 	0.01967 	0.36297 	-0.47711 	-0.33064 	0.59069 	-0.48594 	0.16350 	1.19785 	-0.08213 	-0.18076 	-0.12550 	0.12422 	0.00650 	0.23359 	-0.15756 	-0.10919 	-0.16544 	-0.16048 	0.05400 	0.90000 	0.00595	0.33724
Replication3	 0.04873	0.99667	0.92299 	0.93426 	0.94908 	0.94300 	0.94264 	0.96942 	0.90256 	0.93575 	0.96847 	0.90127 	0.94863 	1.00032 	-0.43232 	-0.43374 	-0.39658 	0.14436 	0.00000 	0.37628 	-0.40495 	-0.11982 	0.57967 	-0.76719 	0.27100 	1.17927 	-0.14275 	-0.14322 	-0.13095 	0.13956 	0.00000 	0.24996 	-0.13371 	-0.03956 	-0.15856 	-0.25332 	0.08948 	0.90000 	0.00403	0.37695
Replication4	 0.03722	0.99629	0.92137 	0.94024 	0.95840 	0.94559 	0.94671 	0.97349 	0.91278 	0.93135 	0.96943 	0.91757 	0.94922 	1.00091 	-0.48298 	-0.34990 	-0.20095 	0.13913 	0.00000 	0.35217 	-0.31668 	-0.67941 	0.61723 	-0.34227 	0.15891 	1.10713 	-0.15960 	-0.11562 	-0.06640 	0.13379 	0.00000 	0.21134 	-0.10465 	-0.22451 	-0.20585 	-0.11310 	0.05251 	0.90000 	0.00237	0.30790
Replication5	 0.14019	0.99438	0.89064 	0.90508 	0.90540 	0.91721 	0.90932 	0.93640 	0.81956 	0.84926 	0.91742 	0.80981 	0.87209 	0.94368 	-0.45965 	-0.31520 	-0.52225 	0.20064 	0.00000 	0.67448 	-0.31983 	-0.54708 	0.80000 	-0.85755 	0.22829 	1.20000 	-0.15247 	-0.10455 	-0.17323 	0.19255 	0.00000 	0.46133 	-0.10609 	-0.18147 	-0.15351 	-0.28446 	0.07573 	0.90000 	0.08189	0.47386
Replication6	 0.04577	0.99650	0.92608 	0.93613 	0.94674 	0.94505 	0.94579 	0.96896 	0.90423 	0.93489 	0.96689 	0.91213 	0.94494 	0.99915 	-0.42345 	-0.40752 	-0.48493 	0.14012 	0.05021 	0.38304 	-0.42802 	-0.31993 	0.60617 	-0.46881 	0.13796 	1.20000 	-0.13986 	-0.13460 	-0.16017 	0.13509 	0.01659 	0.25038 	-0.14138 	-0.10567 	-0.16910 	-0.15485 	0.04557 	0.90000 	0.01510	0.34203
Replication7	 0.08651	0.99582	0.86349 	0.89280 	0.93053 	0.90355 	0.90610 	0.94965 	0.86933 	0.89941 	0.94725 	0.87482 	0.91399 	0.97580 	-0.70593 	-0.62686 	-0.07461 	0.22854 	0.00768 	0.54489 	-0.40855 	-0.50399 	0.78105 	-0.51893 	0.12997 	1.20000 	-0.23349 	-0.20733 	-0.02468 	0.22253 	0.00254 	0.38646 	-0.13513 	-0.16670 	-0.14485 	-0.17164 	0.04299 	0.90000 	0.05330	0.47075
Replication8	 0.05119	0.99633	0.94102 	0.93586 	0.95284 	0.94987 	0.94950 	0.97148 	0.89881 	0.93899 	0.96878 	0.92194 	0.94405 	1.00102 	-0.18276 	-0.62501 	-0.34544 	0.13003 	0.00000 	0.36681 	-0.59925 	-0.30061 	0.61536 	-0.22715 	0.06220 	1.09346 	-0.06039 	-0.20651 	-0.11414 	0.12475 	0.00000 	0.22773 	-0.19800 	-0.09932 	-0.19745 	-0.07505 	0.02055 	0.90000 	0.01236	0.32218
Replication9	 0.07036	0.99625	0.92587 	0.93104 	0.94279 	0.94243 	0.94215 	0.96453 	0.87964 	0.91570 	0.95915 	0.89437 	0.93109 	0.98917 	-0.34364 	-0.47921 	-0.41684 	0.14585 	0.04061 	0.42193 	-0.53489 	-0.48161 	0.67316 	-0.40774 	0.19284 	1.20000 	-0.11356 	-0.15836 	-0.13775 	0.14045 	0.01342 	0.27979 	-0.17676 	-0.15915 	-0.15757 	-0.13474 	0.06373 	0.90000 	0.01049	0.35952
Replication10	 0.07622	0.99571	0.02872	0.42494
Replication11	 0.02436	0.99603	0.03084	0.27239
Replication12	 0.03735	0.99652	0.01769	0.36043
Replication13	 0.03661	0.99623	0.88507 	0.90003 	0.92605 	0.91379 	0.91321 	0.94996 	0.87378 	0.90098 	0.94783 	0.88147 	0.92234 	0.97602 	-0.52940 	-0.63594 	-0.31463 	0.20693 	0.00000 	0.54460 	-0.42282 	-0.62018 	0.79050 	-0.43719 	0.24681 	1.20000 	-0.17514 	-0.21038 	-0.10409 	0.20075 	0.00000 	0.38194 	-0.13988 	-0.20517 	-0.16015 	-0.14463 	0.08165 	0.90000 	0.03396	0.32708
Replication14	 0.04057	0.99639	0.01374	0.28673
Replication15	 0.01152	0.99698	0.93859 	0.95052 	0.95272 	0.95594 	0.95352 	0.97423 	0.92805 	0.94294 	0.97056 	0.92564 	0.95377 	1.00199 	-0.36890 	-0.21123 	-0.52789 	0.11741 	0.00000 	0.35141 	-0.20181 	-0.45172 	0.64034 	-0.43580 	0.08148 	0.97587 	-0.12196 	-0.06984 	-0.17453 	0.11168 	0.00000 	0.20070 	-0.06672 	-0.14935 	-0.24046 	-0.14408 	0.02694 	0.90000 	0.03063	0.18822
Replication16	 0.02887	0.99608	0.03457	0.30317
Replication17	 0.04644	0.99612	0.91265 	0.93125 	0.94444 	0.93817 	0.93909 	0.96730 	0.91606 	0.93882 	0.96764 	0.91277 	0.95036 	1.00015 	-0.55324 	-0.36380 	-0.48467 	0.15469 	0.03653 	0.39548 	-0.28161 	-0.27647 	0.60032 	-0.61685 	0.17245 	1.19947 	-0.18273 	-0.12016 	-0.16008 	0.14968 	0.01206 	0.26354 	-0.09301 	-0.09132 	-0.17078 	-0.20374 	0.05696 	0.90000 	0.00121	0.26575
Replication18	 0.06401	0.99662	0.92857 	0.94195 	0.94482 	0.94831 	0.94567 	0.96999 	0.91339 	0.94710 	0.96994 	0.92617 	0.95734 	1.00163 	-0.43725 	-0.25189 	-0.63634 	0.13343 	0.00000 	0.38028 	-0.49683 	-0.18297 	0.62096 	-0.40469 	0.22111 	1.02023 	-0.14450 	-0.08324 	-0.21030 	0.12799 	0.00000 	0.23727 	-0.16419 	-0.06047 	-0.21482 	-0.13374 	0.07307 	0.90000 	0.00415	0.33021
Replication19	 0.12386	0.99500	0.95819 	0.95709 	0.95679 	0.96572 	0.96265 	0.97695 	0.91321 	0.93453 	0.97027 	0.90943 	0.94789 	1.00131 	-0.16604 	-0.29169 	-0.51050 	0.09643 	0.00635 	0.32356 	-0.26987 	-0.40532 	0.60200 	-0.60646 	0.14958 	1.05823 	-0.05486 	-0.09637 	-0.16866 	0.09122 	0.00210 	0.18648 	-0.08916 	-0.13391 	-0.19917 	-0.20036 	0.04942 	0.90000 	0.09357	0.45586
Replication20	 0.05673	0.99660	0.98383 	0.97648 	0.96778 	0.98390 	0.98031 	0.98625 	0.94496 	0.95623 	0.98134 	0.93848 	0.97421 	1.00428 	-0.00574 	-0.17398 	-0.57293 	0.05747 	0.02284 	0.24047 	-0.16876 	-0.37308 	0.47964 	-0.51118 	0.27762 	0.69700 	-0.00189 	-0.05741 	-0.18906 	0.05313 	0.00754 	0.12606 	-0.05569 	-0.12311 	-0.18902 	-0.16868 	0.09161 	0.69475 	0.01153	0.35329
Replication21	 0.06210	0.99670	0.93158 	0.94468 	0.94756 	0.95069 	0.94822 	0.97155 	0.92113 	0.94636 	0.97089 	0.92930 	0.96168 	1.00205 	-0.41510 	-0.24030 	-0.60435 	0.12848 	0.00000 	0.37099 	-0.40225 	-0.35471 	0.63259 	-0.37969 	0.26071 	0.96905 	-0.13722 	-0.07944 	-0.19979 	0.12283 	0.00000 	0.22237 	-0.13298 	-0.11726 	-0.23602 	-0.12552 	0.08619 	0.90000 	0.01409	0.33482
Replication22	 0.13868	0.99432	0.95049 	0.95577 	0.96471 	0.96302 	0.96409 	0.97939 	0.90356 	0.93489 	0.97134 	0.92241 	0.94520 	1.00217 	-0.24535 	-0.33614 	-0.27456 	0.10234 	0.04558 	0.30983 	-0.50578 	-0.55341 	0.62649 	-0.18555 	0.06155 	0.95380 	-0.08110 	-0.11111 	-0.09076 	0.09674 	0.01507 	0.16251 	-0.16719 	-0.18293 	-0.23448 	-0.06133 	0.02034 	0.90000 	0.07364	0.50083
Replication23	 0.07739	0.99589	0.00672	0.36943
Replication24	 0.05128	0.99638	0.94711 	0.95313 	0.95816 	0.96018 	0.95825 	0.97627 	0.88599 	0.93150 	0.97001 	0.90906 	0.94485 	1.00095 	-0.28174 	-0.28839 	-0.39847 	0.10800 	0.00000 	0.32446 	-0.67665 	-0.33225 	0.57802 	-0.37021 	0.23876 	1.10261 	-0.09304 	-0.09523 	-0.13159 	0.10312 	0.00000 	0.19604 	-0.22345 	-0.10972 	-0.17252 	-0.12225 	0.07885 	0.90000 	0.02827	0.36703
Replication25	 0.04376	0.99657	0.88714 	0.90336 	0.92460 	0.91595 	0.91361 	0.94518 	0.82614 	0.86105 	0.93007 	0.83408 	0.88513 	0.95637 	-0.48055 	-0.52589 	-0.13389 	0.20287 	0.00000 	0.59507 	-0.48301 	-0.73793 	0.80000 	-0.55866 	0.21552 	1.20000 	-0.15921 	-0.17422 	-0.04436 	0.19566 	0.00000 	0.40534 	-0.16002 	-0.24447 	-0.14922 	-0.18508 	0.07140 	0.90000 	0.00960	0.28521
Replication26	 0.05417	0.99635	0.93391 	0.93965 	0.94920 	0.94929 	0.94895 	0.97079 	0.89327 	0.93738 	0.96849 	0.91261 	0.94582 	1.00050 	-0.34814 	-0.42152 	-0.48095 	0.13109 	0.02916 	0.36706 	-0.62535 	-0.17179 	0.58752 	-0.42388 	0.18867 	1.15659 	-0.11497 	-0.13920 	-0.15883 	0.12618 	0.00963 	0.23802 	-0.20651 	-0.05673 	-0.16664 	-0.13998 	0.06231 	0.90000 	0.00908	0.34659
Replication27	 0.03218	0.99638	0.03237	0.35219
Replication28	 0.03580	0.99607	0.02544	0.29461
Replication29	 0.05352	0.99643	0.94783 	0.94880 	0.95791 	0.95837 	0.95688 	0.97486 	0.88790 	0.92345 	0.96769 	0.89719 	0.93941 	0.99870 	-0.22359 	-0.40551 	-0.32494 	0.11177 	0.00000 	0.33367 	-0.50295 	-0.42949 	0.57979 	-0.54599 	0.22129 	1.20000 	-0.07382 	-0.13389 	-0.10728 	0.10702 	0.00000 	0.20866 	-0.16606 	-0.14181 	-0.15083 	-0.18027 	0.07306 	0.90000 	0.01921	0.31317
Replication30	 0.13350	0.99500	0.86184 	0.89203 	0.90040 	0.90165 	0.89648 	0.93254 	0.81132 	0.85729 	0.91806 	0.83295 	0.87985 	0.94525 	-0.69979 	-0.30324 	-0.50313 	0.23365 	0.02090 	0.70558 	-0.64619 	-0.59617 	0.80000 	-0.41710 	0.27909 	1.20000 	-0.23215 	-0.10060 	-0.16691 	0.22546 	0.00693 	0.48996 	-0.21437 	-0.19778 	-0.16396 	-0.13837 	0.09259 	0.90000 	0.05746	0.46267
Replication31	 0.04578	0.99615	0.92067 	0.92252 	0.93050 	0.93634 	0.93443 	0.95708 	0.87261 	0.90805 	0.95110 	0.88592 	0.91710 	0.98037 	-0.31983 	-0.51012 	-0.55093 	0.15902 	0.04639 	0.48627 	-0.49012 	-0.42504 	0.75397 	-0.40246 	0.05952 	1.20000 	-0.10577 	-0.16870 	-0.18219 	0.15310 	0.01534 	0.33044 	-0.16208 	-0.14056 	-0.15677 	-0.13310 	0.01968 	0.90000 	0.02371	0.34491
Replication32	 0.30471	0.99144	0.28388	0.86671
Replication33	 0.05049	0.99629	0.93830 	0.93890 	0.92919 	0.94962 	0.94336 	0.96227 	0.90315 	0.92864 	0.96008 	0.89872 	0.94171 	0.99063 	-0.28766 	-0.26811 	-0.91634 	0.13054 	0.01523 	0.43697 	-0.30502 	-0.21572 	0.65451 	-0.69734 	0.22465 	1.20000 	-0.09504 	-0.08858 	-0.30274 	0.12532 	0.00503 	0.29959 	-0.10078 	-0.07127 	-0.14837 	-0.23039 	0.07422 	0.90000 	0.00566	0.33665
Replication34	 0.04506	0.99641	0.00834	0.35033
Replication35	 0.09715	0.99469	0.95338 	0.95506 	0.96102 	0.96333 	0.96198 	0.97734 	0.90624 	0.92124 	0.96882 	0.91166 	0.94507 	0.99968 	-0.20920 	-0.33518 	-0.33252 	0.10136 	0.01251 	0.31716 	-0.30631 	-0.93442 	0.58953 	-0.27500 	0.18163 	1.20000 	-0.06909 	-0.11070 	-0.10982 	0.09641 	0.00413 	0.18685 	-0.10116 	-0.30860 	-0.17202 	-0.09082 	0.05999 	0.90000 	0.01365	0.47585
Replication36	 0.07211	0.99625	0.01658	0.35927
Replication37	 0.04635	0.99646	0.92079 	0.94195 	0.95226 	0.94598 	0.94545 	0.97210 	0.89583 	0.94154 	0.97020 	0.92184 	0.95124 	1.00159 	-0.52436 	-0.23918 	-0.41041 	0.13827 	0.00000 	0.36166 	-0.68993 	-0.21288 	0.60624 	-0.28173 	0.21879 	1.02445 	-0.17325 	-0.07902 	-0.13560 	0.13302 	0.00000 	0.22324 	-0.22795 	-0.07034 	-0.20270 	-0.09308 	0.07229 	0.90000 	0.00006	0.32326
Replication38	 0.08450	0.99577	0.04151	0.47583
Replication39	 0.09539	0.99613	0.03880	0.42211
Replication40	 0.05920	0.99635	0.00063	0.34052
Replication41	 0.06868	0.99587	0.00587	0.38858
Replication42	 0.05827	0.99609	0.00920	0.37897
Replication43	 0.05138	0.99680	0.91782 	0.92284 	0.93817 	0.93559 	0.93447 	0.96391 	0.91989 	0.94268 	0.96750 	0.93374 	0.95961 	1.00012 	-0.39942 	-0.56700 	-0.56949 	0.16027 	0.00000 	0.42430 	-0.41999 	-0.53904 	0.61672 	-0.17729 	0.23863 	1.20000 	-0.13196 	-0.18733 	-0.18815 	0.15506 	0.00000 	0.28699 	-0.13876 	-0.17809 	-0.18579 	-0.05857 	0.07884 	0.90000 	0.00631	0.24585
Replication44	 0.04678	0.99658	0.01383	0.35733
Replication45	 0.05195	0.99658	0.93705 	0.95183 	0.95375 	0.95608 	0.95382 	0.97494 	0.91420 	0.94538 	0.97156 	0.92217 	0.95516 	1.00250 	-0.40161 	-0.17005 	-0.52193 	0.11707 	0.00000 	0.34512 	-0.43728 	-0.20385 	0.63076 	-0.48089 	0.18349 	0.91374 	-0.13277 	-0.05622 	-0.17254 	0.11141 	0.00000 	0.19596 	-0.14456 	-0.06739 	-0.24097 	-0.15898 	0.06066 	0.90000 	0.00787	0.31385
Replication46	 0.13887	0.99472	0.08362	0.45017
Replication47	 0.04474	0.99642	0.93367 	0.95079 	0.96501 	0.95485 	0.95554 	0.97781 	0.89648 	0.92767 	0.97076 	0.90720 	0.94694 	1.00129 	-0.41816 	-0.27144 	-0.15552 	0.11941 	0.00000 	0.31615 	-0.48609 	-0.55331 	0.59510 	-0.44011 	0.25271 	1.06046 	-0.13814 	-0.08967 	-0.05138 	0.11426 	0.00000 	0.18058 	-0.16058 	-0.18279 	-0.19721 	-0.14539 	0.08348 	0.90000 	0.02374	0.31427
Replication48	 0.06791	0.99624	0.00908	0.39993
Replication49	 0.18220	0.99380	0.11003	0.59555
Replication50	 0.02768	0.99624	0.89955 	0.90403 	0.91153 	0.91996 	0.91451 	0.94150 	0.81650 	0.87083 	0.92910 	0.84585 	0.88788 	0.95595 	-0.36359 	-0.52133 	-0.52278 	0.19437 	0.01365 	0.62334 	-0.74932 	-0.48160 	0.80000 	-0.36398 	0.22867 	1.20000 	-0.12046 	-0.17271 	-0.17320 	0.18717 	0.00452 	0.43377 	-0.24825 	-0.15955 	-0.14385 	-0.12058 	0.07576 	0.90000 	0.02124	0.31275
Replication51	 0.16006	0.99509	0.90422 	0.92191 	0.94414 	0.93087 	0.93190 	0.96560 	0.92283 	0.94458 	0.96877 	0.93905 	0.95988 	1.00107 	-0.54485 	-0.50248 	-0.38449 	0.17044 	0.00000 	0.41572 	-0.41837 	-0.58669 	0.63611 	-0.08016 	0.18287 	1.08817 	-0.18009 	-0.16609 	-0.12709 	0.16489 	0.00000 	0.26957 	-0.13829 	-0.19392 	-0.21803 	-0.02649 	0.06045 	0.90000 	0.10004	0.49827
Replication52	 0.03041	0.99643	0.80637 	0.84331 	0.84283 	0.85932 	0.84472 	0.88549 	0.64529 	0.73121 	0.84030 	0.68063 	0.75328 	0.86241 	-0.76209 	-0.27005 	-0.41699 	0.32540 	0.00864 	1.12317 	-0.83183 	-0.49625 	0.80000 	-0.63538 	0.23921 	1.20000 	-0.25428 	-0.09011 	-0.13914 	0.31307 	0.00288 	0.79838 	-0.27755 	-0.16558 	-0.08882 	-0.21200 	0.07982 	0.90000 	0.03765	0.31572
Replication53	 0.04560	0.99622	0.92638 	0.93256 	0.94484 	0.94321 	0.94185 	0.96647 	0.89951 	0.92516 	0.96317 	0.90595 	0.94071 	0.99434 	-0.35460 	-0.46358 	-0.42870 	0.14419 	0.00404 	0.40623 	-0.38735 	-0.51935 	0.64819 	-0.42716 	0.17240 	1.20000 	-0.11718 	-0.15318 	-0.14166 	0.13885 	0.00133 	0.26565 	-0.12799 	-0.17162 	-0.17340 	-0.14115 	0.05697 	0.90000 	0.01862	0.33940
Replication54	 0.03189	0.99607	0.02774	0.28255
Replication55	 0.07633	0.99580	0.01188	0.42558
Replication56	 0.06894	0.99613	0.91605 	0.93053 	0.94647 	0.93886 	0.93857 	0.96710 	0.91452 	0.93223 	0.96554 	0.90494 	0.94326 	0.99764 	-0.47759 	-0.42418 	-0.38023 	0.15331 	0.00000 	0.39921 	-0.18207 	-0.35280 	0.62371 	-0.67504 	0.10730 	1.20000 	-0.15778 	-0.14014 	-0.12561 	0.14813 	0.00000 	0.26290 	-0.06015 	-0.11655 	-0.17295 	-0.22301 	0.03545 	0.90000 	0.00045	0.43957