
Replication	FitnessValue	Frequency	Bus1	Bus2	Bus3	Bus4	Bus5	Bus6	Bus7	Bus8	Bus9	Bus10	Bus11	Bus12	Bus1_P	Bus2_P	Bus3_P	Bus4_P	Bus5_P	Bus6_P	Bus7_P	Bus8_P	Bus9_P	Bus10_P	Bus11_P	Bus12_P	Bus1_Q	Bus2_Q	Bus3_Q	Bus4_Q	Bus5_Q	Bus6_Q	Bus7_Q	Bus8_Q	Bus9_Q	Bus10_Q	Bus11_Q	Bus12_Q	PLoss	QLoss
Replication0	 -1.20883	0.99773	0.96633 	0.97200 	0.97720 	0.97368 	0.97528 	0.98884 	0.95683 	0.97304 	0.98714 	0.96362 	0.98255 	1.00250 	-0.26456 	-0.17434 	-0.24617 	0.04460 	0.00000 	0.19461 	-0.28166 	-0.17657 	0.01914 	-0.21121 	0.19177 	0.87878 	-0.08717 	-0.05745 	-0.08111 	0.04222 	0.00000 	0.17859 	-0.09281 	-0.05818 	0.01613 	-0.06959 	0.06319 	0.26874 	0.02561	0.12257
Replication1	 0.01323	0.99713	0.96363 	0.96561 	0.97641 	0.96953 	0.97283 	0.98634 	0.93677 	0.95513 	0.98014 	0.94084 	0.96455 	1.00024 	-0.23134 	-0.30461 	-0.12076 	0.04988 	0.01884 	0.21874 	-0.28126 	-0.30465 	0.02493 	-0.32975 	0.12187 	1.13114 	-0.07632 	-0.10049 	-0.03984 	0.04688 	0.00621 	0.19856 	-0.09279 	-0.10050 	0.02113 	-0.10878 	0.04020 	0.36234 	0.00698	0.15662
Replication2	 -1.14014	0.99728	0.95039 	0.95690 	0.96801 	0.96013 	0.96440 	0.98255 	0.95218 	0.96822 	0.98226 	0.95987 	0.97859 	1.00099 	-0.34324 	-0.30808 	-0.28268 	0.06104 	0.02886 	0.25163 	-0.28857 	-0.23681 	0.02320 	-0.18424 	0.19609 	1.05361 	-0.11320 	-0.10160 	-0.09322 	0.05820 	0.00952 	0.23250 	-0.09517 	-0.07810 	0.01960 	-0.06076 	0.06467 	0.32507 	0.02919	0.16752
Replication3	 0.02326	0.99170	0.94576 	0.94737 	0.95678 	0.95321 	0.95683 	0.97454 	0.92674 	0.94738 	0.96931 	0.93198 	0.95776 	0.99044 	-0.29133 	-0.37110 	-0.33713 	0.07224 	0.03926 	0.34197 	-0.31431 	-0.23166 	0.03689 	-0.34529 	0.18176 	1.20000 	-0.09715 	-0.12376 	-0.11243 	0.06355 	0.01309 	0.28354 	-0.10482 	-0.07726 	0.02588 	-0.11515 	0.06061 	0.38367 	0.01863	0.19978
Replication4	 0.04239	0.98700	0.94270 	0.95291 	0.95629 	0.95469 	0.95615 	0.97297 	0.91502 	0.93033 	0.96134 	0.90761 	0.93973 	0.98206 	-0.35843 	-0.15725 	-0.28720 	0.07293 	0.01742 	0.37235 	-0.16378 	-0.27449 	0.04615 	-0.56314 	0.09744 	1.20000 	-0.12066 	-0.05294 	-0.09668 	0.05932 	0.00586 	0.28085 	-0.05513 	-0.09241 	0.02892 	-0.18957 	0.03280 	0.39416 	0.00208	0.19452
Replication5	 0.02615	0.99172	0.95730 	0.95888 	0.96385 	0.96328 	0.96478 	0.97868 	0.92385 	0.94135 	0.96953 	0.92627 	0.95137 	0.99043 	-0.23739 	-0.25999 	-0.26761 	0.06018 	0.01704 	0.30536 	-0.25888 	-0.35430 	0.03670 	-0.35444 	0.10634 	1.20000 	-0.07916 	-0.08670 	-0.08924 	0.05151 	0.00568 	0.24705 	-0.08633 	-0.11815 	0.02572 	-0.11820 	0.03546 	0.38639 	0.00690	0.17404
Replication6	 0.00760	0.99732	0.94240 	0.95255 	0.96883 	0.95511 	0.96091 	0.98196 	0.94980 	0.96806 	0.98246 	0.95706 	0.97974 	1.00105 	-0.40137 	-0.34074 	-0.19879 	0.06702 	0.02916 	0.25677 	-0.31589 	-0.18400 	0.02302 	-0.25114 	0.24911 	1.04360 	-0.13236 	-0.11236 	-0.06555 	0.06421 	0.00962 	0.23791 	-0.10417 	-0.06068 	0.01947 	-0.08282 	0.08215 	0.32506 	0.02325	0.18048
Replication7	 0.01884	0.98996	0.93116 	0.93976 	0.95039 	0.94370 	0.94648 	0.97017 	0.93277 	0.94932 	0.96643 	0.93947 	0.95532 	0.98760 	-0.40041 	-0.32505 	-0.36820 	0.08452 	0.00191 	0.38659 	-0.26111 	-0.25866 	0.04026 	-0.19924 	0.07292 	1.20000 	-0.13400 	-0.10878 	-0.12322 	0.07401 	0.00064 	0.31592 	-0.08738 	-0.08656 	0.02695 	-0.06668 	0.02440 	0.36743 	0.02640	0.20274
Replication8	 0.01031	0.99716	0.95869 	0.96782 	0.97642 	0.96886 	0.97203 	0.98670 	0.93969 	0.95353 	0.98102 	0.94480 	0.97147 	1.00031 	-0.32575 	-0.18773 	-0.14474 	0.05067 	0.01678 	0.21549 	-0.27694 	-0.50545 	0.02423 	-0.24295 	0.24799 	1.12261 	-0.10746 	-0.06193 	-0.04775 	0.04769 	0.00553 	0.19549 	-0.09135 	-0.16673 	0.02047 	-0.08014 	0.08180 	0.36070 	0.00579	0.15633
Replication9	 -1.24381	0.99767	0.96232 	0.96754 	0.97755 	0.97012 	0.97375 	0.98806 	0.95078 	0.97125 	0.98619 	0.95829 	0.97924 	1.00225 	-0.27472 	-0.25898 	-0.17444 	0.04890 	0.02215 	0.20172 	-0.32614 	-0.09663 	0.01991 	-0.27570 	0.18761 	0.90583 	-0.09053 	-0.08534 	-0.05748 	0.04646 	0.00730 	0.18530 	-0.10748 	-0.03184 	0.01682 	-0.09085 	0.06182 	0.28012 	0.02049	0.13428
Replication10	 0.00521	0.99699	0.95444 	0.95668 	0.96352 	0.96113 	0.96282 	0.98052 	0.94479 	0.96042 	0.97867 	0.95053 	0.97408 	0.99977 	-0.28423 	-0.30130 	-0.37295 	0.05999 	0.00000 	0.27059 	-0.28347 	-0.32185 	0.02616 	-0.24525 	0.23602 	1.18715 	-0.09379 	-0.09942 	-0.12307 	0.05684 	0.00000 	0.24937 	-0.09354 	-0.10621 	0.02216 	-0.08093 	0.07788 	0.37872 	0.02913	0.18802
Replication11	 0.02663	0.99473	0.95011 	0.95048 	0.96331 	0.95643 	0.95931 	0.97826 	0.92337 	0.95073 	0.97443 	0.93895 	0.96621 	0.99561 	-0.25851 	-0.40400 	-0.24494 	0.06680 	0.00000 	0.29846 	-0.47613 	-0.30438 	0.03093 	-0.22171 	0.30124 	1.20000 	-0.08569 	-0.13392 	-0.08119 	0.06128 	0.00000 	0.26135 	-0.15783 	-0.10090 	0.02394 	-0.07349 	0.09985 	0.39422 	0.01217	0.20764
Replication12	 -1.21831	0.99756	0.97435 	0.97066 	0.97681 	0.97586 	0.97702 	0.98843 	0.95529 	0.96909 	0.98553 	0.96230 	0.97839 	1.00197 	-0.13270 	-0.29748 	-0.24007 	0.04209 	0.00000 	0.19886 	-0.25425 	-0.29125 	0.02049 	-0.14986 	0.13801 	0.94147 	-0.04374 	-0.09805 	-0.07913 	0.03954 	0.00000 	0.18169 	-0.08380 	-0.09600 	0.01725 	-0.04940 	0.04549 	0.28705 	0.02469	0.12091
Replication13	 -1.20284	0.99727	0.95537 	0.95705 	0.97194 	0.96200 	0.96569 	0.98386 	0.95832 	0.96549 	0.98304 	0.95831 	0.97974 	1.00110 	-0.25862 	-0.39257 	-0.17418 	0.05881 	0.00000 	0.24010 	-0.15299 	-0.38915 	0.02260 	-0.23067 	0.20701 	1.04638 	-0.08529 	-0.12947 	-0.05744 	0.05596 	0.00000 	0.22091 	-0.05046 	-0.12834 	0.01898 	-0.07607 	0.06827 	0.31552 	0.02330	0.15257
Replication14	 0.05773	0.98892	0.95841 	0.96200 	0.96207 	0.96506 	0.96454 	0.97714 	0.89227 	0.92938 	0.96358 	0.90781 	0.93777 	0.98503 	-0.23358 	-0.15074 	-0.27070 	0.05953 	0.00000 	0.32883 	-0.52900 	-0.20165 	0.04315 	-0.38317 	0.15126 	1.20000 	-0.07833 	-0.05055 	-0.09078 	0.04793 	0.00000 	0.25085 	-0.17740 	-0.06762 	0.02846 	-0.12850 	0.05072 	0.42483 	0.01399	0.20962
Replication15	 -1.17963	0.99733	0.95652 	0.95651 	0.97107 	0.96210 	0.96560 	0.98350 	0.95156 	0.96887 	0.98257 	0.95484 	0.97436 	1.00119 	-0.23813 	-0.41098 	-0.19273 	0.05865 	0.00000 	0.24312 	-0.25022 	-0.09521 	0.02292 	-0.31616 	0.12197 	1.03151 	-0.07852 	-0.13552 	-0.06356 	0.05586 	0.00000 	0.22433 	-0.08251 	-0.03140 	0.01939 	-0.10426 	0.04022 	0.31586 	0.02525	0.15990
Replication16	 0.01495	0.99700	0.93505 	0.94399 	0.96583 	0.94791 	0.95371 	0.97883 	0.94834 	0.96237 	0.97927 	0.95347 	0.97500 	1.00003 	-0.40282 	-0.43874 	-0.13876 	0.07580 	0.00000 	0.28547 	-0.25740 	-0.32066 	0.02569 	-0.22379 	0.21082 	1.16486 	-0.13292 	-0.14477 	-0.04579 	0.07266 	0.00000 	0.26437 	-0.08493 	-0.10581 	0.02172 	-0.07384 	0.06956 	0.36103 	0.01953	0.20128
Replication17	 0.03891	0.98662	0.93752 	0.94639 	0.95254 	0.94932 	0.95070 	0.97053 	0.91109 	0.93158 	0.96117 	0.91460 	0.94605 	0.98148 	-0.35860 	-0.22905 	-0.30950 	0.07954 	0.00000 	0.39522 	-0.31295 	-0.33400 	0.04652 	-0.40032 	0.21951 	1.20000 	-0.12081 	-0.07716 	-0.10427 	0.06554 	0.00000 	0.30106 	-0.10543 	-0.11252 	0.02879 	-0.13487 	0.07395 	0.38802 	0.00355	0.20231
Replication18	 -1.25482	0.99786	0.96923 	0.97147 	0.97902 	0.97454 	0.97651 	0.98960 	0.96096 	0.97208 	0.98853 	0.95590 	0.98873 	1.00279 	-0.21236 	-0.24332 	-0.20487 	0.04351 	0.00000 	0.18741 	-0.17458 	-0.15157 	0.01798 	-0.47263 	0.35268 	0.83800 	-0.06995 	-0.08015 	-0.06749 	0.04128 	0.00000 	0.17237 	-0.05751 	-0.04993 	0.01514 	-0.15568 	0.11617 	0.26501 	0.01977	0.12927
Replication19	 0.00355	0.99755	0.96398 	0.97195 	0.97896 	0.97317 	0.97766 	0.98914 	0.94645 	0.96405 	0.98495 	0.95292 	0.97684 	1.00170 	-0.30672 	-0.18128 	-0.17952 	0.04531 	0.05910 	0.19260 	-0.30706 	-0.27985 	0.02095 	-0.26381 	0.22271 	0.96393 	-0.10110 	-0.05975 	-0.05917 	0.04274 	0.01948 	0.17532 	-0.10121 	-0.09224 	0.01769 	-0.08696 	0.07341 	0.30571 	0.01363	0.13392
Replication20	 0.03071	0.98577	0.94108 	0.94261 	0.95040 	0.94860 	0.94988 	0.96905 	0.91929 	0.93350 	0.95999 	0.92174 	0.94295 	0.98024 	-0.26940 	-0.34435 	-0.32151 	0.08085 	0.00000 	0.41127 	-0.21878 	-0.39398 	0.04800 	-0.27957 	0.07543 	1.20000 	-0.09092 	-0.11621 	-0.10850 	0.06596 	0.00000 	0.31108 	-0.07383 	-0.13296 	0.02914 	-0.09435 	0.02545 	0.36824 	0.01196	0.18311
Replication21	 0.05189	0.97912	0.91992 	0.93076 	0.93863 	0.93454 	0.93612 	0.96017 	0.89811 	0.91791 	0.94857 	0.89884 	0.92996 	0.96842 	-0.40631 	-0.27406 	-0.34461 	0.10113 	0.00000 	0.51298 	-0.27206 	-0.29923 	0.06121 	-0.44155 	0.16279 	1.20000 	-0.13895 	-0.09372 	-0.11785 	0.07928 	0.00000 	0.36602 	-0.09304 	-0.10233 	0.03354 	-0.15100 	0.05567 	0.38125 	0.00038	0.21886
Replication22	 0.02404	0.98977	0.92999 	0.94101 	0.95271 	0.94404 	0.94757 	0.97091 	0.92596 	0.94756 	0.96559 	0.93276 	0.94841 	0.98719 	-0.42494 	-0.30322 	-0.30443 	0.08421 	0.01109 	0.38077 	-0.29244 	-0.13278 	0.04103 	-0.27875 	0.00000 	1.20000 	-0.14226 	-0.10151 	-0.10192 	0.07350 	0.00371 	0.30874 	-0.09790 	-0.04445 	0.02747 	-0.09332 	0.00000 	0.37279 	0.01937	0.20485
Replication23	 0.00673	0.99707	0.94636 	0.95201 	0.96348 	0.95604 	0.96030 	0.97982 	0.94327 	0.96471 	0.97933 	0.95564 	0.97412 	1.00012 	-0.35241 	-0.34254 	-0.32545 	0.06603 	0.02854 	0.27647 	-0.37334 	-0.21335 	0.02560 	-0.16138 	0.19427 	1.14848 	-0.11627 	-0.11301 	-0.10737 	0.06297 	0.00941 	0.25587 	-0.12318 	-0.07039 	0.02172 	-0.05324 	0.06409 	0.36387 	0.02909	0.19447
Replication24	 0.02486	0.99288	0.94408 	0.94253 	0.95757 	0.95002 	0.95327 	0.97431 	0.92514 	0.95119 	0.97111 	0.93731 	0.96148 	0.99249 	-0.25478 	-0.47935 	-0.27361 	0.07543 	0.00000 	0.33986 	-0.41801 	-0.19147 	0.03471 	-0.26655 	0.21569 	1.20000 	-0.08476 	-0.15948 	-0.09103 	0.06798 	0.00000 	0.28976 	-0.13907 	-0.06370 	0.02528 	-0.08868 	0.07176 	0.38474 	0.01800	0.21277
Replication25	 -1.34397	0.99803	0.98604 	0.98253 	0.98589 	0.98643 	0.98689 	0.99419 	0.95678 	0.97127 	0.99041 	0.96180 	0.98644 	1.00336 	-0.07955 	-0.20772 	-0.17048 	0.02921 	0.00000 	0.14637 	-0.27605 	-0.27284 	0.01641 	-0.25089 	0.28030 	0.77171 	-0.02619 	-0.06840 	-0.05614 	0.02715 	0.00000 	0.13251 	-0.09090 	-0.08984 	0.01380 	-0.08262 	0.09230 	0.24380 	0.01353	0.09547
Replication26	 0.06019	0.98022	0.94209 	0.94341 	0.94228 	0.94896 	0.94770 	0.96421 	0.88981 	0.91614 	0.95016 	0.89889 	0.92958 	0.97012 	-0.24283 	-0.22988 	-0.43165 	0.08332 	0.00000 	0.47343 	-0.39615 	-0.34616 	0.05927 	-0.35660 	0.19015 	1.20000 	-0.08286 	-0.07844 	-0.14730 	0.06261 	0.00000 	0.33417 	-0.13518 	-0.11812 	0.03304 	-0.12168 	0.06489 	0.39803 	0.00300	0.20916
Replication27	 0.00573	0.99717	0.94427 	0.95652 	0.96661 	0.95754 	0.96072 	0.98155 	0.95007 	0.96671 	0.98069 	0.95731 	0.97391 	1.00057 	-0.41744 	-0.22249 	-0.28497 	0.06420 	0.00000 	0.26088 	-0.27692 	-0.21048 	0.02448 	-0.19537 	0.12820 	1.10141 	-0.13770 	-0.07339 	-0.09400 	0.06123 	0.00000 	0.24093 	-0.09135 	-0.06943 	0.02072 	-0.06444 	0.04229 	0.34117 	0.02848	0.17604
Replication28	 0.01500	0.99511	0.94631 	0.95778 	0.96286 	0.95872 	0.96045 	0.97940 	0.93500 	0.95377 	0.97508 	0.94207 	0.96535 	0.99638 	-0.39780 	-0.16271 	-0.34135 	0.06386 	0.00000 	0.28713 	-0.31470 	-0.30880 	0.03018 	-0.26340 	0.18656 	1.20000 	-0.13176 	-0.05389 	-0.11306 	0.05874 	0.00000 	0.25270 	-0.10424 	-0.10228 	0.02369 	-0.08724 	0.06179 	0.38594 	0.02096	0.19040
Replication29	 -1.20066	0.99752	0.96023 	0.96736 	0.97451 	0.96911 	0.97176 	0.98682 	0.95480 	0.96925 	0.98504 	0.96054 	0.98030 	1.00180 	-0.30622 	-0.20369 	-0.24533 	0.05019 	0.01241 	0.21318 	-0.26091 	-0.25248 	0.02089 	-0.20965 	0.19642 	0.96006 	-0.10094 	-0.06714 	-0.08087 	0.04759 	0.00409 	0.19570 	-0.08600 	-0.08323 	0.01760 	-0.06911 	0.06475 	0.29435 	0.02512	0.13679
Replication30	 0.00914	0.99667	0.94086 	0.94625 	0.96573 	0.95110 	0.95606 	0.97902 	0.94140 	0.95866 	0.97798 	0.95239 	0.97151 	0.99927 	-0.34748 	-0.44275 	-0.16022 	0.07215 	0.00000 	0.28494 	-0.33211 	-0.39125 	0.02690 	-0.12538 	0.19710 	1.20000 	-0.11474 	-0.14619 	-0.05290 	0.06866 	0.00000 	0.26151 	-0.10966 	-0.12919 	0.02249 	-0.04140 	0.06508 	0.37442 	0.01818	0.19810
Replication31	 0.00619	0.99710	0.96273 	0.96191 	0.97107 	0.96718 	0.97030 	0.98421 	0.94381 	0.95836 	0.98038 	0.95083 	0.97218 	1.00024 	-0.21699 	-0.34262 	-0.24532 	0.05271 	0.02704 	0.23770 	-0.28048 	-0.42044 	0.02477 	-0.18587 	0.19400 	1.13599 	-0.07159 	-0.11303 	-0.08093 	0.04968 	0.00892 	0.21728 	-0.09253 	-0.13871 	0.02092 	-0.06132 	0.06400 	0.35794 	0.01951	0.16062
Replication32	 0.04038	0.98977	0.95040 	0.95771 	0.96115 	0.96000 	0.96070 	0.97656 	0.90962 	0.93345 	0.96627 	0.91620 	0.95023 	0.98680 	-0.30756 	-0.17161 	-0.27096 	0.06512 	0.00000 	0.33090 	-0.37834 	-0.37273 	0.04050 	-0.39629 	0.26467 	1.20000 	-0.10296 	-0.05745 	-0.09071 	0.05441 	0.00000 	0.25891 	-0.12666 	-0.12478 	0.02695 	-0.13267 	0.08861 	0.40317 	0.00379	0.19682
Replication33	 -1.20179	0.99730	0.95128 	0.95938 	0.97134 	0.96168 	0.96507 	0.98396 	0.95721 	0.96492 	0.98307 	0.95613 	0.98122 	1.00107 	-0.34322 	-0.27738 	-0.21101 	0.05917 	0.00000 	0.23915 	-0.16117 	-0.37539 	0.02256 	-0.28262 	0.26146 	1.04562 	-0.11319 	-0.09147 	-0.06959 	0.05635 	0.00000 	0.22013 	-0.05315 	-0.12379 	0.01898 	-0.09320 	0.08622 	0.32110 	0.02283	0.15839
Replication34	 0.01226	0.99716	0.96411 	0.96774 	0.97175 	0.97050 	0.97150 	0.98520 	0.93774 	0.95642 	0.97993 	0.94017 	0.96929 	1.00013 	-0.25421 	-0.19868 	-0.27883 	0.04871 	0.00000 	0.22874 	-0.28927 	-0.26000 	0.02508 	-0.39818 	0.22466 	1.13655 	-0.08386 	-0.06554 	-0.09198 	0.04573 	0.00000 	0.20872 	-0.09542 	-0.08577 	0.02131 	-0.13135 	0.07411 	0.37377 	0.01542	0.16974
Replication35	 0.05114	0.97903	0.92403 	0.92798 	0.93239 	0.93440 	0.93491 	0.95790 	0.89886 	0.92360 	0.94783 	0.90536 	0.93023 	0.96826 	-0.33585 	-0.33163 	-0.49494 	0.10136 	0.00454 	0.53332 	-0.33817 	-0.16184 	0.06184 	-0.36656 	0.11311 	1.20000 	-0.11488 	-0.11344 	-0.16929 	0.07940 	0.00155 	0.38571 	-0.11567 	-0.05536 	0.03405 	-0.12538 	0.03869 	0.38085 	0.01474	0.22622
Replication36	 0.00577	0.99732	0.96728 	0.97046 	0.97501 	0.97314 	0.97428 	0.98713 	0.94423 	0.96172 	0.98245 	0.95143 	0.97197 	1.00096 	-0.23492 	-0.19826 	-0.24437 	0.04547 	0.00000 	0.21114 	-0.29873 	-0.29937 	0.02302 	-0.22830 	0.15535 	1.05025 	-0.07747 	-0.06538 	-0.08058 	0.04266 	0.00000 	0.19229 	-0.09851 	-0.09872 	0.01947 	-0.07529 	0.05123 	0.33220 	0.01873	0.14191
Replication37	 -1.11613	0.99721	0.96797 	0.96278 	0.96683 	0.96930 	0.97068 	0.98336 	0.95136 	0.96496 	0.98115 	0.95621 	0.97606 	1.00059 	-0.16012 	-0.33510 	-0.39961 	0.05011 	0.02066 	0.24480 	-0.24452 	-0.29331 	0.02410 	-0.21604 	0.18236 	1.09388 	-0.05281 	-0.11053 	-0.13181 	0.04719 	0.00682 	0.22515 	-0.08065 	-0.09674 	0.02040 	-0.07126 	0.06015 	0.34519 	0.03277	0.16110
Replication38	 0.01852	0.99594	0.94921 	0.96269 	0.96628 	0.96237 	0.96387 	0.98163 	0.93148 	0.95217 	0.97648 	0.94015 	0.96691 	0.99772 	-0.40934 	-0.10055 	-0.31797 	0.05906 	0.00000 	0.26445 	-0.35929 	-0.35326 	0.02854 	-0.27293 	0.24638 	1.20000 	-0.13536 	-0.03325 	-0.10514 	0.05482 	0.00000 	0.23590 	-0.11881 	-0.11681 	0.02316 	-0.09025 	0.08147 	0.39551 	0.01482	0.19123
Replication39	 0.05119	0.98255	0.92623 	0.93827 	0.95000 	0.94115 	0.94474 	0.96651 	0.89881 	0.92047 	0.95456 	0.90541 	0.93432 	0.97441 	-0.40618 	-0.27990 	-0.19082 	0.09144 	0.02061 	0.44500 	-0.33780 	-0.41810 	0.05433 	-0.33334 	0.16586 	1.20000 	-0.13796 	-0.09507 	-0.06481 	0.07317 	0.00700 	0.32217 	-0.11473 	-0.14201 	0.03120 	-0.11322 	0.05633 	0.38261 	0.01117	0.20468
Replication40	 0.03444	0.98259	0.92347 	0.93540 	0.94141 	0.93829 	0.93970 	0.96344 	0.91556 	0.92796 	0.95488 	0.91693 	0.94309 	0.97464 	-0.42665 	-0.23464 	-0.40497 	0.09483 	0.00000 	0.47186 	-0.21557 	-0.44285 	0.05405 	-0.29471 	0.18574 	1.20000 	-0.14490 	-0.07969 	-0.13754 	0.07661 	0.00000 	0.34935 	-0.07321 	-0.15040 	0.03098 	-0.10009 	0.06308 	0.37120 	0.01282	0.20540
Replication41	 0.01634	0.99359	0.94421 	0.94783 	0.95970 	0.95285 	0.95594 	0.97616 	0.93366 	0.95217 	0.97254 	0.93700 	0.96268 	0.99380 	-0.31491 	-0.36871 	-0.28884 	0.07167 	0.00622 	0.32100 	-0.28128 	-0.22786 	0.03314 	-0.35629 	0.18570 	1.20000 	-0.10462 	-0.12250 	-0.09596 	0.06496 	0.00207 	0.27591 	-0.09345 	-0.07570 	0.02465 	-0.11837 	0.06170 	0.38054 	0.02008	0.19922
Replication42	 -1.05842	0.99706	0.95876 	0.96018 	0.96228 	0.96440 	0.96490 	0.98100 	0.95483 	0.96566 	0.97960 	0.95897 	0.97491 	1.00017 	-0.26715 	-0.24538 	-0.46673 	0.05605 	0.00000 	0.26606 	-0.20010 	-0.31593 	0.02539 	-0.16739 	0.13050 	1.14573 	-0.08814 	-0.08096 	-0.15399 	0.05297 	0.00000 	0.24540 	-0.06602 	-0.10424 	0.02150 	-0.05523 	0.04306 	0.35865 	0.03895	0.17301
Replication43	 0.01336	0.99318	0.93678 	0.94570 	0.95734 	0.94900 	0.95211 	0.97477 	0.93664 	0.95229 	0.97210 	0.94050 	0.96569 	0.99311 	-0.39399 	-0.31359 	-0.31439 	0.07650 	0.00000 	0.33470 	-0.26686 	-0.30885 	0.03375 	-0.29483 	0.22530 	1.20000 	-0.13100 	-0.10427 	-0.10454 	0.06936 	0.00000 	0.28669 	-0.08873 	-0.10269 	0.02471 	-0.09803 	0.07491 	0.37749 	0.02219	0.20389
Replication44	 0.05790	0.98211	0.93101 	0.94275 	0.94437 	0.94484 	0.94556 	0.96534 	0.89210 	0.92090 	0.95321 	0.90371 	0.93515 	0.97341 	-0.39690 	-0.15516 	-0.39185 	0.08726 	0.01188 	0.45682 	-0.44225 	-0.31249 	0.05566 	-0.34382 	0.23366 	1.20000 	-0.13493 	-0.05275 	-0.13321 	0.06853 	0.00404 	0.33087 	-0.15034 	-0.10623 	0.03194 	-0.11688 	0.07943 	0.40031 	0.00286	0.22077
Replication45	 0.08937	0.96561	0.89191 	0.90825 	0.91806 	0.91229 	0.91398 	0.94387 	0.86063 	0.88577 	0.92582 	0.86625 	0.90038 	0.94461 	-0.48569 	-0.29114 	-0.34373 	0.13481 	0.00000 	0.70428 	-0.35246 	-0.38880 	0.08772 	-0.41125 	0.17184 	1.20000 	-0.17065 	-0.10229 	-0.12077 	0.09880 	0.00000 	0.46221 	-0.12384 	-0.13661 	0.04213 	-0.14450 	0.06038 	0.39114 	0.02567	0.25599
Replication46	 0.00617	0.99486	0.94585 	0.95548 	0.96109 	0.95732 	0.95907 	0.97838 	0.94383 	0.95672 	0.97462 	0.94685 	0.96332 	0.99610 	-0.38236 	-0.20074 	-0.36246 	0.06567 	0.00000 	0.29694 	-0.20123 	-0.30563 	0.03069 	-0.23023 	0.06144 	1.20000 	-0.12671 	-0.06652 	-0.12012 	0.06028 	0.00000 	0.26074 	-0.06669 	-0.10128 	0.02388 	-0.07630 	0.02036 	0.37386 	0.02785	0.18150
Replication47	 0.00937	0.99731	0.94063 	0.94798 	0.96505 	0.95198 	0.95730 	0.97995 	0.95044 	0.97185 	0.98209 	0.96315 	0.98071 	1.00105 	-0.38027 	-0.39955 	-0.25201 	0.07077 	0.01665 	0.27444 	-0.37557 	-0.12453 	0.02331 	-0.14929 	0.22189 	1.04479 	-0.12540 	-0.13176 	-0.08310 	0.06796 	0.00549 	0.25554 	-0.12385 	-0.04106 	0.01975 	-0.04923 	0.07317 	0.32455 	0.02936	0.19206
Replication48	 0.03129	0.98799	0.92782 	0.93637 	0.94918 	0.94080 	0.94466 	0.96835 	0.91871 	0.94280 	0.96292 	0.93006 	0.94875 	0.98404 	-0.40126 	-0.36039 	-0.31744 	0.08901 	0.01772 	0.40966 	-0.36894 	-0.20372 	0.04427 	-0.22600 	0.09983 	1.20000 	-0.13481 	-0.12108 	-0.10665 	0.07643 	0.00595 	0.32509 	-0.12396 	-0.06844 	0.02834 	-0.07593 	0.03354 	0.37456 	0.01718	0.21303
Replication49	 0.00930	0.99711	0.96978 	0.96817 	0.96693 	0.97256 	0.97193 	0.98389 	0.94070 	0.95714 	0.97937 	0.94487 	0.97324 	0.99990 	-0.18784 	-0.20178 	-0.43220 	0.04627 	0.00000 	0.24047 	-0.29162 	-0.34386 	0.02554 	-0.31755 	0.27744 	1.16036 	-0.06197 	-0.06657 	-0.14258 	0.04324 	0.00000 	0.22012 	-0.09621 	-0.11344 	0.02171 	-0.10476 	0.09153 	0.38498 	0.02478	0.17605
Replication50	 0.00846	0.99506	0.95214 	0.95267 	0.95828 	0.95825 	0.96093 	0.97748 	0.94154 	0.95789 	0.97491 	0.94784 	0.96830 	0.99635 	-0.28034 	-0.33164 	-0.43993 	0.06446 	0.03632 	0.30418 	-0.27937 	-0.28121 	0.03034 	-0.22891 	0.17384 	1.20000 	-0.09286 	-0.10986 	-0.14573 	0.05928 	0.01203 	0.26938 	-0.09255 	-0.09315 	0.02379 	-0.07583 	0.05759 	0.38117 	0.03220	0.19325
Replication51	 0.00299	0.99724	0.94857 	0.96270 	0.97078 	0.96244 	0.96600 	0.98408 	0.94701 	0.96238 	0.98142 	0.94947 	0.97454 	1.00065 	-0.42249 	-0.15356 	-0.24817 	0.05830 	0.01884 	0.23833 	-0.25191 	-0.25592 	0.02387 	-0.32689 	0.21427 	1.08538 	-0.13934 	-0.05065 	-0.08185 	0.05541 	0.00621 	0.21890 	-0.08308 	-0.08441 	0.02021 	-0.10781 	0.07067 	0.34491 	0.01996	0.16916
Replication52	 0.00570	0.99714	0.94430 	0.94736 	0.96122 	0.95274 	0.95631 	0.97847 	0.95739 	0.96921 	0.98070 	0.96040 	0.98237 	1.00050 	-0.32705 	-0.41284 	-0.34486 	0.06995 	0.00000 	0.28812 	-0.22221 	-0.24016 	0.02449 	-0.24082 	0.26047 	1.10979 	-0.10789 	-0.13619 	-0.11376 	0.06696 	0.00000 	0.26802 	-0.07330 	-0.07922 	0.02071 	-0.07944 	0.08592 	0.34406 	0.03510	0.19587
Replication53	 0.05219	0.98310	0.93550 	0.94046 	0.95473 	0.94567 	0.94873 	0.96862 	0.89781 	0.92043 	0.95531 	0.90497 	0.92892 	0.97543 	-0.29467 	-0.37037 	-0.09628 	0.08575 	0.00452 	0.42443 	-0.32862 	-0.39602 	0.05338 	-0.31459 	0.04907 	1.20000 	-0.09998 	-0.12566 	-0.03266 	0.06806 	0.00153 	0.30546 	-0.11149 	-0.13436 	0.03098 	-0.10673 	0.01665 	0.37862 	0.01669	0.19043
Replication54	 0.04831	0.98390	0.94791 	0.94616 	0.94965 	0.95276 	0.95262 	0.96864 	0.90169 	0.92486 	0.95641 	0.90778 	0.93576 	0.97669 	-0.20113 	-0.31146 	-0.34385 	0.07685 	0.00000 	0.42145 	-0.33922 	-0.32648 	0.05200 	-0.36629 	0.13767 	1.20000 	-0.06813 	-0.10550 	-0.11647 	0.06000 	0.00000 	0.30811 	-0.11491 	-0.11059 	0.03066 	-0.12407 	0.04663 	0.38910 	0.00039	0.19482
Replication55	 0.02966	0.98858	0.92517 	0.92957 	0.95433 	0.93656 	0.94231 	0.96896 	0.92034 	0.94197 	0.96416 	0.92996 	0.94882 	0.98518 	-0.34883 	-0.55170 	-0.09986 	0.09377 	0.00000 	0.40213 	-0.33584 	-0.26963 	0.04292 	-0.22658 	0.08756 	1.20000 	-0.11706 	-0.18514 	-0.03351 	0.08182 	0.00000 	0.32176 	-0.11270 	-0.09048 	0.02779 	-0.07604 	0.02938 	0.36803 	0.00598	0.21385
Replication56	 -1.19872	0.99708	0.95141 	0.95279 	0.96951 	0.95835 	0.96254 	0.98191 	0.95087 	0.96312 	0.98026 	0.95185 	0.97111 	1.00038 	-0.27082 	-0.43300 	-0.16464 	0.06328 	0.00318 	0.25806 	-0.18807 	-0.26628 	0.02487 	-0.28277 	0.10688 	1.12725 	-0.08935 	-0.14285 	-0.05432 	0.06022 	0.00105 	0.23751 	-0.06205 	-0.08785 	0.02100 	-0.09329 	0.03526 	0.34434 	0.02206	0.16967
Replication57	 0.01881	0.99707	0.96481 	0.96592 	0.97038 	0.96996 	0.97234 	0.98438 	0.93119 	0.95298 	0.97827 	0.93391 	0.96585 	0.99962 	-0.23490 	-0.25090 	-0.29336 	0.04940 	0.03637 	0.23627 	-0.32328 	-0.22946 	0.02641 	-0.45284 	0.23715 	1.18725 	-0.07750 	-0.08278 	-0.09679 	0.04633 	0.01200 	0.21563 	-0.10666 	-0.07571 	0.02253 	-0.14941 	0.07824 	0.40085 	0.01189	0.18674
Replication58	 0.00036	0.99731	0.96163 	0.96432 	0.97360 	0.96797 	0.97030 	0.98567 	0.94964 	0.96275 	0.98303 	0.95539 	0.97813 	1.00104 	-0.24879 	-0.28638 	-0.21485 	0.05166 	0.00000 	0.22406 	-0.26417 	-0.39380 	0.02259 	-0.19904 	0.24221 	1.04623 	-0.08204 	-0.09444 	-0.07085 	0.04884 	0.00000 	0.20513 	-0.08712 	-0.12986 	0.01902 	-0.06564 	0.07987 	0.32469 	0.02029	0.14760
Replication59	 0.00773	0.99453	0.95215 	0.95629 	0.96070 	0.95997 	0.96104 	0.97845 	0.94227 	0.95372 	0.97448 	0.94420 	0.96693 	0.99546 	-0.30251 	-0.24652 	-0.38926 	0.06267 	0.00000 	0.29752 	-0.20735 	-0.39318 	0.03103 	-0.25984 	0.18068 	1.20000 	-0.10031 	-0.08175 	-0.12908 	0.05694 	0.00000 	0.25901 	-0.06876 	-0.13038 	0.02377 	-0.08616 	0.05991 	0.37840 	0.02667	0.18159
Replication60	 0.01290	0.99484	0.94234 	0.94446 	0.95905 	0.95045 	0.95394 	0.97592 	0.93710 	0.95619 	0.97464 	0.94231 	0.96995 	0.99595 	-0.31036 	-0.43284 	-0.29628 	0.07388 	0.00000 	0.31873 	-0.31604 	-0.23134 	0.03069 	-0.33279 	0.27331 	1.20000 	-0.10285 	-0.14344 	-0.09819 	0.06848 	0.00000 	0.28243 	-0.10474 	-0.07666 	0.02385 	-0.11029 	0.09057 	0.38331 	0.02295	0.21249
Replication61	 0.01507	0.99657	0.96057 	0.95802 	0.96028 	0.96388 	0.96408 	0.97957 	0.93493 	0.96113 	0.97679 	0.95130 	0.96781 	0.99886 	-0.21586 	-0.29921 	-0.47298 	0.05693 	0.00000 	0.28042 	-0.43645 	-0.18499 	0.02789 	-0.13598 	0.14749 	1.20000 	-0.07129 	-0.09882 	-0.15620 	0.05335 	0.00000 	0.25629 	-0.14414 	-0.06110 	0.02334 	-0.04491 	0.04871 	0.39284 	0.03281	0.19808
Replication62	 0.02213	0.99575	0.96706 	0.96367 	0.97127 	0.96946 	0.97076 	0.98363 	0.92787 	0.94838 	0.97624 	0.93483 	0.96088 	0.99742 	-0.15644 	-0.33003 	-0.20591 	0.05069 	0.00000 	0.24750 	-0.33480 	-0.37301 	0.02885 	-0.30584 	0.17260 	1.20000 	-0.05175 	-0.10917 	-0.06812 	0.04625 	0.00000 	0.21762 	-0.11075 	-0.12339 	0.02323 	-0.10117 	0.05709 	0.39317 	0.00631	0.17301
Replication63	 0.00017	0.99717	0.95220 	0.94983 	0.96384 	0.95698 	0.96077 	0.97994 	0.95630 	0.96960 	0.98089 	0.95886 	0.97763 	1.00065 	-0.24257 	-0.46775 	-0.31458 	0.06487 	0.01347 	0.27508 	-0.21216 	-0.16693 	0.02432 	-0.26229 	0.16000 	1.09419 	-0.08001 	-0.15429 	-0.10377 	0.06191 	0.00444 	0.25517 	-0.06998 	-0.05506 	0.02057 	-0.08652 	0.05278 	0.33600 	0.03437	0.18123
Replication64	 -1.33011	0.99811	0.96097 	0.97366 	0.98609 	0.97296 	0.97687 	0.99250 	0.96985 	0.97821 	0.99213 	0.96998 	0.99091 	1.00399 	-0.34007 	-0.16488 	-0.03830 	0.04527 	0.00000 	0.16097 	-0.16244 	-0.22746 	0.01504 	-0.24841 	0.23191 	0.71351 	-0.11197 	-0.05429 	-0.01261 	0.04329 	0.00000 	0.14764 	-0.05348 	-0.07489 	0.01253 	-0.08179 	0.07635 	0.20580 	0.01489	0.09659
Replication65	 -1.20332	0.99763	0.96680 	0.96648 	0.97604 	0.97102 	0.97332 	0.98757 	0.96200 	0.97129 	0.98694 	0.96712 	0.98668 	1.00229 	-0.19666 	-0.31800 	-0.21828 	0.04784 	0.00000 	0.20620 	-0.21914 	-0.37401 	0.01935 	-0.13411 	0.25371 	0.90714 	-0.06481 	-0.10480 	-0.07193 	0.04536 	0.00000 	0.18953 	-0.07222 	-0.12326 	0.01621 	-0.04420 	0.08361 	0.27197 	0.02595	0.12547
Replication66	 -1.09251	0.99747	0.95863 	0.96202 	0.96839 	0.96554 	0.96731 	0.98397 	0.96514 	0.97366 	0.98450 	0.96573 	0.98380 	1.00170 	-0.27910 	-0.26354 	-0.35871 	0.05448 	0.00000 	0.23853 	-0.15449 	-0.22617 	0.02135 	-0.22544 	0.18129 	0.97479 	-0.09201 	-0.08688 	-0.11826 	0.05183 	0.00000 	0.22069 	-0.05093 	-0.07456 	0.01799 	-0.07432 	0.05977 	0.29498 	0.03702	0.14828
Replication67	 0.01506	0.99699	0.96676 	0.96834 	0.97338 	0.97189 	0.97367 	0.98562 	0.93494 	0.95230 	0.97827 	0.93998 	0.96132 	0.99965 	-0.22395 	-0.23242 	-0.22798 	0.04713 	0.01811 	0.22561 	-0.27425 	-0.37312 	0.02647 	-0.27888 	0.08627 	1.19637 	-0.07390 	-0.07669 	-0.07523 	0.04398 	0.00598 	0.20439 	-0.09050 	-0.12312 	0.02247 	-0.09202 	0.02847 	0.38791 	0.01062	0.16172
Replication68	 0.03999	0.99062	0.96216 	0.96427 	0.97051 	0.96801 	0.96992 	0.98114 	0.91001 	0.92943 	0.96772 	0.91190 	0.94424 	0.98827 	-0.20653 	-0.23433 	-0.10871 	0.05511 	0.02284 	0.28753 	-0.29284 	-0.47345 	0.03882 	-0.42376 	0.15578 	1.20000 	-0.06903 	-0.07832 	-0.03633 	0.04529 	0.00763 	0.22149 	-0.09787 	-0.15823 	0.02639 	-0.14163 	0.05206 	0.40442 	0.02055	0.17588
Replication69	 0.04001	0.98690	0.94969 	0.95189 	0.95333 	0.95648 	0.95625 	0.97207 	0.90999 	0.93115 	0.96177 	0.91937 	0.94670 	0.98194 	-0.25222 	-0.22935 	-0.37403 	0.07084 	0.00000 	0.38063 	-0.36286 	-0.43883 	0.04588 	-0.25951 	0.21336 	1.20000 	-0.08493 	-0.07722 	-0.12594 	0.05713 	0.00000 	0.28840 	-0.12218 	-0.14776 	0.02852 	-0.08738 	0.07184 	0.38925 	0.00600	0.18972
Replication70	 0.01199	0.99503	0.95099 	0.95434 	0.96466 	0.95886 	0.96238 	0.97958 	0.93801 	0.95334 	0.97509 	0.94038 	0.96345 	0.99634 	-0.29765 	-0.33475 	-0.26513 	0.06373 	0.02545 	0.28579 	-0.23911 	-0.31020 	0.03022 	-0.31567 	0.13833 	1.20000 	-0.09861 	-0.11089 	-0.08783 	0.05853 	0.00843 	0.25082 	-0.07921 	-0.10276 	0.02363 	-0.10457 	0.04582 	0.37877 	0.01891	0.18212
Replication71	 0.02009	0.99673	0.95567 	0.95489 	0.96605 	0.96077 	0.96327 	0.98079 	0.92991 	0.95453 	0.97762 	0.93778 	0.97088 	0.99903 	-0.23657 	-0.38620 	-0.26661 	0.06056 	0.00000 	0.26913 	-0.40322 	-0.23250 	0.02714 	-0.38523 	0.33911 	1.20000 	-0.07811 	-0.12750 	-0.08802 	0.05714 	0.00000 	0.24611 	-0.13312 	-0.07676 	0.02281 	-0.12719 	0.11196 	0.40090 	0.01445	0.20822
Replication72	 -1.17902	0.99718	0.95570 	0.95917 	0.97029 	0.96315 	0.96631 	0.98343 	0.95124 	0.96544 	0.98106 	0.95299 	0.97020 	1.00070 	-0.28365 	-0.32300 	-0.22954 	0.05748 	0.00797 	0.24424 	-0.20090 	-0.18578 	0.02419 	-0.28839 	0.06294 	1.08895 	-0.09356 	-0.10654 	-0.07572 	0.05453 	0.00263 	0.22443 	-0.06627 	-0.06128 	0.02046 	-0.09512 	0.02076 	0.33399 	0.02548	0.15830
Replication73	 0.01429	0.99627	0.95549 	0.96220 	0.97023 	0.96459 	0.96722 	0.98309 	0.93571 	0.95278 	0.97713 	0.94097 	0.96245 	0.99846 	-0.31491 	-0.23255 	-0.21710 	0.05623 	0.01209 	0.25044 	-0.27569 	-0.35988 	0.02782 	-0.26966 	0.11024 	1.20000 	-0.10406 	-0.07685 	-0.07174 	0.05233 	0.00399 	0.22420 	-0.09110 	-0.11892 	0.02288 	-0.08911 	0.03643 	0.38316 	0.01288	0.17121
Replication74	 0.02036	0.99422	0.95601 	0.95708 	0.96031 	0.96173 	0.96227 	0.97833 	0.92964 	0.95268 	0.97342 	0.94280 	0.96273 	0.99480 	-0.25496 	-0.26340 	-0.40334 	0.06073 	0.00000 	0.29964 	-0.39302 	-0.29594 	0.03204 	-0.17432 	0.16828 	1.20000 	-0.08460 	-0.08740 	-0.13384 	0.05468 	0.00000 	0.25893 	-0.13041 	-0.09820 	0.02438 	-0.05784 	0.05584 	0.38755 	0.02420	0.18909
Replication75	 0.07857	0.97536	0.91663 	0.92211 	0.93871 	0.92896 	0.93207 	0.95698 	0.87143 	0.90444 	0.94186 	0.88434 	0.91490 	0.96167 	-0.33103 	-0.44400 	-0.15400 	0.10977 	0.00000 	0.55437 	-0.46531 	-0.28954 	0.06888 	-0.36802 	0.14471 	1.20000 	-0.11406 	-0.15299 	-0.05306 	0.08398 	0.00000 	0.38090 	-0.16034 	-0.09977 	0.03622 	-0.12681 	0.04986 	0.39313 	0.02592	0.23707
Replication76	 0.01912	0.99247	0.94864 	0.95045 	0.95932 	0.95597 	0.96012 	0.97632 	0.93088 	0.94722 	0.97101 	0.93523 	0.96144 	0.99181 	-0.28944 	-0.35583 	-0.32686 	0.06853 	0.05431 	0.32357 	-0.27980 	-0.36547 	0.03506 	-0.29788 	0.21610 	1.20000 	-0.09638 	-0.11848 	-0.10884 	0.06065 	0.01808 	0.27057 	-0.09317 	-0.12169 	0.02508 	-0.09919 	0.07196 	0.38200 	0.01763	0.19059
Replication77	 -1.25527	0.99750	0.95426 	0.96183 	0.97545 	0.96433 	0.96951 	0.98613 	0.95311 	0.96670 	0.98494 	0.95528 	0.98229 	1.00168 	-0.32984 	-0.30037 	-0.14979 	0.05591 	0.03461 	0.21933 	-0.24701 	-0.27154 	0.02099 	-0.31402 	0.29208 	0.97202 	-0.10873 	-0.09902 	-0.04938 	0.05329 	0.01141 	0.20173 	-0.08143 	-0.08951 	0.01767 	-0.10351 	0.09628 	0.30131 	0.01763	0.15011
Replication78	 0.08407	0.97325	0.94028 	0.93404 	0.93584 	0.94324 	0.94182 	0.95766 	0.86593 	0.89486 	0.93857 	0.87576 	0.91260 	0.95775 	-0.13099 	-0.36115 	-0.35499 	0.09381 	0.00000 	0.55571 	-0.43193 	-0.44940 	0.07282 	-0.39482 	0.22947 	1.20000 	-0.04533 	-0.12497 	-0.12284 	0.06581 	0.00000 	0.36744 	-0.14946 	-0.15551 	0.03737 	-0.13662 	0.07940 	0.41071 	0.02861	0.22601
Replication79	 0.04657	0.98473	0.93801 	0.94399 	0.94630 	0.94822 	0.94991 	0.96756 	0.90343 	0.92826 	0.95765 	0.90954 	0.94374 	0.97801 	-0.33586 	-0.23883 	-0.42929 	0.08185 	0.03662 	0.42801 	-0.37680 	-0.27606 	0.05050 	-0.41975 	0.27346 	1.20000 	-0.11358 	-0.08077 	-0.14518 	0.06586 	0.01239 	0.32051 	-0.12742 	-0.09336 	0.03026 	-0.14195 	0.09248 	0.39917 	0.00607	0.21841
Replication80	 0.00105	0.99731	0.95668 	0.96287 	0.96884 	0.96528 	0.96706 	0.98381 	0.94895 	0.96665 	0.98240 	0.95888 	0.97846 	1.00098 	-0.31325 	-0.21920 	-0.32763 	0.05487 	0.00000 	0.24044 	-0.32799 	-0.26929 	0.02307 	-0.16200 	0.22110 	1.05096 	-0.10330 	-0.07229 	-0.10804 	0.05206 	0.00000 	0.22150 	-0.10816 	-0.08880 	0.01950 	-0.05342 	0.07291 	0.32943 	0.02893	0.16137
Replication81	 -1.23269	0.99739	0.96768 	0.96746 	0.97453 	0.97176 	0.97335 	0.98672 	0.95023 	0.96378 	0.98368 	0.95366 	0.97832 	1.00127 	-0.19642 	-0.28135 	-0.23999 	0.04708 	0.00000 	0.21449 	-0.24963 	-0.32660 	0.02203 	-0.27161 	0.24359 	1.01745 	-0.06476 	-0.09277 	-0.07913 	0.04436 	0.00000 	0.19615 	-0.08231 	-0.10769 	0.01857 	-0.08955 	0.08032 	0.31874 	0.02097	0.14193
Replication82	 0.04820	0.98109	0.93369 	0.93925 	0.94299 	0.94391 	0.94421 	0.96398 	0.90180 	0.92185 	0.95169 	0.90324 	0.93021 	0.97187 	-0.31808 	-0.25664 	-0.37486 	0.08890 	0.00000 	0.47246 	-0.26495 	-0.28064 	0.05750 	-0.41456 	0.08748 	1.20000 	-0.10835 	-0.08742 	-0.12769 	0.06911 	0.00000 	0.33936 	-0.09025 	-0.09560 	0.03244 	-0.14122 	0.02980 	0.38142 	0.00331	0.20159
Replication83	 -1.17749	0.99751	0.97542 	0.97197 	0.97272 	0.97674 	0.97657 	0.98725 	0.95450 	0.96629 	0.98443 	0.95534 	0.98181 	1.00151 	-0.14001 	-0.23007 	-0.36736 	0.04106 	0.00000 	0.20942 	-0.21714 	-0.29458 	0.02138 	-0.31261 	0.27827 	0.98422 	-0.04615 	-0.07584 	-0.12110 	0.03845 	0.00000 	0.19186 	-0.07158 	-0.09711 	0.01807 	-0.10305 	0.09173 	0.31533 	0.02743	0.14062
Replication84	 0.02830	0.98867	0.93551 	0.94063 	0.95626 	0.94589 	0.94947 	0.97165 	0.92170 	0.93790 	0.96497 	0.92539 	0.95210 	0.98528 	-0.32825 	-0.40330 	-0.18666 	0.08257 	0.00000 	0.37810 	-0.27054 	-0.40098 	0.04223 	-0.30965 	0.19060 	1.20000 	-0.11013 	-0.13531 	-0.06263 	0.07072 	0.00000 	0.29838 	-0.09077 	-0.13454 	0.02722 	-0.10389 	0.06395 	0.37286 	0.00580	0.19586
Replication85	 -1.20457	0.99750	0.96071 	0.96180 	0.97402 	0.96643 	0.96973 	0.98576 	0.95643 	0.96922 	0.98504 	0.95828 	0.98233 	1.00177 	-0.23539 	-0.35283 	-0.19781 	0.05340 	0.00683 	0.22256 	-0.22503 	-0.23398 	0.02091 	-0.29512 	0.24772 	0.96481 	-0.07759 	-0.11631 	-0.06521 	0.05078 	0.00225 	0.20496 	-0.07418 	-0.07713 	0.01760 	-0.09729 	0.08166 	0.29459 	0.02394	0.14414
Replication86	 0.00144	0.99727	0.94961 	0.95808 	0.96902 	0.96033 	0.96349 	0.98288 	0.94856 	0.96641 	0.98212 	0.95868 	0.97802 	1.00090 	-0.35677 	-0.26857 	-0.25379 	0.06080 	0.00000 	0.24883 	-0.32992 	-0.26954 	0.02331 	-0.15891 	0.21677 	1.06201 	-0.11766 	-0.08857 	-0.08370 	0.05794 	0.00000 	0.22961 	-0.10881 	-0.08889 	0.01969 	-0.05241 	0.07149 	0.32963 	0.02576	0.16832
Replication87	 0.04144	0.98693	0.93694 	0.94333 	0.95297 	0.94759 	0.94969 	0.97027 	0.90856 	0.93348 	0.96158 	0.91877 	0.94546 	0.98207 	-0.33407 	-0.30879 	-0.26939 	0.08144 	0.00000 	0.39636 	-0.39196 	-0.31118 	0.04601 	-0.29866 	0.18611 	1.20000 	-0.11248 	-0.10397 	-0.09070 	0.06776 	0.00000 	0.30436 	-0.13197 	-0.10477 	0.02869 	-0.10055 	0.06266 	0.38421 	0.00405	0.20324
Replication88	 0.00766	0.99718	0.95110 	0.95690 	0.97004 	0.96031 	0.96379 	0.98281 	0.94234 	0.96415 	0.98083 	0.95368 	0.97135 	1.00059 	-0.31964 	-0.32592 	-0.19868 	0.06088 	0.00000 	0.24975 	-0.36015 	-0.19863 	0.02436 	-0.18900 	0.13817 	1.09739 	-0.10544 	-0.10750 	-0.06553 	0.05793 	0.00000 	0.22993 	-0.11880 	-0.06552 	0.02063 	-0.06234 	0.04557 	0.34234 	0.02146	0.17127
Replication89	 0.06212	0.98192	0.93022 	0.93821 	0.94579 	0.94231 	0.94407 	0.96490 	0.88788 	0.92142 	0.95275 	0.90662 	0.93056 	0.97317 	-0.35364 	-0.27793 	-0.29437 	0.09038 	0.00820 	0.46140 	-0.51170 	-0.28681 	0.05614 	-0.22559 	0.13983 	1.20000 	-0.12027 	-0.09452 	-0.10011 	0.07145 	0.00279 	0.33413 	-0.17402 	-0.09754 	0.03217 	-0.07672 	0.04755 	0.39289 	0.00598	0.21782
Replication90	 0.06544	0.97383	0.92035 	0.92521 	0.93466 	0.93173 	0.93353 	0.95581 	0.88456 	0.90383 	0.93979 	0.88486 	0.91278 	0.95920 	-0.31980 	-0.36563 	-0.28373 	0.10726 	0.01220 	0.57000 	-0.24628 	-0.36299 	0.07149 	-0.42162 	0.05291 	1.20000 	-0.11053 	-0.12637 	-0.09807 	0.07986 	0.00422 	0.38577 	-0.08512 	-0.12546 	0.03680 	-0.14572 	0.01829 	0.37690 	0.01389	0.21055
Replication91	 0.01545	0.99323	0.94006 	0.94571 	0.95750 	0.95018 	0.95313 	0.97493 	0.93455 	0.95234 	0.97229 	0.94526 	0.96626 	0.99322 	-0.34969 	-0.35253 	-0.31758 	0.07505 	0.00000 	0.33309 	-0.33798 	-0.38123 	0.03357 	-0.14896 	0.22327 	1.20000 	-0.11626 	-0.11721 	-0.10559 	0.06796 	0.00000 	0.28542 	-0.11237 	-0.12675 	0.02459 	-0.04952 	0.07423 	0.37577 	0.02291	0.20028
Replication92	 0.04068	0.98573	0.92697 	0.93260 	0.94654 	0.93840 	0.94159 	0.96592 	0.90932 	0.93473 	0.95958 	0.92182 	0.94818 	0.98002 	-0.35817 	-0.40905 	-0.29958 	0.09306 	0.00253 	0.43898 	-0.41822 	-0.29322 	0.04835 	-0.25288 	0.23860 	1.20000 	-0.12088 	-0.13805 	-0.10111 	0.07812 	0.00085 	0.33854 	-0.14115 	-0.09896 	0.02943 	-0.08535 	0.08053 	0.38041 	0.00953	0.22240
Replication93	 0.01014	0.99725	0.93986 	0.94322 	0.96450 	0.94920 	0.95460 	0.97883 	0.94774 	0.96948 	0.98151 	0.96303 	0.98214 	1.00079 	-0.33316 	-0.50380 	-0.20338 	0.07412 	0.00000 	0.28456 	-0.41258 	-0.21484 	0.02380 	-0.09831 	0.28484 	1.07321 	-0.10988 	-0.16616 	-0.06708 	0.07124 	0.00000 	0.26520 	-0.13607 	-0.07086 	0.02015 	-0.03242 	0.09394 	0.33560 	0.02553	0.20368
Replication94	 0.01025	0.99702	0.94964 	0.95057 	0.95942 	0.95622 	0.95859 	0.97817 	0.93975 	0.96406 	0.97818 	0.95262 	0.97523 	0.99975 	-0.29252 	-0.36948 	-0.41639 	0.06585 	0.00567 	0.29117 	-0.41475 	-0.15920 	0.02652 	-0.21717 	0.26435 	1.18353 	-0.09652 	-0.12191 	-0.13739 	0.06274 	0.00187 	0.27021 	-0.13685 	-0.05253 	0.02257 	-0.07166 	0.08723 	0.38508 	0.03243	0.21283
Replication95	 0.01137	0.99711	0.93863 	0.95044 	0.96917 	0.95256 	0.95779 	0.98110 	0.94241 	0.96006 	0.98020 	0.94879 	0.97581 	1.00022 	-0.41795 	-0.34453 	-0.12466 	0.07018 	0.00000 	0.26509 	-0.31899 	-0.31291 	0.02490 	-0.27981 	0.28960 	1.13559 	-0.13788 	-0.11366 	-0.04112 	0.06715 	0.00000 	0.24474 	-0.10523 	-0.10323 	0.02107 	-0.09231 	0.09554 	0.36031 	0.01350	0.19536
Replication96	 0.00203	0.99716	0.94968 	0.94970 	0.96678 	0.95605 	0.96017 	0.98064 	0.94797 	0.96310 	0.98087 	0.95046 	0.98009 	1.00042 	-0.26452 	-0.46743 	-0.21512 	0.06597 	0.00000 	0.26891 	-0.27150 	-0.26771 	0.02435 	-0.34279 	0.33464 	1.11329 	-0.08726 	-0.15419 	-0.07096 	0.06300 	0.00000 	0.24894 	-0.08956 	-0.08831 	0.02059 	-0.11307 	0.11039 	0.35245 	0.02192	0.19202
Replication97	 0.03428	0.98544	0.93049 	0.93259 	0.94569 	0.93960 	0.94225 	0.96564 	0.91572 	0.93577 	0.95925 	0.92374 	0.94707 	0.97963 	-0.31093 	-0.43866 	-0.32474 	0.09179 	0.00000 	0.44248 	-0.32546 	-0.31201 	0.04879 	-0.25623 	0.17011 	1.20000 	-0.10500 	-0.14813 	-0.10966 	0.07654 	0.00000 	0.33996 	-0.10991 	-0.10536 	0.02949 	-0.08653 	0.05745 	0.37076 	0.01477	0.20961
Replication98	 0.02605	0.99070	0.93511 	0.94651 	0.95578 	0.94871 	0.95126 	0.97330 	0.92395 	0.94460 	0.96803 	0.93641 	0.95797 	0.98874 	-0.41250 	-0.24749 	-0.30848 	0.07814 	0.00000 	0.35643 	-0.37408 	-0.39136 	0.03853 	-0.15632 	0.20174 	1.20000 	-0.13784 	-0.08270 	-0.10308 	0.06840 	0.00000 	0.29094 	-0.12500 	-0.13078 	0.02620 	-0.05224 	0.06741 	0.37881 	0.01531	0.20013
Replication99	 0.03045	0.98751	0.94242 	0.94432 	0.95113 	0.94999 	0.95116 	0.97031 	0.91955 	0.93796 	0.96267 	0.92491 	0.94842 	0.98320 	-0.27897 	-0.32874 	-0.35889 	0.07827 	0.00000 	0.39398 	-0.28843 	-0.32378 	0.04479 	-0.29268 	0.13871 	1.20000 	-0.09382 	-0.11055 	-0.12069 	0.06520 	0.00000 	0.30606 	-0.09700 	-0.10889 	0.02823 	-0.09843 	0.04665 	0.37554 	0.01567	0.19229