
Replication	FitnessValue	Frequency	Bus1	Bus2	Bus3	Bus4	Bus5	Bus6	Bus7	Bus8	Bus9	Bus10	Bus11	Bus12	Bus1_P	Bus2_P	Bus3_P	Bus4_P	Bus5_P	Bus6_P	Bus7_P	Bus8_P	Bus9_P	Bus10_P	Bus11_P	Bus12_P	Bus1_Q	Bus2_Q	Bus3_Q	Bus4_Q	Bus5_Q	Bus6_Q	Bus7_Q	Bus8_Q	Bus9_Q	Bus10_Q	Bus11_Q	Bus12_Q	PLoss	QLoss
Replication0	 0.14608	0.96882	0.80392 	0.83607 	0.87338 	0.83621 	0.84643 	0.88085 	0.81279 	0.84438 	0.88597 	0.82626 	0.85818 	0.88054 	-0.53057 	-0.35970 	0.18087 	0.16025 	0.02679 	0.34205 	-0.43403 	-0.14212 	0.62046 	-0.31474 	0.21444 	0.28978 	-0.18523 	-0.12558 	0.06314 	0.08803 	0.00935 	0.27572 	-0.15152 	-0.04962 	0.08752 	-0.10988 	0.07487 	0.22490 	0.05348	0.20171
Replication1	 0.09569	0.97756	0.85431 	0.88771 	0.91952 	0.88356 	0.89259 	0.92160 	0.92029 	0.89410 	0.92669 	0.89245 	0.91898 	0.92222 	-0.52365 	-0.20727 	0.26636 	0.11630 	0.00000 	0.23528 	0.37655 	-0.71372 	0.42953 	-0.31630 	0.17858 	0.19784 	-0.17964 	-0.07111 	0.09138 	0.06433 	0.00000 	0.18755 	0.12918 	-0.24485 	0.04603 	-0.10851 	0.06126 	0.15116 	0.03950	0.12678
Replication2	 0.06647	0.99062	0.88353 	0.90875 	0.93499 	0.90643 	0.91480 	0.94381 	0.98447 	0.96950 	0.96287 	0.98026 	0.98177 	0.96154 	-0.51824 	-0.26522 	-0.11178 	0.08484 	0.00000 	0.16827 	0.15480 	-0.22289 	0.21463 	0.16217 	0.21414 	0.10608 	-0.17320 	-0.08864 	-0.03736 	0.06312 	0.00000 	0.14833 	0.05174 	-0.07449 	0.05438 	0.05420 	0.07157 	0.08657 	0.01317	0.15623
Replication3	 0.18588	0.96533	0.76412 	0.80859 	0.82078 	0.80507 	0.80799 	0.84889 	0.81207 	0.83814 	0.86445 	0.83732 	0.85333 	0.85874 	-0.70366 	-0.04980 	-0.54255 	0.18652 	0.00000 	0.42219 	-0.45277 	-0.22270 	0.71167 	0.07684 	0.24607 	0.33675 	-0.24738 	-0.01751 	-0.19074 	0.10623 	0.00000 	0.34844 	-0.15917 	-0.07829 	0.11914 	0.02701 	0.08651 	0.26462 	0.00856	0.25886
Replication4	 0.10687	0.97312	0.84313 	0.86306 	0.88272 	0.86498 	0.86960 	0.89777 	0.88274 	0.89346 	0.90902 	0.87755 	0.89812 	0.90597 	-0.42168 	-0.28245 	-0.22335 	0.13471 	0.00000 	0.29702 	-0.10239 	0.09807 	0.51790 	-0.37307 	0.11015 	0.23476 	-0.14595 	-0.09776 	-0.07731 	0.07246 	0.00000 	0.23984 	-0.03544 	0.03394 	0.05849 	-0.12913 	0.03813 	0.17884 	0.01033	0.13611
Replication5	 0.03259	1.00736	0.91741 	0.95537 	0.98428 	0.94591 	0.95713 	0.98667 	1.03705 	1.03189 	1.00871 	1.04015 	1.03981 	1.00914 	-0.69014 	-0.09185 	0.04356 	0.03725 	0.00000 	0.04796 	0.00325 	0.19493 	-0.05921 	0.18955 	0.33373 	-0.00594 	-0.22306 	-0.02969 	0.01408 	0.05430 	0.00000 	0.06362 	0.00105 	0.06300 	0.06660 	0.06126 	0.10786 	0.00938 	0.00311	0.18842
Replication6	 0.09141	0.97316	0.86097 	0.87433 	0.89866 	0.87805 	0.88334 	0.90717 	0.85859 	0.88291 	0.91275 	0.87692 	0.89897 	0.90846 	-0.30375 	-0.36401 	0.01773 	0.12534 	0.00000 	0.27448 	-0.42645 	-0.23378 	0.50696 	-0.07346 	0.26366 	0.22978 	-0.10513 	-0.12598 	0.00614 	0.06316 	0.00000 	0.21737 	-0.14759 	-0.08091 	0.04817 	-0.02543 	0.09125 	0.17393 	0.01649	0.11499
Replication7	 -1.44952	0.99826	0.97880 	0.98010 	1.00287 	0.98233 	0.98910 	0.99852 	0.99518 	0.99903 	1.00394 	1.00634 	1.01534 	1.00291 	-0.08191 	-0.35247 	0.29378 	0.02177 	0.01148 	0.02931 	-0.20759 	-0.26006 	0.03214 	0.17496 	0.33202 	0.01589 	-0.02696 	-0.11601 	0.09669 	0.01775 	0.00378 	0.02562 	-0.06833 	-0.08560 	0.00247 	0.05759 	0.10928 	0.01228 	0.00933	0.02857
Replication8	 0.00438	0.99062	0.96693 	0.96103 	0.96533 	0.96616 	0.96772 	0.97163 	0.95232 	0.96783 	0.97535 	0.95516 	0.97713 	0.97365 	0.00780 	-0.23288 	-0.15736 	0.04218 	0.03504 	0.10176 	-0.24309 	0.18464 	0.17908 	-0.30542 	0.29824 	0.08202 	0.00261 	-0.07783 	-0.05259 	0.02044 	0.01171 	0.08180 	-0.08124 	0.06171 	0.01869 	-0.10207 	0.09968 	0.06249 	0.00800	0.04539
Replication9	 0.01317	0.98838	0.96268 	0.95739 	0.96420 	0.96236 	0.96300 	0.96848 	0.93683 	0.95829 	0.96986 	0.96282 	0.96320 	0.96820 	0.02131 	-0.23968 	-0.04825 	0.04749 	0.00000 	0.11165 	-0.43745 	-0.13300 	0.21385 	0.26565 	0.10485 	0.09518 	0.00715 	-0.08046 	-0.01620 	0.02057 	0.00000 	0.08694 	-0.14686 	-0.04465 	0.01526 	0.08918 	0.03520 	0.07101 	0.00159	0.03715
Replication10	 0.05220	0.97936	0.91681 	0.92361 	0.93887 	0.92626 	0.92933 	0.94213 	0.89780 	0.91253 	0.94175 	0.90743 	0.92976 	0.93811 	-0.15580 	-0.24183 	0.10530 	0.08371 	0.00000 	0.18427 	-0.29720 	-0.32089 	0.37114 	-0.12216 	0.25045 	0.16438 	-0.05326 	-0.08266 	0.03599 	0.03592 	0.00000 	0.14037 	-0.10159 	-0.10969 	0.01846 	-0.04176 	0.08561 	0.12144 	0.02138	0.04884
Replication11	 -1.30442	0.99562	0.97961 	1.00170 	1.00326 	0.99396 	0.99662 	1.00080 	0.99204 	0.97989 	0.99739 	0.98519 	0.99866 	0.99526 	-0.29913 	0.25181 	0.15402 	0.01653 	0.02324 	0.02667 	0.10636 	-0.54979 	0.07346 	-0.01825 	0.20789 	0.03386 	-0.09898 	0.08332 	0.05096 	0.00638 	0.00769 	0.01734 	0.03519 	-0.18192 	-0.00148 	-0.00604 	0.06879 	0.02474 	0.02669	0.00600
Replication12	 0.12042	0.97182	0.90275 	0.90960 	0.88997 	0.91140 	0.90373 	0.90819 	0.82958 	0.85452 	0.90143 	0.83970 	0.87675 	0.89473 	-0.12101 	0.17708 	-0.47550 	0.10306 	0.00000 	0.27347 	-0.39365 	-0.33537 	0.55064 	-0.31340 	0.31209 	0.25845 	-0.04199 	0.06145 	-0.16501 	0.03780 	0.00000 	0.21353 	-0.13661 	-0.11638 	0.06908 	-0.10876 	0.10830 	0.19983 	0.03585	0.12125
Replication13	 0.12908	1.04466	1.09536 	1.09215 	1.10064 	1.09085 	1.09624 	1.09513 	1.17908 	1.15736 	1.11187 	1.17014 	1.15329 	1.11459 	-0.03254 	-0.13146 	0.01901 	-0.10946 	0.03069 	-0.25109 	0.44416 	0.50062 	-0.67235 	0.32582 	0.15188 	-0.25436 	-0.00976 	-0.03943 	0.00570 	-0.00604 	0.00920 	-0.15610 	0.13323 	0.15016 	0.09087 	0.09773 	0.04556 	-0.16145 	0.02091	0.15969
Replication14	 -1.25795	0.99962	0.98800 	0.98796 	0.97500 	0.98888 	0.98675 	0.98739 	1.00277 	1.00223 	0.99514 	1.02026 	1.01105 	0.99399 	-0.07930 	0.08147 	-0.52336 	0.01552 	0.03597 	0.05448 	-0.16148 	-0.23882 	0.04564 	0.53267 	0.18090 	0.03221 	-0.02603 	0.02674 	-0.17179 	0.01464 	0.01181 	0.05368 	-0.05301 	-0.07839 	0.03918 	0.17485 	0.05938 	0.03143 	0.02410	0.08249
Replication15	 0.07713	0.97535	0.88221 	0.90104 	0.91475 	0.90067 	0.90489 	0.92217 	0.89344 	0.89052 	0.92315 	0.87287 	0.90826 	0.91875 	-0.33704 	-0.13793 	-0.00874 	0.10664 	0.02519 	0.23629 	0.08798 	-0.27064 	0.45854 	-0.55372 	0.20825 	0.20703 	-0.11614 	-0.04753 	-0.00301 	0.04954 	0.00868 	0.18384 	0.03032 	-0.09326 	0.03719 	-0.19080 	0.07176 	0.15574 	0.02185	0.08633
Replication16	 0.01165	1.01290	0.96241 	0.99913 	1.01187 	0.98694 	0.99427 	1.01373 	1.06029 	1.06039 	1.03003 	1.06165 	1.04993 	1.03207 	-0.64273 	0.19434 	-0.05708 	0.00153 	0.00000 	-0.02265 	0.04609 	0.59344 	-0.16743 	0.10200 	0.00710 	-0.05729 	-0.20545 	0.06212 	-0.01824 	0.03141 	0.00000 	0.00480 	0.01473 	0.18969 	0.05310 	0.03260 	0.00227 	-0.03044 	0.00268	0.13659
Replication17	 0.11122	0.96964	0.87079 	0.88698 	0.87828 	0.88726 	0.88347 	0.89743 	0.86045 	0.85874 	0.89705 	0.83878 	0.87721 	0.89121 	-0.29362 	0.07890 	-0.44547 	0.12283 	0.00000 	0.30152 	0.07584 	-0.28949 	0.58178 	-0.58249 	0.19489 	0.26771 	-0.10234 	0.02750 	-0.15526 	0.05252 	0.00000 	0.23694 	0.02643 	-0.10090 	0.06295 	-0.20302 	0.06793 	0.20455 	0.01239	0.11729
Replication18	 0.00312	0.99188	0.96412 	0.97581 	0.98849 	0.97372 	0.97754 	0.98609 	0.95934 	0.97186 	0.98577 	0.97420 	0.98199 	0.98428 	-0.18930 	-0.07611 	0.22063 	0.03533 	0.00000 	0.06583 	-0.29673 	-0.22326 	0.13858 	0.11003 	0.17227 	0.05957 	-0.06311 	-0.02537 	0.07355 	0.01651 	0.00000 	0.04855 	-0.09892 	-0.07443 	-0.00028 	0.03668 	0.05743 	0.04267 	0.01683	0.01329
Replication19	 0.06666	0.98355	0.94753 	0.95409 	0.95414 	0.95439 	0.95315 	0.95675 	0.90895 	0.91266 	0.94921 	0.88334 	0.92966 	0.94485 	-0.08609 	0.02035 	0.05326 	0.05878 	0.00000 	0.14485 	0.05492 	-0.09751 	0.31411 	-0.81761 	0.25832 	0.14663 	-0.02918 	0.00690 	0.01805 	0.02067 	0.00000 	0.10985 	0.01862 	-0.03305 	0.03290 	-0.27715 	0.08756 	0.11240 	0.05000	0.06756
Replication20	 -1.39709	1.00420	1.01894 	1.02468 	1.03135 	1.02214 	1.02462 	1.02572 	1.03012 	1.02207 	1.02482 	1.01748 	1.02924 	1.02466 	-0.06586 	0.01259 	0.23970 	-0.01353 	0.00000 	-0.04206 	0.16275 	-0.05769 	-0.07819 	-0.23929 	0.13182 	-0.03352 	-0.02142 	0.00410 	0.07797 	-0.00380 	0.00000 	-0.03312 	0.05294 	-0.01876 	-0.00638 	-0.07783 	0.04288 	-0.02478 	0.01672	0.00823
Replication21	 0.08912	0.97457	0.86088 	0.89504 	0.90287 	0.88901 	0.89187 	0.91439 	0.87824 	0.88787 	0.91787 	0.88082 	0.90776 	0.91330 	-0.52592 	0.08693 	-0.16050 	0.11587 	0.00415 	0.25571 	-0.20423 	-0.32592 	0.48024 	-0.21409 	0.28255 	0.21867 	-0.18150 	0.03000 	-0.05539 	0.05697 	0.00143 	0.20162 	-0.07048 	-0.11248 	0.04564 	-0.07388 	0.09751 	0.16576 	0.01345	0.10519
Replication22	 0.27822	0.97036	0.86766 	0.84820 	0.84557 	0.86452 	0.85712 	0.86141 	0.67178 	0.76412 	0.84608 	0.71387 	0.76621 	0.83526 	0.18585 	-0.36861 	-0.17510 	0.13824 	0.00208 	0.38689 	-0.88435 	0.20845 	0.72110 	-0.56146 	0.13768 	0.37819 	0.06468 	-0.12829 	-0.06094 	0.06959 	0.00072 	0.32384 	-0.30779 	0.07255 	0.21454 	-0.19541 	0.04792 	0.31652 	0.16897	0.41794
Replication23	 0.00645	0.98855	0.94367 	0.96149 	0.95005 	0.95685 	0.95442 	0.96245 	0.95777 	0.96018 	0.96643 	0.95396 	0.96878 	0.96448 	-0.30630 	0.25706 	-0.41785 	0.05123 	0.00000 	0.12591 	-0.04335 	0.00398 	0.22220 	-0.20618 	0.19207 	0.10241 	-0.10280 	0.08627 	-0.14023 	0.02470 	0.00000 	0.10155 	-0.01455 	0.00133 	0.02647 	-0.06919 	0.06446 	0.07858 	0.01883	0.05661
Replication24	 0.02245	1.01139	1.01528 	1.03152 	1.02520 	1.02446 	1.02559 	1.02702 	1.07245 	1.03966 	1.03224 	1.03801 	1.05246 	1.03157 	-0.26864 	0.29853 	-0.15593 	-0.02352 	0.02665 	-0.05283 	0.66560 	-0.14144 	-0.16084 	-0.35404 	0.22671 	-0.05473 	-0.08613 	0.09571 	-0.04999 	0.00286 	0.00855 	-0.02859 	0.21340 	-0.04535 	0.03387 	-0.11351 	0.07269 	-0.03103 	0.00552	0.07248
Replication25	 0.06377	1.02376	1.04579 	1.06670 	1.06680 	1.05648 	1.05950 	1.06230 	1.11377 	1.08911 	1.06954 	1.09122 	1.09656 	1.07049 	-0.32955 	0.34003 	0.06024 	-0.06072 	0.00000 	-0.15035 	0.50298 	0.09310 	-0.37297 	-0.15849 	0.23309 	-0.14496 	-0.10307 	0.10635 	0.01884 	-0.00569 	0.00000 	-0.09980 	0.15732 	0.02912 	0.03314 	-0.04957 	0.07290 	-0.09553 	0.01240	0.06401
Replication26	 0.18462	0.96369	0.83113 	0.84678 	0.86122 	0.85115 	0.85440 	0.87287 	0.76538 	0.80099 	0.86704 	0.78203 	0.82609 	0.85853 	-0.29548 	-0.24263 	-0.01418 	0.15552 	0.04772 	0.36658 	-0.49740 	-0.44793 	0.71832 	-0.33380 	0.29036 	0.33887 	-0.10422 	-0.08558 	-0.00500 	0.07141 	0.01683 	0.28934 	-0.17544 	-0.15799 	0.09769 	-0.11774 	0.10242 	0.26332 	0.08596	0.19502
Replication27	 0.14025	0.97773	0.91468 	0.91939 	0.90485 	0.92175 	0.91546 	0.91931 	0.80975 	0.87161 	0.91232 	0.85505 	0.87877 	0.90664 	-0.09547 	0.10884 	-0.35366 	0.08882 	0.00000 	0.24059 	-0.85658 	0.05281 	0.46906 	-0.05974 	0.22803 	0.22863 	-0.03274 	0.03733 	-0.12128 	0.03725 	0.00000 	0.19322 	-0.29376 	0.01811 	0.08850 	-0.02049 	0.07820 	0.18230 	0.05134	0.16664
Replication28	 0.00052	0.99448	0.97617 	0.97721 	0.99861 	0.97970 	0.98711 	0.99327 	0.97184 	0.98395 	0.99351 	0.97059 	0.98729 	0.99290 	-0.06109 	-0.33166 	0.35293 	0.02803 	0.04694 	0.04589 	-0.15208 	0.15628 	0.09424 	-0.32739 	0.12825 	0.03973 	-0.02026 	-0.10999 	0.11705 	0.01525 	0.01557 	0.03415 	-0.05044 	0.05183 	-0.00010 	-0.10858 	0.04253 	0.02825 	0.02007	0.01525
Replication29	 0.02875	0.98460	0.96187 	0.96247 	0.95624 	0.96425 	0.96119 	0.96223 	0.94563 	0.92709 	0.95733 	0.92125 	0.95021 	0.95320 	-0.00675 	0.03413 	-0.13170 	0.05052 	0.00000 	0.13064 	0.27948 	-0.57707 	0.28196 	-0.38806 	0.22209 	0.12893 	-0.00228 	0.01154 	-0.04455 	0.01484 	0.00000 	0.09787 	0.09454 	-0.19520 	0.01871 	-0.13127 	0.07512 	0.09689 	0.02416	0.03622
Replication30	 0.01914	0.98628	0.93136 	0.93688 	0.93436 	0.93867 	0.93757 	0.94824 	0.93086 	0.95189 	0.95616 	0.95447 	0.95970 	0.95410 	-0.18546 	-0.06267 	-0.41347 	0.06683 	0.00000 	0.16230 	-0.42696 	0.01434 	0.27086 	0.18799 	0.23783 	0.12539 	-0.06252 	-0.02113 	-0.13939 	0.03507 	0.00000 	0.13312 	-0.14394 	0.00483 	0.03645 	0.06337 	0.08018 	0.09685 	0.02304	0.08289
Replication31	 -1.24281	0.99751	0.99262 	0.97931 	0.96314 	0.98533 	0.97993 	0.97840 	1.01110 	0.99324 	0.98545 	0.98328 	0.99452 	0.98451 	0.12302 	-0.03889 	-0.62489 	0.02051 	0.00886 	0.07823 	0.43377 	0.19416 	0.09139 	-0.42626 	0.06244 	0.05326 	0.04055 	-0.01282 	-0.20599 	0.01474 	0.00292 	0.07292 	0.14299 	0.06400 	0.04877 	-0.14051 	0.02058 	0.04808 	0.02440	0.09623
Replication32	 0.00669	0.99674	1.02931 	1.02323 	1.01489 	1.02425 	1.02024 	1.00992 	0.95680 	0.96255 	0.99535 	0.94331 	0.97935 	0.99222 	0.21779 	0.14171 	0.21453 	-0.00640 	0.00000 	0.00367 	-0.05289 	-0.21485 	0.06968 	-0.58860 	0.25375 	0.03874 	0.07190 	0.04679 	0.07083 	-0.01396 	0.00000 	-0.00327 	-0.01746 	-0.07093 	0.01392 	-0.19432 	0.08378 	0.03196 	0.07715	0.01923
Replication33	 0.02879	0.98324	0.92823 	0.92726 	0.94877 	0.93295 	0.93755 	0.95087 	0.92121 	0.93556 	0.95413 	0.94356 	0.94684 	0.95171 	-0.07471 	-0.41518 	0.14025 	0.07444 	0.00000 	0.15924 	-0.35642 	-0.37222 	0.30266 	0.28062 	0.13776 	0.13331 	-0.02534 	-0.14082 	0.04757 	0.03563 	0.00000 	0.12359 	-0.12089 	-0.12625 	0.01627 	0.09518 	0.04673 	0.09844 	0.00976	0.05011
Replication34	 0.23450	0.96678	0.71550 	0.76743 	0.81370 	0.76613 	0.77749 	0.83462 	0.83237 	0.82496 	0.85546 	0.80088 	0.84403 	0.84937 	-0.78238 	-0.37770 	-0.15523 	0.21266 	0.00272 	0.45477 	0.19136 	-0.14188 	0.72491 	-0.68136 	0.24840 	0.35385 	-0.27426 	-0.13240 	-0.05442 	0.13573 	0.00095 	0.38412 	0.06708 	-0.04973 	0.15722 	-0.23884 	0.08707 	0.28475 	0.05011	0.36726
Replication35	 0.07888	0.97473	0.92324 	0.91300 	0.90763 	0.92176 	0.91860 	0.92200 	0.87112 	0.88788 	0.91945 	0.87399 	0.89926 	0.91505 	0.07017 	-0.20358 	-0.34863 	0.09229 	0.02851 	0.23734 	-0.24258 	-0.15869 	0.47434 	-0.31008 	0.15487 	0.21503 	0.02421 	-0.07024 	-0.12028 	0.03377 	0.00984 	0.18359 	-0.08369 	-0.05475 	0.04252 	-0.10698 	0.05343 	0.16246 	0.00899	0.07388
Replication36	 0.00012	1.00035	1.04137 	1.02760 	1.00619 	1.03079 	1.02269 	1.00889 	0.97275 	0.97597 	0.99795 	0.94988 	0.98843 	0.99521 	0.32314 	0.21837 	-0.17964 	-0.01525 	0.00000 	0.00228 	0.06619 	0.08782 	0.03143 	-0.78109 	0.26765 	0.02903 	0.10591 	0.07158 	-0.05888 	-0.01445 	0.00000 	0.00302 	0.02170 	0.02879 	0.03736 	-0.25602 	0.08773 	0.02975 	0.04996	0.05650
Replication37	 -1.48503	1.00049	1.00066 	0.99007 	1.00569 	0.99584 	0.99937 	1.00354 	1.02509 	1.00770 	1.00817 	0.99981 	1.01664 	1.00764 	0.10810 	-0.38530 	0.15341 	0.00955 	0.00000 	0.01492 	0.37271 	-0.02938 	0.00106 	-0.40716 	0.16317 	0.00419 	0.03542 	-0.12625 	0.05027 	0.01068 	0.00000 	0.01596 	0.12213 	-0.00963 	0.00941 	-0.13342 	0.05347 	0.00521 	0.00527	0.03324
Replication38	 -1.42165	1.00204	1.04215 	1.02163 	0.99479 	1.02750 	1.01784 	1.00469 	0.97283 	0.99755 	1.00044 	0.99108 	0.99644 	0.99942 	0.37613 	0.16066 	-0.51121 	-0.01486 	0.00103 	0.01054 	-0.41470 	0.26840 	0.00983 	-0.01134 	0.11491 	0.01890 	0.12287 	0.05248 	-0.16699 	-0.01014 	0.00034 	0.01488 	-0.13547 	0.08768 	0.04472 	-0.00370 	0.03754 	0.02315 	0.00829	0.06735
Replication39	 0.00068	1.00568	1.04543 	1.02840 	1.02342 	1.03368 	1.03104 	1.02374 	1.03349 	1.02046 	1.02306 	1.01801 	1.03394 	1.02212 	0.29733 	-0.10592 	-0.08046 	-0.02350 	0.00000 	-0.03892 	0.21775 	-0.15382 	-0.08583 	-0.24062 	0.25366 	-0.03000 	0.09642 	-0.03435 	-0.02609 	-0.01034 	0.00000 	-0.02683 	0.07062 	-0.04988 	0.01128 	-0.07803 	0.08226 	-0.01817 	0.00968	0.01688
Replication40	 0.01617	0.99022	0.93383 	0.94092 	0.95548 	0.94273 	0.94683 	0.96227 	0.97861 	0.97343 	0.97322 	0.97798 	0.98461 	0.97192 	-0.22387 	-0.25765 	-0.11857 	0.05938 	0.00000 	0.12455 	0.01275 	-0.15096 	0.18853 	0.04584 	0.21404 	0.08586 	-0.07488 	-0.08618 	-0.03966 	0.03673 	0.00000 	0.10375 	0.00426 	-0.05049 	0.02142 	0.01533 	0.07159 	0.06552 	0.02011	0.06739
Replication41	 0.02509	0.99640	0.92491 	0.94202 	0.96740 	0.94069 	0.94870 	0.97034 	1.00185 	0.98831 	0.98529 	1.01050 	1.00662 	0.98382 	-0.38049 	-0.28622 	0.05447 	0.05368 	0.00000 	0.09868 	0.01694 	-0.51499 	0.10131 	0.51427 	0.28246 	0.05579 	-0.12570 	-0.09456 	0.01800 	0.04533 	0.00000 	0.09101 	0.00560 	-0.17014 	0.03974 	0.16990 	0.09332 	0.04829 	0.00409	0.12079
Replication42	 0.02215	0.99407	0.98333 	0.99121 	0.99117 	0.98927 	0.98995 	0.99053 	0.92785 	0.96772 	0.98523 	0.95791 	0.97150 	0.98341 	-0.10263 	0.08284 	0.09377 	0.02167 	0.02298 	0.05286 	-0.65444 	0.15774 	0.12134 	-0.02103 	0.20027 	0.05902 	-0.03407 	0.02750 	0.03112 	0.00794 	0.00763 	0.04025 	-0.21722 	0.05236 	0.02003 	-0.00698 	0.06647 	0.04668 	0.03439	0.04172
Replication43	 0.01360	1.01324	1.04104 	1.04984 	1.06236 	1.04532 	1.05020 	1.05171 	1.05478 	1.05668 	1.05225 	1.05733 	1.06360 	1.05302 	-0.10435 	0.00617 	0.43131 	-0.04056 	0.00000 	-0.11385 	-0.08149 	0.04220 	-0.23374 	-0.00090 	0.21895 	-0.09929 	-0.03333 	0.00197 	0.13777 	-0.00989 	0.00000 	-0.08568 	-0.02603 	0.01348 	-0.00745 	-0.00029 	0.06994 	-0.07174 	0.02445	0.01125
Replication44	 0.09127	0.97431	0.85873 	0.89189 	0.89646 	0.88628 	0.88812 	0.91123 	0.89857 	0.89313 	0.91720 	0.89389 	0.91057 	0.91306 	-0.52839 	0.09790 	-0.28980 	0.11811 	0.00000 	0.26353 	0.01215 	-0.45459 	0.48435 	-0.09234 	0.16668 	0.21943 	-0.18245 	0.03380 	-0.10007 	0.05862 	0.00000 	0.20889 	0.00420 	-0.15697 	0.04535 	-0.03189 	0.05755 	0.16599 	0.00297	0.10304
Replication45	 0.05290	0.98570	0.96864 	0.96743 	0.96046 	0.96957 	0.96601 	0.96500 	0.89710 	0.92831 	0.95715 	0.91134 	0.93627 	0.95385 	0.03599 	0.04242 	-0.07706 	0.04544 	0.00000 	0.12284 	-0.46034 	0.03130 	0.27306 	-0.29692 	0.19254 	0.12649 	0.01215 	0.01432 	-0.02601 	0.01232 	0.00000 	0.09241 	-0.15537 	0.01056 	0.02862 	-0.10022 	0.06499 	0.09673 	0.03575	0.05050
Replication46	 0.08317	0.97140	0.90046 	0.90530 	0.89193 	0.90840 	0.90274 	0.91031 	0.86683 	0.87178 	0.90817 	0.87331 	0.89156 	0.90272 	-0.12574 	0.05179 	-0.47816 	0.10570 	0.00000 	0.26884 	-0.17663 	-0.57182 	0.53505 	-0.01508 	0.16821 	0.24301 	-0.04367 	0.01799 	-0.16607 	0.03945 	0.00000 	0.20799 	-0.06135 	-0.19860 	0.04620 	-0.00524 	0.05842 	0.18350 	0.00516	0.07863
Replication47	 0.09535	0.97495	0.85465 	0.86010 	0.89312 	0.86818 	0.87544 	0.90361 	0.88575 	0.90119 	0.91645 	0.89300 	0.91041 	0.91353 	-0.26037 	-0.58537 	-0.03569 	0.13030 	0.00000 	0.28109 	-0.25116 	-0.01454 	0.48102 	-0.16328 	0.19571 	0.21781 	-0.08979 	-0.20187 	-0.01231 	0.07230 	0.00000 	0.22781 	-0.08661 	-0.00501 	0.05298 	-0.05631 	0.06749 	0.16570 	0.00449	0.13438
Replication48	 0.09479	0.97381	0.87984 	0.88471 	0.87946 	0.88965 	0.88650 	0.90130 	0.85521 	0.88766 	0.90795 	0.89211 	0.89680 	0.90373 	-0.20172 	-0.11892 	-0.56330 	0.11629 	0.00115 	0.28783 	-0.58463 	-0.18168 	0.51503 	0.29960 	0.17941 	0.23848 	-0.06972 	-0.04110 	-0.19470 	0.05564 	0.00040 	0.23212 	-0.20207 	-0.06280 	0.06747 	0.10355 	0.06201 	0.18400 	0.01246	0.13480
Replication49	 0.15684	0.96314	0.82122 	0.83748 	0.86212 	0.84243 	0.84646 	0.87244 	0.79316 	0.81623 	0.87113 	0.79719 	0.83293 	0.86431 	-0.31664 	-0.35733 	0.06395 	0.16237 	0.00000 	0.36820 	-0.30344 	-0.35499 	0.71129 	-0.38550 	0.14409 	0.32795 	-0.11181 	-0.12618 	0.02258 	0.07701 	0.00000 	0.28979 	-0.10714 	-0.12535 	0.08137 	-0.13612 	0.05088 	0.25127 	0.05995	0.16629
Replication50	 0.04903	0.98102	0.90097 	0.91965 	0.91718 	0.91750 	0.91713 	0.93269 	0.92538 	0.92818 	0.94039 	0.92620 	0.94393 	0.93728 	-0.35982 	0.05927 	-0.41977 	0.08805 	0.00176 	0.20509 	-0.10944 	-0.18238 	0.36087 	-0.11043 	0.28131 	0.16431 	-0.12259 	0.02019 	-0.14301 	0.04409 	0.00060 	0.16472 	-0.03728 	-0.06214 	0.03648 	-0.03762 	0.09584 	0.12482 	0.02118	0.08411
Replication51	 0.10552	0.97416	0.84448 	0.87630 	0.88772 	0.87259 	0.87614 	0.90348 	0.88764 	0.89231 	0.91348 	0.89764 	0.91200 	0.90928 	-0.54034 	-0.03805 	-0.28748 	0.12808 	0.00164 	0.28225 	-0.19928 	-0.42755 	0.49627 	0.08848 	0.26325 	0.22709 	-0.18663 	-0.01314 	-0.09930 	0.06823 	0.00057 	0.22729 	-0.06883 	-0.14767 	0.05465 	0.03056 	0.09093 	0.17333 	0.00562	0.12997
Replication52	 -1.52050	1.00223	1.02058 	1.00645 	1.00255 	1.01183 	1.00963 	1.00644 	1.03214 	1.00621 	1.00932 	1.01809 	1.02476 	1.00764 	0.20026 	-0.13805 	-0.18820 	-0.00389 	0.00000 	0.00614 	0.35109 	-0.53714 	-0.01710 	0.09386 	0.23000 	0.00238 	0.06539 	-0.04508 	-0.06145 	0.00128 	0.00000 	0.01088 	0.11465 	-0.17540 	0.02100 	0.03065 	0.07511 	0.00701 	0.00063	0.04403
Replication53	 0.03271	0.97970	0.92151 	0.92756 	0.92157 	0.92957 	0.92858 	0.93614 	0.92135 	0.92048 	0.93904 	0.91729 	0.93536 	0.93564 	-0.17285 	-0.01879 	-0.40645 	0.08095 	0.03674 	0.19824 	-0.03169 	-0.28108 	0.37595 	-0.16322 	0.19822 	0.16894 	-0.05904 	-0.00642 	-0.13884 	0.03395 	0.01255 	0.15507 	-0.01082 	-0.09601 	0.02907 	-0.05576 	0.06771 	0.12671 	0.01502	0.05817
Replication54	 0.01685	0.99970	0.93315 	0.93832 	0.95957 	0.94175 	0.94909 	0.96870 	1.02238 	1.01132 	0.98989 	1.01311 	1.01651 	0.98995 	-0.28164 	-0.41861 	-0.23124 	0.04910 	0.02420 	0.09911 	0.18580 	0.25237 	0.05998 	-0.04960 	0.24750 	0.04017 	-0.09243 	-0.13739 	-0.07589 	0.04840 	0.00794 	0.09847 	0.06098 	0.08283 	0.05481 	-0.01628 	0.08123 	0.03954 	0.02285	0.15220
Replication55	 0.09807	0.99838	0.85193 	0.88298 	0.93479 	0.88160 	0.89701 	0.93999 	1.00713 	0.99025 	0.96904 	0.99851 	0.99487 	0.96901 	-0.65058 	-0.55240 	0.11959 	0.09359 	0.00007 	0.16915 	0.25644 	0.08573 	0.13071 	0.11455 	0.16560 	0.08316 	-0.21408 	-0.18177 	0.03935 	0.08984 	0.00002 	0.16571 	0.08438 	0.02821 	0.10307 	0.03769 	0.05449 	0.07980 	0.01562	0.28672
Replication56	 0.00477	1.00552	1.05477 	1.03703 	1.01409 	1.04129 	1.03293 	1.01876 	0.97065 	1.00316 	1.01206 	1.00173 	1.00999 	1.01048 	0.36845 	0.18533 	-0.31114 	-0.02874 	0.00000 	-0.02681 	-0.62654 	0.08986 	-0.05303 	0.16713 	0.27217 	-0.00668 	0.11953 	0.06012 	-0.10093 	-0.01596 	0.00000 	-0.01508 	-0.20325 	0.02915 	0.04127 	0.05422 	0.08829 	0.00480 	0.03001	0.06216
Replication57	 0.03570	0.98599	0.91430 	0.95164 	0.95137 	0.94078 	0.94310 	0.95756 	0.92406 	0.94001 	0.95806 	0.92842 	0.95059 	0.95543 	-0.54078 	0.34265 	-0.09879 	0.06567 	0.01340 	0.14031 	-0.25610 	-0.00716 	0.26796 	-0.26918 	0.23304 	0.12304 	-0.18242 	0.11558 	-0.03332 	0.03322 	0.00452 	0.11051 	-0.08639 	-0.00241 	0.02854 	-0.09080 	0.07861 	0.09390 	0.01407	0.06955
Replication58	 0.10463	0.97407	0.92064 	0.91133 	0.92101 	0.92039 	0.92066 	0.92543 	0.84537 	0.86655 	0.91723 	0.85194 	0.89014 	0.91119 	0.09225 	-0.34328 	0.09008 	0.09404 	0.02123 	0.22986 	-0.34932 	-0.43482 	0.48638 	-0.34217 	0.29674 	0.22339 	0.03187 	-0.11859 	0.03112 	0.03397 	0.00733 	0.17469 	-0.12068 	-0.15021 	0.04315 	-0.11821 	0.10251 	0.16944 	0.06438	0.08640
Replication59	 0.04829	0.98680	1.00183 	0.97778 	0.96000 	0.98741 	0.97957 	0.96774 	0.90171 	0.92279 	0.95615 	0.91286 	0.93486 	0.95219 	0.41929 	-0.04993 	-0.26158 	0.03142 	0.02029 	0.11512 	-0.35487 	-0.23997 	0.26649 	-0.19148 	0.16442 	0.12864 	0.14121 	-0.01682 	-0.08809 	0.00085 	0.00683 	0.08704 	-0.11951 	-0.08082 	0.04087 	-0.06449 	0.05537 	0.10118 	0.04784	0.06362
Replication60	 0.01911	1.01343	1.01241 	1.03061 	1.04690 	1.02377 	1.03059 	1.03949 	1.06555 	1.05790 	1.04675 	1.06911 	1.06761 	1.04740 	-0.30537 	0.01075 	0.31493 	-0.02539 	0.00000 	-0.08483 	0.02350 	-0.12426 	-0.21967 	0.26577 	0.24406 	-0.08832 	-0.09751 	0.00343 	0.10056 	0.00572 	0.00000 	-0.05625 	0.00750 	-0.03968 	0.00990 	0.08486 	0.07793 	-0.06038 	0.01117	0.03609
Replication61	 0.16715	0.97836	0.89328 	0.90359 	0.91562 	0.90605 	0.90680 	0.91734 	0.78285 	0.84722 	0.90636 	0.80440 	0.85912 	0.89925 	-0.16368 	-0.15381 	0.24772 	0.09931 	0.00000 	0.24463 	-0.73774 	0.20941 	0.48074 	-0.67920 	0.32908 	0.24266 	-0.05606 	-0.05268 	0.08485 	0.04918 	0.00000 	0.19859 	-0.25269 	0.07173 	0.11083 	-0.23263 	0.11271 	0.19763 	0.11912	0.23146
Replication62	 0.05557	0.98425	0.91188 	0.89443 	0.90334 	0.90809 	0.90960 	0.92349 	0.95177 	0.94326 	0.94096 	0.95754 	0.95837 	0.93841 	0.02220 	-0.55994 	-0.56642 	0.09103 	0.03209 	0.22364 	-0.01005 	-0.30411 	0.33163 	0.29360 	0.25477 	0.15870 	0.00752 	-0.18954 	-0.19173 	0.05456 	0.01086 	0.19014 	-0.00340 	-0.10294 	0.06247 	0.09938 	0.08624 	0.12593 	0.03285	0.14949
Replication63	 0.01649	1.01317	1.02968 	1.02172 	1.01713 	1.02430 	1.02352 	1.02360 	1.06021 	1.05791 	1.03541 	1.06649 	1.06377 	1.03592 	0.04420 	-0.08041 	-0.36835 	-0.02546 	0.00516 	-0.04652 	-0.04815 	0.21164 	-0.18505 	0.23968 	0.29779 	-0.06521 	0.01412 	-0.02569 	-0.11768 	0.00503 	0.00165 	-0.01851 	-0.01538 	0.06761 	0.03999 	0.07657 	0.09514 	-0.03782 	0.02068	0.08504
Replication64	 0.12191	0.96612	0.85253 	0.85008 	0.87108 	0.86094 	0.86338 	0.88410 	0.84116 	0.84558 	0.88710 	0.82809 	0.86397 	0.88137 	-0.11181 	-0.51046 	-0.09867 	0.14571 	0.00000 	0.33715 	-0.04155 	-0.33131 	0.64028 	-0.47971 	0.18258 	0.29094 	-0.03925 	-0.17917 	-0.03463 	0.06724 	0.00000 	0.26507 	-0.01458 	-0.11629 	0.06122 	-0.16838 	0.06409 	0.22045 	0.02314	0.12575
Replication65	 0.11743	0.97673	0.83257 	0.85413 	0.84896 	0.85524 	0.85355 	0.88204 	0.89891 	0.90721 	0.90417 	0.91562 	0.91846 	0.90077 	-0.50418 	-0.05573 	-0.90729 	0.13748 	0.00000 	0.33079 	-0.24614 	-0.04753 	0.50086 	0.24242 	0.27468 	0.24133 	-0.17325 	-0.01915 	-0.31177 	0.08360 	0.00000 	0.28129 	-0.08458 	-0.01633 	0.10320 	0.08330 	0.09439 	0.19293 	0.03330	0.23363
Replication66	 0.09881	0.96715	0.85369 	0.85119 	0.87442 	0.86212 	0.86545 	0.88763 	0.86792 	0.85655 	0.89362 	0.86073 	0.88068 	0.88809 	-0.12421 	-0.54367 	-0.11489 	0.14367 	0.00000 	0.32762 	0.06187 	-0.72897 	0.61287 	-0.06405 	0.16378 	0.27651 	-0.04351 	-0.19044 	-0.04024 	0.06759 	0.00000 	0.25774 	0.02167 	-0.25535 	0.05144 	-0.02244 	0.05737 	0.20817 	0.01053	0.11200
Replication67	 0.05438	1.02417	1.05992 	1.05065 	1.04935 	1.05260 	1.05293 	1.05143 	1.08824 	1.09573 	1.06436 	1.10438 	1.09684 	1.06588 	0.08013 	-0.10173 	-0.24793 	-0.05842 	0.00000 	-0.12480 	-0.23415 	0.49100 	-0.36168 	0.36169 	0.32356 	-0.13622 	0.02504 	-0.03179 	-0.07748 	-0.00244 	0.00000 	-0.07339 	-0.07318 	0.15345 	0.05142 	0.11303 	0.10112 	-0.08593 	0.00855	0.09986
Replication68	 0.00246	0.99254	0.96448 	0.97155 	0.97129 	0.97091 	0.97092 	0.97737 	0.95755 	0.97477 	0.98092 	0.96107 	0.98422 	0.97931 	-0.15476 	0.00692 	-0.17105 	0.03656 	0.00000 	0.08599 	-0.26964 	0.23948 	0.14677 	-0.32598 	0.32978 	0.06877 	-0.05153 	0.00231 	-0.05695 	0.01928 	0.00000 	0.07011 	-0.08977 	0.07973 	0.01923 	-0.10853 	0.10980 	0.05324 	0.00716	0.04692
Replication69	 0.04479	0.98240	0.92415 	0.94716 	0.94515 	0.94172 	0.94200 	0.95167 	0.90521 	0.92178 	0.94927 	0.91959 	0.93965 	0.94554 	-0.34125 	0.19887 	-0.10185 	0.06915 	0.01094 	0.15822 	-0.35259 	-0.33600 	0.32372 	-0.03246 	0.27641 	0.14645 	-0.11594 	0.06757 	-0.03460 	0.02839 	0.00372 	0.12078 	-0.11979 	-0.11416 	0.02292 	-0.01103 	0.09391 	0.10983 	0.01961	0.05160
Replication70	 0.11838	0.96955	0.87293 	0.87660 	0.88929 	0.88318 	0.88477 	0.90058 	0.83162 	0.85993 	0.90034 	0.86031 	0.87608 	0.89495 	-0.15454 	-0.31720 	-0.10188 	0.12585 	0.01272 	0.29408 	-0.50938 	-0.45109 	0.57319 	0.12120 	0.17420 	0.26038 	-0.05387 	-0.11058 	-0.03552 	0.05532 	0.00443 	0.22930 	-0.17757 	-0.15725 	0.05273 	0.04225 	0.06073 	0.19702 	0.02754	0.10700
Replication71	 -1.51855	0.99908	0.98569 	0.98071 	0.99760 	0.98496 	0.98919 	0.99643 	0.98699 	1.00399 	1.00233 	0.98708 	1.00840 	1.00207 	0.00383 	-0.35347 	0.13494 	0.01896 	0.00000 	0.03344 	-0.22749 	0.45566 	0.02978 	-0.40886 	0.29724 	0.01672 	0.00126 	-0.11615 	0.04434 	0.01682 	0.00000 	0.03147 	-0.07476 	0.14973 	0.01398 	-0.13436 	0.09768 	0.01480 	0.00075	0.04481
Replication72	 0.01505	1.00566	1.06505 	1.04872 	1.00620 	1.05095 	1.03681 	1.01703 	0.99708 	0.99595 	1.00735 	0.99713 	1.00645 	1.00518 	0.40048 	0.53393 	-0.63538 	-0.03580 	0.00000 	-0.02282 	-0.03958 	-0.25617 	-0.04079 	-0.02558 	0.14698 	0.00370 	0.12988 	0.17316 	-0.20606 	-0.02270 	0.00000 	-0.01079 	-0.01284 	-0.08308 	0.05589 	-0.00830 	0.04767 	0.01547 	0.02899	0.07832
Replication73	 0.01238	0.98901	0.95551 	0.93959 	0.93762 	0.94926 	0.94694 	0.95318 	0.96750 	0.96755 	0.96355 	0.96145 	0.97184 	0.96225 	0.09984 	-0.32071 	-0.51024 	0.05611 	0.00000 	0.14758 	0.02120 	0.17451 	0.22646 	-0.19969 	0.16529 	0.10635 	0.03348 	-0.10753 	-0.17108 	0.03066 	0.00000 	0.12420 	0.00711 	0.05851 	0.03868 	-0.06696 	0.05542 	0.08349 	0.03331	0.08599
Replication74	 -1.27038	1.00439	1.02961 	1.02547 	1.03636 	1.02676 	1.02952 	1.02836 	1.02436 	1.01598 	1.02617 	1.02636 	1.03479 	1.02503 	0.09905 	-0.15892 	0.35334 	-0.01706 	0.00000 	-0.04859 	-0.00440 	-0.51988 	-0.08370 	0.17231 	0.27223 	-0.03446 	0.03220 	-0.05167 	0.11488 	-0.00688 	0.00000 	-0.03924 	-0.00143 	-0.16903 	-0.00861 	0.05602 	0.08851 	-0.02531 	0.02992	0.01055
Replication75	 -1.53162	0.99998	1.01082 	0.99937 	1.00110 	1.00440 	1.00458 	1.00299 	0.97979 	1.00486 	1.00459 	0.99688 	1.00604 	1.00425 	0.14501 	-0.19437 	-0.06738 	0.00403 	0.01776 	0.01680 	-0.42417 	0.33859 	0.01564 	-0.06643 	0.20382 	0.01146 	0.04756 	-0.06376 	-0.02210 	0.00397 	0.00582 	0.01674 	-0.13914 	0.11106 	0.01522 	-0.02179 	0.06686 	0.01141 	0.00073	0.03186
Replication76	 0.00821	0.98679	0.95471 	0.95428 	0.95139 	0.95718 	0.95542 	0.96052 	0.97144 	0.94703 	0.96279 	0.94922 	0.96513 	0.95978 	-0.04906 	-0.06957 	-0.25682 	0.05303 	0.00000 	0.13240 	0.36974 	-0.52010 	0.24766 	-0.18453 	0.15813 	0.11357 	-0.01652 	-0.02343 	-0.08649 	0.02243 	0.00000 	0.10429 	0.12452 	-0.17516 	0.02182 	-0.06215 	0.05325 	0.08608 	0.00555	0.04865
Replication77	 0.02335	0.98752	0.95449 	0.94893 	0.95246 	0.95435 	0.95400 	0.96026 	0.92665 	0.95473 	0.96348 	0.94321 	0.95731 	0.96181 	0.00413 	-0.22385 	-0.18410 	0.05420 	0.00000 	0.13222 	-0.43391 	0.25799 	0.23938 	-0.14947 	0.18768 	0.10877 	0.00139 	-0.07528 	-0.06191 	0.02530 	0.00000 	0.10568 	-0.14592 	0.08676 	0.02616 	-0.05026 	0.06312 	0.08281 	0.00695	0.05786
Replication78	 0.12034	0.97783	0.94545 	0.95073 	0.92543 	0.95038 	0.94071 	0.93488 	0.82966 	0.85741 	0.91637 	0.83139 	0.87459 	0.90941 	0.00485 	0.37262 	-0.22392 	0.06826 	0.00000 	0.20324 	-0.35252 	-0.29459 	0.45666 	-0.54809 	0.19006 	0.22303 	0.00166 	0.12776 	-0.07678 	0.01691 	0.00000 	0.15608 	-0.12087 	-0.10101 	0.07778 	-0.18793 	0.06517 	0.17690 	0.09959	0.13570
Replication79	 -1.34398	1.00171	1.00051 	1.02492 	1.01585 	1.01459 	1.01390 	1.01527 	0.99607 	1.00353 	1.01185 	0.99052 	1.01330 	1.01071 	-0.31524 	0.48210 	-0.00312 	-0.00526 	0.00000 	-0.01441 	-0.10015 	0.11677 	-0.01986 	-0.38934 	0.27293 	-0.00319 	-0.10305 	0.15759 	-0.00102 	-0.00130 	0.00000 	-0.01078 	-0.03274 	0.03817 	0.00933 	-0.12727 	0.08921 	0.00037 	0.02123	0.01852
Replication80	 0.07288	0.97300	0.88141 	0.89158 	0.87712 	0.89367 	0.88844 	0.90180 	0.88512 	0.88501 	0.90800 	0.87795 	0.90513 	0.90309 	-0.25307 	0.05997 	-0.69413 	0.11435 	0.00000 	0.28750 	-0.04104 	-0.27671 	0.52181 	-0.27523 	0.29512 	0.24061 	-0.08761 	0.02076 	-0.24031 	0.05183 	0.00000 	0.23007 	-0.01421 	-0.09580 	0.06041 	-0.09529 	0.10217 	0.18444 	0.02083	0.11647
Replication81	 0.05496	0.98033	0.92411 	0.92164 	0.93536 	0.92781 	0.92979 	0.94062 	0.90378 	0.91805 	0.94121 	0.89504 	0.92499 	0.93831 	-0.04464 	-0.33667 	0.01760 	0.08148 	0.00000 	0.18686 	-0.13001 	0.11152 	0.36441 	-0.55654 	0.15612 	0.16297 	-0.01523 	-0.11486 	0.00600 	0.03593 	0.00000 	0.14501 	-0.04436 	0.03805 	0.02824 	-0.18987 	0.05326 	0.12205 	0.01309	0.06422
Replication82	 0.11571	0.96719	0.86352 	0.87334 	0.87703 	0.87735 	0.87629 	0.89284 	0.83429 	0.85401 	0.89273 	0.84693 	0.86652 	0.88743 	-0.22819 	-0.15413 	-0.27221 	0.13275 	0.00000 	0.31510 	-0.32209 	-0.34182 	0.61509 	-0.11361 	0.10527 	0.27778 	-0.07993 	-0.05399 	-0.09534 	0.05675 	0.00000 	0.24530 	-0.11281 	-0.11972 	0.05428 	-0.03979 	0.03687 	0.20951 	0.01393	0.10113
Replication83	 0.17822	0.96825	0.84141 	0.87198 	0.87603 	0.86846 	0.86799 	0.88616 	0.78051 	0.81207 	0.87669 	0.77178 	0.82851 	0.86863 	-0.42420 	0.09869 	-0.01174 	0.13786 	0.00000 	0.32995 	-0.30114 	-0.11140 	0.65174 	-0.79418 	0.21050 	0.31404 	-0.14826 	0.03449 	-0.00410 	0.06434 	0.00000 	0.26242 	-0.10525 	-0.03893 	0.10918 	-0.27757 	0.07357 	0.24799 	0.10012	0.21787
Replication84	 0.02962	1.01490	0.98339 	0.99538 	1.01619 	0.99312 	1.00083 	1.01696 	1.07962 	1.06633 	1.03648 	1.06733 	1.06929 	1.03780 	-0.33034 	-0.24320 	-0.00715 	-0.00520 	0.00000 	-0.03250 	0.26610 	0.42630 	-0.20289 	-0.08239 	0.27473 	-0.07076 	-0.10517 	-0.07743 	-0.00228 	0.02931 	0.00000 	-0.00081 	0.08472 	0.13572 	0.05175 	-0.02623 	0.08747 	-0.03976 	0.00730	0.13729
Replication85	 0.01124	0.99102	0.99158 	0.96719 	0.98368 	0.97925 	0.98207 	0.98126 	0.95287 	0.95724 	0.97828 	0.93876 	0.96975 	0.97603 	0.33884 	-0.55421 	0.22979 	0.03237 	0.02713 	0.07830 	-0.01195 	-0.03075 	0.16728 	-0.55255 	0.23347 	0.07686 	0.11315 	-0.18508 	0.07674 	0.01156 	0.00906 	0.05919 	-0.00399 	-0.01027 	0.01377 	-0.18452 	0.07797 	0.05817 	0.03457	0.03576
Replication86	 0.20289	0.96043	0.83871 	0.81539 	0.83686 	0.83618 	0.83572 	0.85265 	0.74711 	0.78165 	0.84925 	0.75586 	0.80378 	0.84030 	0.14890 	-0.72801 	-0.10008 	0.16998 	0.00000 	0.41842 	-0.42458 	-0.34986 	0.79693 	-0.46746 	0.24270 	0.37850 	0.05286 	-0.25847 	-0.03553 	0.07833 	0.00000 	0.33424 	-0.15074 	-0.12421 	0.12061 	-0.16596 	0.08617 	0.29617 	0.08545	0.23347
Replication87	 0.06518	0.97559	0.89992 	0.88482 	0.90962 	0.89853 	0.90338 	0.91802 	0.88553 	0.90065 	0.92348 	0.88865 	0.91022 	0.92023 	0.05572 	-0.66745 	-0.02404 	0.10789 	0.02586 	0.24595 	-0.22341 	-0.07056 	0.45548 	-0.26810 	0.16348 	0.20383 	0.01919 	-0.22988 	-0.00828 	0.05136 	0.00891 	0.19403 	-0.07695 	-0.02430 	0.03838 	-0.09234 	0.05630 	0.15305 	0.00462	0.08949
Replication88	 0.05065	1.02066	1.10065 	1.08422 	1.07385 	1.08655 	1.08261 	1.06732 	1.08381 	1.05772 	1.06114 	1.04535 	1.07252 	1.06035 	0.40112 	0.10624 	0.10632 	-0.07860 	0.00000 	-0.15907 	0.60203 	-0.09780 	-0.32246 	-0.66215 	0.27823 	-0.12157 	0.12624 	0.03343 	0.03346 	-0.03076 	0.00000 	-0.11513 	0.18947 	-0.03078 	0.03058 	-0.20839 	0.08757 	-0.07859 	0.05230	0.03710
Replication89	 0.03421	0.98163	0.95829 	0.94923 	0.93122 	0.95483 	0.94791 	0.94624 	0.92846 	0.92168 	0.94329 	0.91579 	0.93091 	0.93994 	0.10431 	0.03364 	-0.49145 	0.06067 	0.00703 	0.17203 	0.12041 	-0.30131 	0.34734 	-0.25083 	0.03634 	0.15836 	0.03549 	0.01145 	-0.16723 	0.01814 	0.00239 	0.13297 	0.04097 	-0.10253 	0.03346 	-0.08535 	0.01236 	0.12015 	0.00346	0.05227
Replication90	 0.05504	0.97831	0.90427 	0.89496 	0.90897 	0.90537 	0.90696 	0.92201 	0.90687 	0.91968 	0.93049 	0.90253 	0.92180 	0.92821 	-0.02546 	-0.48188 	-0.25071 	0.09986 	0.00000 	0.23351 	-0.12257 	0.21647 	0.41231 	-0.39333 	0.10934 	0.18516 	-0.00872 	-0.16507 	-0.08588 	0.04961 	0.00000 	0.18736 	-0.04199 	0.07415 	0.04154 	-0.13473 	0.03745 	0.14002 	0.01731	0.09376
Replication91	 0.17475	0.96447	0.77868 	0.80836 	0.83280 	0.81073 	0.81527 	0.85166 	0.79977 	0.81345 	0.85980 	0.77525 	0.83354 	0.85248 	-0.52138 	-0.29380 	-0.19009 	0.18348 	0.00000 	0.41648 	-0.06389 	-0.01949 	0.73228 	-0.86004 	0.31414 	0.35008 	-0.18361 	-0.10347 	-0.06694 	0.10119 	0.00000 	0.34091 	-0.02250 	-0.00686 	0.12507 	-0.30288 	0.11063 	0.27616 	0.04776	0.26771
Replication92	 0.02004	0.98822	0.96503 	0.97303 	0.96803 	0.97159 	0.96968 	0.97195 	0.96612 	0.94172 	0.96738 	0.92996 	0.95944 	0.96394 	-0.10802 	0.12233 	-0.06631 	0.04107 	0.00000 	0.10352 	0.47348 	-0.43767 	0.22228 	-0.56671 	0.13993 	0.10381 	-0.03627 	0.04108 	-0.02227 	0.01380 	0.00000 	0.07847 	0.15901 	-0.14698 	0.02098 	-0.19031 	0.04699 	0.07931 	0.02773	0.04378
Replication93	 0.07152	1.02701	1.06315 	1.06009 	1.07212 	1.05987 	1.06455 	1.06632 	1.12152 	1.10760 	1.07815 	1.10933 	1.10909 	1.08016 	-0.00437 	-0.18839 	0.13486 	-0.06691 	0.00000 	-0.16343 	0.29538 	0.41444 	-0.42535 	-0.05761 	0.23371 	-0.16757 	-0.00136 	-0.05854 	0.04191 	-0.00434 	0.00000 	-0.10597 	0.09179 	0.12879 	0.03633 	-0.01790 	0.07262 	-0.11137 	0.00477	0.07196
Replication94	 0.00101	1.00601	1.03589 	1.03125 	1.03917 	1.03233 	1.03434 	1.03206 	1.01382 	1.02450 	1.03005 	1.02367 	1.03676 	1.02954 	0.10841 	-0.11800 	0.29225 	-0.02292 	0.00000 	-0.05915 	-0.26754 	-0.05899 	-0.10861 	-0.00941 	0.31447 	-0.04509 	0.03513 	-0.03824 	0.09471 	-0.00899 	0.00000 	-0.04636 	-0.08670 	-0.01912 	-0.00583 	-0.00305 	0.10191 	-0.03258 	0.02541	0.00911
Replication95	 0.01285	0.99560	0.93715 	0.94556 	0.95791 	0.94668 	0.95065 	0.96734 	1.00383 	0.99637 	0.98303 	1.00827 	1.00030 	0.98269 	-0.27495 	-0.23217 	-0.25681 	0.05033 	0.00000 	0.10671 	0.04260 	-0.04800 	0.11459 	0.30181 	0.11037 	0.05887 	-0.09098 	-0.07682 	-0.08498 	0.04013 	0.00000 	0.09735 	0.01410 	-0.01588 	0.03937 	0.09987 	0.03652 	0.04972 	0.02666	0.10839
Replication96	 0.13299	0.98144	0.81701 	0.86410 	0.87409 	0.85606 	0.86253 	0.89792 	0.91041 	0.92468 	0.91947 	0.92877 	0.93004 	0.91714 	-0.78944 	0.06286 	-0.58666 	0.13145 	0.04104 	0.28780 	-0.29966 	0.11416 	0.41697 	0.19042 	0.21309 	0.20389 	-0.26873 	0.02140 	-0.19970 	0.08846 	0.01397 	0.24832 	-0.10201 	0.03886 	0.09976 	0.06482 	0.07254 	0.16528 	0.01407	0.24296
Replication97	 0.00036	1.00536	1.02608 	1.01984 	1.04064 	1.02267 	1.02793 	1.02891 	0.99191 	1.02192 	1.02584 	1.01019 	1.01713 	1.02652 	0.12034 	-0.32713 	0.56480 	-0.01526 	0.00000 	-0.05092 	-0.46849 	0.39455 	-0.09100 	-0.11638 	0.07030 	-0.03841 	0.03905 	-0.10615 	0.18328 	-0.00285 	0.00000 	-0.03952 	-0.15203 	0.12803 	0.00057 	-0.03776 	0.02281 	-0.02726 	0.04242	0.00818
Replication98	 0.03075	0.98166	0.95552 	0.94202 	0.94092 	0.95041 	0.94771 	0.94956 	0.91925 	0.92040 	0.94783 	0.91960 	0.94232 	0.94384 	0.15327 	-0.24060 	-0.19775 	0.06380 	0.00249 	0.16406 	-0.11517 	-0.47441 	0.33414 	-0.11588 	0.28517 	0.15060 	0.05215 	-0.08186 	-0.06728 	0.02133 	0.00085 	0.12505 	-0.03919 	-0.16142 	0.02072 	-0.03943 	0.09703 	0.11244 	0.00973	0.04039
Replication99	 0.07359	1.02906	1.11955 	1.10078 	1.12359 	1.10488 	1.11075 	1.10172 	1.09824 	1.10273 	1.09708 	1.09945 	1.10639 	1.09898 	0.44234 	-0.40503 	0.91632 	-0.10142 	0.00000 	-0.25028 	-0.09247 	0.17458 	-0.49683 	-0.09731 	0.18924 	-0.20711 	0.13690 	-0.12535 	0.28358 	-0.03412 	0.00000 	-0.18847 	-0.02862 	0.05403 	-0.00023 	-0.03011 	0.05857 	-0.14665 	0.07205	0.02048