
Replication	FitnessValue	Frequency	Bus1	Bus2	Bus3	Bus4	Bus5	Bus6	Bus7	Bus8	Bus9	Bus10	Bus11	Bus12	Bus1_P	Bus2_P	Bus3_P	Bus4_P	Bus5_P	Bus6_P	Bus7_P	Bus8_P	Bus9_P	Bus10_P	Bus11_P	Bus12_P	Bus1_Q	Bus2_Q	Bus3_Q	Bus4_Q	Bus5_Q	Bus6_Q	Bus7_Q	Bus8_Q	Bus9_Q	Bus10_Q	Bus11_Q	Bus12_Q	PLoss	QLoss
Replication0	 0.10931	0.97244	0.85708 	0.84069 	0.88054 	0.85834 	0.86539 	0.89133 	0.85516 	0.88105 	0.90354 	0.87676 	0.89303 	0.89975 	0.00000 	-0.88943 	0.00000 	0.14025 	0.00000 	0.31313 	-0.44285 	-0.12704 	0.53935 	0.00000 	0.22903 	0.24784 	0.00000 	-0.30827 	0.00000 	0.07641 	0.00000 	0.25451 	-0.15349 	-0.04403 	0.06832 	0.00000 	0.07938 	0.19050 	0.01029	0.16334
Replication1	 0.02775	0.98308	0.92237 	0.92947 	0.92225 	0.93090 	0.92890 	0.93891 	0.93624 	0.93672 	0.94603 	0.92634 	0.95002 	0.94319 	-0.20583 	0.00000 	-0.50571 	0.07609 	0.01178 	0.18801 	0.00000 	0.00000 	0.32717 	-0.34909 	0.28176 	0.15042 	-0.06984 	0.00000 	-0.17158 	0.03690 	0.00400 	0.15201 	0.00000 	0.00000 	0.03795 	-0.11844 	0.09560 	0.11521 	0.02540	0.08181
Replication2	 0.03305	0.98230	0.92628 	0.91695 	0.92506 	0.92582 	0.92621 	0.93757 	0.92630 	0.93508 	0.94603 	0.93555 	0.95071 	0.94323 	0.00000 	-0.38602 	-0.29922 	0.08062 	0.00000 	0.19205 	-0.23149 	-0.16797 	0.33378 	0.00000 	0.30740 	0.15113 	0.00000 	-0.13118 	-0.10168 	0.03964 	0.00000 	0.15441 	-0.07866 	-0.05708 	0.03134 	0.00000 	0.10446 	0.11432 	0.01971	0.07556
Replication3	 0.04220	0.98078	0.95431 	0.95549 	0.95280 	0.95749 	0.95511 	0.95646 	0.91472 	0.91173 	0.94801 	0.90780 	0.92905 	0.94393 	0.00000 	0.00000 	0.00000 	0.05977 	0.00000 	0.14850 	0.00000 	-0.56393 	0.34119 	-0.20744 	0.10789 	0.15133 	0.00000 	0.00000 	0.00000 	0.01525 	0.00000 	0.10761 	0.00000 	-0.19222 	0.01264 	-0.07071 	0.03677 	0.11134 	0.03732	0.02068
Replication4	 0.09702	0.97188	0.85298 	0.86276 	0.88270 	0.86840 	0.87210 	0.89637 	0.87313 	0.87856 	0.90458 	0.85494 	0.89216 	0.90026 	-0.28410 	-0.38015 	-0.16609 	0.13371 	0.00000 	0.30167 	0.00000 	0.00000 	0.54113 	-0.62323 	0.23332 	0.24739 	-0.09858 	-0.13190 	-0.05763 	0.06859 	0.00000 	0.24186 	0.00000 	0.00000 	0.06059 	-0.21625 	0.08096 	0.18890 	0.00364	0.13653
Replication5	 0.04063	0.98399	0.92118 	0.90937 	0.92218 	0.91992 	0.92154 	0.93558 	0.94423 	0.94307 	0.94814 	0.93518 	0.95922 	0.94561 	0.00000 	-0.49472 	-0.32107 	0.08288 	0.00000 	0.19500 	0.00000 	0.00000 	0.31335 	-0.30626 	0.36228 	0.14464 	0.00000 	-0.16755 	-0.10874 	0.04581 	0.00000 	0.16095 	0.00000 	0.00000 	0.03975 	-0.10372 	0.12269 	0.11133 	0.02389	0.10053
Replication6	 0.19786	0.96135	0.85133 	0.86038 	0.86304 	0.86537 	0.86295 	0.87368 	0.77406 	0.77865 	0.85848 	0.75214 	0.80000 	0.84905 	-0.14890 	-0.11518 	0.00000 	0.14806 	0.01507 	0.36715 	0.00000 	-0.65571 	0.76272 	-0.63812 	0.02711 	0.36014 	-0.05277 	-0.04082 	0.00000 	0.05855 	0.00534 	0.28493 	0.00000 	-0.23237 	0.10216 	-0.22613 	0.00961 	0.27973 	0.12234	0.18823
Replication7	 0.02217	0.98979	0.93976 	0.92783 	0.94323 	0.93765 	0.94138 	0.95382 	0.97554 	0.97254 	0.96764 	0.97466 	0.98126 	0.96648 	0.00000 	-0.52009 	-0.26143 	0.06350 	0.02091 	0.14523 	0.00000 	0.00000 	0.20816 	0.00000 	0.21895 	0.09713 	0.00000 	-0.17411 	-0.08752 	0.03985 	0.00700 	0.12351 	0.00000 	0.00000 	0.03365 	0.00000 	0.07330 	0.07588 	0.02762	0.09157
Replication8	 0.20521	0.96043	0.82719 	0.83505 	0.84347 	0.84248 	0.84086 	0.85930 	0.74479 	0.78384 	0.85248 	0.76138 	0.80237 	0.84365 	-0.19494 	-0.25714 	-0.14008 	0.16548 	0.00000 	0.40252 	-0.48925 	-0.37500 	0.78773 	-0.35972 	0.17323 	0.37184 	-0.06921 	-0.09129 	-0.04973 	0.07383 	0.00000 	0.31834 	-0.17370 	-0.13313 	0.11141 	-0.12771 	0.06150 	0.28950 	0.08466	0.20981
Replication9	 0.08032	0.97817	0.87672 	0.86968 	0.90554 	0.88189 	0.88939 	0.91432 	0.90559 	0.91761 	0.92806 	0.91157 	0.92633 	0.92572 	-0.10509 	-0.74101 	0.00000 	0.11678 	0.00000 	0.25205 	-0.20991 	0.00000 	0.42039 	-0.12840 	0.19758 	0.19023 	-0.03601 	-0.25390 	0.00000 	0.06623 	0.00000 	0.20561 	-0.07192 	0.00000 	0.04731 	-0.04400 	0.06770 	0.14482 	0.00738	0.12584
Replication10	 0.03191	0.98976	0.93060 	0.91809 	0.94824 	0.92924 	0.93598 	0.95364 	0.97401 	0.97204 	0.96825 	0.97366 	0.97916 	0.96744 	0.00000 	-0.70345 	0.00000 	0.06954 	0.00000 	0.14569 	-0.00838 	0.00000 	0.20662 	0.00000 	0.17842 	0.09525 	0.00000 	-0.23550 	0.00000 	0.04583 	0.00000 	0.12391 	-0.00280 	0.00000 	0.03169 	0.00000 	0.05973 	0.07395 	0.01631	0.09682
Replication11	 0.00767	0.98828	0.94233 	0.95807 	0.96586 	0.95522 	0.95787 	0.96921 	0.96063 	0.95879 	0.97193 	0.95419 	0.97266 	0.96986 	-0.27309 	-0.00881 	0.00000 	0.05269 	0.00000 	0.11003 	0.00000 	-0.19443 	0.20879 	-0.21325 	0.22668 	0.09198 	-0.09170 	-0.00296 	0.00000 	0.02556 	0.00000 	0.08510 	0.00000 	-0.06529 	0.00852 	-0.07161 	0.07611 	0.06760 	0.00058	0.03135
Replication12	 0.14141	0.96540	0.80859 	0.81196 	0.83926 	0.82392 	0.82908 	0.86113 	0.85089 	0.84985 	0.87697 	0.84978 	0.87388 	0.87145 	-0.27864 	-0.60720 	-0.34506 	0.17297 	0.01608 	0.39285 	-0.08285 	-0.44893 	0.67532 	-0.10921 	0.29855 	0.31141 	-0.09795 	-0.21344 	-0.12129 	0.09285 	0.00565 	0.31926 	-0.02912 	-0.15780 	0.08402 	-0.03839 	0.10494 	0.23943 	0.00470	0.18817
Replication13	 0.02553	0.98415	0.92447 	0.93826 	0.94142 	0.93705 	0.93800 	0.95058 	0.94539 	0.94061 	0.95556 	0.94050 	0.95951 	0.95261 	-0.27038 	-0.01809 	-0.20533 	0.07046 	0.00000 	0.15896 	0.00000 	-0.33071 	0.29081 	-0.12430 	0.28784 	0.13056 	-0.09154 	-0.00613 	-0.06952 	0.03375 	0.00000 	0.12525 	0.00000 	-0.11197 	0.01994 	-0.04208 	0.09745 	0.09759 	0.01018	0.05275
Replication14	 0.17419	0.96166	0.80612 	0.81965 	0.84447 	0.82716 	0.83254 	0.85919 	0.77581 	0.80663 	0.86067 	0.78619 	0.82355 	0.85344 	-0.32192 	-0.43155 	-0.06561 	0.17500 	0.03800 	0.40147 	-0.40016 	-0.27186 	0.75382 	-0.36789 	0.19351 	0.35109 	-0.11401 	-0.15283 	-0.02324 	0.08620 	0.01346 	0.31991 	-0.14172 	-0.09628 	0.09854 	-0.13029 	0.06853 	0.27132 	0.05390	0.19960
Replication15	 0.08009	0.97567	0.92813 	0.92631 	0.91812 	0.93084 	0.92624 	0.92952 	0.87108 	0.88532 	0.92345 	0.86991 	0.90143 	0.91849 	0.00000 	-0.02903 	-0.25405 	0.08472 	0.00000 	0.21837 	-0.21116 	-0.26420 	0.45496 	-0.38361 	0.20326 	0.20722 	0.00000 	-0.01000 	-0.08748 	0.02836 	0.00000 	0.16660 	-0.07272 	-0.09098 	0.03908 	-0.13210 	0.06999 	0.15659 	0.02648	0.06736
Replication16	 -1.43367	0.99530	0.97720 	0.97150 	0.98457 	0.97639 	0.98026 	0.98673 	0.99605 	0.99267 	0.99320 	0.99506 	1.00246 	0.99238 	0.00000 	-0.33399 	0.00000 	0.02945 	0.02109 	0.06065 	0.00000 	-0.11392 	0.08811 	0.00000 	0.19806 	0.03990 	0.00000 	-0.11058 	0.00000 	0.01857 	0.00698 	0.05065 	0.00000 	-0.03772 	0.00780 	0.00000 	0.06558 	0.03013 	0.01066	0.03141
Replication17	 0.04507	0.98571	0.90493 	0.92562 	0.94454 	0.92337 	0.92924 	0.94993 	0.94609 	0.95177 	0.95887 	0.94592 	0.96095 	0.95721 	-0.39366 	-0.16617 	0.00000 	0.07842 	0.00000 	0.15886 	-0.10810 	0.00000 	0.26803 	-0.17417 	0.20911 	0.11981 	-0.13286 	-0.05608 	0.00000 	0.04533 	0.00000 	0.12846 	-0.03649 	0.00000 	0.02382 	-0.05878 	0.07058 	0.09008 	0.00787	0.07406
Replication18	 0.12213	0.97362	0.92292 	0.92431 	0.91924 	0.92785 	0.92393 	0.92517 	0.82787 	0.85306 	0.91088 	0.83161 	0.87126 	0.90429 	0.00000 	0.00000 	0.00000 	0.08923 	0.00821 	0.23094 	-0.34273 	-0.37151 	0.50833 	-0.45627 	0.18248 	0.23758 	0.00000 	0.00000 	0.00000 	0.02812 	0.00284 	0.17482 	-0.11851 	-0.12846 	0.05743 	-0.15777 	0.06310 	0.18270 	0.08625	0.10426
Replication19	 0.00081	0.99419	0.98592 	0.98326 	0.97631 	0.98532 	0.98287 	0.98422 	0.97730 	0.98431 	0.98721 	0.98402 	0.99265 	0.98590 	0.00000 	0.00000 	-0.29607 	0.02435 	0.00000 	0.06782 	-0.17241 	-0.01844 	0.11468 	0.00000 	0.21075 	0.05394 	0.00000 	0.00000 	-0.09825 	0.01091 	0.00000 	0.05547 	-0.05721 	-0.00612 	0.01543 	0.00000 	0.06993 	0.04186 	0.01537	0.03203
Replication20	 0.10867	0.97495	0.05427	0.10042
Replication21	 0.05462	0.98455	0.91335 	0.91434 	0.91806 	0.91907 	0.91760 	0.92450 	0.84133 	0.87221 	0.91662 	0.84506 	0.88276 	0.91146 	-0.04435 	-0.15356 	0.00000 	0.09395 	0.00000 	0.23112 	-0.37329 	-0.03584 	0.48054 	-0.53901 	0.17276 	0.22195 	-0.01529 	-0.05296 	0.00000 	0.03594 	0.00000 	0.17784 	-0.12873 	-0.01236 	0.05245 	-0.18588 	0.05958 	0.16983 	0.00624	0.08021
Replication22	 0.14594	0.97337	0.89538 	0.92062 	0.93978 	0.91698 	0.92313 	0.94555 	0.94558 	0.94667 	0.95434 	0.93899 	0.95352 	0.95270 	-0.45083 	-0.12386 	0.00000 	0.08433 	0.00000 	0.17057 	0.00000 	0.00000 	0.29088 	-0.24453 	0.13723 	0.12997 	-0.15251 	-0.04190 	0.00000 	0.04855 	0.00000 	0.13771 	0.00000 	0.00000 	0.02683 	-0.08272 	0.04642 	0.09782 	0.09810	0.15587
Replication23	 0.29878	0.93742	0.91402 	0.91494 	0.90840 	0.91915 	0.91414 	0.91584 	0.80406 	0.84069 	0.90060 	0.80470 	0.85036 	0.89375 	0.00000 	0.00000 	-0.03379 	0.09573 	0.00166 	0.25352 	-0.38728 	-0.06536 	0.53978 	-0.67966 	0.11474 	0.25878 	0.00000 	0.00000 	-0.01169 	0.03406 	0.00057 	0.19688 	-0.13398 	-0.02261 	0.08469 	-0.23513 	0.03969 	0.20338 	0.04178	0.41943
Replication24	 0.15685	0.96552	0.65122 	0.67581 	0.71509 	0.69143 	0.69568 	0.75523 	0.71924 	0.73259 	0.76877 	0.70250 	0.73617 	0.76829 	-0.54559 	-0.63129 	-0.51098 	0.30001 	0.00000 	0.67588 	-0.03994 	0.00000 	0.80000 	-0.55983 	0.00793 	0.54558 	-0.20285 	-0.23471 	-0.18998 	0.15508 	0.00000 	0.54277 	-0.01485 	0.00000 	0.15374 	-0.20814 	0.00295 	0.41539 	0.07553	0.14485
Replication25	 0.11634	0.97298	0.87870 	0.87467 	0.87594 	0.88348 	0.87987 	0.88846 	0.79697 	0.81522 	0.87918 	0.79315 	0.84052 	0.87105 	0.00000 	-0.23138 	-0.13463 	0.13030 	0.00000 	0.32735 	-0.24795 	-0.48425 	0.66798 	-0.51259 	0.24865 	0.31207 	0.00000 	-0.08131 	-0.04731 	0.05045 	0.00000 	0.25401 	-0.08713 	-0.17018 	0.07875 	-0.18014 	0.08738 	0.24034 	0.05684	0.10408
Replication26	 0.13399	0.96638	0.90680 	0.90289 	0.91030 	0.91041 	0.91049 	0.91740 	0.85615 	0.86142 	0.91059 	0.83366 	0.88209 	0.90451 	0.00000 	-0.27820 	0.00000 	0.10242 	0.02410 	0.25021 	0.00000 	-0.29122 	0.51459 	-0.73537 	0.23252 	0.23779 	0.00000 	-0.09632 	0.00000 	0.03985 	0.00834 	0.19273 	0.00000 	-0.10083 	0.05282 	-0.25460 	0.08050 	0.18158 	0.01778	0.14049
Replication27	 0.04788	0.98147	0.84675 	0.86532 	0.86181 	0.86636 	0.86376 	0.88234 	0.81601 	0.84107 	0.88361 	0.83856 	0.86290 	0.87706 	-0.34154 	0.00000 	-0.43014 	0.14154 	0.00000 	0.34108 	-0.45598 	-0.45694 	0.64803 	0.00000 	0.27249 	0.29925 	-0.11982 	0.00000 	-0.15090 	0.06367 	0.00000 	0.26956 	-0.15997 	-0.16031 	0.07338 	0.00000 	0.09560 	0.22930 	0.01037	0.04546
Replication28	 0.34638	0.96729	0.93737 	0.93435 	0.94192 	0.93970 	0.94012 	0.94781 	0.90212 	0.92408 	0.94738 	0.92065 	0.93526 	0.94434 	-0.01671 	-0.24666 	-0.04797 	0.07168 	0.00000 	0.16845 	-0.40579 	-0.19086 	0.33706 	0.00000 	0.19136 	0.14981 	-0.00569 	-0.08396 	-0.01633 	0.02876 	0.00000 	0.12903 	-0.13813 	-0.06497 	0.02035 	0.00000 	0.06514 	0.11125 	0.10470	0.66750
Replication29	 0.03189	0.98330	0.60362 	0.66224 	0.74252 	0.67032 	0.68660 	0.77543 	0.78807 	0.79951 	0.81582 	0.79432 	0.81764 	0.81013 	-0.86013 	-0.73687 	-0.27885 	0.28051 	0.00000 	0.59581 	-0.21264 	-0.10239 	0.80000 	-0.12999 	0.31791 	0.43133 	-0.30120 	-0.25804 	-0.09765 	0.20475 	0.00000 	0.52622 	-0.07446 	-0.03585 	0.27467 	-0.04552 	0.11133 	0.36328 	0.02774	0.08235
Replication30	 0.06469	0.97814	0.91811 	0.92759 	0.92221 	0.92828 	0.92654 	0.93872 	0.93518 	0.93936 	0.94720 	0.93765 	0.95411 	0.94442 	-0.24290 	0.00000 	-0.49351 	0.07771 	0.00000 	0.18824 	-0.13286 	-0.10662 	0.32195 	-0.09002 	0.30253 	0.14774 	-0.08238 	0.00000 	-0.16737 	0.03903 	0.00000 	0.15272 	-0.04506 	-0.03616 	0.03651 	-0.03053 	0.10260 	0.11300 	0.01225	0.07986
Replication31	 0.05994	0.97970	0.90553 	0.90504 	0.92296 	0.91169 	0.91496 	0.92966 	0.88531 	0.90657 	0.93310 	0.89653 	0.92463 	0.92924 	-0.09931 	-0.39611 	0.00000 	0.09554 	0.00352 	0.21539 	-0.37361 	-0.15303 	0.40631 	-0.21418 	0.34446 	0.18329 	-0.03403 	-0.13573 	0.00000 	0.04490 	0.00120 	0.16888 	-0.12802 	-0.05244 	0.03265 	-0.07339 	0.11803 	0.13780 	0.00054	0.07865
Replication32	 0.02659	0.98183	0.91867 	0.91044 	0.92374 	0.91946 	0.92108 	0.93280 	0.89006 	0.91905 	0.93705 	0.91316 	0.92580 	0.93426 	0.00000 	-0.42621 	-0.12308 	0.08818 	0.00344 	0.20624 	-0.48222 	0.00000 	0.38166 	0.00000 	0.17977 	0.17168 	0.00000 	-0.14559 	-0.04204 	0.04117 	0.00118 	0.16306 	-0.16472 	0.00000 	0.03475 	0.00000 	0.06141 	0.12945 	0.02324	0.06118
Replication33	 0.04379	0.98174	0.94317 	0.93818 	0.92341 	0.94310 	0.93738 	0.94089 	0.93289 	0.93068 	0.94355 	0.93075 	0.93915 	0.94073 	0.00000 	-0.00535 	-0.56565 	0.06883 	0.00000 	0.18462 	0.00000 	-0.23405 	0.34491 	-0.05308 	0.07995 	0.15659 	0.00000 	-0.00182 	-0.19240 	0.02675 	0.00000 	0.14597 	0.00000 	-0.07961 	0.03437 	-0.01806 	0.02719 	0.11879 	0.00387	0.05441
Replication34	 0.19640	0.96776	0.92645 	0.93709 	0.93710 	0.93690 	0.93637 	0.94600 	0.90621 	0.92402 	0.94680 	0.92253 	0.94101 	0.94328 	-0.20375 	0.00000 	-0.18486 	0.07336 	0.00000 	0.17249 	-0.37445 	-0.26348 	0.33638 	0.00000 	0.29657 	0.15161 	-0.06931 	0.00000 	-0.06289 	0.03108 	0.00000 	0.13366 	-0.12739 	-0.08963 	0.02438 	0.00000 	0.10089 	0.11363 	0.11460	0.19687
Replication35	 0.17376	0.95746	0.88149 	0.88278 	0.88174 	0.88904 	0.88484 	0.89137 	0.75360 	0.80667 	0.87686 	0.78697 	0.82141 	0.86847 	-0.03755 	-0.11772 	-0.02871 	0.12373 	0.00000 	0.31802 	-0.68597 	-0.36117 	0.65548 	-0.21104 	0.14466 	0.31487 	-0.01314 	-0.04118 	-0.01005 	0.04907 	0.00000 	0.24944 	-0.23999 	-0.12636 	0.10451 	-0.07383 	0.05061 	0.24780 	0.04659	0.17457
Replication36	 0.08613	0.97774	0.84998 	0.84249 	0.82535 	0.85387 	0.84475 	0.85352 	0.77624 	0.78310 	0.84741 	0.77772 	0.81265 	0.83848 	0.00000 	-0.13123 	-0.63495 	0.16079 	0.00821 	0.41951 	-0.18324 	-0.77547 	0.80000 	-0.20068 	0.19844 	0.38521 	0.00000 	-0.04687 	-0.22677 	0.06226 	0.00293 	0.32901 	-0.06544 	-0.27696 	0.10050 	-0.07167 	0.07087 	0.29671 	0.01624	0.14048
Replication37	 0.10927	0.97002	0.03642	0.08848
Replication38	 0.15615	0.97322	0.87738 	0.86387 	0.89472 	0.87880 	0.88564 	0.90811 	0.90402 	0.91675 	0.92382 	0.91515 	0.92545 	0.92138 	-0.04710 	-0.77519 	-0.18381 	0.11949 	0.02587 	0.26736 	-0.24974 	-0.01458 	0.43621 	0.00000 	0.20592 	0.19932 	-0.01615 	-0.26584 	-0.06304 	0.06793 	0.00887 	0.22001 	-0.08565 	-0.00500 	0.05572 	0.00000 	0.07062 	0.15301 	0.02370	0.21809
Replication39	 0.12807	0.97286	0.89949 	0.89496 	0.89676 	0.90280 	0.90042 	0.90837 	0.84490 	0.85687 	0.90316 	0.84073 	0.87621 	0.89722 	0.00000 	-0.23178 	-0.16766 	0.11130 	0.00485 	0.27495 	-0.17631 	-0.38122 	0.56115 	-0.41427 	0.20004 	0.25538 	0.00000 	-0.08072 	-0.05839 	0.04185 	0.00169 	0.21116 	-0.06141 	-0.13277 	0.04869 	-0.14428 	0.06967 	0.19300 	0.04304	0.11818
Replication40	 0.14489	0.97380	0.79385 	0.84715 	0.87126 	0.83812 	0.84585 	0.88582 	0.86402 	0.87335 	0.89784 	0.85377 	0.88856 	0.89337 	-0.77537 	0.00000 	-0.14159 	0.15378 	0.00000 	0.32548 	-0.09773 	-0.02052 	0.54893 	-0.50593 	0.27695 	0.25970 	-0.26832 	0.00000 	-0.04900 	0.09176 	0.00000 	0.26852 	-0.03382 	-0.00710 	0.09129 	-0.17508 	0.09584 	0.20399 	0.06157	0.14355
Replication41	 0.11993	0.97028	0.90215 	0.89617 	0.90200 	0.90495 	0.90533 	0.91209 	0.82193 	0.86544 	0.90702 	0.84794 	0.87302 	0.90188 	0.00000 	-0.30835 	-0.11061 	0.10647 	0.04409 	0.26304 	-0.59807 	-0.05984 	0.52587 	-0.20693 	0.14419 	0.24316 	0.00000 	-0.10678 	-0.03830 	0.04360 	0.01527 	0.20530 	-0.20711 	-0.02072 	0.06197 	-0.07166 	0.04994 	0.18669 	0.04049	0.12541
Replication42	 0.02412	0.98917	0.91343 	0.91197 	0.90080 	0.91709 	0.91094 	0.91365 	0.80511 	0.85454 	0.90390 	0.83665 	0.86621 	0.89758 	0.00000 	0.00000 	-0.26186 	0.09671 	0.00000 	0.25831 	-0.68346 	-0.13805 	0.52671 	-0.19183 	0.20431 	0.25073 	0.00000 	0.00000 	-0.09051 	0.03602 	0.00000 	0.20258 	-0.23624 	-0.04772 	0.07889 	-0.06631 	0.07062 	0.19622 	0.01184	0.06512
Replication43	 0.16760	0.96080	0.87187 	0.87331 	0.89148 	0.88111 	0.88334 	0.90055 	0.85177 	0.85534 	0.90043 	0.83007 	0.87903 	0.89434 	-0.12491 	-0.40077 	0.00000 	0.12648 	0.00000 	0.29338 	0.00000 	-0.29139 	0.56670 	-0.69311 	0.30326 	0.26084 	-0.04348 	-0.13951 	0.00000 	0.05765 	0.00000 	0.23016 	0.00000 	-0.10143 	0.05872 	-0.24127 	0.10556 	0.19900 	0.01851	0.16559
Replication44	 0.01975	0.98481	0.92588 	0.94012 	0.95589 	0.93933 	0.94418 	0.96121 	0.97115 	0.96536 	0.97081 	0.96945 	0.98217 	0.96892 	-0.30750 	-0.18329 	-0.04480 	0.06302 	0.00000 	0.12821 	0.00000 	-0.26172 	0.20439 	0.00000 	0.29692 	0.09293 	-0.10307 	-0.06143 	-0.01502 	0.03794 	0.00000 	0.10518 	0.00000 	-0.08772 	0.01933 	0.00000 	0.09952 	0.07040 	0.00195	0.05002
Replication45	 0.16236	0.96260	0.84853 	0.83759 	0.83262 	0.85119 	0.84526 	0.85903 	0.78240 	0.81267 	0.85922 	0.80332 	0.82402 	0.85230 	0.00000 	-0.32790 	-0.57003 	0.15883 	0.00000 	0.40276 	-0.43598 	-0.32007 	0.76533 	-0.09433 	0.08564 	0.35425 	0.00000 	-0.11633 	-0.20223 	0.06804 	0.00000 	0.31937 	-0.15467 	-0.11355 	0.09535 	-0.03346 	0.03038 	0.27269 	0.01664	0.16396
Replication46	 0.09239	0.97024	0.93025 	0.93406 	0.94904 	0.93734 	0.94074 	0.95379 	0.94407 	0.94392 	0.95880 	0.93384 	0.95924 	0.95632 	-0.14390 	-0.28240 	0.00000 	0.06949 	0.00000 	0.15058 	0.00000 	-0.11549 	0.27594 	-0.35737 	0.27869 	0.12251 	-0.04866 	-0.09548 	0.00000 	0.03431 	0.00000 	0.11827 	0.00000 	-0.03905 	0.01632 	-0.12083 	0.09423 	0.09091 	0.01254	0.10693
Replication47	 0.11178	0.96543	0.84453 	0.84857 	0.83912 	0.85578 	0.84995 	0.86529 	0.78764 	0.82059 	0.86563 	0.81489 	0.83474 	0.85872 	-0.17519 	-0.11330 	-0.59112 	0.15347 	0.00000 	0.38588 	-0.50704 	-0.35414 	0.73162 	0.00000 	0.14684 	0.33962 	-0.06193 	-0.04005 	-0.20895 	0.06685 	0.00000 	0.30632 	-0.17923 	-0.12518 	0.09243 	0.00000 	0.05191 	0.26181 	0.02632	0.11488
Replication48	 0.20958	0.95007	0.88886 	0.87923 	0.87493 	0.88977 	0.88548 	0.89651 	0.87030 	0.87426 	0.90030 	0.85761 	0.88305 	0.89586 	0.00000 	-0.27828 	-0.53658 	0.12033 	0.00000 	0.30308 	0.00000 	-0.09871 	0.56736 	-0.44069 	0.09310 	0.25784 	0.00000 	-0.09687 	-0.18679 	0.05142 	0.00000 	0.23979 	0.00000 	-0.03436 	0.05882 	-0.15341 	0.03241 	0.19594 	0.03797	0.23537
Replication49	 0.14960	0.96302	0.85011 	0.86001 	0.87016 	0.86515 	0.86559 	0.88523 	0.84364 	0.83822 	0.88655 	0.83985 	0.87076 	0.87951 	-0.23929 	-0.24680 	-0.20361 	0.14350 	0.00000 	0.33518 	-0.05627 	-0.81730 	0.64777 	-0.12628 	0.29406 	0.29536 	-0.08411 	-0.08675 	-0.07157 	0.06343 	0.00000 	0.26164 	-0.01978 	-0.28727 	0.05689 	-0.04439 	0.10336 	0.22343 	0.01289	0.19402
Replication50	 0.08620	0.97271	0.78606 	0.78214 	0.79480 	0.79777 	0.79588 	0.82224 	0.74623 	0.76895 	0.82318 	0.74042 	0.78466 	0.81747 	-0.15071 	-0.50981 	-0.42337 	0.20941 	0.00000 	0.50215 	-0.22462 	-0.20232 	0.80000 	-0.55457 	0.15716 	0.43465 	-0.05463 	-0.18479 	-0.15346 	0.09378 	0.00000 	0.39595 	-0.08142 	-0.07333 	0.10654 	-0.20102 	0.05697 	0.33078 	0.00429	0.10014
Replication51	 0.11171	0.96849	0.80040 	0.80957 	0.82502 	0.81894 	0.82032 	0.85200 	0.83797 	0.84256 	0.86613 	0.82583 	0.84897 	0.86132 	-0.33590 	-0.42760 	-0.51783 	0.17930 	0.00000 	0.41721 	0.00000 	-0.04100 	0.72663 	-0.41143 	0.06373 	0.33402 	-0.11864 	-0.15103 	-0.18289 	0.09365 	0.00000 	0.33854 	0.00000 	-0.01448 	0.09459 	-0.14531 	0.02251 	0.25708 	0.00483	0.12298
Replication52	 0.17266	0.95961	0.87484 	0.89300 	0.89298 	0.89262 	0.89180 	0.90856 	0.86380 	0.87994 	0.91120 	0.87084 	0.89947 	0.90623 	-0.33301 	0.00000 	-0.32695 	0.11544 	0.00000 	0.27165 	-0.29272 	-0.26237 	0.51520 	-0.22196 	0.30433 	0.23467 	-0.11536 	0.00000 	-0.11326 	0.05224 	0.00000 	0.21359 	-0.10140 	-0.09089 	0.04878 	-0.07689 	0.10542 	0.17789 	0.00947	0.23104
Replication53	 0.12355	0.97140	0.86295 	0.86652 	0.87281 	0.87348 	0.87273 	0.89026 	0.83829 	0.86091 	0.89342 	0.84026 	0.86997 	0.88855 	-0.17785 	-0.27296 	-0.32391 	0.13401 	0.00000 	0.31989 	-0.27508 	-0.01079 	0.60200 	-0.41934 	0.15466 	0.27420 	-0.06213 	-0.09536 	-0.11316 	0.06102 	0.00000 	0.25286 	-0.09610 	-0.00377 	0.06344 	-0.14650 	0.05403 	0.20864 	0.02974	0.11604
Replication54	 0.08633	0.97585	0.77734 	0.78341 	0.81113 	0.79637 	0.79997 	0.83626 	0.80181 	0.81570 	0.84982 	0.79476 	0.82530 	0.84397 	-0.31064 	-0.60023 	-0.36482 	0.19937 	0.00000 	0.45849 	-0.13058 	-0.07324 	0.80000 	-0.45269 	0.11176 	0.37205 	-0.11047 	-0.21345 	-0.12973 	0.10582 	0.00000 	0.37257 	-0.04643 	-0.02604 	0.11200 	-0.16098 	0.03974 	0.28802 	0.00650	0.09302
Replication55	 0.02792	0.98408	0.00982	0.03228
Replication56	 0.19506	0.95323	0.89829 	0.89215 	0.89131 	0.90079 	0.89822 	0.90573 	0.82645 	0.86088 	0.90255 	0.84587 	0.87666 	0.89679 	0.00000 	-0.23743 	-0.27938 	0.11112 	0.01855 	0.27980 	-0.51029 	-0.18307 	0.55108 	-0.23477 	0.25933 	0.25480 	0.00000 	-0.08246 	-0.09703 	0.04488 	0.00644 	0.21896 	-0.17723 	-0.06358 	0.06225 	-0.08154 	0.09007 	0.19529 	0.01602	0.29205
Replication57	 0.23070	0.94559	0.86367 	0.89614 	0.90958 	0.89092 	0.89520 	0.91931 	0.90408 	0.89955 	0.92464 	0.89939 	0.91749 	0.92077 	-0.51605 	0.00000 	-0.09151 	0.11302 	0.00000 	0.24257 	0.00000 	-0.45804 	0.44998 	-0.11466 	0.17868 	0.20250 	-0.17764 	0.00000 	-0.03150 	0.05709 	0.00000 	0.19120 	0.00000 	-0.15767 	0.03724 	-0.03947 	0.06151 	0.15226 	0.05254	0.25451
Replication58	 0.05819	0.98937	0.94937 	0.94592 	0.95421 	0.95082 	0.95165 	0.95824 	0.92208 	0.93660 	0.95784 	0.92956 	0.94967 	0.95508 	0.00000 	-0.24320 	0.00000 	0.06070 	0.00000 	0.14071 	-0.27125 	-0.15807 	0.28488 	-0.16254 	0.23287 	0.12573 	0.00000 	-0.08235 	0.00000 	0.02384 	0.00000 	0.10685 	-0.09185 	-0.05352 	0.01287 	-0.05504 	0.07885 	0.09262 	0.01881	0.12387
Replication59	 0.16072	0.97395	0.75494 	0.76988 	0.76003 	0.77900 	0.77285 	0.80712 	0.78301 	0.80055 	0.82298 	0.78634 	0.80957 	0.81869 	-0.42833 	-0.19181 	-1.05259 	0.21915 	0.00000 	0.53496 	-0.21627 	0.00000 	0.80000 	-0.26943 	0.15937 	0.42895 	-0.15428 	-0.06909 	-0.37913 	0.11084 	0.00000 	0.43547 	-0.07790 	0.00000 	0.13411 	-0.09705 	0.05740 	0.33165 	0.03873	0.22924
Replication60	 0.01721	0.98635	0.75959 	0.77269 	0.78301 	0.78264 	0.78086 	0.81144 	0.74303 	0.74816 	0.80977 	0.71930 	0.77119 	0.80418 	-0.33051 	-0.33273 	-0.41443 	0.22540 	0.00000 	0.53275 	0.00000 	-0.40793 	0.80000 	-0.65485 	0.16912 	0.46573 	-0.12088 	-0.12169 	-0.15158 	0.09939 	0.00000 	0.41702 	0.00000 	-0.14920 	0.10656 	-0.23951 	0.06185 	0.35254 	0.02460	0.07344
Replication61	 0.01893	0.98764	0.89181 	0.92358 	0.93667 	0.91726 	0.92283 	0.94756 	0.96974 	0.96672 	0.96265 	0.96775 	0.97710 	0.96124 	-0.56983 	0.00000 	-0.24058 	0.07855 	0.00356 	0.16065 	0.00000 	0.00000 	0.22595 	-0.04066 	0.25559 	0.10797 	-0.19092 	0.00000 	-0.08060 	0.05394 	0.00119 	0.13804 	0.00000 	0.00000 	0.04434 	-0.01362 	0.08563 	0.08586 	0.01336	0.03341
Replication62	 -1.44779	1.00049	0.78928 	0.84807 	0.87757 	0.83740 	0.84846 	0.88866 	0.83989 	0.87374 	0.89817 	0.86599 	0.87651 	0.89448 	-0.82657 	0.00000 	0.00000 	0.15346 	0.03426 	0.31791 	-0.50185 	-0.01266 	0.54181 	0.00000 	0.07564 	0.25673 	-0.28562 	0.00000 	0.00000 	0.09312 	0.01184 	0.26249 	-0.17341 	-0.00437 	0.09653 	0.00000 	0.02614 	0.20253 	0.00885	0.03508
Replication63	 0.12548	0.97546	0.01657	0.15478
Replication64	 0.05821	0.97722	0.94003 	0.93279 	0.93692 	0.93996 	0.94065 	0.94948 	0.95433 	0.95352 	0.95854 	0.94626 	0.96730 	0.95630 	-0.02648 	-0.30507 	-0.35380 	0.06583 	0.02087 	0.15926 	0.00000 	0.00000 	0.26353 	-0.27936 	0.30968 	0.12094 	-0.00893 	-0.10283 	-0.11926 	0.03422 	0.00704 	0.13022 	0.00000 	0.00000 	0.03022 	-0.09417 	0.10439 	0.09254 	0.03178	0.10816
Replication65	 0.13814	0.97262	0.96347 	0.96134 	0.96630 	0.96478 	0.96499 	0.96936 	0.94064 	0.94855 	0.96816 	0.93107 	0.96209 	0.96555 	0.00000 	-0.16055 	0.00000 	0.04661 	0.00000 	0.11033 	-0.08855 	0.00000 	0.22502 	-0.50071 	0.28000 	0.10122 	0.00000 	-0.05398 	0.00000 	0.01799 	0.00000 	0.08405 	-0.02977 	0.00000 	0.01382 	-0.16834 	0.09414 	0.07551 	0.00544	0.18850
Replication66	 0.06335	0.97587	0.97850 	0.99220 	1.00024 	0.98848 	0.99199 	1.00131 	1.01521 	1.01240 	1.00833 	1.01290 	1.02270 	1.00789 	-0.25863 	0.00000 	0.00000 	0.01481 	0.00000 	0.02026 	0.00000 	0.00000 	0.00059 	-0.05727 	0.26771 	0.00368 	-0.08475 	0.00000 	0.00000 	0.01594 	0.00000 	0.02130 	0.00000 	0.00000 	0.00894 	-0.01877 	0.08772 	0.00469 	0.00090	0.07280
Replication67	 0.16247	0.96823	0.82452 	0.86928 	0.89584 	0.86194 	0.87029 	0.90530 	0.89452 	0.89256 	0.91543 	0.88611 	0.90963 	0.91162 	-0.67942 	-0.07382 	0.00000 	0.13417 	0.00000 	0.27651 	0.00000 	-0.29805 	0.47958 	-0.26061 	0.21713 	0.22108 	-0.23406 	-0.02543 	0.00000 	0.07734 	0.00000 	0.22432 	0.00000 	-0.10268 	0.06023 	-0.08978 	0.07480 	0.17004 	0.05759	0.16305
Replication68	 0.05950	0.97942	0.89234 	0.90155 	0.89179 	0.90367 	0.90015 	0.91432 	0.90892 	0.91258 	0.92323 	0.90338 	0.92237 	0.91997 	-0.25705 	0.00000 	-0.65111 	0.10232 	0.00000 	0.25307 	-0.04869 	0.00000 	0.44230 	-0.27224 	0.19696 	0.20266 	-0.08824 	0.00000 	-0.22352 	0.04957 	0.00000 	0.20462 	-0.01672 	0.00000 	0.05301 	-0.09346 	0.06761 	0.15528 	0.04071	0.11833
Replication69	 0.21682	0.94914	0.06221	0.23623
Replication70	 0.06273	0.97740	0.81186 	0.83287 	0.87399 	0.83750 	0.84741 	0.88567 	0.88217 	0.88549 	0.90160 	0.87134 	0.89311 	0.89847 	-0.46500 	-0.54633 	0.00000 	0.15493 	0.00000 	0.32648 	0.00000 	0.00000 	0.54334 	-0.38281 	0.12466 	0.25019 	-0.16111 	-0.18929 	0.00000 	0.09151 	0.00000 	0.26823 	0.00000 	0.00000 	0.07538 	-0.13263 	0.04319 	0.19322 	0.00843	0.08348
Replication71	 0.08456	0.97453	0.92285 	0.91797 	0.90706 	0.92413 	0.91912 	0.92385 	0.89653 	0.89330 	0.92359 	0.88665 	0.91570 	0.91865 	0.00000 	-0.07229 	-0.46498 	0.08929 	0.00682 	0.23171 	0.00000 	-0.42902 	0.45284 	-0.29705 	0.27509 	0.20669 	0.00000 	-0.02489 	-0.16006 	0.03339 	0.00235 	0.18037 	0.00000 	-0.14768 	0.04039 	-0.10225 	0.09469 	0.15648 	0.02307	0.08697
Replication72	 0.12048	0.97367	0.86823 	0.88047 	0.87512 	0.88292 	0.88047 	0.89092 	0.78753 	0.83025 	0.88448 	0.81236 	0.84878 	0.87715 	-0.22813 	0.00000 	-0.28353 	0.12756 	0.03186 	0.31859 	-0.59656 	-0.25931 	0.62971 	-0.25374 	0.27402 	0.29713 	-0.07974 	0.00000 	-0.09910 	0.05398 	0.01113 	0.25101 	-0.20851 	-0.09064 	0.08677 	-0.08869 	0.09578 	0.23104 	0.00746	0.14935
Replication73	 0.18253	0.96164	0.91568 	0.91174 	0.89050 	0.91777 	0.91123 	0.91780 	0.92222 	0.92253 	0.92644 	0.91999 	0.92495 	0.92378 	-0.08237 	0.00000 	-0.88263 	0.08971 	0.02327 	0.24239 	0.00000 	0.00000 	0.41433 	-0.08092 	0.04272 	0.19280 	-0.02815 	0.00000 	-0.30167 	0.04204 	0.00795 	0.19861 	0.00000 	0.00000 	0.06261 	-0.02766 	0.01460 	0.14999 	0.06044	0.21256
Replication74	 0.08199	0.97865	0.76857 	0.79973 	0.79871 	0.80065 	0.79825 	0.82568 	0.74518 	0.75509 	0.82057 	0.73318 	0.77922 	0.81386 	-0.48507 	0.00000 	-0.43670 	0.20843 	0.01409 	0.49492 	-0.11039 	-0.52090 	0.80000 	-0.50507 	0.16010 	0.44280 	-0.17615 	0.00000 	-0.15859 	0.09064 	0.00512 	0.38673 	-0.04009 	-0.18917 	0.10601 	-0.18342 	0.05814 	0.33699 	0.03330	0.07493
Replication75	 0.12698	0.96880	0.90659 	0.89732 	0.91878 	0.90792 	0.91207 	0.92588 	0.88727 	0.90630 	0.92992 	0.89052 	0.91716 	0.92662 	0.00000 	-0.54819 	0.00000 	0.09908 	0.01791 	0.22522 	-0.27103 	0.00000 	0.42166 	-0.34941 	0.22394 	0.18925 	0.00000 	-0.18812 	0.00000 	0.04674 	0.00614 	0.17715 	-0.09301 	0.00000 	0.03540 	-0.11991 	0.07685 	0.14223 	0.05064	0.11183
Replication76	 0.18981	0.96175	0.87765 	0.90228 	0.91299 	0.89945 	0.90264 	0.92057 	0.86544 	0.88978 	0.91938 	0.87308 	0.89083 	0.91600 	-0.39490 	-0.02639 	-0.01185 	0.10846 	0.01302 	0.24098 	-0.30459 	-0.00026 	0.47628 	-0.29103 	0.00000 	0.21335 	-0.13630 	-0.00911 	-0.00409 	0.04947 	0.00449 	0.18680 	-0.10513 	-0.00009 	0.04100 	-0.10045 	0.00000 	0.16036 	0.06588	0.20875
Replication77	 0.07426	0.97821	0.82952 	0.86859 	0.88738 	0.86302 	0.86875 	0.90019 	0.86766 	0.88804 	0.90894 	0.87656 	0.89461 	0.90550 	-0.61668 	-0.04902 	-0.13717 	0.13547 	0.00000 	0.29062 	-0.29546 	0.00000 	0.51340 	-0.20399 	0.13518 	0.23511 	-0.21321 	-0.01695 	-0.04743 	0.07450 	0.00000 	0.23462 	-0.10215 	0.00000 	0.06343 	-0.07053 	0.04674 	0.18033 	0.00388	0.08863
Replication78	 0.08840	0.97557	0.79710 	0.81378 	0.84318 	0.82055 	0.82543 	0.85674 	0.76747 	0.80453 	0.85941 	0.79859 	0.82371 	0.85203 	-0.35241 	-0.44450 	0.00000 	0.17974 	0.00000 	0.40735 	-0.56616 	-0.47052 	0.75758 	0.00000 	0.19545 	0.35393 	-0.12481 	-0.15743 	0.00000 	0.09090 	0.00000 	0.32575 	-0.20052 	-0.16664 	0.10197 	0.00000 	0.06922 	0.27412 	0.00078	0.12804
Replication79	 0.19957	0.96776	0.92603 	0.92214 	0.93094 	0.92853 	0.92872 	0.93662 	0.86801 	0.89863 	0.93394 	0.89439 	0.91830 	0.92932 	0.00000 	-0.27693 	0.00000 	0.08292 	0.00000 	0.19821 	-0.55755 	-0.32552 	0.39954 	0.00000 	0.33004 	0.18260 	0.00000 	-0.09480 	0.00000 	0.03346 	0.00000 	0.15279 	-0.19086 	-0.11143 	0.03462 	0.00000 	0.11298 	0.13817 	0.09647	0.25443
Replication80	 0.00612	0.98888	0.90228 	0.90036 	0.88705 	0.90615 	0.89923 	0.90281 	0.82302 	0.83912 	0.89362 	0.82495 	0.86226 	0.88644 	0.00000 	0.00000 	-0.34585 	0.11031 	0.00000 	0.28956 	-0.26203 	-0.49830 	0.59880 	-0.34880 	0.22887 	0.27808 	0.00000 	0.00000 	-0.12075 	0.03804 	0.00000 	0.22318 	-0.09148 	-0.17397 	0.06552 	-0.12178 	0.07991 	0.21316 	0.02634	0.05773
Replication81	 0.01945	0.98656	0.83410 	0.83764 	0.84106 	0.84631 	0.84330 	0.86047 	0.76019 	0.79307 	0.85685 	0.76685 	0.81860 	0.84790 	-0.15748 	-0.25579 	-0.29386 	0.16121 	0.00000 	0.39830 	-0.41864 	-0.32091 	0.76396 	-0.50507 	0.33214 	0.36202 	-0.05576 	-0.09057 	-0.10405 	0.07262 	0.00000 	0.31693 	-0.14824 	-0.11363 	0.11024 	-0.17884 	0.11761 	0.28244 	0.02409	0.05655
Replication82	 0.04639	0.98332	0.91459 	0.91473 	0.91238 	0.91965 	0.91729 	0.92676 	0.87574 	0.90842 	0.92909 	0.90168 	0.91567 	0.92564 	-0.09382 	-0.13637 	-0.35491 	0.08977 	0.00000 	0.22227 	-0.53032 	0.00000 	0.41711 	0.00000 	0.19204 	0.19036 	-0.03215 	-0.04672 	-0.12160 	0.03931 	0.00000 	0.17592 	-0.18169 	0.00000 	0.04473 	0.00000 	0.06579 	0.14503 	0.01473	0.08017
Replication83	 0.04773	0.97662	0.86160 	0.86672 	0.89891 	0.87453 	0.88234 	0.90810 	0.89180 	0.90075 	0.91924 	0.88538 	0.91326 	0.91601 	-0.24711 	-0.57236 	0.00000 	0.12505 	0.01655 	0.26970 	-0.11045 	0.00000 	0.46774 	-0.40726 	0.24667 	0.21225 	-0.08511 	-0.19713 	0.00000 	0.06848 	0.00570 	0.21774 	-0.03804 	0.00000 	0.05029 	-0.14027 	0.08496 	0.16143 	0.02495	0.07512
Replication84	 0.08778	0.97083	0.81940 	0.85304 	0.86452 	0.85007 	0.85161 	0.87568 	0.75043 	0.80944 	0.86975 	0.77782 	0.81859 	0.86210 	-0.48592 	0.00000 	0.00000 	0.15157 	0.00000 	0.35553 	-0.68185 	0.00000 	0.67577 	-0.42505 	0.17889 	0.32754 	-0.17000 	0.00000 	0.00000 	0.07690 	0.00000 	0.28695 	-0.23855 	0.00000 	0.12479 	-0.14870 	0.06259 	0.26047 	0.02417	0.07154
Replication85	 0.07363	0.97976	0.96454 	0.95979 	0.94704 	0.96361 	0.95905 	0.96163 	0.95798 	0.96261 	0.96635 	0.96011 	0.97022 	0.96448 	0.00000 	0.00000 	-0.51994 	0.04601 	0.00000 	0.12750 	-0.10580 	0.00000 	0.21958 	-0.07846 	0.18272 	0.10204 	0.00000 	0.00000 	-0.17437 	0.02027 	0.00000 	0.10385 	-0.03548 	0.00000 	0.02959 	-0.02631 	0.06128 	0.07891 	0.00618	0.10524
Replication86	 0.17553	0.96513	0.93055 	0.93847 	0.94433 	0.93982 	0.94282 	0.95435 	0.96024 	0.96022 	0.96209 	0.95852 	0.96276 	0.96090 	-0.22838 	-0.14566 	-0.25172 	0.06569 	0.03519 	0.14740 	0.00000 	0.00000 	0.25159 	-0.06264 	0.05286 	0.11158 	-0.07695 	-0.04908 	-0.08481 	0.03456 	0.01186 	0.11881 	0.00000 	0.00000 	0.02185 	-0.02111 	0.01781 	0.08362 	0.00387	0.22932
Replication87	 0.16462	0.96852	0.90361 	0.91294 	0.93168 	0.91565 	0.92044 	0.93996 	0.94381 	0.94187 	0.95042 	0.93755 	0.95573 	0.94818 	-0.26452 	-0.31645 	-0.09700 	0.08670 	0.00000 	0.18525 	0.00000 	-0.11795 	0.31254 	-0.20125 	0.25769 	0.14024 	-0.08970 	-0.10732 	-0.03290 	0.04808 	0.00000 	0.14978 	0.00000 	-0.04000 	0.02754 	-0.06825 	0.08739 	0.10555 	0.02996	0.19694
Replication88	 0.00440	0.99060	0.90965 	0.90227 	0.90326 	0.91092 	0.90936 	0.92039 	0.91573 	0.91237 	0.92707 	0.91476 	0.92202 	0.92397 	-0.02982 	-0.29654 	-0.44072 	0.09784 	0.00681 	0.23918 	0.00000 	-0.30702 	0.43648 	0.00000 	0.07350 	0.19533 	-0.01025 	-0.10192 	-0.15148 	0.04369 	0.00234 	0.18944 	0.00000 	-0.10552 	0.03687 	0.00000 	0.02526 	0.14668 	0.00552	0.02195
Replication89	 0.00433	0.99067	0.88902 	0.89516 	0.90182 	0.89938 	0.90007 	0.91218 	0.86222 	0.86887 	0.90985 	0.86276 	0.88959 	0.90449 	-0.15877 	-0.18899 	-0.11703 	0.11280 	0.01909 	0.26497 	-0.16062 	-0.51167 	0.53512 	-0.20727 	0.19645 	0.24008 	-0.05521 	-0.06571 	-0.04069 	0.04523 	0.00664 	0.20291 	-0.05585 	-0.17791 	0.03652 	-0.07207 	0.06831 	0.17938 	0.00053	0.01637
Replication90	 0.26777	0.94264	0.87637 	0.88781 	0.91679 	0.89181 	0.89955 	0.92453 	0.92627 	0.92281 	0.93662 	0.92662 	0.94115 	0.93370 	-0.31456 	-0.44891 	0.00000 	0.10786 	0.01131 	0.22593 	-0.04726 	-0.36071 	0.38239 	0.00000 	0.26505 	0.17272 	-0.10744 	-0.15333 	0.00000 	0.06098 	0.00386 	0.18288 	-0.01614 	-0.12320 	0.03648 	0.00000 	0.09053 	0.13061 	0.07447	0.30301
Replication91	 0.06381	0.98599	0.77447 	0.80782 	0.82481 	0.80864 	0.81221 	0.85189 	0.84581 	0.84542 	0.86929 	0.83956 	0.86529 	0.86379 	-0.60283 	-0.21598 	-0.51164 	0.18421 	0.00000 	0.41524 	-0.04072 	-0.28983 	0.69954 	-0.23283 	0.26407 	0.32691 	-0.21202 	-0.07596 	-0.17994 	0.10345 	0.00000 	0.34107 	-0.01432 	-0.10193 	0.10363 	-0.08189 	0.09287 	0.25437 	0.00473	0.09799
Replication92	 0.00879	0.98903	0.84672 	0.86343 	0.85778 	0.86527 	0.86174 	0.87941 	0.78538 	0.83901 	0.88009 	0.82190 	0.84956 	0.87367 	-0.32490 	0.00000 	-0.46450 	0.13983 	0.00000 	0.34582 	-0.72299 	0.00000 	0.63979 	-0.13729 	0.25044 	0.30375 	-0.11349 	0.00000 	-0.16226 	0.06692 	0.00000 	0.27885 	-0.25256 	0.00000 	0.10171 	-0.04796 	0.08749 	0.23825 	0.01164	0.02041
Replication93	 -1.48833	0.99834	0.97844 	0.97681 	0.97105 	0.97879 	0.97643 	0.97781 	0.96163 	0.96655 	0.97803 	0.96740 	0.97875 	0.97600 	0.00000 	0.00000 	-0.21845 	0.03318 	0.00000 	0.08699 	-0.15663 	-0.20990 	0.17154 	0.00000 	0.21036 	0.07737 	0.00000 	0.00000 	-0.07301 	0.01141 	0.00000 	0.06700 	-0.05235 	-0.07015 	0.01093 	0.00000 	0.07031 	0.05782 	0.00594	0.02328
Replication94	 0.10119	0.97158	0.97133 	0.96893 	0.97656 	0.97230 	0.97408 	0.97903 	0.97405 	0.96894 	0.98091 	0.97256 	0.98372 	0.97900 	-0.01199 	-0.20349 	0.00000 	0.03774 	0.01041 	0.08399 	0.00000 	-0.35247 	0.16277 	0.00000 	0.20119 	0.07132 	-0.00401 	-0.06800 	0.00000 	0.01612 	0.00348 	0.06414 	0.00000 	-0.11779 	0.00329 	0.00000 	0.06723 	0.05191 	0.00042	0.13429
Replication95	 0.00340	0.99160	0.77605 	0.75889 	0.77125 	0.78084 	0.77684 	0.80036 	0.68223 	0.72907 	0.79337 	0.69388 	0.73255 	0.78919 	0.00000 	-0.62544 	-0.39635 	0.23011 	0.00000 	0.56240 	-0.43266 	-0.07318 	0.80000 	-0.48902 	0.00000 	0.49861 	0.00000 	-0.23011 	-0.14583 	0.09726 	0.00000 	0.44038 	-0.15919 	-0.02692 	0.12808 	-0.17992 	0.00000 	0.37927 	0.00298	0.01336
Replication96	 0.18671	0.96543	0.08280	0.18510
Replication97	 0.05157	0.97752	0.88619 	0.92144 	0.93981 	0.91433 	0.92336 	0.94641 	0.95058 	0.95100 	0.95618 	0.94552 	0.95726 	0.95469 	-0.59187 	-0.01960 	-0.03986 	0.08455 	0.05221 	0.16698 	0.00000 	0.00000 	0.27327 	-0.18523 	0.13029 	0.12452 	-0.19965 	-0.00661 	-0.01344 	0.05211 	0.01761 	0.13719 	0.00000 	0.00000 	0.03392 	-0.06248 	0.04395 	0.09538 	0.01305	0.05297
Replication98	 0.00081	0.99419	0.97415 	0.97504 	0.97248 	0.97626 	0.97473 	0.97642 	0.94121 	0.95460 	0.97378 	0.94939 	0.96927 	0.97118 	-0.01888 	0.00000 	-0.07870 	0.03680 	0.00000 	0.09199 	-0.27673 	-0.17590 	0.19709 	-0.12905 	0.27645 	0.08857 	-0.00633 	0.00000 	-0.02639 	0.01140 	0.00000 	0.06866 	-0.09278 	-0.05897 	0.00966 	-0.04327 	0.09269 	0.06575 	0.01060	0.04089
Replication99	 0.01439	0.99259	0.98194 	0.99135 	0.99743 	0.98913 	0.99158 	0.99856 	0.99907 	1.00272 	1.00324 	1.00363 	1.01356 	1.00247 	-0.18167 	-0.01732 	0.00000 	0.01683 	0.00000 	0.02912 	-0.13215 	-0.04125 	0.03351 	0.00000 	0.27030 	0.01669 	-0.05979 	-0.00570 	0.00000 	0.01298 	0.00000 	0.02558 	-0.04349 	-0.01358 	0.00509 	0.00000 	0.08895 	0.01323 	0.01495	0.08242
Replication100	 0.02382	0.98422	0.86403 	0.84881 	0.88160 	0.86513 	0.87050 	0.89385 	0.87585 	0.88323 	0.90467 	0.86966 	0.89288 	0.90112 	0.00000 	-0.79496 	-0.08188 	0.13639 	0.00000 	0.30802 	-0.08131 	-0.06942 	0.54343 	-0.35089 	0.14420 	0.24600 	0.00000 	-0.27600 	-0.02843 	0.07058 	0.00000 	0.24757 	-0.02823 	-0.02410 	0.05778 	-0.12182 	0.05007 	0.18688 	0.02907	0.07457
Replication101	 0.12510	0.96638	0.97081 	0.97754 	0.97929 	0.97672 	0.97724 	0.98257 	0.97294 	0.97437 	0.98361 	0.97556 	0.98358 	0.98216 	-0.12723 	0.00000 	-0.05701 	0.03350 	0.00000 	0.07454 	-0.08061 	-0.19684 	0.14710 	0.00000 	0.13948 	0.06408 	-0.04244 	0.00000 	-0.01902 	0.01404 	0.00000 	0.05667 	-0.02689 	-0.06566 	0.00352 	0.00000 	0.04653 	0.04660 	0.00609	0.13752
Replication102	 0.00501	0.98999	0.87934 	0.87854 	0.86374 	0.88521 	0.87711 	0.88187 	0.76329 	0.80351 	0.86989 	0.78452 	0.82301 	0.86123 	-0.02208 	0.00000 	-0.36238 	0.12917 	0.00000 	0.34320 	-0.54044 	-0.40406 	0.69528 	-0.28873 	0.20116 	0.33169 	-0.00776 	0.00000 	-0.12737 	0.04910 	0.00000 	0.26967 	-0.18996 	-0.14202 	0.10445 	-0.10149 	0.07071 	0.25977 	0.02146	0.04281
Replication103	 0.06925	0.97826	0.90408 	0.91661 	0.92837 	0.91739 	0.91986 	0.93450 	0.90799 	0.90660 	0.93518 	0.89843 	0.92394 	0.93140 	-0.24006 	-0.15142 	0.00000 	0.09218 	0.00000 	0.20449 	0.00000 	-0.36229 	0.40563 	-0.30859 	0.19348 	0.17963 	-0.08236 	-0.05195 	0.00000 	0.04012 	0.00000 	0.15667 	0.00000 	-0.12430 	0.02143 	-0.10587 	0.06638 	0.13286 	0.01142	0.09648
Replication104	 0.17997	0.96441	0.95736 	0.96657 	0.97898 	0.96604 	0.96997 	0.98162 	0.98202 	0.98829 	0.98889 	0.98835 	0.99774 	0.98801 	-0.21340 	-0.15245 	0.00000 	0.03813 	0.00000 	0.07406 	-0.16678 	0.00000 	0.10993 	0.00000 	0.25013 	0.04977 	-0.07081 	-0.05059 	0.00000 	0.02467 	0.00000 	0.06170 	-0.05534 	0.00000 	0.01059 	0.00000 	0.08300 	0.03767 	0.02799	0.22157
Replication105	 0.20398	0.96112	0.94627 	0.93561 	0.96127 	0.94487 	0.95077 	0.96556 	0.98042 	0.98176 	0.97882 	0.98343 	0.99396 	0.97781 	0.00000 	-0.60886 	0.00000 	0.05510 	0.00000 	0.11417 	-0.09701 	-0.01317 	0.15232 	0.00000 	0.31080 	0.07170 	0.00000 	-0.20269 	0.00000 	0.03794 	0.00000 	0.09840 	-0.03229 	-0.00439 	0.02568 	0.00000 	0.10346 	0.05629 	0.05247	0.27738
Replication106	 0.22517	0.95010	0.94182 	0.93451 	0.92618 	0.94088 	0.93705 	0.94318 	0.94250 	0.94342 	0.94997 	0.93650 	0.95330 	0.94754 	0.00000 	-0.13628 	-0.54247 	0.06765 	0.00000 	0.17660 	-0.01630 	0.00000 	0.30617 	-0.23744 	0.21242 	0.14058 	0.00000 	-0.04613 	-0.18364 	0.03109 	0.00000 	0.14303 	-0.00552 	0.00000 	0.03645 	-0.08038 	0.07191 	0.10775 	0.05452	0.29828
Replication107	 0.09144	0.96782	0.82490 	0.84716 	0.85691 	0.84873 	0.85021 	0.87755 	0.85563 	0.85659 	0.88632 	0.85591 	0.87447 	0.88114 	-0.43276 	-0.16421 	-0.38841 	0.15412 	0.00000 	0.35254 	-0.08730 	-0.44807 	0.64027 	-0.08850 	0.16510 	0.29113 	-0.15182 	-0.05761 	-0.13626 	0.07626 	0.00000 	0.28103 	-0.03063 	-0.15719 	0.06569 	-0.03105 	0.05792 	0.22118 	0.00017	0.10374
Replication108	 0.07591	0.97184	0.96759 	0.96237 	0.95795 	0.96672 	0.96546 	0.96847 	0.96488 	0.96911 	0.97309 	0.96943 	0.97713 	0.97150 	0.00000 	-0.11351 	-0.35150 	0.04251 	0.02232 	0.10997 	-0.12059 	-0.06259 	0.19087 	0.00000 	0.17413 	0.08694 	0.00000 	-0.03799 	-0.11762 	0.01933 	0.00747 	0.08868 	-0.04035 	-0.02095 	0.01984 	0.00000 	0.05827 	0.06612 	0.00486	0.08631
Replication109	 0.04337	0.98500	0.92328 	0.92047 	0.90499 	0.92556 	0.91933 	0.92461 	0.88075 	0.90569 	0.92647 	0.89522 	0.91697 	0.92252 	-0.04085 	0.00000 	-0.59090 	0.08549 	0.00000 	0.22734 	-0.40155 	0.00000 	0.42413 	-0.17183 	0.26024 	0.19652 	-0.01400 	0.00000 	-0.20243 	0.03514 	0.00000 	0.18110 	-0.13756 	0.00000 	0.05265 	-0.05886 	0.08915 	0.15129 	0.00216	0.08017
Replication110	 0.02806	0.99622	0.77003 	0.81947 	0.83808 	0.81347 	0.81845 	0.85833 	0.81231 	0.83003 	0.86776 	0.82874 	0.84804 	0.86166 	-0.71717 	-0.02248 	-0.27418 	0.18159 	0.00000 	0.40060 	-0.33634 	-0.43185 	0.71008 	0.00000 	0.18585 	0.33190 	-0.25259 	-0.00792 	-0.09657 	0.09917 	0.00000 	0.32489 	-0.11846 	-0.15210 	0.10184 	0.00000 	0.06546 	0.25786 	0.00945	0.09932
Replication111	 0.07013	0.98098	0.74602 	0.79024 	0.81891 	0.78883 	0.79507 	0.83903 	0.79583 	0.79952 	0.84842 	0.77498 	0.82157 	0.84090 	-0.66388 	-0.22019 	-0.17822 	0.20300 	0.00000 	0.45026 	0.00000 	-0.31415 	0.79335 	-0.62074 	0.22645 	0.37659 	-0.23537 	-0.07807 	-0.06318 	0.11296 	0.00000 	0.36756 	0.00000 	-0.11138 	0.12893 	-0.22007 	0.08029 	0.29571 	0.02478	0.07298
Replication112	 0.07473	0.98037	0.72976 	0.76790 	0.78557 	0.76967 	0.77164 	0.81275 	0.72483 	0.76240 	0.81600 	0.74004 	0.77677 	0.81057 	-0.59618 	-0.19138 	-0.35442 	0.22944 	0.00000 	0.52482 	-0.44152 	-0.19576 	0.80000 	-0.33928 	0.17046 	0.44835 	-0.21609 	-0.06937 	-0.12846 	0.11388 	0.00000 	0.41867 	-0.16003 	-0.07095 	0.12728 	-0.12297 	0.06178 	0.34453 	0.01171	0.11602
Replication113	 0.01910	0.98809	0.86888 	0.86854 	0.87195 	0.87670 	0.87539 	0.89094 	0.85963 	0.85856 	0.89504 	0.86314 	0.88498 	0.88910 	-0.12820 	-0.28313 	-0.39636 	0.13247 	0.00863 	0.31899 	-0.12194 	-0.67012 	0.60306 	0.00000 	0.26262 	0.27381 	-0.04485 	-0.09904 	-0.13865 	0.05795 	0.00302 	0.25054 	-0.04266 	-0.23442 	0.05312 	0.00000 	0.09187 	0.20686 	0.01356	0.05735
Replication114	 0.13317	0.96866	0.88691 	0.87613 	0.89346 	0.88826 	0.89000 	0.90608 	0.87409 	0.88838 	0.91110 	0.88101 	0.89139 	0.90789 	0.00000 	-0.53912 	-0.16963 	0.11957 	0.00000 	0.27849 	-0.20749 	-0.12162 	0.52293 	-0.12028 	0.00000 	0.23228 	0.00000 	-0.18708 	-0.05886 	0.05434 	0.00000 	0.21858 	-0.07200 	-0.04220 	0.04159 	-0.04174 	0.00000 	0.17368 	0.05656	0.13799
Replication115	 0.08973	0.97530	0.90663 	0.93154 	0.94257 	0.92698 	0.93085 	0.94899 	0.91816 	0.94105 	0.95469 	0.93755 	0.95335 	0.95221 	-0.42318 	0.00000 	-0.05842 	0.07667 	0.00000 	0.16186 	-0.43390 	-0.03882 	0.28602 	0.00000 	0.30144 	0.13049 	-0.14303 	0.00000 	-0.01975 	0.04193 	0.00000 	0.12996 	-0.14665 	-0.01312 	0.02967 	0.00000 	0.10188 	0.09928 	0.05560	0.06647
Replication116	 0.15802	0.96699	0.92194 	0.94995 	0.97045 	0.94407 	0.95345 	0.97413 	0.99801 	0.99433 	0.98778 	0.99693 	1.00507 	0.98712 	-0.52157 	-0.09582 	0.00000 	0.05148 	0.04140 	0.08982 	0.00000 	0.00000 	0.09575 	0.00000 	0.28008 	0.04942 	-0.17238 	-0.03167 	0.00000 	0.04271 	0.01368 	0.08177 	0.00000 	0.00000 	0.03108 	0.00000 	0.09256 	0.04154 	0.00648	0.21784
Replication117	 0.04778	0.99102	0.91771 	0.93033 	0.93780 	0.93012 	0.93148 	0.94307 	0.87987 	0.91396 	0.94178 	0.90767 	0.92624 	0.93817 	-0.22481 	-0.07035 	0.00000 	0.07909 	0.00000 	0.18031 	-0.57947 	-0.13361 	0.35724 	0.00000 	0.25382 	0.16257 	-0.07660 	-0.02397 	0.00000 	0.03503 	0.00000 	0.13985 	-0.19744 	-0.04553 	0.03215 	0.00000 	0.08648 	0.12300 	0.00674	0.10244
Replication118	 0.11287	0.96902	0.87527 	0.90304 	0.91115 	0.89904 	0.90195 	0.92476 	0.90256 	0.92347 	0.93457 	0.92019 	0.93410 	0.93176 	-0.49165 	0.00000 	-0.28527 	0.10199 	0.00000 	0.22475 	-0.38656 	-0.00226 	0.38302 	0.00000 	0.26834 	0.17595 	-0.16772 	0.00000 	-0.09732 	0.05653 	0.00000 	0.18299 	-0.13187 	-0.00077 	0.04753 	0.00000 	0.09154 	0.13511 	0.00723	0.14428
Replication119	 0.10395	0.97408	0.93090 	0.94762 	0.95267 	0.94494 	0.94697 	0.96050 	0.96026 	0.96034 	0.96712 	0.95203 	0.97212 	0.96524 	-0.31790 	0.00000 	-0.17556 	0.06027 	0.00000 	0.13106 	0.00000 	0.00000 	0.22418 	-0.29636 	0.25937 	0.10138 	-0.10679 	0.00000 	-0.05897 	0.03267 	0.00000 	0.10571 	0.00000 	0.00000 	0.02056 	-0.09955 	0.08713 	0.07659 	0.00151	0.13642
Replication120	 0.03034	0.98189	0.84358 	0.87489 	0.88683 	0.87125 	0.87379 	0.89619 	0.81683 	0.84261 	0.89340 	0.83731 	0.86620 	0.88682 	-0.46121 	0.00000 	0.00000 	0.13540 	0.00000 	0.30554 	-0.45861 	-0.53576 	0.60059 	-0.07373 	0.26690 	0.27746 	-0.16107 	0.00000 	0.00000 	0.06281 	0.00000 	0.23887 	-0.16016 	-0.18710 	0.06494 	-0.02575 	0.09321 	0.21225 	0.02038	0.07094
Replication121	 0.20970	0.95901	0.93099 	0.93202 	0.92617 	0.93530 	0.93208 	0.93336 	0.86027 	0.87475 	0.92271 	0.86092 	0.89442 	0.91704 	-0.01093 	0.00000 	-0.08433 	0.08196 	0.01801 	0.20957 	-0.23675 	-0.43965 	0.46022 	-0.35257 	0.19959 	0.21049 	-0.00377 	0.00000 	-0.02906 	0.02475 	0.00621 	0.15702 	-0.08159 	-0.15151 	0.03805 	-0.12150 	0.06878 	0.15910 	0.06355	0.24435
Replication122	 0.09975	0.97468	0.79198 	0.80227 	0.83709 	0.81284 	0.82037 	0.85865 	0.85354 	0.86054 	0.87832 	0.86114 	0.87425 	0.87400 	-0.38236 	-0.63580 	-0.30580 	0.17905 	0.01478 	0.39709 	-0.17597 	-0.24646 	0.65787 	0.00000 	0.18644 	0.30468 	-0.13397 	-0.22278 	-0.10715 	0.10260 	0.00518 	0.32688 	-0.06166 	-0.08636 	0.09376 	0.00000 	0.06533 	0.23601 	0.02445	0.09861
Replication123	 0.04251	0.97926	0.90222 	0.93349 	0.95413 	0.92705 	0.93456 	0.95900 	0.96637 	0.97197 	0.97160 	0.97247 	0.98321 	0.97036 	-0.54448 	-0.06649 	0.00000 	0.06966 	0.00000 	0.13153 	-0.16279 	0.00000 	0.18638 	0.00000 	0.29131 	0.08814 	-0.18183 	-0.02220 	0.00000 	0.04885 	0.00000 	0.11242 	-0.05436 	0.00000 	0.03283 	0.00000 	0.09728 	0.06945 	0.00334	0.05217
Replication124	 0.13907	0.96945	0.85286 	0.83713 	0.87152 	0.85445 	0.85989 	0.88458 	0.85722 	0.86640 	0.89533 	0.86552 	0.88590 	0.89061 	0.00000 	-0.82197 	-0.08011 	0.14698 	0.00000 	0.33290 	-0.22725 	-0.39908 	0.59200 	-0.04983 	0.24405 	0.26955 	0.00000 	-0.28685 	-0.02796 	0.07523 	0.00000 	0.26700 	-0.07930 	-0.13927 	0.06255 	-0.01739 	0.08516 	0.20510 	0.05651	0.14772
Replication125	 0.08846	0.97788	0.84605 	0.87600 	0.88779 	0.87307 	0.87695 	0.90296 	0.86621 	0.89105 	0.91148 	0.88447 	0.90118 	0.90775 	-0.51815 	-0.06227 	-0.26161 	0.12782 	0.01225 	0.28356 	-0.41110 	-0.05759 	0.50265 	-0.06083 	0.21354 	0.23022 	-0.17900 	-0.02151 	-0.09038 	0.06780 	0.00423 	0.22843 	-0.14202 	-0.01990 	0.05970 	-0.02101 	0.07377 	0.17630 	0.02482	0.14123
Replication126	 -1.46137	1.00172	0.91966 	0.92022 	0.92512 	0.92531 	0.92737 	0.93796 	0.92241 	0.93449 	0.94504 	0.92811 	0.94478 	0.94252 	-0.13794 	-0.24337 	-0.31952 	0.08147 	0.04270 	0.19156 	-0.22015 	0.00000 	0.34020 	-0.14724 	0.23894 	0.15298 	-0.04691 	-0.08277 	-0.10867 	0.03952 	0.01452 	0.15303 	-0.07487 	0.00000 	0.03062 	-0.05008 	0.08126 	0.11529 	0.00869	0.02298
Replication127	 -1.39698	0.99910	0.82186 	0.81417 	0.82208 	0.82881 	0.82585 	0.84475 	0.77068 	0.78048 	0.84330 	0.74030 	0.80266 	0.83459 	-0.05877 	-0.45333 	-0.34993 	0.17689 	0.00139 	0.43882 	0.00000 	-0.22781 	0.80000 	-0.88473 	0.22969 	0.39134 	-0.02093 	-0.16141 	-0.12459 	0.08195 	0.00050 	0.35162 	0.00000 	-0.08111 	0.12547 	-0.31500 	0.08178 	0.30605 	0.01089	0.06671
Replication128	 0.00091	0.99409	0.92062 	0.91793 	0.90502 	0.92310 	0.91703 	0.92000 	0.85025 	0.87733 	0.91405 	0.85414 	0.88534 	0.90916 	0.00000 	0.00000 	-0.37719 	0.09139 	0.00282 	0.24217 	-0.33130 	0.00000 	0.49020 	-0.45962 	0.13919 	0.22679 	0.00000 	0.00000 	-0.13015 	0.03275 	0.00097 	0.18831 	-0.11431 	0.00000 	0.05749 	-0.15859 	0.04803 	0.17411 	0.01094	0.00864
Replication129	 0.07729	0.98087	0.91412 	0.91621 	0.93190 	0.92110 	0.92407 	0.93789 	0.90749 	0.91918 	0.94083 	0.91313 	0.93130 	0.93787 	-0.12129 	-0.32509 	0.00000 	0.08751 	0.00000 	0.19452 	-0.21984 	-0.19122 	0.37459 	-0.14650 	0.18570 	0.16495 	-0.04147 	-0.11114 	0.00000 	0.03948 	0.00000 	0.15041 	-0.07516 	-0.06538 	0.02021 	-0.05009 	0.06349 	0.12181 	0.02407	0.10825
Replication130	 0.16213	0.96142	0.88008 	0.87238 	0.88608 	0.88353 	0.88481 	0.89631 	0.81093 	0.84108 	0.89273 	0.81548 	0.86295 	0.88593 	0.00000 	-0.44426 	-0.04632 	0.12571 	0.02817 	0.30441 	-0.39850 	-0.19898 	0.59577 	-0.52810 	0.34018 	0.27842 	0.00000 	-0.15490 	-0.01615 	0.05495 	0.00982 	0.23942 	-0.13895 	-0.06938 	0.07358 	-0.18413 	0.11861 	0.21485 	0.02429	0.15430
Replication131	 0.06072	0.97995	0.86154 	0.86891 	0.89110 	0.87533 	0.88028 	0.90726 	0.92378 	0.91948 	0.92442 	0.92252 	0.93194 	0.92178 	-0.30428 	-0.45766 	-0.30332 	0.12181 	0.00000 	0.26924 	0.00000 	-0.18547 	0.43326 	0.00000 	0.20322 	0.19838 	-0.10432 	-0.15690 	-0.10399 	0.07058 	0.00000 	0.22219 	0.00000 	-0.06358 	0.05523 	0.00000 	0.06967 	0.15236 	0.00077	0.07904
Replication132	 0.08998	0.97655	0.99479 	1.00016 	1.00708 	0.99921 	1.00273 	1.00758 	1.02056 	1.01799 	1.01320 	1.01980 	1.02548 	1.01304 	-0.13358 	-0.07684 	0.00000 	0.00572 	0.02342 	0.00395 	0.00000 	0.00000 	-0.02382 	0.00000 	0.20031 	-0.00783 	-0.04366 	-0.02512 	0.00000 	0.00970 	0.00766 	0.00761 	0.00000 	0.00000 	0.00558 	0.00000 	0.06547 	-0.00425 	0.00696	0.10333
Replication133	 0.05637	0.97973	0.95279 	0.97496 	0.98691 	0.96936 	0.97558 	0.98982 	1.01024 	1.00582 	1.00030 	1.00894 	1.01870 	0.99961 	-0.41303 	0.00000 	-0.03718 	0.03007 	0.02598 	0.04922 	0.00000 	-0.04344 	0.03533 	0.00000 	0.32057 	0.02159 	-0.13572 	0.00000 	-0.01222 	0.02799 	0.00854 	0.04732 	0.00000 	-0.01427 	0.02002 	0.00000 	0.10534 	0.01972 	0.01168	0.07683
Replication134	 0.03979	0.98372	0.99271 	0.99308 	0.99228 	0.99368 	0.99297 	0.99337 	0.96533 	0.97862 	0.99096 	0.97074 	0.98762 	0.98944 	0.00000 	0.00000 	0.00000 	0.01850 	0.00000 	0.04606 	-0.23799 	0.00000 	0.10485 	-0.18498 	0.21748 	0.04702 	0.00000 	0.00000 	0.00000 	0.00481 	0.00000 	0.03348 	-0.07899 	0.00000 	0.00382 	-0.06139 	0.07218 	0.03472 	0.01482	0.06468
Replication135	 0.13799	0.95963	0.89047 	0.91687 	0.92852 	0.91259 	0.91608 	0.93475 	0.87271 	0.91237 	0.93671 	0.90421 	0.92174 	0.93330 	-0.42552 	0.00000 	0.00000 	0.09173 	0.00000 	0.20031 	-0.64000 	0.00000 	0.37266 	0.00000 	0.25251 	0.17238 	-0.14501 	0.00000 	0.00000 	0.04742 	0.00000 	0.15962 	-0.21811 	0.00000 	0.04570 	0.00000 	0.08605 	0.13258 	0.01007	0.16636
Replication136	 0.20249	0.94916	0.84958 	0.83863 	0.84154 	0.85250 	0.84883 	0.86399 	0.78787 	0.81619 	0.86427 	0.81184 	0.83144 	0.85734 	0.00000 	-0.40919 	-0.42766 	0.15717 	0.00040 	0.39024 	-0.45216 	-0.44419 	0.74560 	0.00000 	0.12047 	0.34360 	0.00000 	-0.14498 	-0.15153 	0.06782 	0.00014 	0.30818 	-0.16021 	-0.15739 	0.08625 	0.00000 	0.04269 	0.26333 	0.02997	0.21568
Replication137	 0.05824	0.97920	0.88928 	0.90828 	0.92689 	0.90759 	0.91265 	0.93351 	0.91374 	0.92250 	0.93971 	0.91026 	0.93296 	0.93705 	-0.36197 	-0.19560 	0.00000 	0.09636 	0.00000 	0.20426 	-0.12210 	-0.03015 	0.37190 	-0.32750 	0.19971 	0.16586 	-0.12358 	-0.06678 	0.00000 	0.04994 	0.00000 	0.16162 	-0.04169 	-0.01029 	0.02931 	-0.11181 	0.06819 	0.12416 	0.01874	0.08053
Replication138	 0.10016	0.96965	0.86002 	0.89398 	0.90934 	0.88865 	0.89503 	0.91916 	0.90091 	0.90152 	0.92549 	0.89877 	0.92036 	0.92163 	-0.54896 	-0.02392 	-0.09212 	0.11384 	0.03250 	0.24221 	-0.07700 	-0.36971 	0.44159 	-0.15575 	0.24423 	0.20006 	-0.18871 	-0.00822 	-0.03167 	0.05952 	0.01117 	0.19232 	-0.02647 	-0.12709 	0.04078 	-0.05354 	0.08396 	0.15127 	0.01732	0.10584
Replication139	 0.11482	0.97143	0.89363 	0.90821 	0.92080 	0.90891 	0.91211 	0.93113 	0.92283 	0.92372 	0.93905 	0.92001 	0.93951 	0.93605 	-0.31580 	-0.18233 	-0.16569 	0.09567 	0.00000 	0.21018 	-0.06374 	-0.21744 	0.37567 	-0.17067 	0.25438 	0.16808 	-0.10787 	-0.06228 	-0.05659 	0.04874 	0.00000 	0.16707 	-0.02177 	-0.07427 	0.02929 	-0.05830 	0.08689 	0.12591 	0.02740	0.12965
Replication140	 0.00162	0.99338	0.91887 	0.93820 	0.94649 	0.93512 	0.93760 	0.95122 	0.92141 	0.93008 	0.95237 	0.91021 	0.94542 	0.94920 	-0.32065 	0.00000 	0.00000 	0.07233 	0.00000 	0.15789 	-0.09176 	0.00000 	0.30355 	-0.55518 	0.31085 	0.13779 	-0.10865 	0.00000 	0.00000 	0.03464 	0.00000 	0.12327 	-0.03109 	0.00000 	0.02539 	-0.18812 	0.10533 	0.10393 	0.02468	0.05841
Replication141	 0.04148	0.98489	0.81886 	0.81400 	0.82685 	0.82800 	0.82838 	0.85155 	0.81201 	0.81383 	0.85888 	0.81547 	0.84127 	0.85155 	-0.13604 	-0.51189 	-0.44381 	0.17674 	0.02095 	0.42189 	-0.14667 	-0.68258 	0.77624 	-0.06000 	0.23829 	0.35695 	-0.04837 	-0.18203 	-0.15782 	0.08325 	0.00745 	0.33603 	-0.05215 	-0.24272 	0.08635 	-0.02133 	0.08473 	0.27297 	0.02792	0.04027
Replication142	 0.06004	0.97578	0.77072 	0.78588 	0.79542 	0.79412 	0.79286 	0.82310 	0.74751 	0.77273 	0.82395 	0.75646 	0.78477 	0.81890 	-0.35372 	-0.29693 	-0.43494 	0.21307 	0.00000 	0.50107 	-0.31200 	-0.31337 	0.80000 	-0.27347 	0.06749 	0.43276 	-0.12845 	-0.10783 	-0.15794 	0.09533 	0.00000 	0.39292 	-0.11330 	-0.11380 	0.09654 	-0.09931 	0.02451 	0.32699 	0.01712	0.08323
Replication143	 0.01474	0.98623	0.89176 	0.91153 	0.91400 	0.90964 	0.91048 	0.92823 	0.92489 	0.92199 	0.93573 	0.92065 	0.93526 	0.93272 	-0.37566 	0.00000 	-0.33871 	0.09577 	0.00000 	0.21767 	0.00000 	-0.24553 	0.38968 	-0.11829 	0.18107 	0.17526 	-0.12845 	0.00000 	-0.11581 	0.04760 	0.00000 	0.17344 	0.00000 	-0.08395 	0.03425 	-0.04045 	0.06191 	0.13199 	0.00445	0.02305
Replication144	 0.08806	0.98360	0.85841 	0.86702 	0.88952 	0.87279 	0.87691 	0.89903 	0.86374 	0.86930 	0.90190 	0.84984 	0.87595 	0.89780 	-0.23757 	-0.39398 	0.00000 	0.13315 	0.00000 	0.29768 	0.00000 	-0.13690 	0.56785 	-0.48828 	0.02078 	0.25461 	-0.08280 	-0.13732 	0.00000 	0.06286 	0.00000 	0.23312 	0.00000 	-0.04771 	0.04917 	-0.17018 	0.00724 	0.19147 	0.00315	0.12663
Replication145	 0.19730	0.96629	0.83518 	0.87078 	0.89140 	0.86633 	0.87204 	0.90084 	0.86109 	0.86952 	0.90538 	0.86376 	0.89187 	0.90026 	-0.54922 	-0.08436 	0.00000 	0.13571 	0.00000 	0.29147 	-0.19823 	-0.43961 	0.54275 	-0.19385 	0.27488 	0.24786 	-0.19074 	-0.02930 	0.00000 	0.06954 	0.00000 	0.23069 	-0.06884 	-0.15268 	0.05443 	-0.06732 	0.09546 	0.18841 	0.03537	0.31253
Replication146	 0.15107	0.96665	0.95943 	0.95700 	0.96527 	0.96124 	0.96356 	0.97297 	0.99005 	0.98743 	0.98301 	0.98928 	0.99504 	0.98219 	-0.08060 	-0.26909 	-0.21389 	0.04249 	0.01030 	0.09559 	0.00000 	0.00000 	0.13358 	0.00000 	0.19475 	0.06218 	-0.02679 	-0.08944 	-0.07109 	0.02717 	0.00342 	0.08151 	0.00000 	0.00000 	0.02048 	0.00000 	0.06473 	0.04841 	0.06311	0.14622
Replication147	 0.20929	0.95359	0.96115 	0.96097 	0.95906 	0.96335 	0.96168 	0.96309 	0.91565 	0.92983 	0.95729 	0.90852 	0.94062 	0.95407 	0.00000 	-0.03317 	-0.03719 	0.05081 	0.00719 	0.12827 	-0.15901 	0.00000 	0.27953 	-0.53832 	0.20291 	0.12690 	0.00000 	-0.01121 	-0.01257 	0.01582 	0.00243 	0.09613 	-0.05376 	0.00000 	0.02135 	-0.18198 	0.06860 	0.09547 	0.05718	0.21432
Replication148	 0.01320	0.98539	0.90939 	0.90212 	0.90058 	0.91074 	0.90942 	0.91799 	0.89408 	0.90374 	0.92233 	0.88996 	0.91136 	0.91894 	-0.02638 	-0.26554 	-0.44908 	0.09894 	0.03268 	0.24582 	-0.11242 	0.00000 	0.45717 	-0.34242 	0.13791 	0.20620 	-0.00908 	-0.09142 	-0.15461 	0.04285 	0.01125 	0.19430 	-0.03870 	0.00000 	0.04325 	-0.11789 	0.04748 	0.15581 	0.00476	0.02646
Replication149	 -1.51598	0.99666	0.96445 	0.96409 	0.96069 	0.96640 	0.96510 	0.96681 	0.93819 	0.94698 	0.96422 	0.93526 	0.95257 	0.96207 	-0.01942 	-0.03066 	-0.14631 	0.04708 	0.01768 	0.11794 	-0.10755 	-0.02364 	0.24830 	-0.30089 	0.09231 	0.10960 	-0.00655 	-0.01034 	-0.04933 	0.01520 	0.00596 	0.08866 	-0.03626 	-0.00797 	0.01303 	-0.10145 	0.03112 	0.08096 	0.00497	0.00513
Replication150	 0.05647	0.97951	0.86194 	0.90446 	0.92698 	0.89559 	0.90368 	0.93395 	0.93560 	0.93665 	0.94499 	0.92822 	0.94474 	0.94304 	-0.66664 	0.00000 	0.00000 	0.10072 	0.00000 	0.19934 	0.00000 	0.00000 	0.32573 	-0.26871 	0.16253 	0.15017 	-0.22595 	0.00000 	0.00000 	0.06273 	0.00000 	0.16444 	0.00000 	0.00000 	0.04536 	-0.09108 	0.05509 	0.11604 	0.00914	0.06560
Replication151	 0.06968	0.98072	0.75270 	0.76595 	0.82526 	0.77946 	0.79293 	0.84168 	0.81200 	0.83502 	0.86271 	0.82289 	0.85091 	0.85750 	-0.43012 	-0.86550 	0.00000 	0.20371 	0.02468 	0.43842 	-0.34665 	-0.09355 	0.70846 	-0.22709 	0.28479 	0.33822 	-0.15092 	-0.30369 	0.00000 	0.12563 	0.00866 	0.36670 	-0.12163 	-0.03283 	0.13228 	-0.07968 	0.09993 	0.26808 	0.04537	0.05256
Replication152	 0.10485	0.97639	0.86228 	0.86475 	0.87913 	0.87247 	0.87314 	0.88899 	0.79893 	0.82834 	0.88439 	0.80767 	0.84975 	0.87727 	-0.11970 	-0.34189 	0.00000 	0.13685 	0.00000 	0.32488 	-0.40752 	-0.33155 	0.64345 	-0.40968 	0.26975 	0.29852 	-0.04197 	-0.11988 	0.00000 	0.05962 	0.00000 	0.25394 	-0.14289 	-0.11625 	0.07355 	-0.14365 	0.09458 	0.22915 	0.02932	0.17142
Replication153	 0.04333	0.98070	0.82885 	0.81871 	0.81169 	0.83303 	0.82562 	0.83904 	0.75172 	0.76757 	0.83270 	0.74071 	0.78975 	0.82494 	0.00000 	-0.29986 	-0.52615 	0.18015 	0.00000 	0.45824 	-0.16172 	-0.40871 	0.80000 	-0.57832 	0.17741 	0.41614 	0.00000 	-0.10793 	-0.18937 	0.07267 	0.00000 	0.35952 	-0.05821 	-0.14711 	0.10945 	-0.20815 	0.06386 	0.31959 	0.00961	0.04014
Replication154	 0.05347	0.98452	0.95337 	0.94970 	0.95863 	0.95452 	0.95568 	0.96239 	0.93680 	0.94495 	0.96297 	0.93847 	0.95745 	0.96056 	0.00000 	-0.25287 	0.00000 	0.05655 	0.00000 	0.12941 	-0.16289 	-0.16111 	0.25908 	-0.18929 	0.21239 	0.11348 	0.00000 	-0.08540 	0.00000 	0.02270 	0.00000 	0.09833 	-0.05501 	-0.05441 	0.00936 	-0.06393 	0.07173 	0.08308 	0.01014	0.08601
Replication155	 0.09697	0.97743	0.99860 	0.99836 	0.99932 	0.99905 	0.99906 	1.00001 	0.99587 	0.99031 	0.99997 	0.99424 	1.00643 	0.99836 	0.00000 	-0.03218 	0.00000 	0.01169 	0.00000 	0.02743 	0.00000 	-0.33942 	0.05714 	0.00000 	0.25370 	0.02661 	0.00000 	-0.01062 	0.00000 	0.00396 	0.00000 	0.02033 	0.00000 	-0.11207 	0.00009 	0.00000 	0.08377 	0.01967 	0.05980	0.06644
Replication156	 0.15597	0.95922	0.91490 	0.91443 	0.93057 	0.92049 	0.92385 	0.93664 	0.89353 	0.91578 	0.93939 	0.91275 	0.92997 	0.93607 	-0.09187 	-0.36433 	0.00000 	0.08766 	0.01296 	0.19725 	-0.42147 	-0.20932 	0.37657 	0.00000 	0.25342 	0.16827 	-0.03139 	-0.12450 	0.00000 	0.04022 	0.00443 	0.15367 	-0.14402 	-0.07153 	0.02647 	0.00000 	0.08660 	0.12566 	0.03406	0.15553
Replication157	 0.16099	0.97220	0.94962 	0.95061 	0.94734 	0.95294 	0.95015 	0.95139 	0.88032 	0.90677 	0.94152 	0.88580 	0.90934 	0.93801 	0.00000 	0.00000 	0.00000 	0.06308 	0.00000 	0.16068 	-0.32538 	0.00000 	0.36023 	-0.40176 	0.02535 	0.16316 	0.00000 	0.00000 	0.00000 	0.01842 	0.00000 	0.11966 	-0.11092 	0.00000 	0.03067 	-0.13696 	0.00864 	0.12304 	0.03825	0.21983
Replication158	 -1.52054	0.99570	0.84515 	0.87178 	0.87153 	0.86991 	0.87009 	0.89669 	0.89621 	0.90792 	0.91292 	0.90697 	0.91913 	0.90964 	-0.52250 	0.00000 	-0.65816 	0.12741 	0.00000 	0.29612 	-0.24509 	0.00000 	0.47885 	0.00000 	0.26998 	0.22406 	-0.17967 	0.00000 	-0.22632 	0.07272 	0.00000 	0.24589 	-0.08428 	0.00000 	0.07529 	0.00000 	0.09284 	0.17494 	0.00335	0.01675
Replication159	 0.03574	0.98379	0.93482 	0.92877 	0.94134 	0.93609 	0.94001 	0.94641 	0.90667 	0.92365 	0.94615 	0.92095 	0.93177 	0.94343 	0.00000 	-0.36797 	0.00000 	0.07514 	0.05647 	0.17262 	-0.31463 	-0.21291 	0.34712 	0.00000 	0.10136 	0.15241 	0.00000 	-0.12544 	0.00000 	0.03045 	0.01925 	0.13157 	-0.10726 	-0.07258 	0.01734 	0.00000 	0.03455 	0.11226 	0.02481	0.08471
Replication160	 0.00969	0.98531	0.89653 	0.91321 	0.93670 	0.91342 	0.92011 	0.94282 	0.94488 	0.94693 	0.95397 	0.94846 	0.95923 	0.95206 	-0.36128 	-0.29128 	0.00000 	0.08690 	0.00000 	0.17712 	-0.10592 	-0.16448 	0.29216 	0.00000 	0.22536 	0.13127 	-0.12223 	-0.09854 	0.00000 	0.05106 	0.00000 	0.14420 	-0.03583 	-0.05564 	0.02767 	0.00000 	0.07624 	0.09907 	0.01765	0.05189
Replication161	 0.14641	0.97215	0.93853 	0.93975 	0.93587 	0.94253 	0.93920 	0.94069 	0.85303 	0.88541 	0.92915 	0.87622 	0.89440 	0.92446 	0.00000 	0.00000 	0.00000 	0.07433 	0.00000 	0.18977 	-0.50443 	-0.30955 	0.42358 	-0.07566 	0.06825 	0.19351 	0.00000 	0.00000 	0.00000 	0.02206 	0.00000 	0.14177 	-0.17309 	-0.10622 	0.03791 	-0.02596 	0.02342 	0.14656 	0.00712	0.23039
Replication162	 0.20423	0.96125	0.80811 	0.82628 	0.83943 	0.83094 	0.83313 	0.85818 	0.79403 	0.80696 	0.85899 	0.80202 	0.82387 	0.85196 	-0.36007 	-0.25133 	-0.23759 	0.17512 	0.02593 	0.40648 	-0.23344 	-0.57506 	0.77945 	-0.11289 	0.06088 	0.35658 	-0.12814 	-0.08945 	-0.08455 	0.08068 	0.00923 	0.31974 	-0.08308 	-0.20466 	0.08253 	-0.04018 	0.02167 	0.27174 	0.09901	0.20248
Replication163	 0.26965	0.96329	0.78901 	0.84567 	0.87366 	0.83570 	0.84496 	0.88523 	0.84822 	0.86475 	0.89410 	0.84353 	0.87460 	0.88969 	-0.79347 	0.00000 	-0.01075 	0.15669 	0.01029 	0.32796 	-0.18090 	0.00000 	0.56829 	-0.47594 	0.16800 	0.26807 	-0.27514 	0.00000 	-0.00373 	0.09231 	0.00357 	0.26884 	-0.06273 	0.00000 	0.09324 	-0.16503 	0.05825 	0.21024 	0.08209	0.47515
Replication164	 0.00762	0.98738	0.98770 	0.98505 	0.99150 	0.98762 	0.98899 	0.99294 	0.99159 	0.99109 	0.99581 	0.98524 	1.00155 	0.99474 	0.00000 	-0.16953 	0.00000 	0.02096 	0.00000 	0.04536 	0.00000 	-0.01632 	0.07724 	-0.23220 	0.23633 	0.03480 	0.00000 	-0.05609 	0.00000 	0.01101 	0.00000 	0.03622 	0.00000 	-0.00540 	0.00379 	-0.07682 	0.07819 	0.02585 	0.02117	0.05623
Replication165	 0.00508	0.98992	0.92572 	0.91426 	0.92599 	0.92446 	0.92713 	0.93873 	0.93958 	0.94450 	0.94959 	0.94146 	0.95651 	0.94739 	0.00000 	-0.47603 	-0.30749 	0.07987 	0.02999 	0.18770 	-0.12530 	-0.02717 	0.31097 	-0.11086 	0.27218 	0.14133 	0.00000 	-0.16128 	-0.10418 	0.04232 	0.01016 	0.15322 	-0.04245 	-0.00920 	0.03388 	-0.03756 	0.09222 	0.10759 	0.00129	0.01838
Replication166	 0.07650	0.97625	0.95199 	0.94663 	0.94072 	0.95172 	0.94922 	0.95344 	0.94052 	0.94497 	0.95729 	0.94647 	0.96054 	0.95450 	0.00000 	-0.11313 	-0.39527 	0.05864 	0.01176 	0.15089 	-0.16410 	-0.23992 	0.27592 	0.00000 	0.27196 	0.12561 	0.00000 	-0.03821 	-0.13351 	0.02462 	0.00397 	0.11965 	-0.05543 	-0.08104 	0.02492 	0.00000 	0.09186 	0.09505 	0.02844	0.06595
Replication167	 0.11582	0.96801	0.80359 	0.80680 	0.86010 	0.82044 	0.83195 	0.87329 	0.88588 	0.88016 	0.89491 	0.88421 	0.89671 	0.89127 	-0.30526 	-0.87995 	0.00000 	0.16765 	0.00000 	0.35657 	0.00000 	-0.36073 	0.56643 	0.00000 	0.19744 	0.26498 	-0.10586 	-0.30516 	0.00000 	0.10316 	0.00000 	0.29733 	0.00000 	-0.12510 	0.09050 	0.00000 	0.06847 	0.20705 	0.03711	0.10735
Replication168	 0.03763	0.98069	0.85607 	0.85541 	0.84945 	0.86389 	0.85780 	0.86668 	0.74577 	0.77943 	0.85446 	0.75808 	0.80164 	0.84488 	-0.04518 	-0.13673 	-0.25235 	0.14924 	0.00171 	0.38399 	-0.43581 	-0.50743 	0.77504 	-0.37712 	0.17512 	0.36854 	-0.01601 	-0.04846 	-0.08945 	0.05949 	0.00061 	0.30155 	-0.15447 	-0.17986 	0.11276 	-0.13367 	0.06207 	0.28792 	0.01148	0.05597
Replication169	 0.13639	0.96859	0.68035 	0.72822 	0.78314 	0.73217 	0.74366 	0.80696 	0.73333 	0.79059 	0.82805 	0.77803 	0.80130 	0.82149 	-0.74238 	-0.53403 	-0.13918 	0.24097 	0.00000 	0.52465 	-0.74033 	0.00000 	0.80000 	0.00000 	0.25946 	0.41292 	-0.26206 	-0.18851 	-0.04913 	0.15594 	0.00000 	0.44655 	-0.26134 	0.00000 	0.20556 	0.00000 	0.09159 	0.33653 	0.01923	0.15553
Replication170	 0.05665	0.97846	0.95679 	0.95507 	0.94453 	0.95813 	0.95457 	0.95829 	0.94845 	0.95354 	0.96259 	0.95475 	0.96831 	0.96001 	-0.04464 	0.00000 	-0.46667 	0.05166 	0.00646 	0.13709 	-0.17155 	-0.17641 	0.24310 	0.00000 	0.28730 	0.11249 	-0.01502 	0.00000 	-0.15698 	0.02244 	0.00217 	0.11026 	-0.05771 	-0.05934 	0.02750 	0.00000 	0.09664 	0.08625 	0.00290	0.08382
Replication171	 0.12042	0.96821	0.96874 	0.97339 	0.97297 	0.97346 	0.97317 	0.97736 	0.96860 	0.96219 	0.97768 	0.96673 	0.98075 	0.97517 	-0.09327 	0.00000 	-0.09735 	0.03777 	0.00320 	0.08878 	0.00000 	-0.44529 	0.17835 	0.00000 	0.24938 	0.07971 	-0.03121 	0.00000 	-0.03258 	0.01443 	0.00107 	0.06734 	0.00000 	-0.14903 	0.00614 	0.00000 	0.08346 	0.05875 	0.01693	0.15943
Replication172	 0.01595	0.98616	0.91096 	0.91536 	0.92446 	0.91906 	0.91986 	0.93068 	0.88984 	0.89202 	0.92815 	0.87350 	0.91078 	0.92356 	-0.11679 	-0.19900 	0.00000 	0.09246 	0.00000 	0.21496 	0.00000 	-0.27901 	0.43655 	-0.55024 	0.23298 	0.19654 	-0.04017 	-0.06845 	0.00000 	0.03746 	0.00000 	0.16444 	0.00000 	-0.09597 	0.03064 	-0.18926 	0.08014 	0.14713 	0.01109	0.04367
Replication173	 0.33625	0.93179	0.86736 	0.86956 	0.88757 	0.87725 	0.87940 	0.89694 	0.83418 	0.85019 	0.89598 	0.83695 	0.87072 	0.89009 	-0.13162 	-0.39208 	0.00000 	0.13186 	0.00000 	0.30442 	-0.25937 	-0.39663 	0.59879 	-0.32084 	0.23093 	0.27164 	-0.04602 	-0.13710 	0.00000 	0.05778 	0.00000 	0.23637 	-0.09070 	-0.13869 	0.05206 	-0.11219 	0.08075 	0.20509 	0.14172	0.47737
Replication174	 0.08934	0.96966	0.93948 	0.93489 	0.92611 	0.94007 	0.93589 	0.94037 	0.91237 	0.92274 	0.94148 	0.91608 	0.93424 	0.93824 	0.00000 	-0.07202 	-0.41685 	0.07231 	0.00000 	0.18707 	-0.19138 	-0.13742 	0.36056 	-0.17017 	0.19370 	0.16273 	0.00000 	-0.02455 	-0.14211 	0.02759 	0.00000 	0.14599 	-0.06525 	-0.04685 	0.03056 	-0.05801 	0.06603 	0.12256 	0.00726	0.09960
Replication175	 0.03487	0.98234	0.81361 	0.85451 	0.86918 	0.84895 	0.85315 	0.88483 	0.86178 	0.85528 	0.89194 	0.85770 	0.88274 	0.88603 	-0.61951 	0.00000 	-0.20580 	0.15142 	0.00000 	0.33277 	-0.02324 	-0.67438 	0.60539 	-0.09399 	0.26746 	0.27911 	-0.21638 	0.00000 	-0.07188 	0.07866 	0.00000 	0.26595 	-0.00812 	-0.23554 	0.06851 	-0.03283 	0.09342 	0.21375 	0.02042	0.02475
Replication176	 -1.44010	0.99780	0.90130 	0.89854 	0.92086 	0.90672 	0.91148 	0.92791 	0.89335 	0.91382 	0.93374 	0.90196 	0.92451 	0.93076 	-0.09436 	-0.49243 	0.00000 	0.09872 	0.01226 	0.21925 	-0.32163 	0.00000 	0.40173 	-0.23817 	0.23762 	0.17993 	-0.03231 	-0.16863 	0.00000 	0.04883 	0.00420 	0.17342 	-0.11014 	0.00000 	0.03354 	-0.08156 	0.08137 	0.13511 	0.00970	0.03446
Replication177	 0.02200	0.98547	0.83170 	0.84566 	0.86760 	0.85095 	0.85493 	0.88211 	0.84944 	0.85453 	0.88924 	0.82958 	0.87160 	0.88387 	-0.33375 	-0.37445 	-0.14337 	0.15042 	0.00000 	0.33967 	0.00000 	-0.11436 	0.61633 	-0.65038 	0.24303 	0.28379 	-0.11666 	-0.13088 	-0.05011 	0.07679 	0.00000 	0.27205 	0.00000 	-0.03997 	0.07297 	-0.22733 	0.08495 	0.21765 	0.00863	0.05673
Replication178	 0.00953	0.99890	0.94063 	0.93405 	0.95280 	0.94153 	0.94652 	0.95738 	0.95622 	0.95746 	0.96368 	0.95562 	0.96026 	0.96256 	-0.02322 	-0.46152 	0.00000 	0.06494 	0.02750 	0.14057 	-0.02410 	-0.06491 	0.25048 	-0.05927 	0.02973 	0.10870 	-0.00783 	-0.15563 	0.00000 	0.03288 	0.00927 	0.11112 	-0.00813 	-0.02189 	0.01392 	-0.01998 	0.01003 	0.07990 	0.00920	0.08245
Replication179	 0.15592	0.96145	0.61375 	0.66516 	0.72288 	0.67277 	0.68217 	0.74891 	0.65574 	0.67000 	0.74859 	0.67225 	0.70478 	0.74566 	-0.68256 	-0.52783 	0.00000 	0.31986 	0.00000 	0.69699 	-0.29158 	-0.93178 	0.80000 	0.00000 	0.16219 	0.59642 	-0.25666 	-0.19848 	0.00000 	0.16189 	0.00000 	0.55190 	-0.10964 	-0.35037 	0.16322 	0.00000 	0.06099 	0.45451 	0.00465	0.19752
Replication180	 0.00088	0.99412	0.86924 	0.87121 	0.87978 	0.87857 	0.87864 	0.89654 	0.87176 	0.87481 	0.90165 	0.86066 	0.88442 	0.89744 	-0.16481 	-0.31553 	-0.31638 	0.12901 	0.00000 	0.30363 	-0.00415 	-0.16245 	0.56847 	-0.38790 	0.08755 	0.25530 	-0.05744 	-0.10997 	-0.11026 	0.05875 	0.00000 	0.23910 	-0.00145 	-0.05662 	0.04998 	-0.13519 	0.03051 	0.19219 	0.00932	0.00122
Replication181	 0.09335	0.97244	0.95066 	0.94912 	0.95294 	0.95286 	0.95237 	0.95686 	0.91513 	0.92488 	0.95313 	0.92122 	0.94117 	0.94970 	0.00000 	-0.14555 	0.00000 	0.06127 	0.00000 	0.14587 	-0.22228 	-0.36521 	0.31322 	-0.11366 	0.20851 	0.13824 	0.00000 	-0.04946 	0.00000 	0.02037 	0.00000 	0.10831 	-0.07553 	-0.12409 	0.01142 	-0.03862 	0.07085 	0.10150 	0.03306	0.06668
Replication182	 0.10796	0.97495	0.97950 	0.98099 	0.99173 	0.98252 	0.98567 	0.99343 	0.99616 	1.00145 	1.00034 	1.00212 	1.01326 	0.99956 	-0.09238 	-0.20090 	-0.00223 	0.02217 	0.00098 	0.04197 	-0.16647 	0.00000 	0.04635 	0.00000 	0.31777 	0.02305 	-0.03044 	-0.06619 	-0.00074 	0.01708 	0.00032 	0.03730 	-0.05484 	0.00000 	0.00879 	0.00000 	0.10469 	0.01848 	0.07657	0.08559
Replication183	 0.03741	0.98171	0.92875 	0.92800 	0.94754 	0.93357 	0.93798 	0.95257 	0.94562 	0.95014 	0.96036 	0.94801 	0.96431 	0.95828 	-0.10535 	-0.40810 	0.00000 	0.07141 	0.00000 	0.15279 	-0.13524 	-0.14375 	0.26580 	-0.09832 	0.27419 	0.11793 	-0.03557 	-0.13780 	0.00000 	0.03777 	0.00000 	0.12190 	-0.04567 	-0.04854 	0.01755 	-0.03320 	0.09258 	0.08770 	0.01442	0.03185
Replication184	 0.19023	0.95975	0.94047 	0.96741 	0.98306 	0.96050 	0.96701 	0.98571 	1.00902 	1.00506 	0.99790 	1.00785 	1.01663 	0.99736 	-0.48161 	0.00000 	0.00000 	0.03664 	0.00000 	0.05927 	0.00000 	0.00000 	0.04397 	0.00000 	0.30624 	0.02628 	-0.15832 	0.00000 	0.00000 	0.03408 	0.00000 	0.05692 	0.00000 	0.00000 	0.02511 	0.00000 	0.10067 	0.02398 	0.01344	0.25958
Replication185	 0.00577	0.98923	0.80632 	0.80620 	0.82587 	0.81931 	0.82080 	0.84975 	0.79408 	0.82808 	0.85956 	0.81449 	0.82842 	0.85445 	-0.21325 	-0.54811 	-0.38805 	0.18085 	0.00000 	0.42427 	-0.43299 	0.00000 	0.75879 	-0.13271 	0.00652 	0.34930 	-0.07555 	-0.19420 	-0.13749 	0.09156 	0.00000 	0.34227 	-0.15341 	0.00000 	0.09994 	-0.04702 	0.00231 	0.26910 	0.00909	0.03959
Replication186	 -1.55440	1.00292	0.99380 	0.99424 	0.99360 	0.99476 	0.99415 	0.99460 	0.98413 	0.97897 	0.99262 	0.98263 	0.99386 	0.99075 	0.00000 	0.00000 	0.00000 	0.01770 	0.00000 	0.04309 	0.00000 	-0.38754 	0.09987 	0.00000 	0.19183 	0.04438 	0.00000 	0.00000 	0.00000 	0.00408 	0.00000 	0.03059 	0.00000 	-0.12862 	-0.00064 	0.00000 	0.06366 	0.03214 	0.00134	0.00302
Replication187	 0.12550	0.97042	0.92041 	0.91919 	0.90899 	0.92375 	0.91831 	0.92121 	0.86189 	0.87031 	0.91271 	0.85665 	0.88146 	0.90760 	0.00000 	0.00000 	-0.26180 	0.09352 	0.00000 	0.24166 	-0.10344 	-0.36532 	0.51318 	-0.34869 	0.03173 	0.23222 	0.00000 	0.00000 	-0.09074 	0.02969 	0.00000 	0.18303 	-0.03585 	-0.12662 	0.04214 	-0.12085 	0.01100 	0.17488 	0.01981	0.16957
Replication188	 0.09208	0.97879	0.92888 	0.93033 	0.92592 	0.93351 	0.92969 	0.93139 	0.86151 	0.86378 	0.91870 	0.84204 	0.88711 	0.91226 	0.00000 	0.00000 	0.00000 	0.08365 	0.00000 	0.21465 	0.00000 	-0.49700 	0.47462 	-0.62602 	0.20632 	0.22035 	0.00000 	0.00000 	0.00000 	0.02563 	0.00000 	0.16136 	0.00000 	-0.17139 	0.04649 	-0.21589 	0.07115 	0.16823 	0.00677	0.13364
Replication189	 0.36184	0.96956	0.94353 	0.94048 	0.94780 	0.94545 	0.94581 	0.95224 	0.92357 	0.92498 	0.95027 	0.91259 	0.93751 	0.94719 	0.00000 	-0.22765 	0.00000 	0.06729 	0.00000 	0.15760 	0.00000 	-0.21323 	0.32678 	-0.38970 	0.14943 	0.14389 	0.00000 	-0.07745 	0.00000 	0.02493 	0.00000 	0.11868 	0.00000 	-0.07255 	0.01415 	-0.13258 	0.05084 	0.10583 	0.10863	0.68904
Replication190	 -1.47721	1.00197	0.75977 	0.76862 	0.80688 	0.78223 	0.78853 	0.83079 	0.80608 	0.81758 	0.84710 	0.79630 	0.82060 	0.84207 	-0.36148 	-0.69372 	-0.27754 	0.20930 	0.00000 	0.47142 	-0.06707 	0.00000 	0.80000 	-0.44993 	0.00677 	0.37569 	-0.12851 	-0.24663 	-0.09867 	0.11608 	0.00000 	0.38580 	-0.02385 	0.00000 	0.12094 	-0.15996 	0.00241 	0.29195 	0.00722	0.02164
Replication191	 0.02628	0.98594	0.94509 	0.94912 	0.96407 	0.95166 	0.95659 	0.96776 	0.97128 	0.96674 	0.97416 	0.96996 	0.97988 	0.97252 	-0.15423 	-0.27402 	0.00000 	0.05414 	0.02588 	0.11247 	0.00000 	-0.25798 	0.19430 	0.00000 	0.20463 	0.08571 	-0.05169 	-0.09183 	0.00000 	0.02920 	0.00867 	0.08957 	0.00000 	-0.08646 	0.01025 	0.00000 	0.06858 	0.06331 	0.00919	0.06203
Replication192	 0.15341	0.96631	1.01736 	1.01723 	1.01757 	1.01698 	1.01727 	1.01710 	1.02199 	1.02075 	1.01839 	1.02163 	1.02434 	1.01841 	0.00000 	0.00000 	0.00000 	-0.00837 	0.00000 	-0.02007 	0.00000 	0.00000 	-0.04888 	0.00000 	0.09574 	-0.01976 	0.00000 	0.00000 	0.00000 	-0.00161 	0.00000 	-0.01387 	0.00000 	0.00000 	0.00097 	0.00000 	0.03122 	-0.01369 	0.07492	0.12673
Replication193	 0.13348	0.97321	0.00799	0.21792
Replication194	 0.06657	0.98094	0.83055 	0.86337 	0.87194 	0.85995 	0.86195 	0.88853 	0.82450 	0.86053 	0.89367 	0.84710 	0.87436 	0.88839 	-0.52940 	0.00000 	-0.26988 	0.14143 	0.00000 	0.32198 	-0.53424 	-0.06927 	0.58474 	-0.17646 	0.27841 	0.27250 	-0.18423 	0.00000 	-0.09392 	0.07293 	0.00000 	0.25907 	-0.18591 	-0.02410 	0.07929 	-0.06141 	0.09689 	0.21097 	0.04066	0.05962
Replication195	 0.03975	0.98372	0.85792 	0.87482 	0.90565 	0.87768 	0.88560 	0.91512 	0.91765 	0.91881 	0.92918 	0.90802 	0.93001 	0.92665 	-0.39647 	-0.43016 	-0.03388 	0.11908 	0.00000 	0.24948 	0.00000 	0.00000 	0.41195 	-0.33918 	0.22466 	0.18775 	-0.13568 	-0.14721 	-0.01160 	0.06995 	0.00000 	0.20436 	0.00000 	0.00000 	0.04940 	-0.11607 	0.07688 	0.14362 	0.01324	0.07929
Replication196	 0.10370	0.97118	0.58816 	0.67818 	0.73858 	0.67269 	0.68668 	0.77774 	0.81053 	0.80432 	0.81784 	0.80872 	0.82229 	0.81161 	-1.06809 	-0.31428 	-0.52148 	0.27619 	0.00000 	0.58787 	0.00000 	-0.29991 	0.80000 	0.00000 	0.22230 	0.42603 	-0.37233 	-0.10956 	-0.18179 	0.20568 	0.00000 	0.52311 	0.00000 	-0.10455 	0.28829 	0.00000 	0.07749 	0.36270 	0.00440	0.13838
Replication197	 0.07508	0.97442	1.00422 	1.00113 	1.00825 	1.00321 	1.00552 	1.00863 	1.01880 	1.01718 	1.01395 	1.01722 	1.02790 	1.01353 	0.00000 	-0.17495 	0.00000 	0.00257 	0.00848 	0.00118 	-0.02268 	0.00000 	-0.02809 	-0.06547 	0.28080 	-0.00906 	0.00000 	-0.05716 	0.00000 	0.00713 	0.00277 	0.00537 	-0.00741 	0.00000 	0.00556 	-0.02139 	0.09174 	-0.00497 	0.01715	0.05919
Replication198	 0.08401	0.97258	0.92372 	0.92716 	0.94759 	0.93140 	0.93726 	0.95267 	0.94762 	0.95208 	0.96127 	0.95345 	0.96691 	0.95922 	-0.17348 	-0.38265 	0.00000 	0.07242 	0.02021 	0.15208 	-0.16105 	-0.19209 	0.25921 	0.00000 	0.28059 	0.11557 	-0.05852 	-0.12909 	0.00000 	0.03986 	0.00682 	0.12217 	-0.05433 	-0.06480 	0.01894 	0.00000 	0.09466 	0.08633 	0.01587	0.06292
Replication199	 0.13310	0.96640	0.89494 	0.89408 	0.88211 	0.89989 	0.89320 	0.89613 	0.79659 	0.82088 	0.88261 	0.80593 	0.83516 	0.87524 	0.00000 	0.00000 	-0.24735 	0.11766 	0.00599 	0.30816 	-0.33762 	-0.49061 	0.65144 	-0.27755 	0.04187 	0.30293 	0.00000 	0.00000 	-0.08679 	0.03964 	0.00210 	0.23650 	-0.11846 	-0.17214 	0.07572 	-0.09738 	0.01469 	0.23284 	0.01409	0.21219
Replication200	 0.14016	0.97078	0.81652 	0.81818 	0.85981 	0.83107 	0.83975 	0.87705 	0.89109 	0.89103 	0.89919 	0.88296 	0.90303 	0.89601 	-0.28997 	-0.77870 	-0.19686 	0.15883 	0.00000 	0.34647 	0.00000 	-0.01411 	0.54520 	-0.26825 	0.23493 	0.25447 	-0.10035 	-0.26948 	-0.06813 	0.09678 	0.00000 	0.28948 	0.00000 	-0.00488 	0.08730 	-0.09283 	0.08130 	0.19873 	0.00797	0.18091
Replication201	 0.07011	0.98211	0.94282 	0.94232 	0.94434 	0.94605 	0.94538 	0.94876 	0.90011 	0.90543 	0.94275 	0.88343 	0.92662 	0.93808 	-0.01094 	-0.11677 	0.00000 	0.06775 	0.01531 	0.16673 	-0.04219 	-0.23357 	0.35477 	-0.63800 	0.31479 	0.16279 	-0.00373 	-0.03979 	0.00000 	0.02361 	0.00522 	0.12620 	-0.01438 	-0.07959 	0.02907 	-0.21740 	0.10726 	0.12314 	0.01341	0.07945
Replication202	 0.01296	0.99528	0.91025 	0.91290 	0.93419 	0.91821 	0.92319 	0.94148 	0.93130 	0.94425 	0.95158 	0.94108 	0.95364 	0.94971 	-0.17790 	-0.41938 	-0.05589 	0.08442 	0.00000 	0.18120 	-0.25491 	0.00000 	0.30586 	-0.04689 	0.23347 	0.13679 	-0.06028 	-0.14211 	-0.01894 	0.04671 	0.00000 	0.14656 	-0.08638 	0.00000 	0.02759 	-0.01589 	0.07911 	0.10292 	0.01609	0.09871
Replication203	 0.24523	0.93560	0.84969 	0.87061 	0.87419 	0.87092 	0.87135 	0.89350 	0.84630 	0.87590 	0.90048 	0.87045 	0.88642 	0.89605 	-0.40589 	-0.07065 	-0.41050 	0.13271 	0.00618 	0.30927 	-0.48322 	-0.10394 	0.55881 	0.00000 	0.20634 	0.25648 	-0.14103 	-0.02455 	-0.14263 	0.06597 	0.00215 	0.24797 	-0.16790 	-0.03611 	0.06631 	0.00000 	0.07170 	0.19653 	0.03391	0.27697
Replication204	 0.11470	0.97170	0.91011 	0.91795 	0.91414 	0.91960 	0.91706 	0.92551 	0.87492 	0.88610 	0.92212 	0.88217 	0.90452 	0.91728 	-0.15158 	0.00000 	-0.22622 	0.09419 	0.00000 	0.22927 	-0.24266 	-0.44911 	0.46937 	-0.11543 	0.19840 	0.21092 	-0.05233 	0.00000 	-0.07810 	0.03495 	0.00000 	0.17486 	-0.08377 	-0.15504 	0.03226 	-0.03985 	0.06849 	0.15770 	0.00563	0.14619
Replication205	 0.08033	0.98143	0.89850 	0.90937 	0.90703 	0.91047 	0.90841 	0.91894 	0.86599 	0.88018 	0.91562 	0.87679 	0.89238 	0.91107 	-0.19887 	0.00000 	-0.22023 	0.10285 	0.00000 	0.24695 	-0.26664 	-0.40375 	0.50368 	-0.05464 	0.08133 	0.22519 	-0.06891 	0.00000 	-0.07631 	0.03934 	0.00000 	0.18862 	-0.09239 	-0.13990 	0.03506 	-0.01893 	0.02818 	0.16814 	0.03146	0.14505
Replication206	 0.09204	0.97322	0.84199 	0.82353 	0.82707 	0.84159 	0.83853 	0.85854 	0.81690 	0.85094 	0.87225 	0.84435 	0.86134 	0.86701 	0.00000 	-0.56359 	-0.74095 	0.15920 	0.00885 	0.39798 	-0.52398 	0.00000 	0.68026 	0.00000 	0.24895 	0.31919 	0.00000 	-0.19771 	-0.25993 	0.08138 	0.00310 	0.32651 	-0.18381 	0.00000 	0.10603 	0.00000 	0.08733 	0.24929 	0.01272	0.10005
Replication207	 0.04876	0.97969	0.80984 	0.84427 	0.85988 	0.84202 	0.84646 	0.88059 	0.86523 	0.87662 	0.89507 	0.87642 	0.89192 	0.89080 	-0.59973 	-0.12660 	-0.38790 	0.15382 	0.00478 	0.34057 	-0.25228 	-0.22842 	0.57769 	0.00000 	0.24274 	0.26735 	-0.20855 	-0.04403 	-0.13489 	0.08615 	0.00166 	0.27842 	-0.08773 	-0.07943 	0.07833 	0.00000 	0.08441 	0.20656 	0.02789	0.03743
Replication208	 0.28951	0.93463	0.94510 	0.94263 	0.93244 	0.94652 	0.94187 	0.94422 	0.87989 	0.91607 	0.94143 	0.90892 	0.92627 	0.93766 	0.00000 	0.00000 	-0.32796 	0.06606 	0.00000 	0.17635 	-0.59969 	-0.05544 	0.34855 	0.00000 	0.24316 	0.16240 	0.00000 	0.00000 	-0.11149 	0.02463 	0.00000 	0.13830 	-0.20386 	-0.01885 	0.04287 	0.00000 	0.08266 	0.12519 	0.11137	0.29925
Replication209	 0.09245	0.97621	0.93704 	0.93896 	0.96521 	0.94347 	0.95067 	0.96936 	0.99713 	0.99288 	0.98517 	0.99594 	1.00565 	0.98442 	-0.18876 	-0.48082 	0.00000 	0.05298 	0.00000 	0.10221 	-0.00228 	0.00000 	0.11120 	0.00000 	0.33363 	0.05575 	-0.06250 	-0.15921 	0.00000 	0.04205 	0.00000 	0.09217 	-0.00075 	0.00000 	0.03054 	0.00000 	0.11047 	0.04593 	0.00726	0.14320
Replication210	 0.17389	0.96544	0.73102 	0.74915 	0.74035 	0.75826 	0.75223 	0.78267 	0.72134 	0.72093 	0.77982 	0.70477 	0.74644 	0.77641 	-0.39988 	-0.14988 	-0.78531 	0.25438 	0.02185 	0.61218 	0.00000 	-0.57524 	0.80000 	-0.42124 	0.14573 	0.53133 	-0.14921 	-0.05593 	-0.29304 	0.10524 	0.00815 	0.47520 	0.00000 	-0.21465 	0.10665 	-0.15719 	0.05438 	0.39736 	0.12261	0.15515
Replication211	 0.00314	0.99186	0.83530 	0.85534 	0.88089 	0.85802 	0.86433 	0.89360 	0.85780 	0.87895 	0.90357 	0.86912 	0.89258 	0.89945 	-0.41740 	-0.35102 	-0.10297 	0.14133 	0.00872 	0.30850 	-0.34248 	-0.10217 	0.54563 	-0.18354 	0.25185 	0.24919 	-0.14488 	-0.12184 	-0.03574 	0.07578 	0.00303 	0.24829 	-0.11888 	-0.03546 	0.06189 	-0.06371 	0.08742 	0.19030 	0.02946	0.07013
Replication212	 0.09082	0.97984	0.86967 	0.89116 	0.89732 	0.89037 	0.89324 	0.91713 	0.93639 	0.93420 	0.93373 	0.93254 	0.94520 	0.93134 	-0.46742 	-0.10214 	-0.51803 	0.10695 	0.01751 	0.24187 	0.00000 	0.00000 	0.37633 	-0.11300 	0.25078 	0.17569 	-0.15911 	-0.03477 	-0.17634 	0.06395 	0.00596 	0.20238 	0.00000 	0.00000 	0.05902 	-0.03847 	0.08537 	0.13706 	0.00652	0.13736
Replication213	 0.06345	0.98244	0.85796 	0.88029 	0.90174 	0.88024 	0.88613 	0.91033 	0.87371 	0.88663 	0.91539 	0.88612 	0.90226 	0.91134 	-0.40661 	-0.23008 	0.00000 	0.12370 	0.01286 	0.26686 	-0.27998 	-0.37953 	0.49888 	0.00000 	0.18263 	0.22399 	-0.14071 	-0.07962 	0.00000 	0.06167 	0.00445 	0.20989 	-0.09689 	-0.13134 	0.04113 	0.00000 	0.06320 	0.16827 	0.03409	0.12726
Replication214	 0.00787	0.98866	0.92940 	0.94027 	0.94296 	0.93982 	0.93973 	0.94762 	0.90510 	0.90936 	0.94321 	0.90124 	0.92933 	0.93903 	-0.17050 	0.00000 	0.00000 	0.07365 	0.00000 	0.17080 	-0.11124 	-0.41708 	0.36418 	-0.28399 	0.23986 	0.16220 	-0.05824 	0.00000 	0.00000 	0.02661 	0.00000 	0.12760 	-0.03800 	-0.14247 	0.01707 	-0.09701 	0.08194 	0.11995 	0.00870	0.02524
Replication215	 0.06899	0.98222	0.75950 	0.74908 	0.76164 	0.76907 	0.76492 	0.78890 	0.66049 	0.69157 	0.77487 	0.67053 	0.71544 	0.77033 	-0.05516 	-0.55191 	-0.28748 	0.24779 	0.00000 	0.59831 	-0.35637 	-0.60230 	0.80000 	-0.34026 	0.11433 	0.54442 	-0.02062 	-0.20635 	-0.10748 	0.09640 	0.00000 	0.45927 	-0.13324 	-0.22519 	0.11250 	-0.12722 	0.04275 	0.40843 	0.03305	0.07160
Replication216	 0.16738	0.97155	0.87384 	0.85755 	0.89266 	0.87391 	0.88029 	0.90429 	0.89128 	0.90646 	0.91873 	0.89983 	0.91668 	0.91591 	0.00000 	-0.83881 	-0.08891 	0.12476 	0.00000 	0.27812 	-0.26253 	0.00000 	0.46377 	-0.12824 	0.23279 	0.21178 	0.00000 	-0.28854 	-0.03058 	0.06966 	0.00000 	0.22752 	-0.09031 	0.00000 	0.05720 	-0.04411 	0.08008 	0.16229 	0.00492	0.25037
Replication217	 0.19860	0.95612	0.88414 	0.89014 	0.88564 	0.89392 	0.88910 	0.89416 	0.77611 	0.79966 	0.87676 	0.78728 	0.82479 	0.86774 	-0.06789 	0.00000 	0.00000 	0.12293 	0.00000 	0.31381 	-0.37088 	-0.75134 	0.67555 	-0.25545 	0.13712 	0.31874 	-0.02386 	0.00000 	0.00000 	0.04290 	0.00000 	0.24031 	-0.13036 	-0.26408 	0.08498 	-0.08978 	0.04819 	0.24685 	0.06977	0.21404
Replication218	 -1.52385	0.99840	0.95522 	0.95308 	0.95387 	0.95703 	0.95678 	0.96554 	0.98288 	0.97875 	0.97593 	0.98167 	0.99076 	0.97446 	-0.08395 	-0.17656 	-0.37840 	0.04726 	0.00000 	0.11499 	0.00000 	-0.07056 	0.16675 	0.00000 	0.27189 	0.07912 	-0.02799 	-0.05886 	-0.12615 	0.02841 	0.00000 	0.09769 	0.00000 	-0.02352 	0.02772 	0.00000 	0.09064 	0.06219 	0.00361	0.01093
Replication219	 0.04776	0.97866	0.85918 	0.87478 	0.90857 	0.87829 	0.88698 	0.91721 	0.91240 	0.92404 	0.93226 	0.92301 	0.93461 	0.92999 	-0.38696 	-0.48017 	0.00000 	0.11743 	0.00000 	0.24336 	-0.24539 	-0.06043 	0.39414 	0.00000 	0.23150 	0.18002 	-0.13215 	-0.16398 	0.00000 	0.07073 	0.00000 	0.20047 	-0.08380 	-0.02064 	0.04958 	0.00000 	0.07906 	0.13807 	0.00898	0.05638
Replication220	 0.04932	0.97793	0.88655 	0.89470 	0.90582 	0.89874 	0.90132 	0.92319 	0.94488 	0.94259 	0.93973 	0.94381 	0.94981 	0.93790 	-0.29970 	-0.29402 	-0.43539 	0.09980 	0.00000 	0.22628 	0.00000 	0.00000 	0.35060 	-0.01431 	0.17105 	0.16159 	-0.10182 	-0.09988 	-0.14791 	0.05914 	0.00000 	0.18893 	0.00000 	0.00000 	0.05050 	-0.00486 	0.05811 	0.12505 	0.02571	0.09394
Replication221	 0.13297	0.97624	0.95862 	0.96667 	0.97081 	0.96616 	0.96821 	0.97358 	0.95257 	0.95687 	0.97277 	0.94213 	0.96660 	0.97073 	-0.15075 	-0.03364 	0.00000 	0.04445 	0.02732 	0.09916 	-0.02421 	0.00000 	0.20317 	-0.43747 	0.19081 	0.08987 	-0.05058 	-0.01129 	0.00000 	0.01818 	0.00917 	0.07503 	-0.00812 	0.00000 	0.00933 	-0.14678 	0.06402 	0.06627 	0.06545	0.13011
Replication222	 0.10694	0.96959	0.03494	0.08018
Replication223	 0.16169	0.96453	0.94136 	0.93821 	0.94403 	0.94345 	0.94427 	0.94864 	0.88101 	0.91366 	0.94487 	0.89554 	0.92802 	0.94092 	0.00000 	-0.21561 	0.00000 	0.06812 	0.02766 	0.16567 	-0.49347 	0.00000 	0.33782 	-0.33945 	0.32649 	0.15582 	0.00000 	-0.07328 	0.00000 	0.02695 	0.00940 	0.12785 	-0.16772 	0.00000 	0.03397 	-0.11537 	0.11096 	0.11883 	0.02906	0.17952
Replication224	 0.11015	0.96954	0.78262 	0.80891 	0.84388 	0.81320 	0.82150 	0.86545 	0.88496 	0.87907 	0.88912 	0.88324 	0.89613 	0.88518 	-0.56558 	-0.48293 	-0.32618 	0.17351 	0.00000 	0.37597 	0.00000 	-0.28917 	0.58810 	0.00000 	0.24365 	0.27771 	-0.19638 	-0.16768 	-0.11325 	0.10763 	0.00000 	0.31545 	0.00000 	-0.10040 	0.10188 	0.00000 	0.08460 	0.21852 	0.02899	0.08681
Replication225	 0.07185	0.98056	0.80831 	0.82833 	0.82257 	0.83107 	0.82639 	0.84635 	0.75140 	0.77107 	0.84048 	0.75305 	0.80205 	0.83150 	-0.33958 	0.00000 	-0.41545 	0.17862 	0.00000 	0.43807 	-0.29338 	-0.58951 	0.80000 	-0.40781 	0.29835 	0.40047 	-0.12160 	0.00000 	-0.14878 	0.07700 	0.00000 	0.34473 	-0.10506 	-0.21111 	0.10887 	-0.14604 	0.10684 	0.30918 	0.03535	0.07129
Replication226	 0.18724	0.96708	1.00203 	1.00113 	1.00297 	1.00208 	1.00294 	1.00345 	0.99811 	0.99804 	1.00415 	0.98969 	1.01050 	1.00298 	0.00000 	-0.05666 	0.00000 	0.00751 	0.01418 	0.01736 	0.00000 	0.00000 	0.03037 	-0.31530 	0.29051 	0.01563 	0.00000 	-0.01864 	0.00000 	0.00381 	0.00467 	0.01396 	0.00000 	0.00000 	0.00301 	-0.10375 	0.09559 	0.01229 	0.00639	0.30566
Replication227	 -1.51748	1.00069	0.90557 	0.91880 	0.92988 	0.91925 	0.92220 	0.93655 	0.91255 	0.91231 	0.93822 	0.90224 	0.92935 	0.93461 	-0.25781 	-0.14041 	-0.03228 	0.08953 	0.01152 	0.19835 	-0.00629 	-0.28385 	0.38719 	-0.35235 	0.22332 	0.17205 	-0.08825 	-0.04806 	-0.01105 	0.04011 	0.00394 	0.15297 	-0.00215 	-0.09716 	0.02253 	-0.12061 	0.07644 	0.12766 	0.00407	0.01265
Replication228	 0.21905	0.96238	0.90935 	0.90068 	0.90179 	0.90997 	0.90839 	0.91991 	0.90158 	0.91646 	0.92824 	0.91056 	0.92568 	0.92523 	-0.02532 	-0.32180 	-0.47965 	0.09701 	0.00667 	0.23895 	-0.26093 	0.00000 	0.42192 	-0.10749 	0.21347 	0.19146 	-0.00868 	-0.11031 	-0.16443 	0.04589 	0.00229 	0.19200 	-0.08945 	0.00000 	0.04475 	-0.03685 	0.07318 	0.14554 	0.05700	0.30565
Replication229	 0.17104	0.96070	0.91053 	0.91564 	0.91769 	0.91874 	0.91702 	0.92414 	0.81703 	0.87077 	0.91543 	0.85109 	0.87620 	0.91024 	-0.09616 	-0.08386 	0.00000 	0.09270 	0.00000 	0.23063 	-0.72437 	0.00000 	0.47295 	-0.18742 	0.13798 	0.22302 	-0.03308 	-0.02885 	0.00000 	0.03767 	0.00000 	0.18008 	-0.24916 	0.00000 	0.06687 	-0.06447 	0.04746 	0.17358 	0.01751	0.23253
Replication230	 0.22318	0.94051	0.88617 	0.89213 	0.89911 	0.89647 	0.89613 	0.90858 	0.85719 	0.86013 	0.90393 	0.84306 	0.87354 	0.89866 	-0.14199 	-0.18395 	-0.06520 	0.11631 	0.00000 	0.27490 	0.00000 	-0.37048 	0.56260 	-0.46838 	0.05816 	0.25296 	-0.04949 	-0.06412 	-0.02273 	0.04588 	0.00000 	0.21021 	0.00000 	-0.12914 	0.04287 	-0.16326 	0.02027 	0.18969 	0.04251	0.26452
Replication231	 0.02241	0.99108	0.82915 	0.83628 	0.85190 	0.84437 	0.84555 	0.86912 	0.78831 	0.83041 	0.87191 	0.80960 	0.83604 	0.86612 	-0.24063 	-0.37556 	-0.21594 	0.15938 	0.00000 	0.37465 	-0.52608 	0.00000 	0.69720 	-0.27716 	0.11030 	0.32290 	-0.08473 	-0.13224 	-0.07604 	0.07723 	0.00000 	0.29920 	-0.18525 	0.00000 	0.09100 	-0.09759 	0.03884 	0.24911 	0.01752	0.07068
Replication232	 0.10941	0.97188	0.87599 	0.89312 	0.89446 	0.89304 	0.89205 	0.90637 	0.83985 	0.86082 	0.90246 	0.85784 	0.87318 	0.89725 	-0.28368 	0.00000 	-0.16565 	0.11882 	0.00000 	0.28024 	-0.36751 	-0.44569 	0.56723 	0.00000 	0.06941 	0.25582 	-0.09889 	0.00000 	-0.05775 	0.04827 	0.00000 	0.21544 	-0.12812 	-0.15537 	0.04659 	0.00000 	0.02420 	0.19244 	0.04392	0.09644
Replication233	 0.00460	0.99040	0.93254 	0.93554 	0.93945 	0.93838 	0.93784 	0.94436 	0.89171 	0.90583 	0.93967 	0.87815 	0.91993 	0.93550 	-0.07168 	-0.11318 	0.00000 	0.07367 	0.00000 	0.17765 	-0.12560 	0.00000 	0.36683 	-0.69524 	0.25459 	0.16831 	-0.02444 	-0.03860 	0.00000 	0.02865 	0.00000 	0.13630 	-0.04283 	0.00000 	0.03461 	-0.23708 	0.08682 	0.12787 	0.01918	0.01036
Replication234	 -1.38992	0.99537	0.77712 	0.76276 	0.81406 	0.78610 	0.79485 	0.83872 	0.85269 	0.85323 	0.86613 	0.85568 	0.86898 	0.86167 	-0.16758 	-1.05865 	-0.32023 	0.19805 	0.00000 	0.44466 	-0.09002 	-0.24657 	0.69194 	0.00000 	0.22568 	0.32911 	-0.05871 	-0.37088 	-0.11219 	0.12180 	0.00000 	0.37463 	-0.03154 	-0.08638 	0.12925 	0.00000 	0.07906 	0.26061 	0.01416	0.04127
Replication235	 0.06324	0.97607	1.00917 	1.00829 	1.00648 	1.00870 	1.00843 	1.00835 	1.01190 	1.00872 	1.01043 	1.01152 	1.02133 	1.00949 	0.00000 	0.00000 	-0.08964 	0.00013 	0.00604 	0.00320 	-0.02139 	-0.15541 	-0.00715 	0.00000 	0.25985 	0.00029 	0.00000 	0.00000 	-0.02936 	0.00173 	0.00198 	0.00467 	-0.00700 	-0.05090 	0.00469 	0.00000 	0.08511 	0.00174 	0.00785	0.07522
Replication236	 0.19181	0.95639	0.78104 	0.81306 	0.81208 	0.81322 	0.81182 	0.84004 	0.73095 	0.78933 	0.84319 	0.76220 	0.80463 	0.83453 	-0.52924 	0.00000 	-0.52881 	0.18412 	0.02200 	0.44651 	-0.69568 	0.00000 	0.79754 	-0.34028 	0.31290 	0.38793 	-0.18716 	0.00000 	-0.18701 	0.09700 	0.00778 	0.36649 	-0.24602 	0.00000 	0.15460 	-0.12034 	0.11066 	0.30967 	0.03895	0.22529
Replication237	 0.10468	0.97544	0.78743 	0.80666 	0.81534 	0.81221 	0.81183 	0.84265 	0.79131 	0.80987 	0.85100 	0.77896 	0.82293 	0.84409 	-0.41535 	-0.24492 	-0.50151 	0.18679 	0.00000 	0.44203 	-0.15395 	0.00000 	0.78958 	-0.65310 	0.19728 	0.37067 	-0.14738 	-0.08691 	-0.17795 	0.09578 	0.00000 	0.35844 	-0.05463 	0.00000 	0.11800 	-0.23174 	0.07000 	0.28892 	0.03559	0.08983
Replication238	 0.13841	0.97032	0.72956 	0.74776 	0.76318 	0.75805 	0.75786 	0.79525 	0.72682 	0.73793 	0.79683 	0.72903 	0.76824 	0.79234 	-0.41045 	-0.37741 	-0.46382 	0.24885 	0.00561 	0.57688 	-0.21184 	-0.63228 	0.80000 	-0.24155 	0.25396 	0.49456 	-0.15166 	-0.13945 	-0.17138 	0.11108 	0.00207 	0.45033 	-0.07827 	-0.23362 	0.10004 	-0.08925 	0.09384 	0.37079 	0.01902	0.19041
Replication239	 0.05503	0.98363	0.92759 	0.94130 	0.95921 	0.94079 	0.94636 	0.96442 	0.98062 	0.97877 	0.97572 	0.98007 	0.98413 	0.97504 	-0.31558 	-0.22289 	-0.04474 	0.05977 	0.00000 	0.11850 	0.00000 	0.00000 	0.17406 	0.00000 	0.13460 	0.07878 	-0.10537 	-0.07442 	-0.01494 	0.03911 	0.00000 	0.09953 	0.00000 	0.00000 	0.02162 	0.00000 	0.04494 	0.06022 	0.03492	0.13181
Replication240	 0.12883	0.97245	0.89869 	0.89345 	0.90530 	0.90210 	0.90232 	0.91298 	0.85777 	0.86350 	0.90907 	0.84059 	0.88431 	0.90331 	0.00000 	-0.36005 	0.00000 	0.10963 	0.00000 	0.26194 	-0.03946 	-0.31543 	0.52836 	-0.62231 	0.23992 	0.24133 	0.00000 	-0.12493 	0.00000 	0.04450 	0.00000 	0.20212 	-0.01369 	-0.10945 	0.04775 	-0.21593 	0.08325 	0.18282 	0.00419	0.16240
Replication241	 0.06876	0.98321	0.98234 	0.98302 	0.98181 	0.98395 	0.98284 	0.98355 	0.95373 	0.95800 	0.97993 	0.95837 	0.97860 	0.97703 	0.00000 	0.00000 	0.00000 	0.02973 	0.00000 	0.07348 	-0.17932 	-0.40854 	0.16789 	-0.05884 	0.31925 	0.07553 	0.00000 	0.00000 	0.00000 	0.00748 	0.00000 	0.05305 	-0.05996 	-0.13660 	0.00377 	-0.01967 	0.10674 	0.05555 	0.02883	0.12264