
Replication	FitnessValue	Frequency	Bus1	Bus2	Bus3	Bus4	Bus5	Bus6	Bus7	Bus8	Bus9	Bus10	Bus11	Bus12	Bus1_P	Bus2_P	Bus3_P	Bus4_P	Bus5_P	Bus6_P	Bus7_P	Bus8_P	Bus9_P	Bus10_P	Bus11_P	Bus12_P	Bus1_Q	Bus2_Q	Bus3_Q	Bus4_Q	Bus5_Q	Bus6_Q	Bus7_Q	Bus8_Q	Bus9_Q	Bus10_Q	Bus11_Q	Bus12_Q	PLoss	QLoss
Replication0	 -1.50147	0.99749	0.98261 	0.98531 	0.98737 	0.99140 	0.98811 	0.99243 	0.97554 	0.98165 	0.99327 	0.97839 	0.99063 	0.99198 	-0.13950 	-0.14182 	-0.11784 	0.13609 	0.01776 	0.15585 	-0.13788 	-0.12608 	0.12622 	-0.09977 	0.16389 	0.15846 	-0.04599 	-0.04675 	-0.03885 	0.06041 	0.00586 	0.05064 	-0.04545 	-0.04156 	0.05054 	-0.03289 	0.05403 	0.05325 	0.00462	0.02323
Replication1	 -1.46825	0.99798	0.98586 	0.98811 	0.98975 	0.99355 	0.98997 	0.99477 	0.98550 	0.98852 	0.99692 	0.98501 	0.99968 	0.99570 	-0.12593 	-0.12749 	-0.12974 	0.11735 	0.00000 	0.13180 	-0.08875 	-0.09930 	0.09950 	-0.14061 	0.22903 	0.12635 	-0.04147 	-0.04199 	-0.04273 	0.05650 	0.00000 	0.04721 	-0.02923 	-0.03270 	0.03865 	-0.04631 	0.07543 	0.04175 	0.00778	0.02511
Replication2	 -1.49109	0.99787	0.98534 	0.98793 	0.98935 	0.99328 	0.98960 	0.99430 	0.98072 	0.98549 	0.99600 	0.98248 	0.99863 	0.99457 	-0.12813 	-0.11913 	-0.12502 	0.12040 	0.00000 	0.13686 	-0.13486 	-0.13910 	0.10605 	-0.12262 	0.26483 	0.13530 	-0.04221 	-0.03924 	-0.04118 	0.05620 	0.00000 	0.04762 	-0.04442 	-0.04582 	0.04185 	-0.04039 	0.08724 	0.04606 	0.00542	0.02572
Replication3	 -1.51433	0.99787	0.98485 	0.98879 	0.99084 	0.99372 	0.99236 	0.99518 	0.98096 	0.98532 	0.99606 	0.98229 	0.99598 	0.99476 	-0.15526 	-0.11941 	-0.10416 	0.11799 	0.04944 	0.13156 	-0.11494 	-0.13548 	0.10567 	-0.11412 	0.20112 	0.13402 	-0.05114 	-0.03933 	-0.03431 	0.05398 	0.01629 	0.04257 	-0.03786 	-0.04463 	0.04165 	-0.03759 	0.06625 	0.04502 	0.00356	0.02090
Replication4	 -1.49820	0.99747	0.98446 	0.98599 	0.98695 	0.99215 	0.98858 	0.99235 	0.97503 	0.98121 	0.99283 	0.97740 	0.98891 	0.99161 	-0.11683 	-0.13451 	-0.13571 	0.13238 	0.01519 	0.15660 	-0.12916 	-0.11013 	0.12877 	-0.10951 	0.13688 	0.16099 	-0.03851 	-0.04434 	-0.04474 	0.05624 	0.00501 	0.05075 	-0.04258 	-0.03631 	0.05263 	-0.03610 	0.04513 	0.05515 	0.00504	0.02232
Replication5	 -1.47782	0.99822	0.98784 	0.98942 	0.99102 	0.99479 	0.99217 	0.99596 	0.98549 	0.98965 	0.99848 	0.98653 	1.00516 	0.99701 	-0.11783 	-0.13418 	-0.13528 	0.10710 	0.01788 	0.11966 	-0.13437 	-0.12318 	0.08760 	-0.14235 	0.33505 	0.11349 	-0.03878 	-0.04417 	-0.04453 	0.05361 	0.00589 	0.04530 	-0.04423 	-0.04055 	0.03411 	-0.04686 	0.11029 	0.03913 	0.00640	0.02921
Replication6	 -1.49317	0.99761	0.98486 	0.98684 	0.98783 	0.99267 	0.98935 	0.99312 	0.97804 	0.98285 	0.99394 	0.97946 	0.99198 	0.99267 	-0.12303 	-0.12773 	-0.13536 	0.12756 	0.01717 	0.14923 	-0.11322 	-0.12479 	0.12084 	-0.11405 	0.16600 	0.15184 	-0.04055 	-0.04210 	-0.04461 	0.05557 	0.00566 	0.04915 	-0.03732 	-0.04113 	0.04885 	-0.03759 	0.05471 	0.05176 	0.00554	0.02243
Replication7	 -1.49879	0.99745	0.98375 	0.98587 	0.98673 	0.99183 	0.98760 	0.99215 	0.97629 	0.98060 	0.99283 	0.97717 	0.99034 	0.99147 	-0.12216 	-0.12367 	-0.13454 	0.13433 	0.00000 	0.15820 	-0.10625 	-0.14896 	0.12905 	-0.12137 	0.16824 	0.16220 	-0.04027 	-0.04077 	-0.04435 	0.05761 	0.00000 	0.05155 	-0.03503 	-0.04911 	0.05234 	-0.04001 	0.05547 	0.05555 	0.00492	0.02297
Replication8	 -1.49418	0.99811	0.98929 	0.99017 	0.99112 	0.99538 	0.99199 	0.99584 	0.98314 	0.98767 	0.99749 	0.98434 	1.00118 	0.99609 	-0.09357 	-0.11937 	-0.12562 	0.10570 	0.00000 	0.12277 	-0.13005 	-0.12553 	0.09454 	-0.13579 	0.28038 	0.12129 	-0.03081 	-0.03930 	-0.04136 	0.04880 	0.00000 	0.04366 	-0.04282 	-0.04133 	0.03764 	-0.04471 	0.09231 	0.04219 	0.00525	0.02428
Replication9	 -1.47892	0.99821	0.98748 	0.98984 	0.99172 	0.99480 	0.99161 	0.99623 	0.98655 	0.99047 	0.99859 	0.98778 	1.00351 	0.99729 	-0.12224 	-0.12066 	-0.11534 	0.10726 	0.00000 	0.11836 	-0.12105 	-0.11083 	0.08725 	-0.11918 	0.27762 	0.11212 	-0.04024 	-0.03972 	-0.03797 	0.05336 	0.00000 	0.04343 	-0.03985 	-0.03648 	0.03335 	-0.03923 	0.09139 	0.03719 	0.00669	0.02522
Replication10	 -1.48981	0.99800	0.98648 	0.98891 	0.99021 	0.99405 	0.99052 	0.99506 	0.98170 	0.98702 	0.99692 	0.98366 	1.00055 	0.99550 	-0.12336 	-0.11500 	-0.12496 	0.11428 	0.00000 	0.12954 	-0.14474 	-0.12056 	0.09911 	-0.13108 	0.28437 	0.12692 	-0.04062 	-0.03787 	-0.04115 	0.05423 	0.00000 	0.04606 	-0.04767 	-0.03970 	0.03906 	-0.04316 	0.09364 	0.04344 	0.00549	0.02626
Replication11	 -1.53450	0.99689	0.98079 	0.98319 	0.98366 	0.98970 	0.98481 	0.98932 	0.96671 	0.97333 	0.98830 	0.96822 	0.97741 	0.98707 	-0.12628 	-0.12206 	-0.12929 	0.15408 	0.00000 	0.18662 	-0.11010 	-0.12319 	0.16150 	-0.12671 	0.03414 	0.19985 	-0.04168 	-0.04029 	-0.04267 	0.06038 	0.00000 	0.05635 	-0.03634 	-0.04066 	0.06779 	-0.04182 	0.01127 	0.06958 	0.00144	0.02191
Replication12	 -1.47560	0.99757	0.98340 	0.98599 	0.98680 	0.99183 	0.98761 	0.99246 	0.97848 	0.98327 	0.99379 	0.97925 	0.99274 	0.99252 	-0.13376 	-0.12070 	-0.14683 	0.13253 	0.00000 	0.15382 	-0.11014 	-0.10504 	0.12215 	-0.13465 	0.18212 	0.15349 	-0.04409 	-0.03978 	-0.04840 	0.05949 	0.00000 	0.05229 	-0.03630 	-0.03462 	0.04911 	-0.04438 	0.06003 	0.05196 	0.00702	0.02531
Replication13	 -1.49428	0.99796	0.98739 	0.98902 	0.99004 	0.99441 	0.99179 	0.99502 	0.98200 	0.98598 	0.99643 	0.98258 	0.99889 	0.99501 	-0.11481 	-0.12500 	-0.13331 	0.11309 	0.02375 	0.13077 	-0.11598 	-0.13599 	0.10245 	-0.13892 	0.25791 	0.13080 	-0.03781 	-0.04117 	-0.04391 	0.05159 	0.00782 	0.04527 	-0.03820 	-0.04479 	0.04095 	-0.04575 	0.08494 	0.04530 	0.00524	0.02426
Replication14	 -1.49856	0.99789	0.98581 	0.98901 	0.99022 	0.99387 	0.99032 	0.99486 	0.98119 	0.98591 	0.99616 	0.98299 	0.99723 	0.99485 	-0.13137 	-0.10212 	-0.11502 	0.11691 	0.00000 	0.13303 	-0.12583 	-0.12949 	0.10479 	-0.11149 	0.22249 	0.13309 	-0.04327 	-0.03364 	-0.03789 	0.05351 	0.00000 	0.04489 	-0.04145 	-0.04265 	0.04138 	-0.03672 	0.07328 	0.04495 	0.00499	0.02241
Replication15	 -1.52729	0.99706	0.98133 	0.98354 	0.98483 	0.99008 	0.98549 	0.99020 	0.96925 	0.97547 	0.98982 	0.97069 	0.98207 	0.98851 	-0.12549 	-0.13546 	-0.11921 	0.14955 	0.00000 	0.17792 	-0.11718 	-0.13227 	0.15090 	-0.13233 	0.09358 	0.18786 	-0.04140 	-0.04469 	-0.03933 	0.06096 	0.00000 	0.05476 	-0.03866 	-0.04364 	0.06231 	-0.04366 	0.03088 	0.06470 	0.00213	0.02221
Replication16	 -1.50980	0.99824	0.98950 	0.99159 	0.99277 	0.99625 	0.99494 	0.99709 	0.98404 	0.98854 	0.99841 	0.98545 	1.00221 	0.99702 	-0.11785 	-0.11368 	-0.11703 	0.09909 	0.04356 	0.11261 	-0.13211 	-0.13198 	0.08766 	-0.12972 	0.28258 	0.11304 	-0.03879 	-0.03742 	-0.03852 	0.04622 	0.01434 	0.03910 	-0.04349 	-0.04344 	0.03478 	-0.04270 	0.09301 	0.03953 	0.00385	0.02261
Replication17	 -1.50379	0.99785	0.98511 	0.98835 	0.98995 	0.99340 	0.98982 	0.99454 	0.97987 	0.98514 	0.99586 	0.98138 	0.99695 	0.99449 	-0.13428 	-0.11018 	-0.10941 	0.12012 	0.00000 	0.13592 	-0.13255 	-0.11957 	0.10713 	-0.13524 	0.23753 	0.13618 	-0.04423 	-0.03630 	-0.03604 	0.05530 	0.00000 	0.04581 	-0.04366 	-0.03939 	0.04231 	-0.04455 	0.07825 	0.04606 	0.00436	0.02355
Replication18	 -1.47659	0.99785	0.98445 	0.98762 	0.98878 	0.99290 	0.98909 	0.99401 	0.98175 	0.98616 	0.99590 	0.98317 	0.99825 	0.99455 	-0.13975 	-0.11259 	-0.13592 	0.12277 	0.00000 	0.13899 	-0.12312 	-0.12449 	0.10690 	-0.11963 	0.24415 	0.13586 	-0.04604 	-0.03709 	-0.04477 	0.05795 	0.00000 	0.04887 	-0.04056 	-0.04101 	0.04207 	-0.03941 	0.08043 	0.04574 	0.00683	0.02617
Replication19	 -1.47807	0.99805	0.98538 	0.98732 	0.99048 	0.99315 	0.98984 	0.99504 	0.98534 	0.98899 	0.99769 	0.98570 	1.00285 	0.99632 	-0.12618 	-0.15617 	-0.10711 	0.11829 	0.00000 	0.12865 	-0.11542 	-0.11492 	0.09431 	-0.14291 	0.29382 	0.12110 	-0.04155 	-0.05142 	-0.03527 	0.05969 	0.00000 	0.04718 	-0.03800 	-0.03784 	0.03570 	-0.04706 	0.09675 	0.03963 	0.00652	0.02781
Replication20	 -1.49065	0.99781	0.98484 	0.98800 	0.98922 	0.99324 	0.99049 	0.99424 	0.98000 	0.98534 	0.99550 	0.98196 	0.99573 	0.99423 	-0.14171 	-0.11585 	-0.12957 	0.12147 	0.02399 	0.13839 	-0.12974 	-0.11113 	0.10954 	-0.11621 	0.20664 	0.13850 	-0.04669 	-0.03816 	-0.04269 	0.05555 	0.00790 	0.04675 	-0.04274 	-0.03661 	0.04363 	-0.03828 	0.06808 	0.04686 	0.00567	0.02360
Replication21	 -1.50827	0.99737	0.98268 	0.98512 	0.98668 	0.99122 	0.98702 	0.99182 	0.97396 	0.97990 	0.99230 	0.97583 	0.98818 	0.99101 	-0.12869 	-0.13185 	-0.11837 	0.13879 	0.00000 	0.16183 	-0.12539 	-0.12230 	0.13309 	-0.12186 	0.14412 	0.16662 	-0.04243 	-0.04348 	-0.03903 	0.05961 	0.00000 	0.05175 	-0.04134 	-0.04032 	0.05391 	-0.04018 	0.04752 	0.05654 	0.00400	0.02255
Replication22	 -1.49028	0.99778	0.98359 	0.98709 	0.98883 	0.99243 	0.98867 	0.99378 	0.98062 	0.98489 	0.99548 	0.98154 	0.99739 	0.99407 	-0.14493 	-0.11812 	-0.12050 	0.12628 	0.00000 	0.14183 	-0.11987 	-0.13504 	0.11016 	-0.13320 	0.24777 	0.14011 	-0.04775 	-0.03892 	-0.03970 	0.05933 	0.00000 	0.04876 	-0.03949 	-0.04449 	0.04321 	-0.04388 	0.08163 	0.04704 	0.00550	0.02574
Replication23	 -1.51742	0.99746	0.98244 	0.98598 	0.98779 	0.99155 	0.98757 	0.99253 	0.97423 	0.98080 	0.99297 	0.97606 	0.98902 	0.99171 	-0.14216 	-0.11840 	-0.10323 	0.13576 	0.00000 	0.15590 	-0.13249 	-0.10156 	0.12823 	-0.13704 	0.15115 	0.16069 	-0.04686 	-0.03903 	-0.03403 	0.05918 	0.00000 	0.04944 	-0.04368 	-0.03348 	0.05165 	-0.04518 	0.04983 	0.05423 	0.00314	0.02205
Replication24	 -1.49733	0.99763	0.98521 	0.98690 	0.98821 	0.99274 	0.98882 	0.99326 	0.97848 	0.98297 	0.99421 	0.97975 	0.99294 	0.99290 	-0.11381 	-0.12941 	-0.12370 	0.12682 	0.00000 	0.14788 	-0.11245 	-0.13601 	0.11903 	-0.11537 	0.18191 	0.14998 	-0.03751 	-0.04265 	-0.04077 	0.05556 	0.00000 	0.04882 	-0.03706 	-0.04482 	0.04777 	-0.03802 	0.05995 	0.05092 	0.00514	0.02220
Replication25	 -1.54431	0.99691	0.98047 	0.98336 	0.98398 	0.98970 	0.98488 	0.98949 	0.96507 	0.97273 	0.98851 	0.96772 	0.97892 	0.98714 	-0.13278 	-0.11760 	-0.12282 	0.15377 	0.00000 	0.18519 	-0.14008 	-0.13941 	0.16007 	-0.12679 	0.08106 	0.19901 	-0.04382 	-0.03881 	-0.04054 	0.06074 	0.00000 	0.05585 	-0.04623 	-0.04601 	0.06703 	-0.04184 	0.02675 	0.06968 	0.00037	0.02280
Replication26	 -1.48110	0.99830	0.98755 	0.98953 	0.99199 	0.99474 	0.99165 	0.99644 	0.98820 	0.99091 	0.99931 	0.98845 	1.00709 	0.99784 	-0.11996 	-0.13584 	-0.11259 	0.10622 	0.00000 	0.11525 	-0.11476 	-0.14175 	0.08209 	-0.13619 	0.34435 	0.10705 	-0.03948 	-0.04471 	-0.03705 	0.05502 	0.00000 	0.04408 	-0.03777 	-0.04665 	0.03089 	-0.04482 	0.11333 	0.03587 	0.00612	0.02871
Replication27	 -1.49934	0.99739	0.98344 	0.98492 	0.98654 	0.99135 	0.98714 	0.99182 	0.97505 	0.98054 	0.99246 	0.97663 	0.98863 	0.99120 	-0.11589 	-0.14518 	-0.12420 	0.13776 	0.00004 	0.16141 	-0.11728 	-0.11971 	0.13191 	-0.11920 	0.14042 	0.16503 	-0.03821 	-0.04787 	-0.04095 	0.05926 	0.00001 	0.05227 	-0.03867 	-0.03947 	0.05341 	-0.03930 	0.04630 	0.05589 	0.00489	0.02266
Replication28	 -1.45251	0.99808	0.98507 	0.98727 	0.98955 	0.99304 	0.98948 	0.99477 	0.98749 	0.99021 	0.99787 	0.98797 	1.00407 	0.99653 	-0.13373 	-0.14499 	-0.13694 	0.11848 	0.00000 	0.12962 	-0.10523 	-0.12309 	0.09295 	-0.11791 	0.29266 	0.11929 	-0.04403 	-0.04774 	-0.04509 	0.06076 	0.00000 	0.04937 	-0.03465 	-0.04053 	0.03523 	-0.03882 	0.09636 	0.03905 	0.00889	0.02990
Replication29	 -1.47789	0.99755	0.98309 	0.98553 	0.98668 	0.99155 	0.98734 	0.99230 	0.97844 	0.98279 	0.99373 	0.97955 	0.99333 	0.99238 	-0.13321 	-0.12951 	-0.14318 	0.13432 	0.00000 	0.15523 	-0.11238 	-0.13351 	0.12283 	-0.11970 	0.19758 	0.15477 	-0.04391 	-0.04269 	-0.04719 	0.06062 	0.00000 	0.05277 	-0.03704 	-0.04401 	0.04912 	-0.03945 	0.06512 	0.05231 	0.00675	0.02565
Replication30	 -1.50328	0.99771	0.98520 	0.98753 	0.98886 	0.99303 	0.98923 	0.99373 	0.97773 	0.98353 	0.99474 	0.97915 	0.99416 	0.99340 	-0.12154 	-0.11976 	-0.11811 	0.12411 	0.00000 	0.14350 	-0.13224 	-0.10795 	0.11508 	-0.14374 	0.21080 	0.14542 	-0.04005 	-0.03946 	-0.03892 	0.05523 	0.00000 	0.04774 	-0.04357 	-0.03557 	0.04619 	-0.04736 	0.06946 	0.04966 	0.00443	0.02334
Replication31	 -1.47141	0.99861	0.99039 	0.99230 	0.99420 	0.99687 	0.99525 	0.99848 	0.99194 	0.99516 	1.00135 	0.99328 	1.00939 	1.00011 	-0.11819 	-0.12361 	-0.12041 	0.09031 	0.02709 	0.09679 	-0.11992 	-0.10373 	0.06661 	-0.10565 	0.31616 	0.08720 	-0.03888 	-0.04066 	-0.03960 	0.04844 	0.00891 	0.03858 	-0.03944 	-0.03412 	0.02474 	-0.03475 	0.10399 	0.02899 	0.00735	0.02621
Replication32	 -1.46191	0.99818	0.98613 	0.98823 	0.99080 	0.99377 	0.99047 	0.99559 	0.98783 	0.99113 	0.99860 	0.98891 	1.00490 	0.99729 	-0.12808 	-0.14390 	-0.12238 	0.11307 	0.00000 	0.12266 	-0.11605 	-0.11597 	0.08757 	-0.11295 	0.29523 	0.11271 	-0.04216 	-0.04737 	-0.04029 	0.05840 	0.00000 	0.04665 	-0.03820 	-0.03818 	0.03290 	-0.03718 	0.09719 	0.03670 	0.00809	0.02846
Replication33	 -1.51206	0.99727	0.98248 	0.98514 	0.98561 	0.99111 	0.98661 	0.99119 	0.97125 	0.97784 	0.99133 	0.97372 	0.98665 	0.98994 	-0.12981 	-0.11417 	-0.13668 	0.14090 	0.00000 	0.16765 	-0.13949 	-0.13675 	0.13975 	-0.12090 	0.15100 	0.17500 	-0.04281 	-0.03765 	-0.04508 	0.05871 	0.00000 	0.05340 	-0.04600 	-0.04510 	0.05756 	-0.03987 	0.04980 	0.06074 	0.00351	0.02369
Replication34	 -1.50343	0.99747	0.98337 	0.98629 	0.98695 	0.99192 	0.98786 	0.99232 	0.97424 	0.98066 	0.99288 	0.97663 	0.98999 	0.99154 	-0.13368 	-0.11074 	-0.13385 	0.13357 	0.00392 	0.15680 	-0.13985 	-0.12064 	0.12851 	-0.12242 	0.17260 	0.16139 	-0.04407 	-0.03651 	-0.04412 	0.05745 	0.00129 	0.05098 	-0.04610 	-0.03977 	0.05239 	-0.04036 	0.05690 	0.05557 	0.00438	0.02364
Replication35	 -1.50612	0.99765	0.98423 	0.98688 	0.98850 	0.99247 	0.98863 	0.99336 	0.97812 	0.98264 	0.99441 	0.97874 	0.99416 	0.99300 	-0.12852 	-0.12366 	-0.11455 	0.12798 	0.00000 	0.14698 	-0.11574 	-0.13872 	0.11774 	-0.14285 	0.21813 	0.14909 	-0.04235 	-0.04075 	-0.03775 	0.05720 	0.00000 	0.04858 	-0.03814 	-0.04572 	0.04696 	-0.04708 	0.07188 	0.05069 	0.00412	0.02352
Replication36	 -1.49230	0.99791	0.98527 	0.98798 	0.99006 	0.99333 	0.98995 	0.99469 	0.98176 	0.98649 	0.99646 	0.98408 	0.99887 	0.99510 	-0.13097 	-0.12732 	-0.11113 	0.11952 	0.00288 	0.13369 	-0.13479 	-0.13807 	0.10301 	-0.10135 	0.24780 	0.13129 	-0.04314 	-0.04194 	-0.03660 	0.05659 	0.00095 	0.04621 	-0.04440 	-0.04548 	0.04008 	-0.03338 	0.08162 	0.04381 	0.00543	0.02432
Replication37	 -1.49304	0.99759	0.98300 	0.98573 	0.98740 	0.99164 	0.98760 	0.99264 	0.97690 	0.98252 	0.99403 	0.97866 	0.99424 	0.99260 	-0.13623 	-0.13136 	-0.12688 	0.13326 	0.00000 	0.15238 	-0.13778 	-0.12763 	0.12061 	-0.13485 	0.23069 	0.15261 	-0.04490 	-0.04329 	-0.04182 	0.06074 	0.00000 	0.05157 	-0.04541 	-0.04206 	0.04809 	-0.04444 	0.07603 	0.05180 	0.00516	0.02630
Replication38	 -1.48468	0.99807	0.98670 	0.98877 	0.99070 	0.99409 	0.99071 	0.99538 	0.98446 	0.98828 	0.99757 	0.98533 	1.00212 	0.99617 	-0.12021 	-0.12909 	-0.11797 	0.11307 	0.00000 	0.12627 	-0.12104 	-0.12958 	0.09472 	-0.13120 	0.28738 	0.12164 	-0.03958 	-0.04251 	-0.03884 	0.05500 	0.00000 	0.04554 	-0.03985 	-0.04267 	0.03665 	-0.04320 	0.09462 	0.04091 	0.00603	0.02608
Replication39	 -1.48254	0.99819	0.98873 	0.99045 	0.99157 	0.99548 	0.99343 	0.99635 	0.98538 	0.98960 	0.99816 	0.98655 	1.00182 	0.99689 	-0.11616 	-0.12176 	-0.13246 	0.10389 	0.03026 	0.11801 	-0.12020 	-0.10636 	0.08976 	-0.12364 	0.25734 	0.11488 	-0.03824 	-0.04008 	-0.04360 	0.04948 	0.00996 	0.04237 	-0.03957 	-0.03501 	0.03535 	-0.04070 	0.08471 	0.03924 	0.00646	0.02391
Replication40	 -1.54103	0.99736	0.98391 	0.98680 	0.98775 	0.99236 	0.98957 	0.99254 	0.97112 	0.97830 	0.99187 	0.97441 	0.98488 	0.99063 	-0.13188 	-0.11459 	-0.11074 	0.13286 	0.03143 	0.15773 	-0.14161 	-0.12929 	0.13547 	-0.09925 	0.09980 	0.16900 	-0.04349 	-0.03779 	-0.03651 	0.05350 	0.01036 	0.04740 	-0.04669 	-0.04263 	0.05610 	-0.03272 	0.03291 	0.05867 	0.00107	0.01910
Replication41	 -1.50680	0.99723	0.98160 	0.98485 	0.98549 	0.99073 	0.98623 	0.99102 	0.97248 	0.97841 	0.99108 	0.97375 	0.98462 	0.98986 	-0.13997 	-0.11155 	-0.13273 	0.14353 	0.00000 	0.16954 	-0.11093 	-0.10700 	0.14172 	-0.12943 	0.09630 	0.17635 	-0.04616 	-0.03679 	-0.04378 	0.06004 	0.00000 	0.05348 	-0.03659 	-0.03529 	0.05823 	-0.04269 	0.03176 	0.06028 	0.00416	0.02249
Replication42	 -1.49182	0.99811	0.98778 	0.98932 	0.99153 	0.99464 	0.99144 	0.99587 	0.98505 	0.98868 	0.99784 	0.98597 	1.00163 	0.99651 	-0.10864 	-0.13418 	-0.10539 	0.10961 	0.00000 	0.12260 	-0.11470 	-0.12988 	0.09273 	-0.12121 	0.26462 	0.11888 	-0.03577 	-0.04418 	-0.03470 	0.05263 	0.00000 	0.04340 	-0.03776 	-0.04276 	0.03575 	-0.03991 	0.08712 	0.03967 	0.00556	0.02351
Replication43	 -1.54372	0.99685	0.98081 	0.98290 	0.98408 	0.98962 	0.98512 	0.98936 	0.96458 	0.97207 	0.98806 	0.96679 	0.97682 	0.98676 	-0.12225 	-0.13629 	-0.11109 	0.15503 	0.00640 	0.18710 	-0.12809 	-0.13368 	0.16327 	-0.12872 	0.04649 	0.20239 	-0.04035 	-0.04499 	-0.03667 	0.06030 	0.00211 	0.05541 	-0.04228 	-0.04412 	0.06854 	-0.04249 	0.01534 	0.07070 	0.00056	0.02151
Replication44	 -1.48398	0.99795	0.98490 	0.98795 	0.99011 	0.99322 	0.98974 	0.99478 	0.98359 	0.98751 	0.99680 	0.98451 	0.99965 	0.99548 	-0.13728 	-0.12521 	-0.11264 	0.11956 	0.00000 	0.13243 	-0.11412 	-0.12106 	0.10066 	-0.12370 	0.24686 	0.12828 	-0.04521 	-0.04124 	-0.03710 	0.05773 	0.00000 	0.04646 	-0.03759 	-0.03987 	0.03883 	-0.04074 	0.08130 	0.04232 	0.00621	0.02490
Replication45	 -1.49272	0.99765	0.98507 	0.98729 	0.98810 	0.99287 	0.98910 	0.99333 	0.97851 	0.98335 	0.99425 	0.97914 	0.99274 	0.99299 	-0.12217 	-0.11731 	-0.13330 	0.12580 	0.00505 	0.14705 	-0.10951 	-0.10725 	0.11850 	-0.13968 	0.17823 	0.14906 	-0.04026 	-0.03866 	-0.04393 	0.05517 	0.00166 	0.04886 	-0.03609 	-0.03534 	0.04787 	-0.04603 	0.05873 	0.05087 	0.00554	0.02285
Replication46	 -1.49857	0.99745	0.98338 	0.98529 	0.98667 	0.99151 	0.98730 	0.99204 	0.97561 	0.98068 	0.99293 	0.97683 	0.99114 	0.99153 	-0.12237 	-0.13638 	-0.13011 	0.13600 	0.00000 	0.15879 	-0.12112 	-0.13897 	0.12845 	-0.13198 	0.19116 	0.16174 	-0.04034 	-0.04496 	-0.04290 	0.05941 	0.00000 	0.05231 	-0.03993 	-0.04581 	0.05186 	-0.04351 	0.06302 	0.05527 	0.00479	0.02441
Replication47	 -1.47426	0.99792	0.98490 	0.98705 	0.98915 	0.99284 	0.98918 	0.99422 	0.98234 	0.98723 	0.99653 	0.98385 	1.00030 	0.99515 	-0.12861 	-0.14047 	-0.12754 	0.12196 	0.00000 	0.13624 	-0.13438 	-0.11085 	0.10244 	-0.13260 	0.27620 	0.13073 	-0.04236 	-0.04627 	-0.04201 	0.05936 	0.00000 	0.04922 	-0.04426 	-0.03651 	0.03984 	-0.04367 	0.09097 	0.04371 	0.00688	0.02804
Replication48	 -1.48937	0.99787	0.98545 	0.98793 	0.98933 	0.99339 	0.99044 	0.99437 	0.98110 	0.98565 	0.99595 	0.98162 	0.99795 	0.99456 	-0.13135 	-0.12558 	-0.13038 	0.11981 	0.01826 	0.13638 	-0.11953 	-0.11479 	0.10630 	-0.15067 	0.25069 	0.13525 	-0.04327 	-0.04137 	-0.04295 	0.05571 	0.00601 	0.04726 	-0.03937 	-0.03781 	0.04219 	-0.04963 	0.08258 	0.04613 	0.00561	0.02549
Replication49	 -1.49677	0.99765	0.98345 	0.98621 	0.98794 	0.99198 	0.98805 	0.99303 	0.97683 	0.98299 	0.99443 	0.97920 	0.99503 	0.99300 	-0.13495 	-0.12927 	-0.12237 	0.13057 	0.00000 	0.14891 	-0.15003 	-0.12546 	0.11763 	-0.13039 	0.24147 	0.14910 	-0.04447 	-0.04260 	-0.04033 	0.05979 	0.00000 	0.05051 	-0.04944 	-0.04135 	0.04685 	-0.04297 	0.07958 	0.05070 	0.00479	0.02626
Replication50	 -1.49473	0.99735	0.98144 	0.98442 	0.98574 	0.99057 	0.98618 	0.99130 	0.97296 	0.98005 	0.99213 	0.97549 	0.98883 	0.99081 	-0.14177 	-0.12899 	-0.13365 	0.14256 	0.00000 	0.16539 	-0.14594 	-0.10179 	0.13432 	-0.13047 	0.16704 	0.16825 	-0.04675 	-0.04253 	-0.04407 	0.06269 	0.00000 	0.05436 	-0.04812 	-0.03357 	0.05446 	-0.04302 	0.05508 	0.05722 	0.00505	0.02575
Replication51	 -1.48243	0.99779	0.98408 	0.98686 	0.98829 	0.99247 	0.98859 	0.99358 	0.98090 	0.98486 	0.99554 	0.98170 	0.99880 	0.99404 	-0.13629 	-0.12435 	-0.13556 	0.12580 	0.00000 	0.14260 	-0.12228 	-0.14812 	0.10958 	-0.13646 	0.27911 	0.13991 	-0.04490 	-0.04097 	-0.04466 	0.05942 	0.00000 	0.05032 	-0.04029 	-0.04880 	0.04320 	-0.04496 	0.09195 	0.04764 	0.00606	0.02795
Replication52	 -1.49109	0.99757	0.98286 	0.98493 	0.98735 	0.99128 	0.98730 	0.99248 	0.97699 	0.98279 	0.99402 	0.97863 	0.99410 	0.99263 	-0.12998 	-0.15284 	-0.11897 	0.13538 	0.00000 	0.15371 	-0.13698 	-0.11470 	0.12095 	-0.14041 	0.22567 	0.15283 	-0.04284 	-0.05038 	-0.03921 	0.06236 	0.00000 	0.05220 	-0.04515 	-0.03780 	0.04792 	-0.04628 	0.07438 	0.05131 	0.00534	0.02652
Replication53	 -1.48760	0.99801	0.98587 	0.98909 	0.99053 	0.99404 	0.99135 	0.99531 	0.98304 	0.98766 	0.99705 	0.98446 	0.99983 	0.99573 	-0.13994 	-0.11273 	-0.12398 	0.11421 	0.01886 	0.12789 	-0.12623 	-0.11427 	0.09828 	-0.12485 	0.25151 	0.12538 	-0.04608 	-0.03712 	-0.04083 	0.05441 	0.00621 	0.04476 	-0.04157 	-0.03763 	0.03849 	-0.04111 	0.08282 	0.04226 	0.00588	0.02461
Replication54	 -1.54467	0.99707	0.98282 	0.98549 	0.98554 	0.99127 	0.98670 	0.99078 	0.96846 	0.97495 	0.98955 	0.96979 	0.97916 	0.98836 	-0.12095 	-0.10036 	-0.12008 	0.14297 	0.00000 	0.17415 	-0.10804 	-0.11828 	0.15203 	-0.12997 	0.03954 	0.18834 	-0.03990 	-0.03311 	-0.03962 	0.05493 	0.00000 	0.05176 	-0.03565 	-0.03902 	0.06399 	-0.04288 	0.01305 	0.06595 	0.00066	0.01950
Replication55	 -1.46295	0.99746	0.98120 	0.98320 	0.98547 	0.99006 	0.98573 	0.99131 	0.97905 	0.98284 	0.99332 	0.97937 	0.99356 	0.99197 	-0.13833 	-0.16370 	-0.14350 	0.14358 	0.00000 	0.16302 	-0.10092 	-0.12656 	0.12640 	-0.13129 	0.20417 	0.15915 	-0.04560 	-0.05397 	-0.04731 	0.06705 	0.00000 	0.05663 	-0.03327 	-0.04172 	0.04987 	-0.04328 	0.06731 	0.05275 	0.00798	0.02845
Replication56	 -1.51871	0.99717	0.98184 	0.98437 	0.98545 	0.99060 	0.98612 	0.99081 	0.97142 	0.97714 	0.99067 	0.97227 	0.98391 	0.98939 	-0.12907 	-0.12611 	-0.12292 	0.14510 	0.00000 	0.17196 	-0.10805 	-0.12151 	0.14470 	-0.13963 	0.10224 	0.18029 	-0.04258 	-0.04160 	-0.04055 	0.05991 	0.00000 	0.05354 	-0.03564 	-0.04008 	0.05952 	-0.04606 	0.03372 	0.06187 	0.00301	0.02207
Replication57	 -1.49813	0.99804	0.98782 	0.98986 	0.99157 	0.99494 	0.99278 	0.99595 	0.98459 	0.98785 	0.99724 	0.98535 	0.99855 	0.99601 	-0.11851 	-0.12501 	-0.11058 	0.10898 	0.02672 	0.12349 	-0.09828 	-0.13128 	0.09687 	-0.10614 	0.20536 	0.12311 	-0.03902 	-0.04116 	-0.03641 	0.05009 	0.00880 	0.04162 	-0.03236 	-0.04323 	0.03797 	-0.03495 	0.06762 	0.04124 	0.00526	0.02021
Replication58	 -1.49880	0.99747	0.98347 	0.98575 	0.98671 	0.99172 	0.98748 	0.99215 	0.97510 	0.98072 	0.99297 	0.97674 	0.99109 	0.99157 	-0.12594 	-0.12440 	-0.13485 	0.13462 	0.00000 	0.15779 	-0.13017 	-0.13203 	0.12802 	-0.13168 	0.19269 	0.16118 	-0.04152 	-0.04101 	-0.04445 	0.05853 	0.00000 	0.05201 	-0.04291 	-0.04352 	0.05193 	-0.04341 	0.06352 	0.05540 	0.00476	0.02457
Replication59	 -1.48781	0.99785	0.98524 	0.98793 	0.98935 	0.99325 	0.98957 	0.99428 	0.98157 	0.98572 	0.99591 	0.98316 	0.99775 	0.99455 	-0.12929 	-0.11790 	-0.12404 	0.12087 	0.00000 	0.13739 	-0.12105 	-0.14175 	0.10684 	-0.10807 	0.23528 	0.13583 	-0.04259 	-0.03884 	-0.04086 	0.05608 	0.00000 	0.04731 	-0.03988 	-0.04670 	0.04204 	-0.03560 	0.07750 	0.04575 	0.00590	0.02422
Replication60	 -1.46538	0.99810	0.98549 	0.98818 	0.99016 	0.99353 	0.99006 	0.99516 	0.98638 	0.98970 	0.99791 	0.98706 	1.00364 	0.99655 	-0.13560 	-0.12945 	-0.12994 	0.11561 	0.00000 	0.12694 	-0.11425 	-0.12134 	0.09243 	-0.12609 	0.29521 	0.11877 	-0.04465 	-0.04262 	-0.04278 	0.05845 	0.00000 	0.04748 	-0.03762 	-0.03995 	0.03528 	-0.04151 	0.09720 	0.03932 	0.00772	0.02859
Replication61	 -1.47839	0.99745	0.98326 	0.98501 	0.98610 	0.99134 	0.98702 	0.99180 	0.97677 	0.98195 	0.99287 	0.97884 	0.99017 	0.99164 	-0.12282 	-0.13742 	-0.14405 	0.13699 	0.00000 	0.16034 	-0.11788 	-0.12020 	0.12891 	-0.09832 	0.14631 	0.16129 	-0.04049 	-0.04530 	-0.04749 	0.06012 	0.00000 	0.05349 	-0.03886 	-0.03963 	0.05204 	-0.03241 	0.04824 	0.05443 	0.00685	0.02414
Replication62	 -1.49617	0.99800	0.98576 	0.98911 	0.99077 	0.99408 	0.99214 	0.99543 	0.98273 	0.98707 	0.99696 	0.98429 	0.99947 	0.99561 	-0.14524 	-0.11837 	-0.11992 	0.11417 	0.03592 	0.12744 	-0.12491 	-0.13330 	0.09898 	-0.11530 	0.24904 	0.12640 	-0.04783 	-0.03898 	-0.03949 	0.05398 	0.01183 	0.04377 	-0.04113 	-0.04390 	0.03879 	-0.03797 	0.08201 	0.04272 	0.00510	0.02380
Replication63	 -1.47828	0.99777	0.98279 	0.98598 	0.98837 	0.99177 	0.98798 	0.99344 	0.98198 	0.98556 	0.99560 	0.98273 	0.99844 	0.99420 	-0.14712 	-0.13767 	-0.12180 	0.12993 	0.00000 	0.14404 	-0.11233 	-0.14185 	0.10966 	-0.12437 	0.25539 	0.13959 	-0.04847 	-0.04536 	-0.04013 	0.06271 	0.00000 	0.05059 	-0.03701 	-0.04674 	0.04243 	-0.04098 	0.08414 	0.04613 	0.00655	0.02732
Replication64	 -1.49877	0.99768	0.98558 	0.98680 	0.98852 	0.99282 	0.98900 	0.99345 	0.97840 	0.98334 	0.99461 	0.98028 	0.99441 	0.99324 	-0.10779 	-0.14118 	-0.11906 	0.12563 	0.00000 	0.14574 	-0.12756 	-0.14101 	0.11622 	-0.11255 	0.20967 	0.14698 	-0.03552 	-0.04652 	-0.03923 	0.05583 	0.00000 	0.04870 	-0.04203 	-0.04647 	0.04642 	-0.03709 	0.06909 	0.04994 	0.00490	0.02312
Replication65	 -1.48486	0.99791	0.98768 	0.98878 	0.98976 	0.99429 	0.99065 	0.99474 	0.98160 	0.98652 	0.99617 	0.98406 	0.99729 	0.99491 	-0.10115 	-0.12413 	-0.13066 	0.11439 	0.00000 	0.13330 	-0.13020 	-0.12426 	0.10442 	-0.09341 	0.21307 	0.13229 	-0.03332 	-0.04088 	-0.04304 	0.05162 	0.00000 	0.04604 	-0.04289 	-0.04093 	0.04165 	-0.03077 	0.07018 	0.04502 	0.00635	0.02269
Replication66	 -1.49177	0.99814	0.98673 	0.98940 	0.99174 	0.99453 	0.99273 	0.99613 	0.98424 	0.98919 	0.99803 	0.98636 	1.00160 	0.99674 	-0.13568 	-0.13363 	-0.11015 	0.10976 	0.03345 	0.12048 	-0.13649 	-0.11075 	0.09125 	-0.11254 	0.26191 	0.11687 	-0.04467 	-0.04399 	-0.03626 	0.05370 	0.01101 	0.04254 	-0.04493 	-0.03646 	0.03518 	-0.03705 	0.08623 	0.03892 	0.00550	0.02421
Replication67	 -1.48532	0.99813	0.98595 	0.98910 	0.99199 	0.99407 	0.99101 	0.99607 	0.98764 	0.99024 	0.99833 	0.98788 	1.00200 	0.99711 	-0.13613 	-0.12813 	-0.09259 	0.11223 	0.00000 	0.12090 	-0.09195 	-0.12102 	0.08976 	-0.11221 	0.23811 	0.11477 	-0.04482 	-0.04219 	-0.03048 	0.05604 	0.00000 	0.04278 	-0.03027 	-0.03984 	0.03356 	-0.03694 	0.07839 	0.03665 	0.00628	0.02288
Replication68	 -1.51887	0.99733	0.98453 	0.98583 	0.98657 	0.99216 	0.98964 	0.99197 	0.97206 	0.97876 	0.99154 	0.97426 	0.98444 	0.99036 	-0.11684 	-0.13970 	-0.13598 	0.13440 	0.04350 	0.16170 	-0.12392 	-0.10475 	0.13767 	-0.11652 	0.08613 	0.17118 	-0.03853 	-0.04607 	-0.04484 	0.05413 	0.01435 	0.05012 	-0.04086 	-0.03454 	0.05740 	-0.03842 	0.02840 	0.05960 	0.00312	0.02073
Replication69	 -1.54227	0.99699	0.98259 	0.98371 	0.98485 	0.99047 	0.98586 	0.99010 	0.96856 	0.97400 	0.98917 	0.96953 	0.97972 	0.98787 	-0.10467 	-0.14156 	-0.11433 	0.14848 	0.00000 	0.17990 	-0.10021 	-0.15349 	0.15535 	-0.12433 	0.06100 	0.19301 	-0.03454 	-0.04671 	-0.03773 	0.05790 	0.00000 	0.05398 	-0.03307 	-0.05065 	0.06477 	-0.04103 	0.02013 	0.06709 	0.00084	0.02014
Replication70	 -1.48595	0.99779	0.98489 	0.98739 	0.98899 	0.99292 	0.98918 	0.99396 	0.98073 	0.98547 	0.99553 	0.98245 	0.99647 	0.99423 	-0.12824 	-0.12506 	-0.12305 	0.12346 	0.00000 	0.14042 	-0.12393 	-0.12250 	0.10965 	-0.11275 	0.21706 	0.13884 	-0.04225 	-0.04120 	-0.04054 	0.05705 	0.00000 	0.04810 	-0.04083 	-0.04036 	0.04323 	-0.03714 	0.07151 	0.04651 	0.00610	0.02408
Replication71	 -1.49298	0.99789	0.98603 	0.98748 	0.98980 	0.99332 	0.98980 	0.99446 	0.98045 	0.98617 	0.99619 	0.98233 	0.99816 	0.99485 	-0.11264 	-0.14541 	-0.11050 	0.11991 	0.00000 	0.13555 	-0.14152 	-0.10411 	0.10475 	-0.13517 	0.25061 	0.13323 	-0.03710 	-0.04790 	-0.03640 	0.05629 	0.00000 	0.04710 	-0.04662 	-0.03429 	0.04113 	-0.04452 	0.08255 	0.04478 	0.00530	0.02503
Replication72	 -1.50986	0.99758	0.98366 	0.98693 	0.98820 	0.99238 	0.98920 	0.99317 	0.97576 	0.98197 	0.99377 	0.97737 	0.99136 	0.99246 	-0.14128 	-0.11600 	-0.12014 	0.12945 	0.01853 	0.14944 	-0.13246 	-0.10529 	0.12211 	-0.14128 	0.17950 	0.15360 	-0.04656 	-0.03823 	-0.03960 	0.05672 	0.00611 	0.04833 	-0.04366 	-0.03470 	0.04938 	-0.04656 	0.05916 	0.05249 	0.00381	0.02287
Replication73	 -1.47396	0.99824	0.98859 	0.98947 	0.99157 	0.99497 	0.99178 	0.99620 	0.98754 	0.99072 	0.99877 	0.98848 	1.00469 	0.99743 	-0.10205 	-0.14227 	-0.12038 	0.10593 	0.00000 	0.11796 	-0.11476 	-0.12733 	0.08583 	-0.11519 	0.29446 	0.11070 	-0.03359 	-0.04683 	-0.03962 	0.05289 	0.00000 	0.04423 	-0.03777 	-0.04191 	0.03280 	-0.03791 	0.09692 	0.03697 	0.00710	0.02618
Replication74	 -1.49977	0.99801	0.98785 	0.99029 	0.99110 	0.99499 	0.99158 	0.99564 	0.98265 	0.98696 	0.99685 	0.98393 	0.99812 	0.99557 	-0.11459 	-0.09813 	-0.11649 	0.10928 	0.00000 	0.12604 	-0.11672 	-0.12370 	0.09946 	-0.11703 	0.22040 	0.12648 	-0.03773 	-0.03231 	-0.03836 	0.04931 	0.00000 	0.04268 	-0.03844 	-0.04074 	0.03950 	-0.03854 	0.07258 	0.04311 	0.00501	0.02106
Replication75	 -1.52852	0.99667	0.98001 	0.98219 	0.98295 	0.98901 	0.98400 	0.98837 	0.96097 	0.96950 	0.98646 	0.96393 	0.97226 	0.98520 	-0.12094 	-0.12925 	-0.11204 	0.16107 	0.00050 	0.19681 	-0.13552 	-0.12861 	0.17454 	-0.11997 	0.00000 	0.21544 	-0.03993 	-0.04268 	-0.03700 	0.06074 	0.00017 	0.05734 	-0.04475 	-0.04247 	0.07422 	-0.03961 	0.00000 	0.07597 	0.00203	0.02201
Replication76	 -1.50591	0.99730	0.98292 	0.98507 	0.98582 	0.99122 	0.98688 	0.99135 	0.97287 	0.97877 	0.99159 	0.97458 	0.98672 	0.99029 	-0.12384 	-0.12483 	-0.13506 	0.13985 	0.00204 	0.16608 	-0.12208 	-0.12572 	0.13790 	-0.12405 	0.13317 	0.17235 	-0.04084 	-0.04117 	-0.04454 	0.05854 	0.00067 	0.05305 	-0.04026 	-0.04146 	0.05659 	-0.04091 	0.04392 	0.05931 	0.00421	0.02290
Replication77	 -1.47208	0.99829	0.98586 	0.98912 	0.99157 	0.99410 	0.99093 	0.99618 	0.98736 	0.99156 	0.99932 	0.98897 	1.00727 	0.99790 	-0.14302 	-0.12587 	-0.11740 	0.10972 	0.00000 	0.11692 	-0.14008 	-0.11593 	0.08212 	-0.12698 	0.34684 	0.10685 	-0.04707 	-0.04143 	-0.03864 	0.05829 	0.00000 	0.04542 	-0.04610 	-0.03815 	0.03069 	-0.04179 	0.11415 	0.03535 	0.00683	0.03072
Replication78	 -1.51513	0.99758	0.98582 	0.98683 	0.98809 	0.99286 	0.98891 	0.99306 	0.97500 	0.98116 	0.99364 	0.97612 	0.99187 	0.99224 	-0.10090 	-0.13472 	-0.11911 	0.12688 	0.00000 	0.15006 	-0.13450 	-0.11488 	0.12274 	-0.16089 	0.20720 	0.15488 	-0.03326 	-0.04440 	-0.03926 	0.05420 	0.00000 	0.04903 	-0.04433 	-0.03786 	0.05007 	-0.05303 	0.06829 	0.05385 	0.00324	0.02332
Replication79	 -1.50117	0.99760	0.98426 	0.98669 	0.98821 	0.99241 	0.98875 	0.99317 	0.97734 	0.98271 	0.99403 	0.97987 	0.99218 	0.99274 	-0.12710 	-0.12691 	-0.11853 	0.12906 	0.00609 	0.14910 	-0.12934 	-0.13614 	0.12048 	-0.09503 	0.17194 	0.15160 	-0.04189 	-0.04183 	-0.03906 	0.05682 	0.00201 	0.04868 	-0.04263 	-0.04487 	0.04825 	-0.03132 	0.05667 	0.05118 	0.00477	0.02202
Replication80	 -1.50284	0.99738	0.98106 	0.98409 	0.98608 	0.99036 	0.98609 	0.99143 	0.97412 	0.97968 	0.99255 	0.97502 	0.99151 	0.99104 	-0.14460 	-0.13955 	-0.12338 	0.14315 	0.00000 	0.16390 	-0.13115 	-0.13641 	0.13158 	-0.15900 	0.22521 	0.16616 	-0.04768 	-0.04601 	-0.04068 	0.06434 	0.00000 	0.05434 	-0.04324 	-0.04498 	0.05277 	-0.05243 	0.07426 	0.05660 	0.00408	0.02729
Replication81	 -1.51745	0.99747	0.98445 	0.98606 	0.98748 	0.99213 	0.98807 	0.99247 	0.97359 	0.98006 	0.99290 	0.97571 	0.99001 	0.99151 	-0.11197 	-0.13354 	-0.11614 	0.13246 	0.00000 	0.15592 	-0.14136 	-0.12779 	0.12839 	-0.13449 	0.18393 	0.16154 	-0.03691 	-0.04402 	-0.03829 	0.05635 	0.00000 	0.05011 	-0.04660 	-0.04213 	0.05228 	-0.04434 	0.06063 	0.05573 	0.00306	0.02281
Replication82	 -1.48426	0.99786	0.98639 	0.98784 	0.98930 	0.99362 	0.99087 	0.99438 	0.98201 	0.98597 	0.99582 	0.98249 	0.99677 	0.99454 	-0.11678 	-0.13892 	-0.13268 	0.11879 	0.02298 	0.13667 	-0.10488 	-0.11579 	0.10717 	-0.13104 	0.21247 	0.13569 	-0.03847 	-0.04576 	-0.04371 	0.05424 	0.00757 	0.04694 	-0.03455 	-0.03814 	0.04263 	-0.04316 	0.06999 	0.04596 	0.00632	0.02355
Replication83	 -1.50009	0.99772	0.98541 	0.98732 	0.98891 	0.99300 	0.98924 	0.99375 	0.97881 	0.98384 	0.99488 	0.98037 	0.99464 	0.99355 	-0.11653 	-0.12927 	-0.11648 	0.12411 	0.00000 	0.14318 	-0.12503 	-0.12794 	0.11419 	-0.12303 	0.20758 	0.14440 	-0.03840 	-0.04259 	-0.03838 	0.05545 	0.00000 	0.04773 	-0.04120 	-0.04216 	0.04554 	-0.04054 	0.06840 	0.04895 	0.00480	0.02282
Replication84	 -1.47404	0.99817	0.98756 	0.98982 	0.99135 	0.99479 	0.99150 	0.99603 	0.98709 	0.99020 	0.99828 	0.98831 	1.00263 	0.99701 	-0.12028 	-0.11681 	-0.12293 	0.10791 	0.00000 	0.12041 	-0.10838 	-0.12837 	0.08948 	-0.09752 	0.25460 	0.11460 	-0.03960 	-0.03845 	-0.04047 	0.05280 	0.00000 	0.04380 	-0.03568 	-0.04226 	0.03437 	-0.03210 	0.08382 	0.03799 	0.00729	0.02420
Replication85	 -1.46444	0.99786	0.98503 	0.98622 	0.98826 	0.99250 	0.98868 	0.99366 	0.98223 	0.98689 	0.99608 	0.98338 	0.99973 	0.99471 	-0.11785 	-0.15509 	-0.13931 	0.12458 	0.00000 	0.14074 	-0.12780 	-0.10736 	0.10568 	-0.13691 	0.27101 	0.13454 	-0.03882 	-0.05109 	-0.04589 	0.06026 	0.00000 	0.05133 	-0.04210 	-0.03536 	0.04136 	-0.04510 	0.08927 	0.04512 	0.00778	0.02899
Replication86	 -1.46125	0.99831	0.98801 	0.98986 	0.99114 	0.99497 	0.99163 	0.99621 	0.98793 	0.99160 	0.99916 	0.98931 	1.00666 	0.99777 	-0.11825 	-0.12141 	-0.14181 	0.10490 	0.00000 	0.11648 	-0.12911 	-0.11858 	0.08278 	-0.11872 	0.32838 	0.10731 	-0.03892 	-0.03996 	-0.04667 	0.05391 	0.00000 	0.04559 	-0.04249 	-0.03903 	0.03179 	-0.03907 	0.10807 	0.03642 	0.00804	0.02964
Replication87	 -1.48734	0.99805	0.98574 	0.98872 	0.99111 	0.99381 	0.99054 	0.99549 	0.98483 	0.98869 	0.99757 	0.98574 	1.00092 	0.99628 	-0.13378 	-0.12489 	-0.10366 	0.11486 	0.00000 	0.12608 	-0.11401 	-0.11595 	0.09503 	-0.12328 	0.25223 	0.12142 	-0.04405 	-0.04112 	-0.03413 	0.05615 	0.00000 	0.04446 	-0.03754 	-0.03818 	0.03631 	-0.04059 	0.08305 	0.03980 	0.00595	0.02415
Replication88	 -1.47776	0.99805	0.98611 	0.98780 	0.99002 	0.99353 	0.99005 	0.99493 	0.98447 	0.98814 	0.99749 	0.98569 	1.00337 	0.99601 	-0.11994 	-0.14378 	-0.12489 	0.11631 	0.00000 	0.12930 	-0.12833 	-0.14684 	0.09539 	-0.12396 	0.31731 	0.12297 	-0.03949 	-0.04735 	-0.04112 	0.05769 	0.00000 	0.04780 	-0.04225 	-0.04835 	0.03677 	-0.04082 	0.10448 	0.04147 	0.00645	0.02883
Replication89	 -1.50332	0.99757	0.98534 	0.98727 	0.98756 	0.99287 	0.98874 	0.99291 	0.97610 	0.98131 	0.99349 	0.97765 	0.99162 	0.99211 	-0.11382 	-0.11033 	-0.13761 	0.12708 	0.00000 	0.15131 	-0.12443 	-0.13989 	0.12381 	-0.12487 	0.18825 	0.15601 	-0.03751 	-0.03637 	-0.04536 	0.05387 	0.00000 	0.04954 	-0.04101 	-0.04611 	0.05061 	-0.04116 	0.06205 	0.05424 	0.00448	0.02281
Replication90	 -1.48547	0.99824	0.98800 	0.99024 	0.99223 	0.99522 	0.99320 	0.99663 	0.98480 	0.99061 	0.99868 	0.98811 	1.00267 	0.99744 	-0.12507 	-0.12807 	-0.11464 	0.10457 	0.02623 	0.11537 	-0.15371 	-0.09598 	0.08631 	-0.09492 	0.26319 	0.11061 	-0.04117 	-0.04216 	-0.03774 	0.05157 	0.00863 	0.04169 	-0.05059 	-0.03159 	0.03331 	-0.03124 	0.08663 	0.03693 	0.00613	0.02427
Replication91	 -1.46758	0.99805	0.98682 	0.98849 	0.98995 	0.99399 	0.99044 	0.99504 	0.98522 	0.98884 	0.99735 	0.98622 	1.00146 	0.99604 	-0.11638 	-0.12999 	-0.13554 	0.11398 	0.00000 	0.12876 	-0.11355 	-0.11918 	0.09621 	-0.11672 	0.26180 	0.12288 	-0.03832 	-0.04280 	-0.04463 	0.05520 	0.00000 	0.04705 	-0.03739 	-0.03924 	0.03744 	-0.03843 	0.08620 	0.04117 	0.00773	0.02624
Replication92	 -1.49570	0.99774	0.98478 	0.98665 	0.98842 	0.99257 	0.98873 	0.99348 	0.97823 	0.98375 	0.99509 	0.98000 	0.99714 	0.99359 	-0.12079 	-0.13771 	-0.12438 	0.12602 	0.00000 	0.14422 	-0.14474 	-0.13463 	0.11272 	-0.14052 	0.27139 	0.14359 	-0.03980 	-0.04537 	-0.04098 	0.05814 	0.00000 	0.04985 	-0.04769 	-0.04436 	0.04484 	-0.04630 	0.08942 	0.04922 	0.00483	0.02698
Replication93	 -1.49597	0.99791	0.98645 	0.98891 	0.99052 	0.99407 	0.99113 	0.99507 	0.98212 	0.98671 	0.99630 	0.98289 	0.99638 	0.99511 	-0.12411 	-0.11977 	-0.11204 	0.11554 	0.01263 	0.13136 	-0.10909 	-0.09617 	0.10375 	-0.13138 	0.19277 	0.13112 	-0.04088 	-0.03945 	-0.03690 	0.05278 	0.00416 	0.04410 	-0.03593 	-0.03168 	0.04099 	-0.04327 	0.06349 	0.04387 	0.00537	0.02128
Replication94	 -1.48416	0.99793	0.98515 	0.98746 	0.98948 	0.99308 	0.98947 	0.99442 	0.98262 	0.98658 	0.99661 	0.98356 	1.00091 	0.99513 	-0.12825 	-0.13479 	-0.12306 	0.12051 	0.00000 	0.13482 	-0.12530 	-0.14152 	0.10187 	-0.13459 	0.29377 	0.13061 	-0.04224 	-0.04439 	-0.04053 	0.05827 	0.00000 	0.04829 	-0.04127 	-0.04661 	0.03963 	-0.04433 	0.09676 	0.04409 	0.00592	0.02767
Replication95	 -1.47272	0.99806	0.98716 	0.98886 	0.99066 	0.99425 	0.99086 	0.99541 	0.98612 	0.98930 	0.99750 	0.98708 	1.00042 	0.99630 	-0.11438 	-0.13074 	-0.12163 	0.11242 	0.00000 	0.12636 	-0.10091 	-0.11807 	0.09524 	-0.10076 	0.22386 	0.12112 	-0.03766 	-0.04305 	-0.04005 	0.05397 	0.00000 	0.04510 	-0.03323 	-0.03888 	0.03679 	-0.03318 	0.07371 	0.03986 	0.00750	0.02339
Replication96	 -1.48333	0.99825	0.98819 	0.99050 	0.99169 	0.99539 	0.99345 	0.99651 	0.98608 	0.98988 	0.99862 	0.98651 	1.00417 	0.99723 	-0.12730 	-0.11799 	-0.13453 	0.10346 	0.03244 	0.11582 	-0.11982 	-0.11509 	0.08637 	-0.14655 	0.30552 	0.11156 	-0.04190 	-0.03884 	-0.04428 	0.05089 	0.01068 	0.04275 	-0.03944 	-0.03788 	0.03381 	-0.04824 	0.10056 	0.03848 	0.00611	0.02659
Replication97	 -1.49325	0.99797	0.98503 	0.98810 	0.99045 	0.99333 	0.98993 	0.99495 	0.98261 	0.98717 	0.99697 	0.98391 	1.00050 	0.99557 	-0.13658 	-0.12636 	-0.10606 	0.11856 	0.00000 	0.13082 	-0.13024 	-0.12519 	0.09936 	-0.13260 	0.27588 	0.12721 	-0.04498 	-0.04161 	-0.03493 	0.05753 	0.00000 	0.04598 	-0.04289 	-0.04123 	0.03833 	-0.04367 	0.09086 	0.04236 	0.00520	0.02574
Replication98	 -1.49968	0.99758	0.98386 	0.98694 	0.98820 	0.99246 	0.98950 	0.99322 	0.97753 	0.98308 	0.99373 	0.97884 	0.98962 	0.99263 	-0.14014 	-0.11954 	-0.12305 	0.12914 	0.02379 	0.14930 	-0.10880 	-0.08613 	0.12240 	-0.12149 	0.11674 	0.15276 	-0.04619 	-0.03940 	-0.04056 	0.05622 	0.00784 	0.04793 	-0.03586 	-0.02839 	0.04948 	-0.04004 	0.03848 	0.05140 	0.00503	0.02093
Replication99	 -1.54698	0.99722	0.98301 	0.98597 	0.98692 	0.99172 	0.98883 	0.99179 	0.96992 	0.97678 	0.99072 	0.97180 	0.98131 	0.98956 	-0.13431 	-0.11694 	-0.10963 	0.13841 	0.03277 	0.16520 	-0.11801 	-0.10940 	0.14372 	-0.12381 	0.05317 	0.17832 	-0.04430 	-0.03857 	-0.03616 	0.05468 	0.01081 	0.04879 	-0.03892 	-0.03608 	0.05999 	-0.04084 	0.01754 	0.06191 	0.00050	0.01884