
 Replication 	 FitnessValue 	 Frequency	PLoss	QLoss	Bus1	Bus2	Bus3	Bus4	Bus5	Bus6	Bus1_P	Bus2_P	Bus3_P	Bus4_P	Bus5_P	Bus6_P	Bus1_Q	Bus2_Q	Bus3_Q	Bus4_Q	Bus5_Q	Bus6_Q
Replication0	 0.23766	0.98455	0.95612 	0.96286 	0.96539 	0.97516 	0.96677 	0.97888 	-0.24097 	-0.24997 	-0.22578 	0.30267 	0.00000 	0.42029 	-0.08152 	-0.08456 	-0.07638 	0.11860 	0.00000 	0.14418 	0.00624	0.02032
Replication1	 0.22620	0.98503	0.95824 	0.96426 	0.96707 	0.97633 	0.96830 	0.97996 	-0.22740 	-0.25226 	-0.21338 	0.29269 	0.00000 	0.40616 	-0.07685 	-0.08526 	-0.07211 	0.11437 	0.00000 	0.13868 	0.00580	0.01882
Replication2	 0.20904	0.98587	0.96163 	0.96455 	0.97074 	0.97774 	0.97299 	0.98202 	-0.20228 	-0.34002 	-0.16668 	0.27914 	0.05560 	0.37995 	-0.06825 	-0.11472 	-0.05624 	0.11088 	0.01876 	0.12757 	0.00571	0.01799
Replication3	 0.29888	0.98190	0.94693 	0.95518 	0.95485 	0.96931 	0.95864 	0.97247 	-0.27744 	-0.24590 	-0.32382 	0.35375 	0.00000 	0.50205 	-0.09435 	-0.08363 	-0.11013 	0.13816 	0.00000 	0.17866 	0.00864	0.02871
Replication4	 0.26182	0.98355	0.95178 	0.95962 	0.96195 	0.97265 	0.96399 	0.97664 	-0.26787 	-0.25864 	-0.24976 	0.32376 	0.01034 	0.44946 	-0.09080 	-0.08767 	-0.08466 	0.12784 	0.00351 	0.15558 	0.00728	0.02379
Replication5	 0.23039	0.98490	0.95735 	0.96346 	0.96599 	0.97595 	0.96977 	0.97956 	-0.24364 	-0.26817 	-0.23826 	0.29576 	0.04970 	0.41084 	-0.08236 	-0.09066 	-0.08055 	0.11596 	0.01680 	0.14115 	0.00623	0.02035
Replication6	 0.25732	0.98341	0.95664 	0.95961 	0.95934 	0.97379 	0.96409 	0.97565 	-0.18887 	-0.27460 	-0.30717 	0.31770 	0.00000 	0.45968 	-0.06404 	-0.09311 	-0.10415 	0.12013 	0.00000 	0.16333 	0.00674	0.02217
Replication7	 0.25390	0.98378	0.95409 	0.96015 	0.96279 	0.97346 	0.96457 	0.97713 	-0.23822 	-0.27440 	-0.24098 	0.31749 	0.00000 	0.44294 	-0.08071 	-0.09297 	-0.08165 	0.12431 	0.00000 	0.15317 	0.00683	0.02216
Replication8	 0.24909	0.98384	0.95687 	0.96094 	0.96126 	0.97447 	0.96544 	0.97678 	-0.20448 	-0.26439 	-0.28773 	0.31103 	0.00647 	0.44558 	-0.06927 	-0.08957 	-0.09748 	0.11856 	0.00219 	0.15688 	0.00648	0.02132
Replication9	 0.22019	0.98524	0.96051 	0.96685 	0.96504 	0.97786 	0.96914 	0.97971 	-0.21652 	-0.17806 	-0.28878 	0.28222 	0.00000 	0.40655 	-0.07315 	-0.06015 	-0.09756 	0.10638 	0.00000 	0.14279 	0.00542	0.01832
Replication10	 0.29483	0.98236	0.94462 	0.95537 	0.95914 	0.96895 	0.95934 	0.97425 	-0.32027 	-0.26773 	-0.23789 	0.35317 	0.00000 	0.48171 	-0.10882 	-0.09097 	-0.08083 	0.14311 	0.00000 	0.16662 	0.00899	0.02911
Replication11	 0.20335	0.98642	0.95901 	0.96853 	0.97307 	0.97845 	0.97164 	0.98344 	-0.27079 	-0.21162 	-0.14594 	0.27163 	0.00000 	0.36221 	-0.09126 	-0.07132 	-0.04919 	0.10985 	0.00000 	0.11954 	0.00548	0.01761
Replication12	 0.25611	0.98413	0.94998 	0.96099 	0.96575 	0.97282 	0.96457 	0.97843 	-0.31187 	-0.24375 	-0.18416 	0.31929 	0.00000 	0.42806 	-0.10559 	-0.08253 	-0.06235 	0.13028 	0.00000 	0.14454 	0.00757	0.02435
Replication13	 0.27332	0.98303	0.95026 	0.95826 	0.95987 	0.97159 	0.96204 	0.97536 	-0.26940 	-0.25348 	-0.26852 	0.33329 	0.00000 	0.46575 	-0.09141 	-0.08601 	-0.09112 	0.13112 	0.00000 	0.16249 	0.00765	0.02508
Replication14	 0.27183	0.98311	0.95051 	0.95868 	0.95963 	0.97186 	0.96280 	0.97542 	-0.27322 	-0.24560 	-0.28272 	0.33116 	0.01357 	0.46445 	-0.09270 	-0.08333 	-0.09592 	0.12993 	0.00460 	0.16261 	0.00764	0.02520
Replication15	 0.25293	0.98382	0.95458 	0.95904 	0.96403 	0.97321 	0.96474 	0.97746 	-0.22220 	-0.32528 	-0.20399 	0.31876 	0.00000 	0.43965 	-0.07528 	-0.11020 	-0.06911 	0.12604 	0.00000 	0.15056 	0.00693	0.02201
Replication16	 0.21709	0.98546	0.95978 	0.96511 	0.96858 	0.97723 	0.97043 	0.98095 	-0.22196 	-0.26897 	-0.20283 	0.28469 	0.02135 	0.39331 	-0.07495 	-0.09083 	-0.06849 	0.11154 	0.00721 	0.13358 	0.00559	0.01806
Replication17	 0.25481	0.98356	0.95668 	0.96048 	0.95955 	0.97415 	0.96443 	0.97592 	-0.19758 	-0.25298 	-0.31345 	0.31468 	0.00000 	0.45596 	-0.06697 	-0.08575 	-0.10625 	0.11882 	0.00000 	0.16216 	0.00663	0.02201
Replication18	 0.27879	0.98300	0.94826 	0.95913 	0.95808 	0.97150 	0.96308 	0.97492 	-0.31438 	-0.19967 	-0.32180 	0.33402 	0.04011 	0.46998 	-0.10668 	-0.06776 	-0.10920 	0.13152 	0.01361 	0.16624 	0.00826	0.02773
Replication19	 0.30597	0.98163	0.94535 	0.95347 	0.95498 	0.96824 	0.95771 	0.97211 	-0.28319 	-0.27912 	-0.29822 	0.36187 	0.00000 	0.50769 	-0.09636 	-0.09498 	-0.10148 	0.14301 	0.00000 	0.17941 	0.00903	0.02960
Replication20	 0.26354	0.98359	0.95056 	0.96047 	0.96191 	0.97261 	0.96342 	0.97669 	-0.29114 	-0.21867 	-0.25523 	0.32381 	0.00000 	0.44865 	-0.09868 	-0.07412 	-0.08651 	0.12831 	0.00000 	0.15539 	0.00742	0.02440
Replication21	 0.25107	0.98408	0.95280 	0.96146 	0.96420 	0.97368 	0.96504 	0.97796 	-0.27307 	-0.24094 	-0.22612 	0.31433 	0.00000 	0.43271 	-0.09246 	-0.08159 	-0.07657 	0.12477 	0.00000 	0.14836 	0.00692	0.02252
Replication22	 0.24302	0.98444	0.95410 	0.96195 	0.96601 	0.97431 	0.96632 	0.97890 	-0.26369 	-0.26366 	-0.20009 	0.30840 	0.00475 	0.42097 	-0.08922 	-0.08921 	-0.06770 	0.12309 	0.00161 	0.14300 	0.00668	0.02156
Replication23	 0.23610	0.98481	0.95459 	0.96359 	0.96716 	0.97511 	0.96709 	0.97973 	-0.27404 	-0.23475 	-0.19632 	0.30139 	0.00000 	0.41018 	-0.09266 	-0.07937 	-0.06638 	0.12050 	0.00000 	0.13884 	0.00646	0.02093
Replication24	 0.22900	0.98475	0.95986 	0.96432 	0.96411 	0.97666 	0.96789 	0.97877 	-0.19845 	-0.23204 	-0.27568 	0.29237 	0.00000 	0.41949 	-0.06711 	-0.07847 	-0.09323 	0.11068 	0.00000 	0.14696 	0.00568	0.01884
Replication25	 0.26605	0.98342	0.95072 	0.95816 	0.96295 	0.97180 	0.96306 	0.97667 	-0.26755 	-0.29728 	-0.20759 	0.32966 	0.00000 	0.45035 	-0.09072 	-0.10080 	-0.07039 	0.13215 	0.00000 	0.15408 	0.00759	0.02434
Replication26	 0.24638	0.98417	0.95466 	0.96160 	0.96419 	0.97423 	0.96560 	0.97805 	-0.24736 	-0.25619 	-0.23152 	0.31053 	0.00000 	0.43112 	-0.08374 	-0.08673 	-0.07838 	0.12198 	0.00000 	0.14830 	0.00659	0.02143
Replication27	 0.25647	0.98380	0.95271 	0.96188 	0.96145 	0.97371 	0.96432 	0.97687 	-0.27342 	-0.19541 	-0.28519 	0.31586 	0.00000 	0.44513 	-0.09264 	-0.06620 	-0.09662 	0.12296 	0.00000 	0.15578 	0.00698	0.02329
Replication28	 0.32895	0.98105	0.93871 	0.95098 	0.95466 	0.96551 	0.95497 	0.97124 	-0.35243 	-0.27693 	-0.26251 	0.38177 	0.00000 	0.52075 	-0.12006 	-0.09434 	-0.08943 	0.15611 	0.00000 	0.18226 	0.01065	0.03453
Replication29	 0.27242	0.98340	0.94759 	0.95950 	0.96223 	0.97146 	0.96238 	0.97653 	-0.32467 	-0.21911 	-0.23178 	0.33185 	0.00000 	0.45182 	-0.11009 	-0.07429 	-0.07859 	0.13414 	0.00000 	0.15525 	0.00811	0.02642
Replication30	 0.20351	0.98626	0.96061 	0.97051 	0.96922 	0.97948 	0.97156 	0.98225 	-0.26029 	-0.12521 	-0.24996 	0.26631 	0.00000 	0.37431 	-0.08775 	-0.04221 	-0.08427 	0.10268 	0.00000 	0.12888 	0.00515	0.01731
Replication31	 0.21094	0.98556	0.96272 	0.96696 	0.96683 	0.97857 	0.97033 	0.98058 	-0.18834 	-0.21933 	-0.25906 	0.27602 	0.00000 	0.39575 	-0.06358 	-0.07405 	-0.08746 	0.10404 	0.00000 	0.13778 	0.00504	0.01672
Replication32	 0.26121	0.98352	0.95249 	0.96038 	0.96092 	0.97304 	0.96364 	0.97632 	-0.26051 	-0.22911 	-0.27736 	0.32153 	0.00000 	0.45256 	-0.08831 	-0.07767 	-0.09402 	0.12529 	0.00000 	0.15819 	0.00710	0.02348
Replication33	 0.18340	0.98727	0.96286 	0.97168 	0.97521 	0.98078 	0.97435 	0.98515 	-0.25051 	-0.18766 	-0.14864 	0.25242 	0.00000 	0.33905 	-0.08429 	-0.06314 	-0.05001 	0.10083 	0.00000 	0.11167 	0.00466	0.01506
Replication34	 0.29715	0.98175	0.94985 	0.95279 	0.95471 	0.96925 	0.95965 	0.97214 	-0.21634 	-0.34712 	-0.31020 	0.35504 	0.02090 	0.50636 	-0.07360 	-0.11809 	-0.10553 	0.13767 	0.00711 	0.18030 	0.00863	0.02786
Replication35	 0.25562	0.98407	0.95077 	0.96237 	0.96358 	0.97347 	0.96457 	0.97781 	-0.31039 	-0.18696 	-0.24535 	0.31575 	0.00000 	0.43426 	-0.10511 	-0.06331 	-0.08308 	0.12596 	0.00000 	0.14957 	0.00731	0.02404
Replication36	 0.26667	0.98330	0.95150 	0.95912 	0.96058 	0.97231 	0.96320 	0.97592 	-0.26347 	-0.25258 	-0.26935 	0.32732 	0.00723 	0.45823 	-0.08935 	-0.08566 	-0.09135 	0.12836 	0.00245 	0.15979 	0.00738	0.02425
Replication37	 0.22080	0.98517	0.96067 	0.96364 	0.96798 	0.97678 	0.96906 	0.98031 	-0.18687 	-0.30590 	-0.19236 	0.28911 	0.00000 	0.40164 	-0.06314 	-0.10336 	-0.06499 	0.11253 	0.00000 	0.13677 	0.00562	0.01780
Replication38	 0.27043	0.98324	0.95001 	0.95733 	0.96259 	0.97128 	0.96249 	0.97632 	-0.26875 	-0.30916 	-0.20330 	0.33390 	0.00000 	0.45511 	-0.09115 	-0.10486 	-0.06895 	0.13427 	0.00000 	0.15565 	0.00781	0.02496
Replication39	 0.31872	0.98145	0.94053 	0.95164 	0.95639 	0.96637 	0.95682 	0.97224 	-0.33984 	-0.30160 	-0.24382 	0.37422 	0.01317 	0.50812 	-0.11568 	-0.10266 	-0.08300 	0.15325 	0.00448 	0.17667 	0.01025	0.03306
Replication40	 0.20864	0.98591	0.96086 	0.96614 	0.96969 	0.97813 	0.97321 	0.98189 	-0.22938 	-0.27668 	-0.20687 	0.27657 	0.06116 	0.38074 	-0.07739 	-0.09334 	-0.06979 	0.10879 	0.02063 	0.12908 	0.00555	0.01799
Replication41	 0.22011	0.98540	0.95832 	0.96666 	0.96743 	0.97730 	0.96918 	0.98061 	-0.25125 	-0.18950 	-0.23514 	0.28461 	0.00000 	0.39691 	-0.08485 	-0.06400 	-0.07941 	0.11075 	0.00000 	0.13613 	0.00563	0.01862
Replication42	 0.23674	0.98440	0.95854 	0.96258 	0.96347 	0.97565 	0.96716 	0.97813 	-0.20114 	-0.26234 	-0.26743 	0.30057 	0.00805 	0.42833 	-0.06807 	-0.08877 	-0.09050 	0.11477 	0.00272 	0.14963 	0.00604	0.01980
Replication43	 0.27114	0.98327	0.94921 	0.95863 	0.96173 	0.97153 	0.96241 	0.97619 	-0.29182 	-0.25420 	-0.23443 	0.33220 	0.00000 	0.45605 	-0.09897 	-0.08622 	-0.07951 	0.13292 	0.00000 	0.15713 	0.00780	0.02535
Replication44	 0.22330	0.98516	0.95874 	0.96560 	0.96653 	0.97696 	0.96869 	0.98002 	-0.23261 	-0.21337 	-0.24088 	0.28811 	0.00000 	0.40439 	-0.07860 	-0.07209 	-0.08139 	0.11138 	0.00000 	0.13929 	0.00563	0.01859
Replication45	 0.24971	0.98390	0.95581 	0.96197 	0.96116 	0.97456 	0.96514 	0.97688 	-0.22864 	-0.22121 	-0.29791 	0.31013 	0.00000 	0.44414 	-0.07745 	-0.07493 	-0.10091 	0.11842 	0.00000 	0.15658 	0.00650	0.02171
Replication46	 0.19890	0.98659	0.96002 	0.96888 	0.97373 	0.97888 	0.97223 	0.98383 	-0.26095 	-0.21996 	-0.13890 	0.26799 	0.00000 	0.35712 	-0.08792 	-0.07411 	-0.04680 	0.10827 	0.00000 	0.11753 	0.00530	0.01697
Replication47	 0.29489	0.98226	0.94543 	0.95455 	0.95900 	0.96885 	0.95926 	0.97405 	-0.30031 	-0.29714 	-0.23250 	0.35442 	0.00000 	0.48442 	-0.10206 	-0.10098 	-0.07901 	0.14316 	0.00000 	0.16753 	0.00889	0.02864
Replication48	 0.30387	0.98153	0.94916 	0.95472 	0.95117 	0.96958 	0.95802 	0.97090 	-0.23369 	-0.23831 	-0.39326 	0.35434 	0.00000 	0.51960 	-0.07954 	-0.08111 	-0.13384 	0.13433 	0.00000 	0.18959 	0.00869	0.02943
Replication49	 0.17797	0.98713	0.96865 	0.97335 	0.97013 	0.98277 	0.97497 	0.98353 	-0.17182 	-0.13876 	-0.28165 	0.24123 	0.00000 	0.35498 	-0.05783 	-0.04670 	-0.09479 	0.08795 	0.00000 	0.12506 	0.00397	0.01368
Replication50	 0.24243	0.98420	0.95710 	0.96258 	0.96250 	0.97519 	0.96609 	0.97762 	-0.21838 	-0.23345 	-0.28127 	0.30455 	0.00000 	0.43477 	-0.07393 	-0.07903 	-0.09522 	0.11634 	0.00000 	0.15245 	0.00622	0.02062
Replication51	 0.30214	0.98192	0.94470 	0.95322 	0.95759 	0.96813 	0.95875 	0.97322 	-0.29781 	-0.31388 	-0.24616 	0.36078 	0.01124 	0.49503 	-0.10128 	-0.10674 	-0.08371 	0.14549 	0.00382 	0.17210 	0.00921	0.02968
Replication52	 0.25647	0.98410	0.94995 	0.96144 	0.96511 	0.97295 	0.96451 	0.97824 	-0.31553 	-0.22321 	-0.20233 	0.31862 	0.00000 	0.42999 	-0.10684 	-0.07558 	-0.06851 	0.12929 	0.00000 	0.14600 	0.00753	0.02437
Replication53	 0.26865	0.98335	0.94990 	0.95872 	0.96171 	0.97181 	0.96337 	0.97631 	-0.28701 	-0.26361 	-0.24173 	0.33001 	0.01586 	0.45420 	-0.09733 	-0.08939 	-0.08197 	0.13171 	0.00538 	0.15675 	0.00772	0.02514
Replication54	 0.27833	0.98273	0.95017 	0.95735 	0.95846 	0.97116 	0.96131 	0.97457 	-0.25899 	-0.26135 	-0.28510 	0.33765 	0.00000 	0.47557 	-0.08793 	-0.08873 	-0.09680 	0.13197 	0.00000 	0.16705 	0.00778	0.02556
Replication55	 0.20544	0.98595	0.96239 	0.96587 	0.97114 	0.97824 	0.97118 	0.98219 	-0.19026 	-0.29865 	-0.15930 	0.27569 	0.00000 	0.37770 	-0.06418 	-0.10075 	-0.05374 	0.10834 	0.00000 	0.12668 	0.00518	0.01635
Replication56	 0.24327	0.98435	0.95482 	0.96314 	0.96393 	0.97486 	0.96605 	0.97826 	-0.26011 	-0.21129 	-0.25535 	0.30564 	0.00000 	0.42758 	-0.08803 	-0.07151 	-0.08642 	0.11928 	0.00000 	0.14803 	0.00646	0.02136
Replication57	 0.33035	0.98054	0.94248 	0.94894 	0.95163 	0.96561 	0.95459 	0.96967 	-0.27354 	-0.33699 	-0.30511 	0.38423 	0.00208 	0.53948 	-0.09328 	-0.11492 	-0.10405 	0.15249 	0.00071 	0.19187 	0.01013	0.03281
Replication58	 0.23917	0.98460	0.95491 	0.96234 	0.96625 	0.97475 	0.96737 	0.97919 	-0.25993 	-0.26800 	-0.20565 	0.30485 	0.01829 	0.41699 	-0.08792 	-0.09065 	-0.06956 	0.12138 	0.00619 	0.14178 	0.00656	0.02121
Replication59	 0.22515	0.98513	0.95790 	0.96492 	0.96698 	0.97655 	0.96900 	0.98011 	-0.24250 	-0.23322 	-0.22638 	0.29077 	0.01334 	0.40384 	-0.08194 	-0.07881 	-0.07650 	0.11367 	0.00451 	0.13819 	0.00584	0.01913
Replication60	 0.23090	0.98498	0.95606 	0.96368 	0.96791 	0.97556 	0.96776 	0.98012 	-0.25495 	-0.25641 	-0.18527 	0.29767 	0.00000 	0.40517 	-0.08617 	-0.08667 	-0.06262 	0.11871 	0.00000 	0.13674 	0.00621	0.01999
Replication61	 0.26657	0.98311	0.95366 	0.95869 	0.95898 	0.97263 	0.96286 	0.97519 	-0.22261 	-0.26556 	-0.29765 	0.32651 	0.00000 	0.46647 	-0.07552 	-0.09010 	-0.10098 	0.12538 	0.00000 	0.16479 	0.00715	0.02357
Replication62	 0.17891	0.98727	0.96608 	0.96987 	0.97555 	0.98103 	0.97554 	0.98513 	-0.18926 	-0.28209 	-0.13092 	0.25099 	0.01649 	0.33923 	-0.06368 	-0.09491 	-0.04405 	0.09934 	0.00555 	0.11176 	0.00444	0.01401
Replication63	 0.26576	0.98343	0.95125 	0.96102 	0.95970 	0.97291 	0.96312 	0.97589 	-0.28254 	-0.18394 	-0.30637 	0.32289 	0.00000 	0.45733 	-0.09580 	-0.06237 	-0.10388 	0.12551 	0.00000 	0.16126 	0.00737	0.02473
Replication64	 0.24465	0.98412	0.95632 	0.96119 	0.96366 	0.97449 	0.96579 	0.97780 	-0.21787 	-0.27835 	-0.24047 	0.30924 	0.00000 	0.43385 	-0.07377 	-0.09425 	-0.08142 	0.12008 	0.00000 	0.15011 	0.00641	0.02076
Replication65	 0.24286	0.98420	0.95681 	0.96280 	0.96239 	0.97519 	0.96604 	0.97761 	-0.22457 	-0.22295 	-0.28556 	0.30449 	0.00000 	0.43484 	-0.07602 	-0.07548 	-0.09667 	0.11634 	0.00000 	0.15262 	0.00624	0.02079
Replication66	 0.26337	0.98328	0.95368 	0.95815 	0.96095 	0.97250 	0.96329 	0.97592 	-0.22055 	-0.30420 	-0.25275 	0.32626 	0.00000 	0.45838 	-0.07480 	-0.10317 	-0.08572 	0.12710 	0.00000 	0.15964 	0.00715	0.02306
Replication67	 0.24539	0.98465	0.95182 	0.96127 	0.96761 	0.97372 	0.96821 	0.97963 	-0.30590 	-0.29338 	-0.17020 	0.31075 	0.05373 	0.41249 	-0.10346 	-0.09923 	-0.05757 	0.12790 	0.01817 	0.13821 	0.00748	0.02403
Replication68	 0.24325	0.98408	0.95795 	0.96024 	0.96376 	0.97456 	0.96598 	0.97771 	-0.18429 	-0.32284 	-0.23047 	0.30901 	0.00000 	0.43498 	-0.06240 	-0.10932 	-0.07804 	0.11944 	0.00000 	0.15063 	0.00639	0.02031
Replication69	 0.24540	0.98425	0.95454 	0.96212 	0.96411 	0.97442 	0.96603 	0.97815 	-0.25597 	-0.24145 	-0.24129 	0.30889 	0.00689 	0.42952 	-0.08665 	-0.08173 	-0.08168 	0.12124 	0.00233 	0.14805 	0.00659	0.02157
Replication70	 0.20596	0.98609	0.96032 	0.96888 	0.96982 	0.97880 	0.97115 	0.98216 	-0.24905 	-0.17597 	-0.21798 	0.27147 	0.00000 	0.37669 	-0.08399 	-0.05935 	-0.07351 	0.10578 	0.00000 	0.12815 	0.00517	0.01708
Replication71	 0.24837	0.98444	0.95188 	0.96464 	0.96367 	0.97465 	0.96562 	0.97836 	-0.31736 	-0.13504 	-0.27281 	0.30637 	0.00000 	0.42592 	-0.10738 	-0.04569 	-0.09231 	0.12106 	0.00000 	0.14796 	0.00709	0.02364
Replication72	 0.24368	0.98421	0.95603 	0.96246 	0.96312 	0.97488 	0.96594 	0.97782 	-0.23401 	-0.23315 	-0.26573 	0.30634 	0.00000 	0.43289 	-0.07922 	-0.07893 	-0.08996 	0.11826 	0.00000 	0.15077 	0.00634	0.02093
Replication73	 0.24999	0.98379	0.95678 	0.96063 	0.96137 	0.97430 	0.96505 	0.97673 	-0.20100 	-0.27160 	-0.27978 	0.31234 	0.00000 	0.44653 	-0.06810 	-0.09202 	-0.09479 	0.11926 	0.00000 	0.15691 	0.00649	0.02125
Replication74	 0.21714	0.98546	0.95997 	0.96474 	0.96863 	0.97717 	0.97076 	0.98095 	-0.21767 	-0.28461 	-0.20003 	0.28509 	0.02948 	0.39340 	-0.07350 	-0.09611 	-0.06755 	0.11185 	0.00995 	0.13354 	0.00565	0.01818
Replication75	 0.20634	0.98596	0.96152 	0.96671 	0.96986 	0.97843 	0.97248 	0.98197 	-0.21912 	-0.26160 	-0.20419 	0.27448 	0.03611 	0.37959 	-0.07392 	-0.08825 	-0.06888 	0.10724 	0.01218 	0.12872 	0.00527	0.01709
Replication76	 0.20096	0.98597	0.96626 	0.96947 	0.96582 	0.98045 	0.97180 	0.98080 	-0.15923 	-0.17258 	-0.31578 	0.26219 	0.00000 	0.39008 	-0.05371 	-0.05822 	-0.10652 	0.09510 	0.00000 	0.13945 	0.00469	0.01611
Replication77	 0.27109	0.98350	0.94756 	0.95921 	0.96289 	0.97144 	0.96328 	0.97684 	-0.32814 	-0.24014 	-0.22026 	0.33139 	0.01730 	0.44806 	-0.11124 	-0.08141 	-0.07467 	0.13485 	0.00586 	0.15325 	0.00821	0.02665
Replication78	 0.25230	0.98422	0.95116 	0.96248 	0.96451 	0.97366 	0.96514 	0.97826 	-0.30844 	-0.19998 	-0.22994 	0.31365 	0.00311 	0.42881 	-0.10441 	-0.06770 	-0.07784 	0.12567 	0.00105 	0.14684 	0.00722	0.02363
Replication79	 0.21937	0.98553	0.95783 	0.96602 	0.96805 	0.97715 	0.97127 	0.98099 	-0.26621 	-0.22521 	-0.22853 	0.28478 	0.04874 	0.39237 	-0.08988 	-0.07604 	-0.07716 	0.11238 	0.01646 	0.13378 	0.00594	0.01954
Replication80	 0.25745	0.98379	0.95201 	0.95998 	0.96363 	0.97287 	0.96419 	0.97738 	-0.26849 	-0.26769 	-0.21830 	0.32101 	0.00000 	0.44065 	-0.09097 	-0.09070 	-0.07396 	0.12788 	0.00000 	0.15096 	0.00718	0.02321
Replication81	 0.25086	0.98384	0.95585 	0.96088 	0.96117 	0.97426 	0.96605 	0.97680 	-0.22410 	-0.26078 	-0.29283 	0.31233 	0.02664 	0.44543 	-0.07592 	-0.08835 	-0.09920 	0.11984 	0.00903 	0.15670 	0.00669	0.02210
Replication82	 0.21739	0.98522	0.96355 	0.96693 	0.96351 	0.97864 	0.96955 	0.97919 	-0.16924 	-0.18891 	-0.32565 	0.27761 	0.00000 	0.41144 	-0.05718 	-0.06382 	-0.11002 	0.10156 	0.00000 	0.14737 	0.00524	0.01792
Replication83	 0.24631	0.98439	0.95297 	0.96113 	0.96664 	0.97373 	0.96607 	0.97898 	-0.27377 	-0.28375 	-0.17616 	0.31221 	0.00776 	0.42071 	-0.09264 	-0.09602 	-0.05961 	0.12627 	0.00263 	0.14179 	0.00701	0.02242
Replication84	 0.24343	0.98420	0.95660 	0.96297 	0.96220 	0.97520 	0.96598 	0.97756 	-0.22911 	-0.21371 	-0.29081 	0.30452 	0.00000 	0.43538 	-0.07756 	-0.07235 	-0.09845 	0.11629 	0.00000 	0.15303 	0.00628	0.02097
Replication85	 0.22265	0.98519	0.95929 	0.96668 	0.96531 	0.97748 	0.96882 	0.97974 	-0.23319 	-0.17365 	-0.27908 	0.28481 	0.00000 	0.40668 	-0.07879 	-0.05867 	-0.09429 	0.10843 	0.00000 	0.14210 	0.00557	0.01878
Replication86	 0.32062	0.98102	0.94371 	0.95261 	0.95119 	0.96732 	0.95585 	0.97027 	-0.29115 	-0.24181 	-0.35821 	0.37100 	0.00000 	0.52977 	-0.09919 	-0.08238 	-0.12204 	0.14498 	0.00000 	0.19075 	0.00960	0.03211
Replication87	 0.34104	0.98038	0.93836 	0.94851 	0.95174 	0.96438 	0.95358 	0.96951 	-0.32954 	-0.30989 	-0.29183 	0.39260 	0.00725 	0.54237 	-0.11241 	-0.10571 	-0.09955 	0.15894 	0.00247 	0.19188 	0.01097	0.03562
Replication88	 0.19408	0.98640	0.96475 	0.96816 	0.97151 	0.97977 	0.97270 	0.98291 	-0.17954 	-0.26303 	-0.18441 	0.26373 	0.00070 	0.36717 	-0.06051 	-0.08865 	-0.06215 	0.10173 	0.00024 	0.12417 	0.00463	0.01481
Replication89	 0.26308	0.98337	0.95305 	0.95759 	0.96243 	0.97218 	0.96338 	0.97642 	-0.22691 	-0.33085 	-0.21569 	0.32767 	0.00000 	0.45309 	-0.07694 	-0.11219 	-0.07314 	0.12958 	0.00000 	0.15596 	0.00732	0.02328
Replication90	 0.27740	0.98272	0.95142 	0.95822 	0.95684 	0.97176 	0.96144 	0.97410 	-0.24670 	-0.23038 	-0.32929 	0.33409 	0.00000 	0.47991 	-0.08376 	-0.07822 	-0.11181 	0.12822 	0.00000 	0.17111 	0.00762	0.02553
Replication91	 0.21940	0.98563	0.95684 	0.96761 	0.96837 	0.97735 	0.96981 	0.98121 	-0.28706 	-0.16181 	-0.22782 	0.28293 	0.01025 	0.38942 	-0.09690 	-0.05462 	-0.07690 	0.11180 	0.00346 	0.13272 	0.00591	0.01956
Replication92	 0.32232	0.98152	0.93844 	0.95243 	0.95666 	0.96611 	0.95630 	0.97242 	-0.37603 	-0.25995 	-0.24208 	0.37537 	0.00753 	0.50586 	-0.12798 	-0.08848 	-0.08239 	0.15524 	0.00256 	0.17567 	0.01071	0.03462
Replication93	 0.25721	0.98344	0.95691 	0.95903 	0.95910 	0.97379 	0.96568 	0.97564 	-0.18878 	-0.30251 	-0.31685 	0.31753 	0.03811 	0.45949 	-0.06400 	-0.10257 	-0.10743 	0.12030 	0.01292 	0.16364 	0.00699	0.02287
Replication94	 0.33293	0.98066	0.94032 	0.95084 	0.95091 	0.96577 	0.95467 	0.96972 	-0.32375 	-0.25589 	-0.33925 	0.38254 	0.00872 	0.53804 	-0.11038 	-0.08724 	-0.11566 	0.15223 	0.00297 	0.19257 	0.01041	0.03448
Replication95	 0.22211	0.98534	0.95766 	0.96597 	0.96788 	0.97688 	0.96892 	0.98064 	-0.25470 	-0.20787 	-0.21644 	0.28756 	0.00000 	0.39722 	-0.08603 	-0.07021 	-0.07310 	0.11294 	0.00000 	0.13529 	0.00576	0.01889
Replication96	 0.27837	0.98291	0.94850 	0.95706 	0.96074 	0.97070 	0.96143 	0.97542 	-0.28442 	-0.27914 	-0.23394 	0.33936 	0.00000 	0.46621 	-0.09653 	-0.09474 	-0.07940 	0.13584 	0.00000 	0.16092 	0.00806	0.02609
Replication97	 0.19482	0.98660	0.96236 	0.97105 	0.97047 	0.98027 	0.97330 	0.98305 	-0.24663 	-0.14787 	-0.23971 	0.25948 	0.01546 	0.36410 	-0.08309 	-0.04982 	-0.08076 	0.09992 	0.00521 	0.12475 	0.00483	0.01621
Replication98	 0.26477	0.98335	0.95230 	0.95734 	0.96245 	0.97195 	0.96377 	0.97643 	-0.23930 	-0.33501 	-0.21510 	0.32918 	0.01462 	0.45313 	-0.08115 	-0.11360 	-0.07294 	0.13092 	0.00496 	0.15575 	0.00751	0.02394
Replication99	 0.16171	0.98836	0.96662 	0.97770 	0.97575 	0.98415 	0.97744 	0.98676 	-0.25783 	-0.06019 	-0.21827 	0.22561 	0.00000 	0.31471 	-0.08656 	-0.02021 	-0.07328 	0.08692 	0.00000 	0.10668 	0.00403	0.01355