
Replication	FitnessValue	Frequency	Bus1	Bus2	Bus3	Bus4	Bus5	Bus6	Bus7	Bus8	Bus9	Bus10	Bus11	Bus12	Bus1_P	Bus2_P	Bus3_P	Bus4_P	Bus5_P	Bus6_P	Bus7_P	Bus8_P	Bus9_P	Bus10_P	Bus11_P	Bus12_P	Bus1_Q	Bus2_Q	Bus3_Q	Bus4_Q	Bus5_Q	Bus6_Q	Bus7_Q	Bus8_Q	Bus9_Q	Bus10_Q	Bus11_Q	Bus12_Q	PLoss	QLoss
Replication0	 0.00308	0.99192	0.95668 	0.97818 	1.00031 	0.98202 	0.98180 	0.99469 	0.96989 	0.95241 	0.98971 	0.95972 	0.98073 	0.98794 	-0.39648 	-0.20648 	0.45686 	0.20859 	0.00606 	0.20679 	0.14542 	-0.97976 	0.16571 	-0.04119 	0.22375 	0.26337 	-0.13217 	-0.06883 	0.15229 	0.10372 	0.00202 	0.04949 	0.04848 	-0.32660 	0.06084 	-0.01373 	0.07459 	0.10607 	0.05784	0.05098
Replication1	 0.00245	1.00745	0.98822 	1.04660 	1.04244 	1.01997 	1.02492 	1.02976 	1.02165 	1.02176 	1.02549 	1.03324 	1.02840 	1.02467 	-0.69406 	1.01510 	0.43992 	-0.10398 	0.00000 	-0.23794 	-0.12042 	-0.30926 	-0.13481 	0.33998 	0.06836 	-0.19529 	-0.22429 	0.32803 	0.14216 	-0.00732 	0.00000 	-0.09295 	-0.03891 	-0.09994 	-0.03815 	0.10986 	0.02209 	-0.05030 	0.07279	0.04510
Replication2	 -1.21278	0.99881	0.99638 	1.00987 	1.01931 	1.00634 	1.00857 	1.01155 	0.98343 	0.99001 	1.00719 	0.98799 	1.00243 	1.00622 	-0.17065 	0.05535 	0.37445 	0.02816 	0.00000 	-0.00139 	-0.17352 	-0.26442 	0.02343 	-0.07679 	0.19346 	0.04321 	-0.05611 	0.01820 	0.12311 	0.01271 	0.00000 	-0.02456 	-0.05705 	-0.08694 	0.00799 	-0.02525 	0.06361 	0.02005 	0.03647	0.00942
Replication3	 0.00800	0.99303	0.95924 	0.98866 	0.98743 	0.98660 	0.98401 	0.99298 	0.94200 	0.97296 	0.98929 	0.96137 	0.96961 	0.98967 	-0.51931 	0.19765 	-0.09107 	0.17582 	0.04626 	0.21031 	-0.46636 	0.15989 	0.16080 	-0.10636 	0.00597 	0.23800 	-0.17272 	0.06574 	-0.03029 	0.08544 	0.01539 	0.07473 	-0.15511 	0.05318 	0.07042 	-0.03537 	0.00199 	0.10243 	0.01681	0.07062
Replication4	 0.00148	0.99352	0.96476 	0.97987 	1.00531 	0.98519 	0.98590 	0.99778 	0.94983 	0.96270 	0.99369 	0.97730 	0.98284 	0.99240 	-0.30331 	-0.30759 	0.52964 	0.18053 	0.00000 	0.16541 	-0.42649 	-0.77507 	0.13311 	0.44204 	0.20322 	0.21039 	-0.10078 	-0.10221 	0.17599 	0.09643 	0.00000 	0.03926 	-0.14171 	-0.25754 	0.04901 	0.14688 	0.06752 	0.08423 	0.05707	0.05188
Replication5	 -1.05504	0.99505	0.99432 	0.98484 	0.95293 	0.99372 	0.98090 	0.98290 	0.97513 	0.99680 	0.98907 	1.00246 	0.99844 	0.98981 	-0.01953 	0.08364 	-1.11466 	0.12292 	0.00000 	0.27502 	-0.45264 	0.17403 	0.14888 	0.33249 	0.18781 	0.21717 	-0.00647 	0.02771 	-0.36924 	0.05876 	0.00000 	0.17879 	-0.14994 	0.05765 	0.08472 	0.11014 	0.06222 	0.12093 	0.03969	0.17007
Replication6	 0.15094	0.97726	0.91143 	0.92404 	0.90672 	0.94475 	0.92347 	0.94122 	0.79906 	0.85549 	0.92958 	0.86597 	0.88033 	0.92859 	-0.47403 	-0.16875 	-0.83805 	0.51167 	0.00000 	0.79702 	-0.97053 	-1.02058 	0.59632 	0.55870 	0.19518 	0.90283 	-0.16272 	-0.05793 	-0.28767 	0.21671 	0.00000 	0.35458 	-0.33314 	-0.35033 	0.30136 	0.19178 	0.06700 	0.46039 	0.09497	0.39483
Replication7	 -1.46744	1.00496	1.03064 	1.02986 	1.01124 	1.02396 	1.02254 	1.01658 	1.02358 	1.02784 	1.01837 	1.03310 	1.03245 	1.01802 	0.08059 	0.35184 	-0.34818 	-0.11011 	0.00000 	-0.10336 	-0.14783 	0.08935 	-0.07889 	0.17874 	0.19146 	-0.11543 	0.02617 	0.11426 	-0.11308 	-0.04577 	0.00000 	-0.00684 	-0.04801 	0.02902 	-0.01455 	0.05805 	0.06218 	-0.01891 	0.00664	0.03733
Replication8	 -1.24901	0.99778	0.95457 	0.98751 	1.01222 	0.98612 	0.98797 	1.00475 	1.00168 	1.00291 	1.00790 	1.00754 	1.00964 	1.00765 	-0.57301 	-0.09187 	0.47621 	0.14772 	0.00000 	0.06557 	-0.09149 	-0.19542 	0.02614 	0.11940 	0.09891 	0.04135 	-0.18879 	-0.03027 	0.15689 	0.11886 	0.00000 	0.02227 	-0.03014 	-0.06438 	-0.00273 	0.03934 	0.03259 	-0.00194 	0.02869	0.04651
Replication9	 -1.28749	0.99953	1.02890 	1.02662 	1.00386 	1.02128 	1.01796 	1.00913 	0.99120 	0.97935 	1.00107 	0.97798 	0.99860 	0.99976 	0.16230 	0.42345 	-0.29490 	-0.05991 	0.00069 	0.01185 	0.14685 	-0.51270 	0.05285 	-0.21889 	0.21856 	0.09028 	0.05328 	0.13902 	-0.09682 	-0.06597 	0.00023 	0.00276 	0.04821 	-0.16832 	0.04679 	-0.07186 	0.07176 	0.08119 	0.02561	0.03507
Replication10	 0.00342	1.00138	0.94658 	1.00868 	1.01404 	0.99255 	0.99395 	1.01017 	1.02773 	1.00597 	1.01291 	1.02504 	1.02865 	1.01143 	-0.90561 	0.61002 	0.22199 	0.08842 	0.02123 	-0.01485 	0.18609 	-0.72863 	-0.02522 	0.33543 	0.27885 	-0.02545 	-0.29622 	0.19954 	0.07261 	0.10636 	0.00694 	0.01206 	0.06087 	-0.23833 	-0.00728 	0.10972 	0.09121 	0.00145 	0.04746	0.11374
Replication11	 0.07563	0.98785	0.92460 	0.97727 	0.97262 	0.97164 	0.96415 	0.97954 	0.88460 	0.91233 	0.96603 	0.87437 	0.92343 	0.96533 	-0.80112 	0.46755 	-0.02196 	0.29293 	0.01582 	0.37331 	-0.27545 	-0.06816 	0.32426 	-0.85709 	0.15391 	0.49227 	-0.26923 	0.15713 	-0.00738 	0.13525 	0.00532 	0.13679 	-0.09257 	-0.02291 	0.16659 	-0.28804 	0.05172 	0.25575 	0.10146	0.22323
Replication12	 0.00605	0.99215	0.94395 	0.94551 	0.96872 	0.96538 	0.95936 	0.98023 	1.01392 	0.99703 	0.99253 	1.00775 	1.00480 	0.99289 	-0.35050 	-0.69239 	-0.17148 	0.29993 	0.00000 	0.32559 	0.22228 	-0.28053 	0.14842 	0.17472 	0.08204 	0.21959 	-0.11678 	-0.23070 	-0.05713 	0.19810 	0.00000 	0.17284 	0.07406 	-0.09347 	0.04658 	0.05821 	0.02734 	0.06684 	0.01714	0.14069
Replication13	 0.05086	1.01059	1.03629 	1.02086 	0.99962 	1.02245 	1.01866 	1.01405 	1.10086 	1.06081 	1.02744 	1.07551 	1.06731 	1.02702 	0.19358 	0.08544 	-0.72032 	-0.13820 	0.00000 	-0.13695 	0.75248 	0.01742 	-0.16604 	0.16430 	0.18983 	-0.24554 	0.06216 	0.02744 	-0.23131 	-0.00077 	0.00000 	0.06918 	0.24164 	0.00559 	-0.02862 	0.05276 	0.06096 	-0.03940 	0.00119	0.21445
Replication14	 0.15363	0.98570	0.97238 	0.98052 	0.98493 	0.98581 	0.98037 	0.97832 	0.80577 	0.81884 	0.94250 	0.79637 	0.86352 	0.93866 	-0.03965 	-0.00526 	0.61477 	0.22780 	0.01252 	0.40443 	-0.24482 	-1.42750 	0.46954 	-0.63019 	0.21251 	0.73644 	-0.01338 	-0.00178 	0.20750 	0.04222 	0.00423 	0.12607 	-0.08263 	-0.48181 	0.28397 	-0.21270 	0.07173 	0.45808 	0.33579	0.39630
Replication15	 0.06449	0.98657	0.98257 	0.97218 	0.92573 	0.98389 	0.96622 	0.96434 	0.88551 	0.92303 	0.95694 	0.91136 	0.93305 	0.95728 	0.01179 	0.21943 	-1.31127 	0.23286 	0.04242 	0.51297 	-0.59870 	-0.14769 	0.38328 	-0.11675 	0.19804 	0.57205 	0.00397 	0.07393 	-0.44181 	0.05863 	0.01429 	0.25161 	-0.20172 	-0.04976 	0.20904 	-0.03934 	0.06673 	0.31069 	0.00362	0.25107
Replication16	 0.05901	1.02609	1.09220 	1.07405 	1.09952 	1.06359 	1.08077 	1.06681 	1.10901 	1.09424 	1.06933 	1.09476 	1.09874 	1.06827 	0.64341 	-0.13212 	1.22437 	-0.46835 	0.00000 	-0.72945 	0.30407 	0.35873 	-0.50037 	-0.12105 	0.26906 	-0.74166 	0.20031 	-0.04113 	0.38117 	-0.12989 	0.00000 	-0.22176 	0.09466 	0.11168 	-0.16191 	-0.03768 	0.08376 	-0.23397 	0.11183	0.04005
Replication17	 0.14419	0.97850	0.88625 	0.91127 	0.92025 	0.93408 	0.91832 	0.94442 	0.80581 	0.87224 	0.93638 	0.83569 	0.88297 	0.93629 	-0.69551 	-0.42922 	-0.38852 	0.56319 	0.03500 	0.75828 	-0.82132 	-0.01088 	0.55039 	-0.53929 	0.24377 	0.82634 	-0.23815 	-0.14697 	-0.13303 	0.28426 	0.01199 	0.33987 	-0.28123 	-0.00373 	0.27146 	-0.18466 	0.08347 	0.40794 	0.09742	0.40601
Replication18	 0.00336	0.99508	1.03923 	0.99393 	1.00155 	1.01068 	1.00951 	1.00008 	0.95033 	0.94771 	0.98768 	0.94664 	0.96429 	0.98678 	0.79248 	-0.59910 	0.15752 	0.02815 	0.00000 	0.13095 	-0.02362 	-0.72790 	0.15650 	-0.12994 	0.04666 	0.24233 	0.26251 	-0.19845 	0.05218 	-0.03574 	0.00000 	0.03512 	-0.00783 	-0.24111 	0.09261 	-0.04304 	0.01546 	0.14650 	0.07922	0.07302
Replication19	 -1.23132	0.99862	0.98803 	0.97207 	0.98234 	0.98865 	0.98589 	0.99393 	1.00971 	1.02667 	1.00683 	1.01833 	1.02634 	1.00746 	-0.00689 	-0.60007 	-0.34015 	0.12811 	0.03208 	0.14802 	-0.27080 	0.65271 	0.02665 	-0.13272 	0.30005 	0.03475 	-0.00227 	-0.19737 	-0.11188 	0.11018 	0.01055 	0.12113 	-0.08907 	0.21468 	0.00873 	-0.04365 	0.09869 	0.00786 	0.02307	0.12241
Replication20	 -1.34721	0.99915	1.00773 	0.98675 	0.99240 	0.99993 	0.99871 	1.00011 	1.02023 	1.01514 	1.00719 	1.00259 	1.02142 	1.00715 	0.18069 	-0.48343 	-0.24741 	0.06171 	0.03285 	0.09100 	0.16595 	0.31380 	0.02119 	-0.45059 	0.26131 	0.03212 	0.05937 	-0.15883 	-0.08129 	0.05073 	0.01079 	0.07452 	0.05452 	0.10310 	0.01020 	-0.14804 	0.08586 	0.01564 	0.01560	0.07139
Replication21	 0.03272	0.99683	1.02155 	0.99454 	0.99515 	1.00626 	1.00328 	0.99826 	0.96600 	0.96036 	0.99089 	0.91728 	0.97558 	0.98978 	0.42087 	-0.36108 	-0.03564 	0.04145 	0.00000 	0.12909 	0.35502 	0.14065 	0.12720 	-1.26130 	0.29850 	0.20012 	0.13892 	-0.11919 	-0.01177 	0.00034 	0.00000 	0.06742 	0.11719 	0.04642 	0.08608 	-0.41634 	0.09853 	0.13845 	0.06006	0.14088
Replication22	 -1.16635	0.99949	0.95783 	0.98525 	1.01709 	0.98658 	0.99027 	1.00718 	1.02637 	1.00775 	1.01292 	1.01514 	1.02728 	1.01181 	-0.51441 	-0.26424 	0.59110 	0.13401 	0.01207 	0.02857 	0.22473 	-0.44893 	-0.01300 	-0.00221 	0.29355 	-0.01019 	-0.16890 	-0.08676 	0.19408 	0.12742 	0.00396 	0.01869 	0.07378 	-0.14740 	-0.01959 	-0.00073 	0.09638 	-0.02008 	0.03624	0.06568
Replication23	 -1.33367	1.00067	1.04474 	1.03141 	0.97864 	1.02698 	1.01784 	1.00165 	0.98683 	0.98056 	0.99454 	0.98777 	0.99697 	0.99398 	0.34803 	0.71351 	-1.06883 	-0.09910 	0.04352 	0.06346 	-0.01127 	-0.48915 	0.08197 	0.09370 	0.19986 	0.12766 	0.11400 	0.23372 	-0.35011 	-0.09046 	0.01426 	0.07641 	-0.00369 	-0.16023 	0.09061 	0.03069 	0.06547 	0.14061 	0.00856	0.15609
Replication24	 0.05806	0.99936	0.89194 	0.95754 	0.97165 	0.95706 	0.94966 	0.98583 	1.02309 	1.04050 	1.00640 	1.03802 	1.03145 	1.00807 	-1.19729 	0.11747 	-0.31515 	0.29965 	0.00000 	0.20858 	-0.28150 	0.85539 	0.02424 	0.10295 	0.18554 	0.02237 	-0.39321 	0.03858 	-0.10350 	0.29136 	0.00000 	0.19614 	-0.09245 	0.28093 	0.01594 	0.03381 	0.06094 	0.00994 	0.02744	0.33327
Replication25	 0.00471	1.00971	1.04996 	1.04556 	1.04433 	1.03698 	1.04258 	1.03276 	1.00293 	1.02896 	1.02940 	1.03890 	1.03720 	1.02834 	0.26407 	0.22249 	0.34604 	-0.21360 	0.00000 	-0.28507 	-0.61176 	-0.03513 	-0.17128 	0.49138 	0.28772 	-0.24803 	0.08495 	0.07157 	0.11132 	-0.08762 	0.00000 	-0.09610 	-0.19680 	-0.01130 	-0.04531 	0.15807 	0.09256 	-0.05906 	0.05203	0.01709
Replication26	 0.06241	0.98490	0.88759 	0.90040 	0.92448 	0.93139 	0.91627 	0.95218 	0.99700 	0.96539 	0.96942 	0.97128 	0.98559 	0.96984 	-0.68359 	-0.84029 	-0.57028 	0.53670 	0.00000 	0.63101 	0.48799 	-0.49348 	0.32446 	-0.13595 	0.25015 	0.48319 	-0.23109 	-0.28407 	-0.19279 	0.34080 	0.00000 	0.33716 	0.16497 	-0.16682 	0.12856 	-0.04596 	0.08457 	0.18933 	0.00489	0.31946
Replication27	 -1.36413	0.99621	1.02003 	1.00059 	0.97901 	1.00778 	1.00203 	0.99533 	0.97809 	0.98265 	0.99352 	0.98377 	0.99545 	0.99310 	0.26908 	-0.00566 	-0.65451 	0.03693 	0.04019 	0.15965 	-0.15786 	-0.23182 	0.11656 	0.00265 	0.22753 	0.17832 	0.08893 	-0.00187 	-0.21631 	-0.01217 	0.01328 	0.08599 	-0.05217 	-0.07661 	0.06746 	0.00088 	0.07520 	0.10467 	0.01376	0.07207
Replication28	 0.13736	0.97713	0.92313 	0.90602 	0.93578 	0.94189 	0.92950 	0.94807 	0.81264 	0.84732 	0.93310 	0.81646 	0.86922 	0.93214 	-0.08160 	-1.03694 	0.09995 	0.52853 	0.00000 	0.74105 	-0.43883 	-0.62920 	0.57754 	-0.62950 	0.14301 	0.87437 	-0.02802 	-0.35604 	0.03432 	0.23182 	0.00000 	0.29598 	-0.15068 	-0.21604 	0.28083 	-0.21614 	0.04910 	0.42931 	0.15357	0.34927
Replication29	 0.10649	0.98767	0.99430 	0.98204 	0.96937 	0.99206 	0.98292 	0.97928 	0.84351 	0.89109 	0.95923 	0.86834 	0.90762 	0.95799 	0.18470 	-0.06553 	-0.19380 	0.18006 	0.00000 	0.37712 	-0.68366 	-0.42887 	0.36333 	-0.36069 	0.18609 	0.55535 	0.06209 	-0.02203 	-0.06515 	0.02016 	0.00000 	0.13727 	-0.22984 	-0.14418 	0.20343 	-0.12126 	0.06256 	0.31550 	0.11929	0.21336
Replication30	 0.10552	1.02513	1.04066 	1.03641 	1.05805 	1.03340 	1.04348 	1.04429 	1.15552 	1.11616 	1.06482 	1.14697 	1.12265 	1.06359 	0.04532 	-0.27783 	0.46686 	-0.29360 	0.01541 	-0.53151 	0.64072 	0.09068 	-0.46895 	0.78608 	0.30320 	-0.69316 	0.01414 	-0.08666 	0.14562 	0.03235 	0.00481 	-0.04259 	0.19985 	0.02828 	-0.14301 	0.24520 	0.09457 	-0.20424 	0.08839	0.28313
Replication31	 0.00901	1.00595	0.00445	0.04297
Replication32	 0.05241	1.01460	1.02805 	1.02055 	1.01903 	1.02004 	1.02148 	1.01849 	1.05901 	1.03292 	1.02349 	1.03857 	1.04663 	1.02244 	0.13825 	-0.02148 	-0.05128 	-0.09463 	0.00000 	-0.12901 	0.44139 	-0.18709 	-0.11390 	-0.07984 	0.25896 	-0.16210 	0.04481 	-0.00696 	-0.01662 	-0.01741 	0.00000 	-0.01318 	0.14306 	-0.06064 	-0.03668 	-0.02588 	0.08393 	-0.04627 	0.15558	0.06534
Replication33	 0.00705	0.98795	1.10241 	1.06935 	1.07100 	1.06214 	1.07167 	1.04738 	0.98582 	1.00796 	1.03078 	1.00281 	1.01990 	1.02949 	1.03229 	0.11026 	0.82082 	-0.38574 	0.00000 	-0.45502 	-0.44579 	-0.19185 	-0.21070 	-0.05598 	0.23734 	-0.30525 	0.32885 	0.03513 	0.26148 	-0.19631 	0.00000 	-0.17088 	-0.14201 	-0.06111 	-0.02127 	-0.01783 	0.07561 	-0.02111 	0.01175	0.11522
Replication34	 0.00019	0.99481	0.96053 	0.97122 	0.95309 	0.97845 	0.96666 	0.97547 	0.96562 	0.94628 	0.97390 	0.94449 	0.96986 	0.97299 	-0.31967 	0.08793 	-0.70183 	0.25425 	0.00118 	0.40634 	0.26932 	-0.65833 	0.27969 	-0.29153 	0.22856 	0.42713 	-0.10741 	0.02955 	-0.23582 	0.09788 	0.00040 	0.17178 	0.09049 	-0.22120 	0.12332 	-0.09796 	0.07680 	0.19257 	0.01333	0.22116
Replication35	 -1.20758	1.00128	0.97999 	0.97373 	0.95764 	0.98575 	0.97485 	0.98152 	1.01922 	0.98045 	0.98868 	1.02227 	1.00866 	0.98729 	-0.11569 	-0.14900 	-0.80735 	0.16900 	0.00000 	0.28891 	0.34218 	-1.27785 	0.15267 	0.93752 	0.20043 	0.24065 	-0.03834 	-0.04938 	-0.26757 	0.10167 	0.00000 	0.18792 	0.11340 	-0.42351 	0.08535 	0.31072 	0.06643 	0.13966 	0.03410	0.03912
Replication36	 -1.43928	1.00030	1.02867 	1.01429 	1.01517 	1.01704 	1.01794 	1.01242 	0.96108 	0.99618 	1.00835 	0.99721 	1.00465 	1.00762 	0.28454 	-0.12091 	0.10520 	-0.04762 	0.00272 	-0.03273 	-0.68832 	-0.01601 	0.00086 	0.25548 	0.27825 	0.00745 	0.09309 	-0.03956 	0.03442 	-0.03096 	0.00089 	-0.00773 	-0.22519 	-0.00524 	0.01752 	0.08358 	0.09103 	0.03245 	0.00280	0.10430
Replication37	 0.08702	0.99213	0.95314 	0.98702 	1.00125 	0.98573 	0.98664 	1.00294 	1.02046 	1.02886 	1.01346 	1.03580 	1.03043 	1.01367 	-0.66126 	-0.01179 	0.04670 	0.13347 	0.04400 	0.05614 	-0.22531 	0.20681 	-0.02130 	0.28235 	0.18149 	-0.03369 	-0.21676 	-0.00387 	0.01531 	0.13742 	0.01442 	0.06208 	-0.07386 	0.06779 	-0.01735 	0.09255 	0.05949 	-0.02775 	0.14002	0.21441
Replication38	 0.02492	1.01736	1.02586 	0.99277 	0.98671 	1.00579 	1.00022 	0.98996 	0.88886 	0.90430 	0.96916 	0.86298 	0.92161 	0.96782 	0.60127 	-0.28572 	0.01523 	0.07454 	0.00000 	0.24440 	-0.07055 	-0.28833 	0.27899 	-1.02769 	0.16301 	0.42968 	0.20034 	-0.09520 	0.00507 	-0.02756 	0.00000 	0.09124 	-0.02351 	-0.09607 	0.17688 	-0.34243 	0.05432 	0.27652 	0.04564	0.01404
Replication39	 -1.46168	0.99625	1.05980 	1.06383 	1.06203 	1.04841 	1.05764 	1.04713 	1.06604 	1.07492 	1.04963 	1.07001 	1.07025 	1.04931 	0.15686 	0.41697 	0.39301 	-0.32694 	0.01519 	-0.47970 	-0.12341 	0.69759 	-0.33379 	-0.06718 	0.18986 	-0.49801 	0.04970 	0.13210 	0.12451 	-0.10178 	0.00481 	-0.14197 	-0.03910 	0.22100 	-0.10863 	-0.02128 	0.06015 	-0.16028 	0.00665	0.04305
Replication40	 0.01906	0.98934	0.98657 	0.99030 	0.99704 	0.99518 	0.99331 	0.99939 	0.96970 	0.98999 	1.00019 	1.00077 	1.00037 	0.99962 	-0.14291 	-0.17120 	0.00841 	0.10705 	0.00000 	0.12530 	-0.49997 	-0.27694 	0.07908 	0.43968 	0.20954 	0.12342 	-0.04723 	-0.05658 	0.00278 	0.05837 	0.00000 	0.05228 	-0.16523 	-0.09152 	0.03041 	0.14530 	0.06925 	0.05040 	0.02636	0.14862
Replication41	 0.09080	0.98618	0.93094 	0.94690 	0.95464 	0.96172 	0.95295 	0.97368 	0.96993 	0.98147 	0.98344 	0.97716 	0.99106 	0.98379 	-0.54799 	-0.36296 	-0.47147 	0.33860 	0.02393 	0.40775 	-0.23326 	0.07896 	0.21739 	-0.09448 	0.28881 	0.32316 	-0.18361 	-0.12162 	-0.15797 	0.20034 	0.00802 	0.20036 	-0.07816 	0.02646 	0.07912 	-0.03166 	0.09677 	0.11577 	0.08438	0.23201
Replication42	 0.05319	0.98641	0.94233 	0.97450 	0.95879 	0.97468 	0.96332 	0.97339 	0.85920 	0.90217 	0.95894 	0.86649 	0.91336 	0.95825 	-0.54221 	0.36236 	-0.33152 	0.28677 	0.00000 	0.44097 	-0.52561 	-0.05375 	0.37464 	-0.69608 	0.19587 	0.56775 	-0.18283 	0.12219 	-0.11179 	0.10747 	0.00000 	0.17203 	-0.17723 	-0.01812 	0.19534 	-0.23471 	0.06605 	0.29880 	0.01642	0.18041
Replication43	 -1.04348	1.00375	0.89681 	0.93731 	0.95786 	0.94862 	0.93969 	0.97004 	0.95941 	0.95265 	0.97541 	0.94551 	0.97377 	0.97500 	-0.84557 	-0.27503 	-0.10450 	0.43076 	0.00000 	0.46679 	0.07634 	-0.39469 	0.28120 	-0.35016 	0.30084 	0.42527 	-0.28499 	-0.09270 	-0.03522 	0.25444 	0.00000 	0.20231 	0.02573 	-0.13303 	0.10488 	-0.11802 	0.10139 	0.16079 	0.05668	0.01548
Replication44	 0.14215	0.97666	1.02572 	1.00651 	1.03600 	1.01418 	1.02106 	1.02029 	1.02753 	1.00992 	1.01958 	1.00092 	1.02557 	1.01842 	0.33441 	-0.58422 	0.73084 	-0.04769 	0.00000 	-0.12267 	0.35202 	-0.20158 	-0.07782 	-0.47662 	0.25183 	-0.10701 	0.10887 	-0.19019 	0.23792 	0.00100 	0.00000 	-0.04963 	0.11460 	-0.06562 	-0.02912 	-0.15516 	0.08198 	-0.03397 	0.14285	0.33503
Replication45	 0.12597	0.97493	0.93068 	0.91724 	0.92936 	0.94785 	0.93343 	0.94740 	0.82106 	0.84182 	0.93002 	0.80785 	0.86432 	0.92894 	-0.08981 	-0.75377 	-0.18014 	0.49826 	0.00727 	0.75121 	-0.21420 	-0.69602 	0.59777 	-0.77724 	0.08857 	0.90575 	-0.03086 	-0.25905 	-0.06191 	0.19547 	0.00250 	0.29702 	-0.07362 	-0.23921 	0.29498 	-0.26712 	0.03044 	0.45157 	0.04801	0.40925
Replication46	 -1.51664	1.00126	0.91075 	0.90927 	0.88211 	0.93804 	0.91169 	0.93024 	0.83871 	0.85933 	0.92337 	0.82403 	0.88345 	0.92321 	-0.36320 	-0.30812 	-1.27105 	0.56428 	0.00000 	0.91175 	-0.21412 	-0.36196 	0.64616 	-0.82967 	0.29819 	0.97056 	-0.12526 	-0.10626 	-0.43835 	0.23898 	0.00000 	0.42381 	-0.07384 	-0.12483 	0.32086 	-0.28613 	0.10284 	0.48262 	0.00232	0.03102
Replication47	 0.01990	1.00559	0.99349 	1.00264 	1.01042 	1.00285 	1.00349 	1.00958 	1.00865 	1.02580 	1.01452 	1.01878 	1.01970 	1.01497 	-0.20583 	-0.06974 	0.07286 	0.03168 	0.00000 	-0.00880 	-0.25546 	0.49864 	-0.03340 	-0.06106 	0.07752 	-0.05392 	-0.06734 	-0.02282 	0.02384 	0.04808 	0.00000 	0.01581 	-0.08358 	0.16314 	-0.01700 	-0.01998 	0.02536 	-0.02931 	0.00694	0.07476
Replication48	 0.03140	0.99061	1.00563 	1.01391 	1.01605 	1.01141 	1.01438 	1.01592 	1.06990 	1.03672 	1.02350 	1.03789 	1.04855 	1.02256 	-0.17778 	0.03395 	-0.02941 	-0.04412 	0.04662 	-0.10395 	0.65271 	-0.07965 	-0.11162 	-0.26124 	0.23585 	-0.15959 	-0.05766 	0.01101 	-0.00954 	0.02841 	0.01512 	0.00485 	0.21171 	-0.02584 	-0.03909 	-0.08474 	0.07650 	-0.05079 	0.00574	0.16479
Replication49	 0.00236	0.99981	0.91860 	0.94299 	0.96626 	0.95739 	0.95048 	0.97727 	0.98527 	0.98880 	0.98778 	0.97086 	0.99023 	0.98861 	-0.66117 	-0.46454 	-0.11296 	0.35453 	0.00000 	0.36536 	0.05414 	0.35662 	0.18493 	-0.50943 	0.15117 	0.27043 	-0.22097 	-0.15526 	-0.03775 	0.23276 	0.00000 	0.18272 	0.01809 	0.11919 	0.06316 	-0.17026 	0.05052 	0.08778 	0.04958	0.09112
Replication50	 0.00752	0.98748	1.03871 	1.00240 	1.00753 	1.01469 	1.01443 	1.00665 	0.97117 	0.98126 	1.00095 	0.94764 	0.99139 	1.00028 	0.62128 	-0.46907 	0.07632 	-0.02496 	0.00000 	0.02987 	0.00123 	0.30265 	0.05176 	-0.93017 	0.30229 	0.08319 	0.20386 	-0.15391 	0.02504 	-0.02741 	0.00000 	0.02621 	0.00040 	0.09931 	0.04932 	-0.30521 	0.09919 	0.07952 	0.02535	0.11994
Replication51	 0.00733	0.99607	0.94504 	0.95192 	0.95162 	0.96692 	0.95619 	0.97215 	0.95310 	0.96221 	0.97674 	0.95474 	0.97587 	0.97671 	-0.36932 	-0.30683 	-0.54685 	0.32169 	0.00000 	0.43873 	-0.18219 	-0.11185 	0.26689 	-0.22034 	0.27898 	0.40056 	-0.12421 	-0.10319 	-0.18392 	0.15924 	0.00000 	0.19505 	-0.06127 	-0.03762 	0.10444 	-0.07410 	0.09383 	0.15688 	0.01075	0.12991
Replication52	 0.00560	1.01060	0.94267 	0.98290 	0.98697 	0.98017 	0.97587 	0.99382 	1.02963 	0.99362 	0.99983 	0.99900 	1.01416 	0.99878 	-0.72221 	0.18716 	-0.12945 	0.19202 	0.00034 	0.17374 	0.60435 	-0.55836 	0.08229 	-0.18621 	0.22967 	0.13221 	-0.23876 	0.06188 	-0.04280 	0.14098 	0.00011 	0.09719 	0.19979 	-0.18459 	0.03126 	-0.06156 	0.07593 	0.05566 	0.05599	0.02750
Replication53	 0.01470	1.00884	1.05001 	1.05285 	1.05402 	1.04036 	1.04900 	1.03820 	1.03209 	1.03314 	1.03357 	1.03606 	1.04104 	1.03252 	0.18069 	0.32490 	0.51040 	-0.23818 	0.02965 	-0.33920 	-0.08428 	-0.08275 	-0.20031 	0.06099 	0.18054 	-0.29166 	0.05802 	0.10433 	0.16390 	-0.10071 	0.00952 	-0.13300 	-0.02706 	-0.02657 	-0.06284 	0.01959 	0.05798 	-0.08546 	0.01928	0.05421
Replication54	 -1.46511	1.00204	1.06470 	1.04411 	1.02361 	1.03970 	1.03995 	1.02533 	1.01780 	1.02931 	1.02359 	1.03591 	1.03681 	1.02296 	0.52301 	0.27955 	-0.27275 	-0.22313 	0.00000 	-0.21432 	-0.31444 	0.03667 	-0.13317 	0.26506 	0.26216 	-0.19455 	0.16854 	0.09009 	-0.08789 	-0.10844 	0.00000 	-0.04229 	-0.10133 	0.01182 	-0.01848 	0.08542 	0.08448 	-0.02251 	0.00258	0.08031
Replication55	 -1.34929	1.00037	0.96980 	0.99953 	1.00566 	0.99519 	0.99466 	1.00763 	1.02930 	1.03476 	1.01724 	1.04030 	1.03583 	1.01734 	-0.54954 	0.13709 	-0.03017 	0.06947 	0.00000 	0.00004 	-0.15609 	0.25739 	-0.05359 	0.21758 	0.18127 	-0.08122 	-0.17952 	0.04478 	-0.00986 	0.09587 	0.00000 	0.03964 	-0.05099 	0.08408 	-0.02719 	0.07108 	0.05922 	-0.04161 	0.01833	0.04189
Replication56	 -1.25490	0.99953	0.99461 	0.99247 	1.01488 	0.99932 	1.00220 	1.00865 	1.00737 	1.01481 	1.01209 	0.99018 	1.01222 	1.01231 	-0.05525 	-0.42526 	0.36768 	0.05724 	0.00926 	0.00773 	0.04862 	0.58222 	-0.01403 	-0.67174 	0.12963 	-0.02296 	-0.01811 	-0.13938 	0.12051 	0.06203 	0.00304 	0.01492 	0.01593 	0.19083 	-0.00924 	-0.22017 	0.04249 	-0.01577 	0.02746	0.05221
Replication57	 0.04099	1.00876	0.96017 	0.99739 	1.01449 	0.99186 	0.99547 	1.00826 	0.99468 	1.01071 	1.01072 	0.99899 	1.01017 	1.01083 	-0.61689 	0.09552 	0.36757 	0.10432 	0.04683 	0.01917 	-0.22420 	0.34245 	-0.00096 	-0.24020 	0.13105 	-0.00239 	-0.20253 	0.03136 	0.12068 	0.09820 	0.01537 	0.00999 	-0.07361 	0.11243 	-0.00708 	-0.07886 	0.04302 	-0.01158 	0.05259	0.15218
Replication58	 -1.43480	1.00121	0.96873 	1.00308 	1.03277 	0.99798 	1.00358 	1.02066 	1.09099 	1.05288 	1.03373 	1.06023 	1.06723 	1.03268 	-0.59992 	-0.08787 	0.59735 	0.01030 	0.00000 	-0.17449 	0.71422 	-0.13544 	-0.18925 	-0.11294 	0.30057 	-0.27513 	-0.19336 	-0.02832 	0.19253 	0.12391 	0.00000 	-0.00407 	0.23020 	-0.04365 	-0.07564 	-0.03640 	0.09687 	-0.10471 	0.00760	0.06088
Replication59	 0.00435	0.99065	0.99229 	0.98251 	1.01160 	0.99498 	0.99858 	1.00708 	1.02651 	1.02652 	1.01653 	1.03738 	1.03473 	1.01626 	-0.01295 	-0.67217 	0.31774 	0.07599 	0.02719 	0.01264 	-0.12196 	-0.05844 	-0.04433 	0.31110 	0.23180 	-0.06419 	-0.00424 	-0.21994 	0.10396 	0.09172 	0.00890 	0.03623 	-0.03991 	-0.01912 	-0.02860 	0.10179 	0.07585 	-0.04059 	0.03521	0.13645
Replication60	 0.05164	0.97966	0.96498 	0.95205 	0.95360 	0.97281 	0.96281 	0.97555 	0.99900 	0.98398 	0.98532 	0.98576 	0.99954 	0.98526 	-0.10839 	-0.55389 	-0.63675 	0.26826 	0.00000 	0.37943 	0.20654 	-0.23538 	0.19843 	-0.12815 	0.27139 	0.29809 	-0.03622 	-0.18511 	-0.21280 	0.14693 	0.00000 	0.19743 	0.06902 	-0.07866 	0.07710 	-0.04283 	0.09070 	0.11609 	0.04081	0.18012
Replication61	 -1.45548	1.00083	0.90761 	0.92258 	0.94089 	0.94453 	0.93256 	0.95701 	0.89836 	0.90131 	0.95331 	0.90374 	0.92735 	0.95249 	-0.51986 	-0.55701 	-0.17400 	0.49732 	0.00000 	0.64153 	-0.18294 	-0.93389 	0.44834 	-0.03314 	0.16990 	0.67936 	-0.17759 	-0.19028 	-0.05944 	0.23350 	0.00000 	0.24579 	-0.06250 	-0.31903 	0.18452 	-0.01132 	0.05804 	0.28363 	0.00661	0.04978
Replication62	 0.02775	1.00301	0.99456 	0.99501 	1.01012 	1.00017 	1.00130 	1.00785 	1.01672 	1.01748 	1.01352 	1.03925 	1.02580 	1.01301 	-0.09877 	-0.30198 	0.17117 	0.04951 	0.00000 	0.00991 	-0.21285 	-0.36776 	-0.02503 	0.68237 	0.12808 	-0.03324 	-0.03234 	-0.09889 	0.05605 	0.06026 	0.00000 	0.02603 	-0.06970 	-0.12043 	-0.01429 	0.22345 	0.04194 	-0.01712 	0.03967	0.21916
Replication63	 0.11955	0.99179	1.07775 	1.00992 	0.98476 	1.02779 	1.02038 	1.00245 	0.97870 	0.99047 	0.99843 	0.98621 	1.00144 	0.99856 	1.26250 	-0.36036 	-0.79128 	-0.11879 	0.00000 	0.03395 	-0.24835 	-0.02985 	0.04505 	-0.09941 	0.27453 	0.06648 	0.41162 	-0.11749 	-0.25798 	-0.07977 	0.00000 	0.09249 	-0.08097 	-0.00973 	0.08408 	-0.03241 	0.08950 	0.12502 	0.11523	0.30002
Replication64	 0.06477	0.98177	1.00904 	0.99956 	0.96570 	1.00321 	0.99131 	0.98256 	0.83045 	0.90342 	0.96259 	0.87635 	0.91177 	0.96182 	0.20737 	0.33674 	-0.56368 	0.09116 	0.00000 	0.30966 	-0.99072 	-0.03799 	0.31787 	-0.26816 	0.22447 	0.48331 	0.06914 	0.11228 	-0.18795 	-0.01538 	0.00000 	0.14985 	-0.33034 	-0.01267 	0.21133 	-0.08941 	0.07485 	0.32350 	0.03702	0.17215
Replication65	 0.04853	0.99113	0.95375 	0.94976 	0.93787 	0.96719 	0.95286 	0.96170 	0.88523 	0.89531 	0.95290 	0.90093 	0.92886 	0.95134 	-0.14215 	-0.23826 	-0.62002 	0.35718 	0.00000 	0.58178 	-0.35126 	-1.04448 	0.43696 	0.07017 	0.31345 	0.66847 	-0.04836 	-0.08105 	-0.21092 	0.12070 	0.00000 	0.22705 	-0.11949 	-0.35531 	0.20048 	0.02387 	0.10663 	0.31375 	0.02772	0.11952
Replication66	 0.03671	1.00538	0.99777 	0.98253 	0.97212 	0.99377 	0.98589 	0.98521 	0.90147 	0.94564 	0.97771 	0.93802 	0.95519 	0.97729 	0.16099 	-0.17805 	-0.38560 	0.14814 	0.00000 	0.29392 	-0.74242 	-0.14039 	0.23778 	0.04736 	0.22064 	0.36016 	0.05375 	-0.05945 	-0.12874 	0.03303 	0.00000 	0.12124 	-0.24787 	-0.04687 	0.12267 	0.01581 	0.07366 	0.18749 	0.01991	0.23465
Replication67	 0.01901	0.99546	0.96951 	0.97372 	0.99981 	0.98564 	0.98520 	1.00293 	1.06174 	1.05829 	1.02340 	1.08671 	1.05939 	1.02367 	-0.33989 	-0.58929 	0.02697 	0.10105 	0.00000 	0.00686 	-0.14380 	0.08293 	-0.10970 	0.96401 	0.18238 	-0.16680 	-0.11029 	-0.19122 	0.00875 	0.17083 	0.00000 	0.11154 	-0.04666 	0.02691 	-0.03991 	0.31281 	0.05918 	-0.06212 	0.06655	0.05848
Replication68	 0.04698	1.00715	0.99709 	1.01752 	1.00292 	1.00850 	1.00552 	1.00332 	0.93099 	0.95212 	0.98955 	0.93488 	0.96338 	0.98859 	-0.20329 	0.53133 	0.00877 	0.03785 	0.00000 	0.10011 	-0.31675 	-0.21397 	0.14360 	-0.39959 	0.14985 	0.22345 	-0.06729 	0.17587 	0.00290 	-0.02105 	0.00000 	0.01176 	-0.10484 	-0.07082 	0.08470 	-0.13226 	0.04960 	0.13510 	0.06092	0.35788
Replication69	 0.04817	0.98650	0.93007 	0.96064 	1.00243 	0.97045 	0.97052 	1.00137 	1.08626 	1.06786 	1.02655 	1.09698 	1.06675 	1.02720 	-0.76589 	-0.57406 	0.30252 	0.17436 	0.00000 	0.00271 	0.18297 	0.09010 	-0.13874 	0.88975 	0.10559 	-0.21357 	-0.24765 	-0.18562 	0.09782 	0.26708 	0.00000 	0.14180 	0.05916 	0.02913 	-0.04602 	0.28769 	0.03414 	-0.07448 	0.04073	0.20258
Replication70	 0.07266	0.98504	0.91047 	0.94484 	0.96154 	0.95522 	0.94725 	0.97154 	0.91979 	0.93811 	0.97066 	0.90183 	0.94938 	0.97049 	-0.72548 	-0.23602 	-0.03415 	0.39331 	0.01226 	0.45330 	-0.13296 	0.16958 	0.30716 	-0.90134 	0.26772 	0.46216 	-0.24447 	-0.07953 	-0.01151 	0.21819 	0.00413 	0.19062 	-0.04481 	0.05714 	0.13203 	-0.30373 	0.09022 	0.19948 	0.08298	0.23741
Replication71	 -1.31134	0.99585	0.87734 	0.95150 	0.96144 	0.94857 	0.93913 	0.97062 	0.90970 	0.91878 	0.96488 	0.91105 	0.93868 	0.96430 	-1.14306 	0.33530 	0.00362 	0.43985 	0.00000 	0.47525 	-0.19944 	-0.62601 	0.34884 	-0.24649 	0.16186 	0.52807 	-0.38631 	0.11332 	0.00122 	0.24583 	0.00000 	0.18422 	-0.06740 	-0.21157 	0.15482 	-0.08330 	0.05470 	0.23705 	0.02013	0.06409
Replication72	 0.00708	0.99058	0.97696 	0.98759 	0.98413 	0.99111 	0.98617 	0.99461 	0.99519 	0.99912 	0.99944 	1.01189 	1.00814 	0.99918 	-0.29109 	-0.01209 	-0.33242 	0.13236 	0.00000 	0.16929 	-0.21111 	-0.25313 	0.08589 	0.38888 	0.16714 	0.13096 	-0.09627 	-0.00400 	-0.10994 	0.07849 	0.00000 	0.08848 	-0.06982 	-0.08372 	0.03202 	0.12862 	0.05528 	0.05015 	0.03981	0.19432
Replication73	 0.00014	1.00514	0.94880 	0.94309 	0.94292 	0.96485 	0.95297 	0.97029 	0.98172 	0.99481 	0.98447 	0.99658 	1.00158 	0.98524 	-0.28817 	-0.53800 	-0.80489 	0.31310 	0.00899 	0.42409 	-0.29369 	0.20728 	0.20357 	0.11683 	0.30702 	0.29888 	-0.09632 	-0.17982 	-0.26902 	0.19095 	0.00300 	0.24086 	-0.09816 	0.06928 	0.08141 	0.03905 	0.10262 	0.11565 	0.00454	0.03868
Replication74	 0.00298	0.99202	1.02779 	1.03430 	1.01497 	1.02503 	1.02412 	1.01828 	1.02850 	1.02352 	1.01806 	1.00880 	1.02816 	1.01761 	-0.00628 	0.48577 	-0.27099 	-0.11724 	0.00000 	-0.11936 	0.19116 	0.32581 	-0.07833 	-0.51155 	0.21411 	-0.11375 	-0.00204 	0.15770 	-0.08798 	-0.05052 	0.00000 	-0.01929 	0.06206 	0.10577 	-0.01161 	-0.16607 	0.06951 	-0.01367 	0.04402	0.15633
Replication75	 -1.38002	1.00005	0.96665 	0.96178 	0.94940 	0.97716 	0.96692 	0.97656 	1.00977 	0.99307 	0.98673 	0.99445 	1.00154 	0.98715 	-0.21511 	-0.27405 	-0.89262 	0.23506 	0.03869 	0.35761 	0.28319 	-0.07891 	0.18164 	-0.11740 	0.16374 	0.26895 	-0.07169 	-0.09134 	-0.29749 	0.13153 	0.01289 	0.20232 	0.09438 	-0.02630 	0.07811 	-0.03913 	0.05457 	0.11366 	0.01732	0.01994
Replication76	 0.03540	0.98577	1.01180 	1.01796 	1.00941 	1.01352 	1.01256 	1.01034 	1.01727 	0.99317 	1.00723 	0.99456 	1.01277 	1.00581 	-0.04170 	0.24641 	-0.06781 	-0.01998 	0.00000 	-0.00335 	0.38163 	-0.52781 	0.01513 	-0.22403 	0.21903 	0.03461 	-0.01368 	0.08082 	-0.02224 	-0.01930 	0.00000 	-0.00233 	0.12516 	-0.17310 	0.01581 	-0.07347 	0.07183 	0.03563 	0.04021	0.15480
Replication77	 0.10615	0.98623	0.91460 	0.96031 	0.96078 	0.96201 	0.95343 	0.97359 	0.91496 	0.92760 	0.96884 	0.93688 	0.95094 	0.96783 	-0.80533 	0.18171 	-0.22088 	0.36019 	0.02396 	0.44335 	-0.38641 	-0.83431 	0.32205 	0.24642 	0.21277 	0.49152 	-0.27178 	0.06132 	-0.07454 	0.17555 	0.00809 	0.16638 	-0.13040 	-0.28156 	0.13741 	0.08316 	0.07180 	0.21456 	0.08206	0.27749
Replication78	 0.03464	0.99191	0.97398 	0.96580 	0.95001 	0.97965 	0.96680 	0.96911 	0.85729 	0.89604 	0.95478 	0.84385 	0.90737 	0.95408 	0.00284 	-0.12460 	-0.49010 	0.25869 	0.00000 	0.47629 	-0.35396 	0.16086 	0.39753 	-1.09763 	0.24481 	0.60213 	0.00096 	-0.04201 	-0.16524 	0.08008 	0.00000 	0.20838 	-0.11934 	0.05423 	0.21893 	-0.37007 	0.08254 	0.33422 	0.08561	0.17673
Replication79	 0.16138	0.98180	0.91536 	0.94864 	0.99918 	0.95977 	0.96025 	0.98839 	0.92770 	0.96224 	0.98882 	0.94556 	0.97093 	0.98878 	-0.66591 	-0.59640 	0.85313 	0.33278 	0.00000 	0.25959 	-0.54010 	0.04865 	0.17067 	-0.28050 	0.24221 	0.25633 	-0.22198 	-0.19881 	0.28439 	0.22789 	0.00000 	0.10226 	-0.18004 	0.01622 	0.06578 	-0.09350 	0.08074 	0.09899 	0.18549	0.39915
Replication80	 0.03248	0.99356	0.91860 	0.93615 	0.95279 	0.95321 	0.94317 	0.95973 	0.78862 	0.85412 	0.94036 	0.80959 	0.86694 	0.93927 	-0.44589 	-0.39710 	0.21243 	0.43500 	0.01633 	0.59792 	-0.75454 	-0.20499 	0.50674 	-0.72156 	0.16676 	0.76920 	-0.15167 	-0.13508 	0.07226 	0.19890 	0.00555 	0.24378 	-0.25667 	-0.06973 	0.27065 	-0.24545 	0.05673 	0.41506 	0.00529	0.16957
Replication81	 0.03413	1.01093	0.91752 	0.95288 	0.97294 	0.96140 	0.95543 	0.98311 	1.00887 	1.00399 	0.99644 	1.00997 	1.01334 	0.99671 	-0.78740 	-0.26823 	-0.13216 	0.31298 	0.00000 	0.28775 	0.00613 	-0.05746 	0.11742 	0.10410 	0.23251 	0.17388 	-0.26161 	-0.08912 	-0.04391 	0.22950 	0.00000 	0.16252 	0.00204 	-0.01909 	0.03393 	0.03459 	0.07725 	0.04865 	0.00887	0.09216
Replication82	 0.02198	1.00721	1.01870 	1.02249 	1.02697 	1.01916 	1.02260 	1.02454 	1.08031 	1.06941 	1.03708 	1.08413 	1.07137 	1.03674 	-0.09451 	-0.00374 	0.01535 	-0.12201 	0.00445 	-0.22804 	0.11090 	0.24921 	-0.22205 	0.41105 	0.21327 	-0.33020 	-0.03033 	-0.00120 	0.00493 	0.01978 	0.00143 	-0.01536 	0.03559 	0.07997 	-0.08027 	0.13191 	0.06844 	-0.11753 	0.01550	0.08654
Replication83	 0.01652	1.01030	0.98411 	1.01335 	1.02339 	1.00557 	1.00846 	1.01905 	1.07198 	1.05281 	1.03002 	1.05971 	1.05839 	1.02956 	-0.49766 	0.16832 	0.17511 	-0.02204 	0.00000 	-0.14586 	0.32993 	0.13002 	-0.15851 	0.05508 	0.20985 	-0.23392 	-0.16090 	0.05442 	0.05661 	0.07147 	0.00000 	-0.00559 	0.10667 	0.04204 	-0.06500 	0.01781 	0.06784 	-0.09365 	0.01005	0.10869
Replication84	 0.07348	1.01730	1.06652 	1.04501 	1.01541 	1.04049 	1.03845 	1.02340 	1.02083 	1.04063 	1.02454 	1.04799 	1.04153 	1.02446 	0.51607 	0.37659 	-0.55902 	-0.23696 	0.00000 	-0.21239 	-0.44909 	0.30755 	-0.14793 	0.39733 	0.23390 	-0.22119 	0.16582 	0.12101 	-0.17962 	-0.10340 	0.00000 	-0.01205 	-0.14430 	0.09882 	-0.01437 	0.12767 	0.07516 	-0.02086 	0.05116	0.25256
Replication85	 0.01940	1.00409	1.00427 	1.01061 	1.03184 	1.01176 	1.01783 	1.02721 	1.11991 	1.10759 	1.05095 	1.12348 	1.10391 	1.05102 	-0.26485 	-0.32520 	0.16773 	-0.12208 	0.02861 	-0.31242 	0.17223 	0.76006 	-0.34082 	0.49391 	0.30056 	-0.51176 	-0.08391 	-0.10304 	0.05314 	0.10242 	0.00907 	0.02432 	0.05457 	0.24082 	-0.11633 	0.15649 	0.09523 	-0.17502 	0.00438	0.15468
Replication86	 0.01264	1.00044	0.98540 	0.98853 	0.99853 	0.99536 	0.99424 	1.00477 	1.06819 	1.04668 	1.02052 	1.06940 	1.05482 	1.02021 	-0.24519 	-0.30773 	-0.18735 	0.05520 	0.00865 	0.00404 	0.24212 	-0.14162 	-0.08524 	0.56218 	0.21058 	-0.12522 	-0.07977 	-0.10011 	-0.06095 	0.10821 	0.00281 	0.08354 	0.07877 	-0.04607 	-0.03224 	0.18290 	0.06851 	-0.04572 	0.09853	0.04628
Replication87	 -1.37282	0.99945	1.02213 	1.03076 	1.02721 	1.02185 	1.02397 	1.01681 	0.93736 	0.96561 	1.00173 	0.94230 	0.97709 	1.00047 	0.05410 	0.35728 	0.42121 	-0.06904 	0.00000 	-0.06135 	-0.40564 	-0.03349 	0.04328 	-0.52547 	0.23697 	0.07548 	0.01773 	0.11708 	0.13804 	-0.06330 	0.00000 	-0.05274 	-0.13293 	-0.01097 	0.04902 	-0.17220 	0.07766 	0.08409 	0.00911	0.10948
Replication88	 0.03594	0.98596	0.98372 	0.96914 	0.99353 	0.98677 	0.98645 	0.99774 	1.03680 	1.02697 	1.01148 	1.03466 	1.03744 	1.01134 	-0.02665 	-0.75902 	-0.00967 	0.13318 	0.01845 	0.10794 	0.08991 	0.01879 	-0.00472 	0.12028 	0.30310 	-0.00589 	-0.00875 	-0.24923 	-0.00317 	0.12609 	0.00606 	0.09731 	0.02952 	0.00617 	-0.01181 	0.03950 	0.09953 	-0.01653 	0.02909	0.20129
Replication89	 0.00111	0.99389	0.91406 	0.92925 	0.93540 	0.94951 	0.93589 	0.96190 	0.97119 	0.96751 	0.97340 	0.96341 	0.98280 	0.97374 	-0.60068 	-0.45415 	-0.66896 	0.42870 	0.00000 	0.53932 	0.02472 	-0.12706 	0.29534 	-0.21967 	0.30802 	0.44016 	-0.20263 	-0.15321 	-0.22567 	0.24653 	0.00000 	0.26608 	0.00834 	-0.04286 	0.11317 	-0.07410 	0.10391 	0.16691 	0.00433	0.07093
Replication90	 0.01575	0.98833	0.98949 	0.98270 	0.98118 	0.99227 	0.98696 	0.99128 	0.94977 	0.97843 	0.99181 	0.97682 	0.99062 	0.99131 	-0.01677 	-0.23113 	-0.28819 	0.13856 	0.00000 	0.21614 	-0.56497 	-0.05238 	0.14115 	0.10092 	0.33127 	0.21588 	-0.00557 	-0.07674 	-0.09569 	0.05933 	0.00000 	0.09730 	-0.18759 	-0.01739 	0.06193 	0.03351 	0.10999 	0.09704 	0.01101	0.14493
Replication91	 -1.20456	0.99705	0.94575 	0.94227 	0.95764 	0.96377 	0.95522 	0.97300 	0.93425 	0.96946 	0.97896 	0.96359 	0.97108 	0.97967 	-0.26160 	-0.64956 	-0.29581 	0.33369 	0.00000 	0.42326 	-0.59356 	0.17314 	0.24893 	0.07114 	0.16680 	0.36740 	-0.08783 	-0.21809 	-0.09932 	0.18236 	0.00000 	0.19626 	-0.19928 	0.05813 	0.09760 	0.02388 	0.05600 	0.14040 	0.02349	0.14864
Replication92	 0.06063	0.99041	0.97571 	0.98232 	0.97167 	0.98867 	0.98177 	0.99005 	1.03467 	1.00831 	0.99957 	0.99545 	1.01909 	0.99935 	-0.29719 	-0.03843 	-0.64376 	0.13819 	0.02234 	0.19568 	0.59891 	0.14773 	0.07733 	-0.61929 	0.27195 	0.11785 	-0.09805 	-0.01268 	-0.21240 	0.09995 	0.00737 	0.13832 	0.19760 	0.04874 	0.03909 	-0.20433 	0.08973 	0.06049 	0.01656	0.32049
Replication93	 0.03860	1.00508	0.88937 	0.93383 	0.93185 	0.94535 	0.93162 	0.96369 	1.00509 	0.99993 	0.98237 	0.99662 	1.00528 	0.98362 	-1.01732 	-0.08462 	-0.89966 	0.42303 	0.03957 	0.48101 	0.09995 	0.30129 	0.21640 	-0.16424 	0.26866 	0.31419 	-0.34014 	-0.02829 	-0.30080 	0.29862 	0.01323 	0.29440 	0.03342 	0.10074 	0.09200 	-0.05491 	0.08983 	0.12759 	0.00351	0.22558
Replication94	 -0.91548	0.99583	0.97939 	0.97730 	0.99131 	0.98937 	0.98677 	1.00091 	1.08860 	1.06079 	1.02216 	1.06494 	1.06314 	1.02245 	-0.24677 	-0.50258 	-0.28335 	0.08215 	0.00000 	0.02659 	0.57134 	0.43547 	-0.10085 	-0.07957 	0.24957 	-0.15369 	-0.08012 	-0.16318 	-0.09200 	0.14811 	0.00000 	0.12553 	0.18550 	0.14139 	-0.03489 	-0.02584 	0.08103 	-0.05476 	0.07360	0.03267
Replication95	 0.04029	1.01199	0.96781 	0.98785 	1.01967 	0.98979 	0.99350 	1.00543 	0.96459 	0.97077 	1.00074 	0.97806 	0.99165 	0.99935 	-0.33078 	-0.27782 	0.80150 	0.13989 	0.00000 	0.07887 	-0.26617 	-0.68131 	0.07876 	0.16248 	0.23322 	0.12976 	-0.10940 	-0.09189 	0.26510 	0.08574 	0.00000 	-0.00235 	-0.08804 	-0.22534 	0.02462 	0.05374 	0.07714 	0.04854 	0.01590	0.09856
Replication96	 0.16627	0.97790	1.05348 	1.03247 	1.02743 	1.03273 	1.03606 	1.02702 	1.09029 	1.05748 	1.03473 	1.06450 	1.06622 	1.03390 	0.39778 	-0.07281 	-0.13995 	-0.20462 	0.02117 	-0.25908 	0.62800 	0.00759 	-0.21579 	-0.05623 	0.22135 	-0.31668 	0.12738 	-0.02332 	-0.04482 	-0.04912 	0.00678 	-0.02583 	0.20110 	0.00243 	-0.06030 	-0.01801 	0.07088 	-0.08344 	0.19707	0.42732
Replication97	 0.22480	0.97909	0.90508 	0.91357 	0.93848 	0.94017 	0.92730 	0.94883 	0.78373 	0.83385 	0.93074 	0.79790 	0.86157 	0.92900 	-0.39717 	-0.69618 	0.18003 	0.53308 	0.00000 	0.72715 	-0.63308 	-0.62332 	0.58571 	-0.66020 	0.28273 	0.89312 	-0.13616 	-0.23867 	0.06172 	0.24642 	0.00000 	0.29716 	-0.21703 	-0.21369 	0.29904 	-0.22633 	0.09692 	0.46313 	0.37436	0.60210
Replication98	 0.05806	1.02009	0.94917 	0.92848 	0.94673 	0.95775 	0.94568 	0.95116 	0.72520 	0.77651 	0.91676 	0.75379 	0.81865 	0.91327 	0.15820 	-0.77252 	0.40039 	0.42729 	0.00000 	0.69607 	-0.71027 	-1.34415 	0.65604 	-0.37617 	0.22100 	1.01328 	0.05411 	-0.26421 	0.13694 	0.15598 	0.00000 	0.28911 	-0.24292 	-0.45972 	0.38474 	-0.12866 	0.07559 	0.60632 	0.05332	0.24019
Replication99	 -1.46245	1.00122	1.10544 	1.04944 	1.03154 	1.05473 	1.05767 	1.03563 	1.10806 	1.07421 	1.04251 	1.08286 	1.07865 	1.04218 	1.16594 	-0.16997 	-0.46125 	-0.38002 	0.04002 	-0.41009 	0.67843 	0.16126 	-0.31181 	0.01591 	0.18467 	-0.46495 	0.36736 	-0.05355 	-0.14533 	-0.11934 	0.01261 	-0.01907 	0.21376 	0.05081 	-0.05113 	0.00501 	0.05818 	-0.07393 	0.00148	0.09397
Replication100	 -1.17414	0.99769	0.98310 	0.98956 	1.00368 	0.99485 	0.99465 	1.00484 	1.04961 	1.02230 	1.01467 	1.04505 	1.03990 	1.01363 	-0.24008 	-0.27850 	0.04475 	0.07666 	0.00000 	0.03135 	0.30862 	-0.56405 	-0.03394 	0.45256 	0.24113 	-0.04221 	-0.07856 	-0.09113 	0.01464 	0.09245 	0.00000 	0.05503 	0.10098 	-0.18456 	-0.01815 	0.14808 	0.07890 	-0.01853 	0.04050	0.01386
Replication101	 -1.24551	0.99886	1.01750 	1.01177 	1.01036 	1.01244 	1.01272 	1.00784 	0.98157 	0.97573 	0.99929 	0.95900 	0.98359 	0.99864 	0.15451 	0.00625 	0.12554 	0.00132 	0.01424 	0.04048 	0.19696 	-0.17726 	0.07472 	-0.56366 	0.04465 	0.11757 	0.05091 	0.00206 	0.04137 	-0.02859 	0.00469 	-0.00438 	0.06490 	-0.05841 	0.04481 	-0.18573 	0.01471 	0.07271 	0.01862	0.15109
Replication102	 0.00162	1.00662	0.96799 	0.97364 	0.98105 	0.98375 	0.97903 	0.99316 	1.03718 	1.03340 	1.00705 	1.01429 	1.02107 	1.00839 	-0.33576 	-0.32987 	-0.34920 	0.15388 	0.00243 	0.15201 	0.29251 	0.87831 	0.02381 	-0.55137 	0.01497 	0.02449 	-0.11038 	-0.10844 	-0.11480 	0.13915 	0.00080 	0.12991 	0.09616 	0.28874 	0.00908 	-0.18126 	0.00492 	0.00239 	0.03435	0.01072
Replication103	 0.00077	0.99423	1.01921 	1.03121 	1.03892 	1.02259 	1.02993 	1.02719 	1.01963 	1.02948 	1.02679 	1.03702 	1.03517 	1.02605 	-0.10041 	0.16611 	0.42688 	-0.11318 	0.04542 	-0.20831 	-0.27976 	-0.03995 	-0.13662 	0.29239 	0.17533 	-0.19875 	-0.03250 	0.05377 	0.13818 	-0.02733 	0.01470 	-0.07953 	-0.09056 	-0.01293 	-0.05077 	0.09464 	0.05675 	-0.06996 	0.04026	0.14662
Replication104	 -1.48115	0.99606	0.99341 	0.97523 	0.95562 	0.98979 	0.97857 	0.98222 	0.99629 	0.99380 	0.99013 	1.00726 	1.00754 	0.99010 	0.07557 	-0.22087 	-0.94608 	0.15027 	0.00000 	0.28878 	-0.11546 	-0.26281 	0.14834 	0.33609 	0.27791 	0.22280 	0.02507 	-0.07329 	-0.31392 	0.07537 	0.00000 	0.17644 	-0.03831 	-0.08720 	0.07344 	0.11152 	0.09221 	0.11046 	0.00484	0.04152
Replication105	 0.16739	0.99515	0.25433	0.54886
Replication106	 0.09337	0.99582	1.00929 	0.98795 	0.99092 	1.00030 	0.99827 	0.99751 	0.97903 	0.99000 	0.99791 	0.97961 	0.99663 	0.99779 	0.23875 	-0.41081 	-0.18623 	0.07967 	0.02584 	0.14288 	-0.16868 	0.10243 	0.09300 	-0.26670 	0.19933 	0.14049 	0.07893 	-0.13581 	-0.06157 	0.02862 	0.00854 	0.06630 	-0.05577 	0.03386 	0.04195 	-0.08817 	0.06590 	0.06391 	0.19899	0.18662
Replication107	 0.03934	0.98618	1.04540 	0.98412 	0.97541 	1.00766 	0.99884 	0.98254 	0.78261 	0.87226 	0.95506 	0.81764 	0.87915 	0.95407 	1.09960 	-0.56966 	-0.07197 	0.04447 	0.00000 	0.27703 	-1.00458 	0.17577 	0.33809 	-0.79283 	0.23781 	0.51539 	0.36418 	-0.18867 	-0.02384 	-0.01839 	0.00000 	0.18275 	-0.33271 	0.05821 	0.27523 	-0.26258 	0.07876 	0.42110 	0.01435	0.12811
Replication108	 -1.06668	1.00203	0.99868 	1.00400 	1.02270 	1.00440 	1.00705 	1.00527 	0.85663 	0.91676 	0.98309 	0.89337 	0.93082 	0.98141 	0.04030 	-0.11335 	0.92913 	0.05838 	0.00000 	0.08029 	-0.87521 	-0.30908 	0.17734 	-0.29129 	0.21723 	0.28007 	0.01333 	-0.03749 	0.30732 	0.00413 	0.00000 	-0.00108 	-0.28948 	-0.10223 	0.12309 	-0.09635 	0.07185 	0.19871 	0.04983	0.05332
Replication109	 -0.98120	1.00419	0.98081 	0.96919 	0.95056 	0.98279 	0.97041 	0.97270 	0.91066 	0.92291 	0.96488 	0.91416 	0.94466 	0.96405 	0.04694 	-0.12197 	-0.67445 	0.24151 	0.00050 	0.44677 	-0.25590 	-0.53095 	0.34145 	-0.26226 	0.25833 	0.51920 	0.01583 	-0.04113 	-0.22742 	0.06222 	0.00017 	0.17784 	-0.08629 	-0.17903 	0.16217 	-0.08843 	0.08711 	0.25027 	0.06661	0.00288
Replication110	 0.07992	1.01900	1.00821 	1.00606 	1.02398 	1.00868 	1.01234 	1.01425 	0.98291 	1.00043 	1.01348 	1.02671 	1.01862 	1.01198 	0.03797 	-0.26591 	0.47134 	-0.00578 	0.00000 	-0.05534 	-0.59496 	-0.66830 	-0.03256 	0.91036 	0.28414 	-0.03632 	0.01240 	-0.08687 	0.15398 	0.02051 	0.00000 	-0.01590 	-0.19436 	-0.21832 	-0.00627 	0.29739 	0.09282 	0.00312 	0.06473	0.23626
Replication111	 0.00744	0.99130	1.00559 	1.04037 	1.03798 	1.02183 	1.02620 	1.02552 	0.99544 	1.00233 	1.01760 	0.99785 	1.01266 	1.01651 	-0.35247 	0.68038 	0.45545 	-0.09320 	0.00000 	-0.17066 	-0.15409 	-0.17477 	-0.06959 	-0.14074 	0.17635 	-0.09523 	-0.11464 	0.22130 	0.14814 	-0.03889 	0.00000 	-0.08919 	-0.05012 	-0.05685 	-0.01528 	-0.04578 	0.05736 	-0.01376 	0.00838	0.12320
Replication112	 0.00172	1.00401	1.07261 	1.02488 	1.04036 	1.03621 	1.04273 	1.03377 	1.12992 	1.08222 	1.04733 	1.09966 	1.08928 	1.04653 	0.82410 	-0.70051 	0.15858 	-0.26955 	0.00499 	-0.38390 	0.93715 	-0.06631 	-0.33162 	0.20772 	0.16960 	-0.49068 	0.26022 	-0.22120 	0.05007 	-0.02307 	0.00157 	-0.01418 	0.29592 	-0.02094 	-0.08514 	0.06559 	0.05355 	-0.12096 	0.09519	0.03442
Replication113	 -1.36417	1.00408	0.99880 	0.99997 	0.96143 	1.00045 	0.98851 	0.98445 	0.94945 	0.94256 	0.97542 	0.95817 	0.96146 	0.97465 	-0.01831 	0.46935 	-0.86733 	0.10974 	0.00780 	0.29862 	-0.06829 	-0.93725 	0.24945 	0.32599 	0.05276 	0.38068 	-0.00611 	0.15665 	-0.28948 	-0.00317 	0.00260 	0.12925 	-0.02279 	-0.31282 	0.13654 	0.10880 	0.01761 	0.21131 	0.01437	0.06593
Replication114	 0.18495	0.98113	1.03888 	1.05172 	1.03349 	1.03523 	1.03707 	1.02478 	0.96218 	0.97712 	1.00927 	0.96728 	0.99550 	1.00757 	0.08252 	0.76210 	0.23118 	-0.16683 	0.00000 	-0.16280 	-0.29888 	-0.33551 	-0.02196 	-0.27613 	0.29497 	-0.01867 	0.02685 	0.24797 	0.07522 	-0.11480 	0.00000 	-0.08476 	-0.09725 	-0.10917 	0.03006 	-0.08985 	0.09598 	0.05936 	0.26893	0.55022
Replication115	 0.05917	0.99458	1.03503 	1.02441 	1.00120 	1.02263 	1.01904 	1.01178 	1.02322 	1.02438 	1.01447 	1.03282 	1.03070 	1.01418 	0.21254 	0.25813 	-0.55273 	-0.09701 	0.00000 	-0.05468 	-0.11760 	0.00452 	-0.05143 	0.24957 	0.20384 	-0.07472 	0.06915 	0.08398 	-0.17982 	-0.04402 	0.00000 	0.02480 	-0.03826 	0.00147 	0.00156 	0.08119 	0.06632 	0.00476 	0.01559	0.26598
Replication116	 -1.29458	0.99944	0.89820 	0.94994 	0.94307 	0.95246 	0.93754 	0.95524 	0.76629 	0.81684 	0.92733 	0.76505 	0.84041 	0.92528 	-0.80316 	0.34474 	-0.00882 	0.44354 	0.00000 	0.64206 	-0.52412 	-0.53316 	0.58383 	-0.95635 	0.18234 	0.89284 	-0.27357 	0.11742 	-0.00300 	0.19875 	0.00000 	0.27488 	-0.17852 	-0.18160 	0.33905 	-0.32575 	0.06211 	0.52566 	0.02253	0.05818
Replication117	 0.00198	1.00698	0.89083 	0.94746 	0.96870 	0.95227 	0.94498 	0.98049 	0.99292 	1.01279 	0.99621 	1.00048 	1.00928 	0.99753 	-1.07937 	-0.09915 	-0.15706 	0.35735 	0.00000 	0.29983 	-0.27756 	0.68645 	0.11213 	-0.21422 	0.22483 	0.15716 	-0.35789 	-0.03288 	-0.05208 	0.28704 	0.00000 	0.19437 	-0.09203 	0.22761 	0.04182 	-0.07103 	0.07455 	0.05169 	0.03019	0.01733
Replication118	 0.08781	0.99055	1.00826 	0.99964 	0.99172 	1.00491 	1.00108 	1.00178 	1.00076 	1.01737 	1.00620 	1.00748 	1.01017 	1.00694 	0.05273 	-0.08966 	-0.39573 	0.03208 	0.00000 	0.07434 	-0.21709 	0.54519 	0.02489 	-0.14752 	0.06197 	0.03109 	0.01732 	-0.02944 	-0.12995 	0.02476 	0.00000 	0.06336 	-0.07129 	0.17902 	0.01757 	-0.04844 	0.02035 	0.02012 	0.06145	0.21756
Replication119	 0.01250	0.99057	1.01815 	1.03890 	1.03258 	1.02494 	1.02818 	1.02595 	1.04960 	1.02834 	1.02519 	1.02203 	1.03542 	1.02433 	-0.20020 	0.51698 	0.16280 	-0.12865 	0.00000 	-0.20142 	0.46505 	-0.01070 	-0.13004 	-0.38556 	0.12464 	-0.18789 	-0.06475 	0.16722 	0.05266 	-0.03808 	0.00000 	-0.06557 	0.15042 	-0.00346 	-0.03948 	-0.12471 	0.04031 	-0.05204 	0.02445	0.12354
Replication120	 0.05530	0.98859	0.97192 	0.98838 	0.96493 	0.98872 	0.97805 	0.98125 	0.86219 	0.92867 	0.97009 	0.92638 	0.93575 	0.96955 	-0.29436 	0.36538 	-0.50087 	0.18009 	0.00000 	0.33267 	-1.06804 	-0.23330 	0.28409 	0.38251 	0.17750 	0.43060 	-0.09839 	0.12213 	-0.16742 	0.05744 	0.00000 	0.14870 	-0.35700 	-0.07798 	0.16144 	0.12786 	0.05933 	0.24664 	0.04493	0.12585
Replication121	 0.01466	0.98893	0.00748	0.12947
Replication122	 0.00080	1.00580	0.93750 	0.96155 	0.96143 	0.96923 	0.96016 	0.97890 	0.97297 	0.98300 	0.98588 	0.99036 	0.98903 	0.98624 	-0.58939 	-0.08235 	-0.47201 	0.28872 	0.00000 	0.35214 	-0.26906 	-0.14479 	0.19584 	0.27009 	0.13048 	0.29070 	-0.19700 	-0.02752 	-0.15777 	0.16633 	0.00000 	0.16857 	-0.08993 	-0.04840 	0.07345 	0.09028 	0.04361 	0.10712 	0.02591	0.05306
Replication123	 0.20349	0.96479	0.98550 	0.97318 	0.97043 	0.98649 	0.97884 	0.98101 	0.91553 	0.92868 	0.97110 	0.89470 	0.93961 	0.97057 	0.08958 	-0.28506 	-0.21881 	0.20524 	0.00000 	0.35375 	-0.05513 	-0.06016 	0.29116 	-0.86714 	0.14513 	0.44118 	0.03006 	-0.09566 	-0.07343 	0.05718 	0.00000 	0.13167 	-0.01850 	-0.02019 	0.14310 	-0.29099 	0.04870 	0.21909 	0.15892	0.80352
Replication124	 0.04617	0.99279	0.94754 	0.95976 	0.96108 	0.97101 	0.96199 	0.97687 	0.94038 	0.96190 	0.97873 	0.93534 	0.96889 	0.97886 	-0.40279 	-0.21328 	-0.38292 	0.28941 	0.00000 	0.38507 	-0.24276 	0.30672 	0.24636 	-0.63367 	0.26677 	0.36842 	-0.13507 	-0.07152 	-0.12841 	0.14581 	0.00000 	0.16967 	-0.08141 	0.10286 	0.10276 	-0.21250 	0.08946 	0.15301 	0.05363	0.08811
Replication125	 0.06546	0.98466	1.00165 	1.01784 	1.02693 	1.01200 	1.01551 	1.01993 	1.00381 	1.03496 	1.02441 	1.04269 	1.03662 	1.02404 	-0.24603 	0.09244 	0.28022 	-0.04879 	0.00000 	-0.13955 	-0.66019 	0.27648 	-0.11806 	0.49610 	0.26204 	-0.17393 	-0.07977 	0.02997 	0.09085 	0.02644 	0.00000 	-0.02671 	-0.21405 	0.08964 	-0.04284 	0.16084 	0.08496 	-0.06109 	0.10261	0.17063
Replication126	 0.04998	0.98837	0.74651 	0.80645 	0.85468 	0.85079 	0.82367 	0.89520 	0.80581 	0.84509 	0.90464 	0.82523 	0.85834 	0.90670 	-1.29264 	-0.95767 	-0.46930 	0.80000 	0.00000 	1.20000 	-0.53125 	-0.39354 	0.80000 	-0.30813 	0.11152 	1.20000 	-0.45494 	-0.33704 	-0.16517 	0.66022 	0.00000 	0.61849 	-0.18697 	-0.13850 	0.35964 	-0.10844 	0.03925 	0.52219 	0.04486	0.12716
Replication127	 0.05296	0.98566	0.99194 	0.99878 	0.98942 	0.99916 	0.99428 	0.99409 	0.90383 	0.94548 	0.98245 	0.93059 	0.95260 	0.98187 	-0.08942 	0.16980 	-0.08920 	0.10732 	0.00000 	0.20337 	-0.64893 	-0.09375 	0.20058 	-0.16824 	0.15117 	0.30573 	-0.02976 	0.05650 	-0.02968 	0.01373 	0.00000 	0.06298 	-0.21594 	-0.03120 	0.10699 	-0.05598 	0.05031 	0.16535 	0.02981	0.19774
Replication128	 0.07107	0.99541	0.94050 	0.94235 	0.97347 	0.96231 	0.95734 	0.97362 	0.88454 	0.90175 	0.96455 	0.92067 	0.93583 	0.96256 	-0.22658 	-0.70017 	0.40022 	0.36563 	0.00000 	0.45382 	-0.55004 	-1.30944 	0.35317 	0.50725 	0.25716 	0.54643 	-0.07663 	-0.23681 	0.13536 	0.16667 	0.00000 	0.15539 	-0.18603 	-0.44288 	0.15422 	0.17156 	0.08697 	0.24800 	0.12320	0.20822
Replication129	 0.02938	0.98716	0.96241 	0.97386 	0.97162 	0.98067 	0.97437 	0.98116 	0.90353 	0.93010 	0.97229 	0.90002 	0.94415 	0.97150 	-0.28272 	-0.05305 	-0.16725 	0.23919 	0.02987 	0.35468 	-0.32665 	-0.04229 	0.28593 	-0.69844 	0.26490 	0.43550 	-0.09492 	-0.01781 	-0.05615 	0.08825 	0.01003 	0.12827 	-0.10966 	-0.01420 	0.13499 	-0.23448 	0.08893 	0.20909 	0.03293	0.23720
Replication130	 0.01627	1.00992	0.98458 	0.93874 	0.94629 	0.97202 	0.96166 	0.96639 	0.92548 	0.92574 	0.96309 	0.89704 	0.94176 	0.96292 	0.43700 	-0.95809 	-0.47182 	0.30502 	0.01326 	0.50463 	0.11875 	-0.18560 	0.35483 	-0.83292 	0.20588 	0.53368 	0.14751 	-0.32340 	-0.15926 	0.11896 	0.00448 	0.22553 	0.04008 	-0.06265 	0.16877 	-0.28115 	0.06949 	0.25458 	0.03108	0.02228
Replication131	 0.02015	0.99678	1.03104 	1.02567 	0.98770 	1.02041 	1.01193 	0.99722 	0.87893 	0.91610 	0.97432 	0.89265 	0.93207 	0.97309 	0.29565 	0.65499 	-0.40192 	-0.02828 	0.00000 	0.15168 	-0.54226 	-0.33899 	0.22895 	-0.45950 	0.20393 	0.35375 	0.09787 	0.21682 	-0.13305 	-0.08788 	0.00000 	0.06228 	-0.17950 	-0.11222 	0.16934 	-0.15211 	0.06751 	0.26435 	0.06401	0.08840
Replication132	 0.05225	0.98750	0.92062 	0.93288 	0.93010 	0.95273 	0.93864 	0.96140 	0.97617 	0.97387 	0.97402 	0.99581 	0.98560 	0.97458 	-0.57203 	-0.38323 	-0.87764 	0.40297 	0.02546 	0.53187 	-0.16382 	-0.47116 	0.28412 	0.61256 	0.15128 	0.42150 	-0.19251 	-0.12897 	-0.29536 	0.23634 	0.00857 	0.28192 	-0.05513 	-0.15856 	0.11749 	0.20615 	0.05091 	0.17155 	0.07739	0.13405
Replication133	 0.00989	0.99952	1.01511 	1.02954 	1.04357 	1.02123 	1.02812 	1.03056 	1.06583 	1.05362 	1.03644 	1.06627 	1.05734 	1.03583 	-0.17192 	0.08289 	0.48968 	-0.12706 	0.00000 	-0.26867 	0.14301 	-0.02550 	-0.21194 	0.31213 	0.11603 	-0.31277 	-0.05528 	0.02665 	0.15746 	0.00166 	0.00000 	-0.07559 	0.04599 	-0.00820 	-0.08321 	0.10037 	0.03731 	-0.11969 	0.04414	0.11860
Replication134	 -1.32129	0.99742	0.98963 	0.99098 	1.01075 	0.99679 	0.99858 	1.00299 	0.95347 	0.97255 	0.99690 	0.92985 	0.97446 	0.99657 	-0.06031 	-0.32479 	0.48242 	0.09458 	0.01300 	0.08997 	-0.06268 	0.48491 	0.09399 	-1.05891 	0.16294 	0.14370 	-0.01991 	-0.10722 	0.15926 	0.05284 	0.00429 	0.02737 	-0.02069 	0.16008 	0.05225 	-0.34956 	0.05379 	0.08109 	0.01424	0.11237
Replication135	 0.00060	0.99440	0.98383 	0.99226 	0.96734 	0.99308 	0.98288 	0.98130 	0.89775 	0.90200 	0.96420 	0.90174 	0.93235 	0.96231 	-0.10717 	0.36511 	-0.42075 	0.17555 	0.00262 	0.36195 	-0.20737 	-1.04731 	0.33671 	-0.11768 	0.20967 	0.52089 	-0.03604 	0.12279 	-0.14150 	0.01336 	0.00088 	0.11866 	-0.06974 	-0.35222 	0.17452 	-0.03958 	0.07051 	0.27760 	0.02459	0.08005
Replication136	 0.04791	0.98707	0.94011 	0.99134 	1.01017 	0.98385 	0.98500 	1.00500 	1.03302 	1.00464 	1.01004 	1.00045 	1.02306 	1.00897 	-0.82081 	0.19423 	0.36315 	0.14906 	0.00930 	0.04656 	0.53041 	-0.30894 	0.00293 	-0.41603 	0.27579 	0.01330 	-0.26948 	0.06377 	0.11923 	0.14280 	0.00305 	0.03717 	0.17414 	-0.10143 	-0.00333 	-0.13659 	0.09055 	0.00391 	0.02791	0.13978
Replication137	 0.00288	0.99212	1.00329 	1.00267 	0.97920 	1.00406 	0.99649 	0.99561 	0.96405 	0.99513 	0.99552 	0.96747 	0.99005 	0.99612 	-0.04217 	0.22827 	-0.64941 	0.04985 	0.00000 	0.14554 	-0.36191 	0.75608 	0.09751 	-0.56612 	0.18167 	0.14124 	-0.01390 	0.07526 	-0.21411 	0.01644 	0.00000 	0.09543 	-0.11932 	0.24928 	0.06411 	-0.18665 	0.05990 	0.09113 	0.02093	0.08303
Replication138	 -1.17402	0.99691	0.97381 	0.97235 	0.97729 	0.98427 	0.98086 	0.98938 	0.99380 	0.99690 	0.99669 	1.00673 	1.00914 	0.99643 	-0.19590 	-0.36027 	-0.33884 	0.17993 	0.04983 	0.22714 	-0.19022 	-0.20939 	0.11060 	0.26970 	0.25950 	0.16813 	-0.06498 	-0.11950 	-0.11239 	0.10729 	0.01653 	0.11818 	-0.06309 	-0.06945 	0.03796 	0.08946 	0.08608 	0.05917 	0.04013	0.01773
Replication139	 0.03092	0.98257	0.94565 	0.96982 	0.96052 	0.97400 	0.96389 	0.97599 	0.90209 	0.93203 	0.96979 	0.94382 	0.94710 	0.96914 	-0.48746 	0.13724 	-0.38698 	0.28481 	0.00000 	0.41056 	-0.64898 	-0.68375 	0.30832 	0.49161 	0.12938 	0.46797 	-0.16408 	0.04620 	-0.13025 	0.11702 	0.00000 	0.15886 	-0.21845 	-0.23015 	0.14053 	0.16547 	0.04355 	0.21627 	0.00060	0.16070
Replication140	 0.05320	0.98200	0.96006 	0.96925 	0.97215 	0.97877 	0.97248 	0.98516 	0.98072 	0.98354 	0.99055 	0.97466 	0.99732 	0.99022 	-0.34213 	-0.22108 	-0.34064 	0.22542 	0.00928 	0.28468 	-0.05835 	-0.00055 	0.15971 	-0.31154 	0.32682 	0.24226 	-0.11400 	-0.07367 	-0.11351 	0.12317 	0.00309 	0.13131 	-0.01944 	-0.00018 	0.05746 	-0.10381 	0.10890 	0.08889 	0.00074	0.22849
Replication141	 -1.37252	0.99803	1.00947 	0.99837 	1.01035 	1.00505 	1.00698 	1.00548 	0.95405 	0.97730 	0.99964 	0.96804 	0.98724 	0.99894 	0.16752 	-0.31789 	0.28979 	0.04769 	0.02606 	0.06790 	-0.41127 	-0.09095 	0.07783 	-0.15827 	0.21389 	0.12264 	0.05529 	-0.10491 	0.09564 	0.00762 	0.00860 	0.00779 	-0.13573 	-0.03002 	0.03776 	-0.05224 	0.07059 	0.06253 	0.00591	0.14179
Replication142	 0.00511	1.00610	0.94273 	0.93961 	0.93564 	0.96049 	0.94648 	0.96080 	0.91908 	0.91955 	0.95955 	0.93649 	0.94867 	0.95854 	-0.23660 	-0.41232 	-0.64498 	0.38940 	0.00000 	0.58153 	-0.25043 	-1.03886 	0.39466 	0.35891 	0.25367 	0.60042 	-0.08036 	-0.14004 	-0.21906 	0.16324 	0.00000 	0.24228 	-0.08506 	-0.35284 	0.16850 	0.12190 	0.08616 	0.26117 	0.01485	0.03718
Replication143	 0.00192	0.99308	0.92481 	0.89680 	0.93044 	0.93962 	0.92868 	0.95269 	0.94249 	0.94309 	0.96133 	0.93320 	0.95011 	0.96248 	-0.09519 	-1.31508 	-0.35830 	0.50956 	0.03255 	0.65490 	0.02291 	-0.17094 	0.38837 	-0.30956 	0.06194 	0.57293 	-0.03237 	-0.44716 	-0.12183 	0.27611 	0.01107 	0.30472 	0.00779 	-0.05812 	0.15492 	-0.10526 	0.02106 	0.22275 	0.00969	0.06092
Replication144	 0.04247	0.98215	0.97130 	0.98542 	0.98738 	0.98916 	0.98496 	0.99578 	1.04712 	1.00236 	1.00259 	0.99575 	1.01626 	1.00180 	-0.36395 	-0.06674 	-0.22616 	0.12908 	0.00000 	0.13824 	0.95006 	-0.28117 	0.05413 	-0.56541 	0.14483 	0.08781 	-0.11985 	-0.02198 	-0.07447 	0.10353 	0.00000 	0.09991 	0.31285 	-0.09259 	0.02858 	-0.18618 	0.04769 	0.04948 	0.03113	0.25857
Replication145	 0.03510	0.99883	1.00135 	1.00847 	1.02839 	1.00842 	1.01315 	1.01984 	1.05511 	1.04565 	1.02855 	1.04361 	1.05058 	1.02816 	-0.16145 	-0.21978 	0.38084 	-0.03073 	0.00000 	-0.14166 	0.18966 	0.27101 	-0.14308 	-0.16142 	0.23763 	-0.21136 	-0.05231 	-0.07121 	0.12340 	0.04834 	0.00000 	-0.02305 	0.06145 	0.08781 	-0.06401 	-0.05231 	0.07700 	-0.09275 	0.08253	0.15699
Replication146	 0.00377	0.99123	0.97844 	0.97624 	0.98071 	0.98683 	0.98323 	0.98986 	0.95893 	0.98114 	0.99171 	0.97634 	0.98971 	0.99154 	-0.13000 	-0.30844 	-0.21848 	0.17419 	0.03211 	0.23599 	-0.41760 	0.02400 	0.14697 	-0.02651 	0.25098 	0.22191 	-0.04323 	-0.10258 	-0.07266 	0.08441 	0.01068 	0.10132 	-0.13888 	0.00798 	0.05718 	-0.00881 	0.08347 	0.08724 	0.02520	0.09164
Replication147	 0.02422	0.99150	0.90753 	0.91413 	0.91208 	0.94095 	0.92239 	0.94890 	0.94967 	0.94690 	0.95976 	0.96290 	0.96424 	0.96029 	-0.53879 	-0.53541 	-0.97447 	0.50120 	0.00000 	0.68518 	-0.13838 	-0.59389 	0.39620 	0.37537 	0.19680 	0.58987 	-0.18315 	-0.18200 	-0.33124 	0.26962 	0.00000 	0.33782 	-0.04704 	-0.20188 	0.16462 	0.12760 	0.06690 	0.24251 	0.03440	0.05733
Replication148	 0.14916	0.97884	0.99982 	0.99538 	1.00829 	1.00140 	1.00157 	1.00345 	0.91490 	0.97047 	0.99829 	0.99211 	0.98548 	0.99682 	0.04211 	-0.28186 	0.32915 	0.05558 	0.00000 	0.06619 	-1.13486 	-0.55656 	0.07293 	1.06008 	0.30290 	0.12169 	0.01385 	-0.09266 	0.10821 	0.04045 	0.00000 	0.04350 	-0.37310 	-0.18298 	0.05781 	0.34852 	0.09958 	0.09900 	0.12184	0.35411
Replication149	 0.10221	0.98027	0.97276 	0.97961 	0.96310 	0.98568 	0.97589 	0.98284 	0.95895 	0.97174 	0.98373 	0.96108 	0.98100 	0.98371 	-0.24896 	0.06958 	-0.65700 	0.19261 	0.00000 	0.31266 	-0.20885 	0.03477 	0.20346 	-0.26884 	0.23478 	0.30540 	-0.08310 	0.02323 	-0.21931 	0.07888 	0.00000 	0.14207 	-0.06971 	0.01161 	0.08974 	-0.08974 	0.07837 	0.13481 	0.05892	0.27243
Replication150	 0.02993	0.99875	0.97545 	0.98955 	0.98741 	0.99093 	0.98641 	0.99177 	0.92578 	0.95117 	0.98371 	0.93895 	0.96143 	0.98310 	-0.25220 	0.08480 	-0.03679 	0.16156 	0.00000 	0.23530 	-0.41733 	-0.19226 	0.20187 	-0.22459 	0.16092 	0.30793 	-0.08414 	0.02829 	-0.01227 	0.05128 	0.00000 	0.06988 	-0.13923 	-0.06414 	0.09159 	-0.07493 	0.05369 	0.14251 	0.17788	0.06931
Replication151	 0.00086	0.99414	0.94399 	0.93119 	0.92599 	0.95687 	0.94095 	0.94982 	0.80084 	0.85217 	0.93268 	0.81625 	0.86852 	0.93190 	-0.05917 	-0.49174 	-0.47834 	0.43378 	0.01573 	0.70975 	-0.62545 	-0.35901 	0.56878 	-0.62658 	0.16916 	0.85974 	-0.02025 	-0.16826 	-0.16368 	0.15927 	0.00538 	0.29798 	-0.21402 	-0.12285 	0.29427 	-0.21440 	0.05788 	0.44797 	0.01463	0.05538
Replication152	 -1.39240	0.99865	0.95591 	0.95349 	0.91924 	0.96840 	0.94858 	0.95360 	0.84779 	0.87259 	0.93948 	0.86063 	0.89929 	0.93849 	-0.13201 	0.07803 	-1.00891 	0.36017 	0.00000 	0.66418 	-0.43692 	-0.75820 	0.52161 	-0.26986 	0.24496 	0.79068 	-0.04504 	0.02662 	-0.34424 	0.10416 	0.00000 	0.28016 	-0.14908 	-0.25870 	0.26559 	-0.09208 	0.08358 	0.40666 	0.01601	0.02021
Replication153	 0.01008	1.00243	1.02218 	1.02864 	1.03718 	1.02121 	1.02661 	1.01759 	0.92034 	0.93523 	0.99443 	0.92007 	0.95378 	0.99258 	0.13809 	0.19750 	0.89025 	-0.05445 	0.02082 	-0.05135 	-0.25011 	-0.66129 	0.09502 	-0.41138 	0.10154 	0.15804 	0.04541 	0.06494 	0.29273 	-0.07067 	0.00685 	-0.07568 	-0.08224 	-0.21744 	0.07880 	-0.13527 	0.03339 	0.13370 	0.03201	0.19579
Replication154	 0.04151	0.99096	0.98453 	0.99283 	0.98000 	0.99482 	0.98873 	0.99268 	0.99024 	0.98158 	0.99226 	0.97147 	0.99016 	0.99201 	-0.20889 	0.13317 	-0.43944 	0.12271 	0.00866 	0.20202 	0.20144 	-0.10354 	0.13703 	-0.40038 	0.11979 	0.20760 	-0.06932 	0.04420 	-0.14583 	0.04669 	0.00287 	0.08800 	0.06685 	-0.03436 	0.06101 	-0.13287 	0.03976 	0.09358 	0.07308	0.11435
Replication155	 0.05476	1.01229	0.97763 	1.00030 	1.01083 	0.99732 	0.99828 	1.00724 	1.00093 	1.00084 	1.00877 	1.00836 	1.01637 	1.00777 	-0.38373 	0.05185 	0.22709 	0.07954 	0.00406 	0.03632 	-0.13021 	-0.34331 	0.01567 	0.15614 	0.26554 	0.03185 	-0.12621 	0.01705 	0.07469 	0.06198 	0.00133 	0.00998 	-0.04282 	-0.11291 	-0.00189 	0.05135 	0.08733 	0.00551 	0.11799	0.11374
Replication156	 0.04429	0.99056	0.94606 	0.96017 	1.00746 	0.97408 	0.97665 	1.00158 	1.05353 	1.04357 	1.01987 	1.06008 	1.04819 	1.02019 	-0.49140 	-0.77989 	0.50885 	0.18474 	0.01073 	0.04687 	0.05974 	0.02717 	-0.07084 	0.45238 	0.18739 	-0.10892 	-0.16040 	-0.25457 	0.16610 	0.21620 	0.00350 	0.09406 	0.01950 	0.00887 	-0.03937 	0.14766 	0.06117 	-0.06173 	0.05151	0.10239
Replication157	 0.20464	0.97791	1.00434 	0.96353 	0.98840 	0.98866 	0.98664 	0.98782 	0.90849 	0.93937 	0.97965 	0.92741 	0.95272 	0.97909 	0.52539 	-0.94881 	0.27606 	0.17778 	0.00000 	0.27370 	-0.51693 	-0.29859 	0.22806 	-0.18980 	0.19427 	0.34675 	0.17547 	-0.31689 	0.09220 	0.06045 	0.00000 	0.09770 	-0.17265 	-0.09972 	0.11073 	-0.06339 	0.06488 	0.17075 	0.16303	0.50460
Replication158	 0.07479	0.99622	1.10476 	1.05981 	1.04715 	1.05794 	1.06198 	1.03644 	1.00045 	1.00456 	1.02209 	0.98493 	1.01238 	1.02140 	1.18736 	0.10053 	0.23237 	-0.34727 	0.00000 	-0.34090 	0.02466 	0.05544 	-0.14716 	-0.59939 	0.16214 	-0.21500 	0.38000 	0.03217 	0.07437 	-0.18787 	0.00000 	-0.10179 	0.00789 	0.01774 	0.01224 	-0.19183 	0.05189 	0.02410 	0.10732	0.15862
Replication159	 0.01830	1.00625	0.97543 	0.98818 	0.98180 	0.99030 	0.98629 	0.98840 	0.91788 	0.93626 	0.97742 	0.90571 	0.94825 	0.97662 	-0.23927 	0.10785 	-0.11683 	0.17121 	0.04917 	0.27272 	-0.17687 	-0.06404 	0.24307 	-0.76080 	0.18880 	0.37131 	-0.07998 	0.03605 	-0.03905 	0.04872 	0.01643 	0.08898 	-0.05912 	-0.02141 	0.12058 	-0.25430 	0.06311 	0.18757 	0.02356	0.13096
Replication160	 0.09556	0.97980	0.91591 	0.91324 	0.91489 	0.94223 	0.92348 	0.94064 	0.74536 	0.83875 	0.92446 	0.81773 	0.84869 	0.92389 	-0.28487 	-0.57737 	-0.43334 	0.52153 	0.00000 	0.79566 	-1.17023 	-0.41159 	0.62072 	0.03266 	0.12881 	0.93587 	-0.09766 	-0.19793 	-0.14856 	0.23495 	0.00000 	0.36579 	-0.40118 	-0.14110 	0.33414 	0.01120 	0.04416 	0.50599 	0.06671	0.24717
Replication161	 0.04786	1.01588	1.01720 	1.01733 	0.99938 	1.01390 	1.00963 	1.00109 	0.87521 	0.93585 	0.98295 	0.91909 	0.94269 	0.98204 	0.13363 	0.36206 	-0.03644 	0.00275 	0.00000 	0.11134 	-0.91403 	-0.09755 	0.17549 	-0.07905 	0.17308 	0.27086 	0.04416 	0.11966 	-0.01204 	-0.04628 	0.00000 	0.03779 	-0.30208 	-0.03224 	0.12645 	-0.02613 	0.05720 	0.19731 	0.02516	0.12117
Replication162	 -1.37455	0.99984	0.96935 	0.98940 	1.02056 	0.99226 	0.99599 	1.01357 	1.05761 	1.05949 	1.02937 	1.06830 	1.05719 	1.02973 	-0.46944 	-0.36048 	0.41114 	0.05852 	0.00000 	-0.09064 	-0.09259 	0.43134 	-0.14864 	0.32578 	0.17933 	-0.22596 	-0.15206 	-0.11677 	0.13318 	0.13956 	0.00000 	0.03091 	-0.02999 	0.13972 	-0.06760 	0.10553 	0.05809 	-0.10441 	0.01259	0.07286
Replication163	 0.03140	1.00723	0.90766 	0.94308 	0.93238 	0.95194 	0.93610 	0.95593 	0.85444 	0.88236 	0.94547 	0.87677 	0.90782 	0.94443 	-0.70135 	0.11512 	-0.53218 	0.45506 	0.00000 	0.64918 	-0.52246 	-0.79038 	0.49119 	-0.08040 	0.23227 	0.74547 	-0.23953 	0.03932 	-0.18175 	0.19304 	0.00000 	0.25616 	-0.17843 	-0.26993 	0.22917 	-0.02746 	0.07933 	0.35245 	0.00075	0.19801
Replication164	 0.03191	1.01079	1.05983 	1.03567 	1.03642 	1.03647 	1.04159 	1.03308 	1.07209 	1.08192 	1.04428 	1.09786 	1.07804 	1.04422 	0.44533 	-0.18174 	-0.03499 	-0.25076 	0.01425 	-0.34776 	-0.30510 	0.52589 	-0.29435 	0.66787 	0.22232 	-0.44100 	0.14150 	-0.05775 	-0.01112 	-0.04475 	0.00453 	-0.03875 	-0.09694 	0.16710 	-0.08834 	0.21221 	0.07064 	-0.13199 	0.00483	0.17097
Replication165	 0.00376	0.99124	0.98913 	0.99983 	0.99531 	0.99995 	0.99690 	1.00281 	0.99690 	1.01846 	1.00851 	1.02812 	1.01738 	1.00872 	-0.25477 	0.07363 	-0.27425 	0.05715 	0.00000 	0.06182 	-0.47561 	0.16087 	0.00941 	0.48749 	0.12414 	0.01233 	-0.08359 	0.02416 	-0.08998 	0.05502 	0.00000 	0.05862 	-0.15605 	0.05278 	0.00728 	0.15995 	0.04073 	0.00913 	0.03269	0.06182
Replication166	 0.01623	1.00816	1.02062 	0.99444 	0.99695 	1.00749 	1.00535 	1.00733 	1.08060 	1.05631 	1.02386 	1.08140 	1.06286 	1.02366 	0.24236 	-0.50211 	-0.42095 	-0.03291 	0.00000 	-0.04797 	0.29765 	-0.08024 	-0.12426 	0.64122 	0.20600 	-0.18473 	0.07835 	-0.16233 	-0.13609 	0.06088 	0.00000 	0.09272 	0.09623 	-0.02594 	-0.03047 	0.20730 	0.06660 	-0.04404 	0.00326	0.16104
Replication167	 -1.31562	0.99896	1.02327 	1.01605 	1.00581 	1.01739 	1.01704 	1.01625 	1.06789 	1.07749 	1.03296 	1.08191 	1.07369 	1.03330 	0.00284 	-0.02101 	-0.53596 	-0.11122 	0.03240 	-0.15736 	-0.21355 	0.89052 	-0.19814 	0.25134 	0.35016 	-0.30004 	0.00091 	-0.00674 	-0.17204 	0.02878 	0.01040 	0.05264 	-0.06855 	0.28585 	-0.05814 	0.08068 	0.11240 	-0.09004 	0.01616	0.09928
Replication168	 0.02536	0.98678	0.95728 	0.99183 	0.98547 	0.98681 	0.98196 	0.99125 	0.94636 	0.95167 	0.98409 	0.95893 	0.96774 	0.98318 	-0.54231 	0.37020 	-0.10069 	0.18623 	0.01018 	0.24220 	-0.22268 	-0.69542 	0.20142 	0.17420 	0.09438 	0.30978 	-0.18102 	0.12357 	-0.03361 	0.07260 	0.00340 	0.07175 	-0.07433 	-0.23213 	0.08779 	0.05815 	0.03150 	0.13933 	0.00274	0.15135
Replication169	 0.07956	0.97686	1.06623 	1.03483 	0.99614 	1.03556 	1.02928 	1.01390 	1.03763 	1.03357 	1.01649 	1.02401 	1.03633 	1.01670 	0.63367 	0.30833 	-0.92536 	-0.19560 	0.00000 	-0.11206 	0.14333 	0.45822 	-0.08917 	-0.34415 	0.24990 	-0.13555 	0.20448 	0.09949 	-0.29860 	-0.08969 	0.00000 	0.04680 	0.04625 	0.14786 	0.01674 	-0.11105 	0.08064 	0.02331 	0.00571	0.33997
Replication170	 0.01658	0.99922	0.99118 	0.97321 	0.99028 	0.99009 	0.98797 	0.99698 	1.02069 	1.02681 	1.00865 	1.01455 	1.02358 	1.00939 	0.05306 	-0.67587 	-0.13477 	0.11788 	0.00000 	0.11911 	-0.01491 	0.62694 	0.01429 	-0.31915 	0.17684 	0.01522 	0.01744 	-0.22215 	-0.04430 	0.10439 	0.00000 	0.09888 	-0.00490 	0.20606 	0.00081 	-0.10490 	0.05813 	-0.00500 	0.01313	0.24670
Replication171	 0.02557	1.01239	0.94225 	0.93362 	0.95748 	0.95935 	0.95133 	0.97036 	0.92464 	0.95636 	0.97489 	0.94317 	0.96404 	0.97526 	-0.20397 	-0.83077 	-0.14706 	0.36841 	0.00000 	0.46043 	-0.50717 	0.10183 	0.28167 	-0.19532 	0.25008 	0.41943 	-0.06869 	-0.27979 	-0.04953 	0.19695 	0.00000 	0.20323 	-0.17081 	0.03429 	0.11020 	-0.06578 	0.08422 	0.16224 	0.01734	0.04036
Replication172	 0.08923	0.97917	0.93122 	0.91659 	0.88381 	0.94665 	0.92234 	0.93511 	0.90096 	0.88492 	0.93246 	0.87044 	0.90920 	0.93262 	-0.17848 	-0.35677 	-1.46000 	0.50362 	0.03821 	0.85212 	0.27301 	-0.70409 	0.58286 	-0.57735 	0.15450 	0.87290 	-0.06131 	-0.12256 	-0.50156 	0.20349 	0.01313 	0.40192 	0.09379 	-0.24188 	0.28273 	-0.19834 	0.05308 	0.42270 	0.06247	0.30410
Replication173	 0.11692	0.97484	0.93342 	0.98260 	0.96526 	0.97742 	0.96840 	0.98855 	1.02750 	1.03460 	1.00402 	1.03931 	1.02757 	1.00530 	-0.93134 	0.48067 	-0.82748 	0.18693 	0.02167 	0.18721 	-0.14017 	0.55977 	0.03843 	0.24645 	0.11257 	0.04697 	-0.30596 	0.15791 	-0.27184 	0.17680 	0.00712 	0.17201 	-0.04605 	0.18389 	0.02829 	0.08096 	0.03698 	0.03177 	0.07335	0.30999
Replication174	 -1.49376	1.00477	1.04981 	1.04095 	1.03813 	1.03532 	1.03992 	1.03245 	1.07557 	1.06006 	1.03837 	1.05978 	1.06659 	1.03759 	0.24964 	0.10949 	0.06588 	-0.22169 	0.00000 	-0.30846 	0.30398 	0.27900 	-0.23868 	-0.15987 	0.28440 	-0.35154 	0.07988 	0.03503 	0.02108 	-0.06098 	0.00000 	-0.06739 	0.09726 	0.08927 	-0.07797 	-0.05115 	0.09100 	-0.11048 	0.00479	0.02927
Replication175	 0.11845	0.99353	0.87769 	0.91594 	0.92959 	0.93377 	0.91866 	0.95016 	0.86077 	0.89466 	0.94603 	0.86481 	0.90659 	0.94619 	-0.84142 	-0.31633 	-0.28659 	0.56054 	0.00000 	0.70367 	-0.42028 	-0.13771 	0.49213 	-0.60820 	0.17454 	0.73691 	-0.28773 	-0.10817 	-0.09800 	0.29035 	0.00000 	0.29838 	-0.14372 	-0.04709 	0.22193 	-0.20797 	0.05968 	0.33162 	0.21400	0.30480
Replication176	 0.02955	1.01219	0.91233 	0.90216 	0.91048 	0.93664 	0.91899 	0.93906 	0.84490 	0.86011 	0.93012 	0.83308 	0.88075 	0.92978 	-0.24473 	-0.79406 	-0.54058 	0.57265 	0.01613 	0.83875 	-0.16748 	-0.59392 	0.60909 	-0.66205 	0.11790 	0.91645 	-0.08441 	-0.27390 	-0.18646 	0.24621 	0.00556 	0.34908 	-0.05777 	-0.20486 	0.28264 	-0.22836 	0.04067 	0.42678 	0.06243	0.05321
Replication177	 0.06857	0.98508	1.00975 	1.02888 	1.01761 	1.01813 	1.01947 	1.01826 	1.03803 	1.02564 	1.02052 	1.03591 	1.03882 	1.01948 	-0.24617 	0.46642 	-0.12584 	-0.07631 	0.02620 	-0.11564 	0.10938 	-0.24548 	-0.08966 	0.17123 	0.25126 	-0.12578 	-0.07998 	0.15153 	-0.04088 	-0.01439 	0.00851 	-0.02275 	0.03554 	-0.07975 	-0.02774 	0.05563 	0.08163 	-0.03289 	0.03702	0.14886
Replication178	 -1.41044	0.99999	0.00810	0.08072
Replication179	 0.06145	0.99660	1.03218 	1.01865 	0.98796 	1.01774 	1.00950 	0.99295 	0.83155 	0.87711 	0.96271 	0.86387 	0.90582 	0.96033 	0.44850 	0.45419 	-0.14009 	-0.00120 	0.00000 	0.20570 	-0.74424 	-0.88897 	0.30594 	-0.17552 	0.26569 	0.47882 	0.14903 	0.15091 	-0.04655 	-0.08519 	0.00000 	0.07971 	-0.24729 	-0.29538 	0.22195 	-0.05832 	0.08828 	0.35284 	0.07109	0.34502
Replication180	 0.01503	1.00643	1.07955 	1.05931 	1.04395 	1.05078 	1.05469 	1.03612 	1.01761 	1.02576 	1.02957 	1.04576 	1.03866 	1.02828 	0.63919 	0.35252 	0.09377 	-0.30670 	0.00000 	-0.33728 	-0.37011 	-0.44195 	-0.18827 	0.66536 	0.22233 	-0.27161 	0.20460 	0.11284 	0.03001 	-0.14858 	0.00000 	-0.10010 	-0.11847 	-0.14147 	-0.03016 	0.21298 	0.07117 	-0.03443 	0.09981	0.06268
Replication181	 0.02551	0.99355	0.97457 	0.96458 	0.95130 	0.97929 	0.96807 	0.97091 	0.88143 	0.91139 	0.96065 	0.91134 	0.93028 	0.95984 	0.01022 	-0.19285 	-0.53800 	0.26813 	0.01749 	0.47237 	-0.57997 	-0.65933 	0.37222 	0.11550 	0.18098 	0.56508 	0.00345 	-0.06517 	-0.18181 	0.07463 	0.00591 	0.18211 	-0.19599 	-0.22281 	0.17871 	0.03903 	0.06116 	0.27482 	0.00132	0.12002
Replication182	 0.17083	0.98500	1.03161 	0.99307 	0.99259 	1.00876 	1.00576 	1.00169 	0.99653 	1.01144 	1.00565 	1.00512 	1.01343 	1.00595 	0.54274 	-0.52817 	-0.34377 	0.00693 	0.00000 	0.06962 	-0.25409 	0.32342 	0.02434 	-0.09622 	0.20797 	0.03395 	0.17802 	-0.17324 	-0.11276 	0.00686 	0.00000 	0.06952 	-0.08334 	0.10608 	0.02427 	-0.03156 	0.06821 	0.03385 	0.28238	0.43905
Replication183	 0.04829	1.01416	1.04435 	0.99391 	0.96187 	1.01106 	0.99871 	0.98498 	0.88855 	0.94338 	0.97327 	0.88968 	0.93661 	0.97408 	0.84798 	-0.18674 	-0.85207 	0.01613 	0.00000 	0.24249 	-0.55086 	0.85591 	0.22704 	-1.02566 	0.15790 	0.33377 	0.28003 	-0.06167 	-0.28138 	-0.02795 	0.00000 	0.17638 	-0.18191 	0.28265 	0.18296 	-0.33871 	0.05214 	0.26766 	0.09124	0.20288
Replication184	 -0.88184	1.00095	1.03793 	1.06503 	1.03585 	1.04049 	1.04165 	1.02876 	0.96339 	0.98634 	1.01259 	0.98097 	0.99716 	1.01138 	-0.09127 	1.19026 	0.09862 	-0.21190 	0.00000 	-0.21965 	-0.44214 	-0.23197 	-0.05615 	-0.05027 	0.18324 	-0.07416 	-0.02955 	0.38542 	0.03193 	-0.12847 	0.00000 	-0.09450 	-0.14317 	-0.07511 	0.02728 	-0.01628 	0.05933 	0.05099 	0.08121	0.01151
Replication185	 -1.31611	1.00040	0.92449 	0.97186 	0.98066 	0.97057 	0.96538 	0.98855 	0.99662 	0.99445 	0.99492 	0.99852 	0.99703 	0.99534 	-0.84962 	0.13706 	-0.11319 	0.26187 	0.00000 	0.24234 	0.00034 	-0.11582 	0.12599 	0.09705 	0.02468 	0.18543 	-0.28229 	0.04554 	-0.03761 	0.17824 	0.00000 	0.11689 	0.00011 	-0.03848 	0.04236 	0.03225 	0.00820 	0.05999 	0.01972	0.06316
Replication186	 -1.39805	1.00018	0.94862 	0.96148 	0.97428 	0.97175 	0.96448 	0.97120 	0.77917 	0.83347 	0.94155 	0.78585 	0.85628 	0.93921 	-0.22565 	-0.20662 	0.54915 	0.31080 	0.00000 	0.47083 	-0.60744 	-0.54689 	0.47937 	-0.86968 	0.18472 	0.73862 	-0.07627 	-0.06984 	0.18561 	0.11616 	0.00000 	0.17886 	-0.20531 	-0.18484 	0.28473 	-0.29395 	0.06243 	0.44666 	0.01069	0.06760
Replication187	 -1.35989	1.00384	0.95602 	1.00775 	1.05258 	0.99760 	1.00734 	1.03103 	1.09829 	1.07925 	1.04720 	1.08501 	1.08371 	1.04695 	-0.82126 	-0.05409 	1.03949 	-0.02263 	0.00000 	-0.31379 	0.35284 	0.34595 	-0.29947 	0.02606 	0.28004 	-0.44708 	-0.26185 	-0.01725 	0.33143 	0.16103 	0.00000 	-0.03829 	0.11250 	0.11030 	-0.11581 	0.00831 	0.08929 	-0.17159 	0.02132	0.00092
Replication188	 -1.43799	0.99826	1.01341 	1.01947 	1.03664 	1.01548 	1.02124 	1.01979 	0.97526 	0.98436 	1.01030 	0.97234 	0.99621 	1.00917 	0.02684 	-0.03604 	0.75950 	-0.03677 	0.00000 	-0.09120 	-0.14645 	-0.20878 	-0.00784 	-0.35207 	0.17116 	-0.00233 	0.00879 	-0.01180 	0.24864 	-0.02442 	0.00000 	-0.07268 	-0.04795 	-0.06835 	0.00450 	-0.11526 	0.05603 	0.01618 	0.00828	0.05076
Replication189	 0.03158	0.99334	1.01417 	0.99188 	0.99508 	1.00376 	1.00153 	1.00273 	1.02583 	1.02462 	1.01025 	1.02584 	1.02289 	1.01072 	0.23067 	-0.43080 	-0.27249 	0.03226 	0.00000 	0.05703 	0.02498 	0.23673 	-0.00398 	0.03967 	0.07088 	-0.00987 	0.07560 	-0.14119 	-0.08931 	0.03742 	0.00000 	0.06477 	0.00819 	0.07759 	0.00118 	0.01300 	0.02323 	-0.00213 	0.05327	0.07984
Replication190	 0.00264	0.99236	0.96638 	0.99829 	1.00768 	0.99359 	0.99360 	1.00655 	0.99337 	1.01915 	1.01177 	1.01434 	1.01733 	1.01199 	-0.55411 	0.13465 	0.12804 	0.09038 	0.00000 	0.02706 	-0.45094 	0.42592 	-0.01110 	0.05315 	0.18092 	-0.01847 	-0.18168 	0.04415 	0.04198 	0.09276 	0.00000 	0.03064 	-0.14785 	0.13965 	-0.00871 	0.01743 	0.05932 	-0.01489 	0.00176	0.07864
Replication191	 0.05121	0.99242	1.03769 	1.03208 	1.02196 	1.02711 	1.03011 	1.01980 	1.01885 	1.00896 	1.01542 	1.00782 	1.01840 	1.01459 	0.20755 	0.22402 	-0.02052 	-0.12043 	0.04945 	-0.11944 	0.16066 	-0.20507 	-0.05515 	-0.15517 	0.12608 	-0.07584 	0.06756 	0.07292 	-0.00668 	-0.07059 	0.01610 	-0.04469 	0.05229 	-0.06675 	-0.00532 	-0.05051 	0.04104 	-0.00109 	0.08479	0.07918
Replication192	 0.00438	0.99298	0.98826 	0.98722 	0.99784 	0.99477 	0.99343 	1.00102 	1.01026 	1.00900 	1.00738 	1.02444 	1.02195 	1.00676 	-0.11480 	-0.31339 	-0.03171 	0.09632 	0.00000 	0.09216 	-0.15133 	-0.32256 	0.02596 	0.42082 	0.24093 	0.04411 	-0.03779 	-0.10315 	-0.01044 	0.07370 	0.00000 	0.05824 	-0.04981 	-0.10617 	0.00334 	0.13851 	0.07930 	0.01019 	0.00634	0.13895
Replication193	 0.07287	0.99278	0.99598 	0.98041 	0.99717 	0.99363 	0.99357 	0.99495 	0.91842 	0.95918 	0.98713 	0.93420 	0.95550 	0.98740 	0.16290 	-0.52450 	0.27624 	0.13455 	0.02867 	0.19078 	-0.53402 	0.27422 	0.17081 	-0.41027 	0.02468 	0.25401 	0.05415 	-0.17434 	0.09182 	0.04820 	0.00953 	0.06125 	-0.17750 	0.09115 	0.08446 	-0.13637 	0.00820 	0.12449 	0.13981	0.18460
Replication194	 0.00789	0.99257	0.98593 	0.96640 	0.97847 	0.98480 	0.98014 	0.98704 	0.95050 	0.97616 	0.98916 	0.97678 	0.98533 	0.98904 	0.11056 	-0.62343 	-0.15078 	0.19023 	0.00000 	0.26663 	-0.51335 	-0.09700 	0.16593 	0.16067 	0.23373 	0.24986 	0.03682 	-0.20764 	-0.05022 	0.09106 	0.00000 	0.11787 	-0.17097 	-0.03231 	0.06675 	0.05351 	0.07784 	0.10110 	0.01246	0.09443
Replication195	 0.06551	0.98882	0.99836 	1.00176 	0.99625 	1.00219 	0.99875 	0.99629 	0.89879 	0.93281 	0.98050 	0.93340 	0.94407 	0.97952 	0.00827 	0.12755 	0.10642 	0.09276 	0.00000 	0.18860 	-0.63214 	-0.60119 	0.21386 	0.20281 	0.04373 	0.32893 	0.00275 	0.04248 	0.03544 	-0.00560 	0.00000 	0.04105 	-0.21051 	-0.20020 	0.11549 	0.06754 	0.01456 	0.18138 	0.10525	0.12190
Replication196	 -1.43693	1.00078	0.94562 	0.95626 	0.97514 	0.97017 	0.96491 	0.98405 	0.96232 	0.99563 	0.99245 	0.97451 	0.99067 	0.99340 	-0.42471 	-0.47889 	-0.09940 	0.26786 	0.00000 	0.28558 	-0.44656 	0.70718 	0.14351 	-0.36369 	0.19029 	0.20730 	-0.14127 	-0.15930 	-0.03306 	0.17676 	0.00000 	0.14894 	-0.14854 	0.23524 	0.05241 	-0.12098 	0.06330 	0.07066 	0.00486	0.08603
Replication197	 0.10564	0.98925	1.03829 	1.00117 	0.98875 	1.01253 	1.00673 	0.99291 	0.87713 	0.90555 	0.97111 	0.89817 	0.92951 	0.96948 	0.73152 	-0.18182 	-0.07492 	0.03272 	0.00000 	0.21337 	-0.53050 	-0.80574 	0.26395 	-0.12214 	0.19864 	0.40956 	0.24343 	-0.06051 	-0.02493 	-0.06100 	0.00000 	0.07279 	-0.17654 	-0.26813 	0.17023 	-0.04065 	0.06610 	0.26898 	0.16015	0.24321
Replication198	 0.04305	1.01738	0.94211 	0.97401 	0.97527 	0.97584 	0.96938 	0.98678 	0.98015 	0.98618 	0.99180 	0.98175 	0.99618 	0.99170 	-0.63795 	0.07582 	-0.28515 	0.23888 	0.00000 	0.26669 	-0.13324 	-0.01939 	0.14977 	-0.14017 	0.24159 	0.22549 	-0.21238 	0.02524 	-0.09493 	0.14246 	0.00000 	0.12206 	-0.04436 	-0.00645 	0.05335 	-0.04666 	0.08043 	0.08086 	0.11919	0.15487
Replication199	 0.01213	1.00932	0.95544 	0.98741 	0.98788 	0.98434 	0.97966 	0.98791 	0.88449 	0.91418 	0.97206 	0.91158 	0.93307 	0.97067 	-0.46535 	0.26902 	0.20714 	0.21572 	0.00000 	0.29365 	-0.56327 	-0.74839 	0.28424 	0.04156 	0.12773 	0.43802 	-0.15608 	0.09023 	0.06948 	0.07072 	0.00000 	0.07615 	-0.18893 	-0.25102 	0.13924 	0.01394 	0.04284 	0.22052 	0.00412	0.10361
Replication200	 0.00637	0.98863	1.00296 	0.97750 	1.00079 	0.99546 	0.99598 	1.00255 	1.03324 	1.03148 	1.01340 	1.02318 	1.02789 	1.01407 	0.20425 	-0.79819 	0.05091 	0.07606 	0.00495 	0.05477 	0.11852 	0.49350 	-0.02403 	-0.25442 	0.10533 	-0.04172 	0.06689 	-0.26140 	0.01667 	0.08621 	0.00162 	0.07000 	0.03881 	0.16162 	-0.01388 	-0.08332 	0.03450 	-0.02650 	0.01922	0.09486
Replication201	 0.07763	0.99108	1.00212 	0.98872 	0.97929 	0.99724 	0.98993 	0.98385 	0.84436 	0.88316 	0.96059 	0.84856 	0.90662 	0.95865 	0.25654 	-0.05913 	0.01017 	0.14097 	0.00000 	0.32352 	-0.50549 	-0.44622 	0.34555 	-0.72928 	0.28383 	0.53449 	0.08598 	-0.01982 	0.00341 	0.00148 	0.00000 	0.11428 	-0.16940 	-0.14954 	0.20606 	-0.24440 	0.09512 	0.32525 	0.01845	0.28630
Replication202	 0.21243	0.97935	0.97073 	1.04723 	1.07001 	1.01753 	1.02903 	1.04496 	1.09305 	1.07017 	1.05158 	1.07724 	1.08185 	1.05042 	-0.97847 	0.83452 	1.03576 	-0.15478 	0.00000 	-0.46181 	0.38600 	-0.00605 	-0.34482 	0.00058 	0.31063 	-0.50757 	-0.30997 	0.26437 	0.32812 	0.07073 	0.00000 	-0.12354 	0.12228 	-0.00192 	-0.11931 	0.00019 	0.09840 	-0.16930 	0.30777	0.58353
Replication203	 -1.36832	1.00082	1.06177 	1.02661 	1.01429 	1.03198 	1.03275 	1.02024 	1.05415 	1.04844 	1.02559 	1.06213 	1.04440 	1.02591 	0.63296 	-0.15979 	-0.39759 	-0.18313 	0.03094 	-0.17643 	0.03904 	0.14019 	-0.14746 	0.44069 	0.00340 	-0.22389 	0.20378 	-0.05144 	-0.12800 	-0.06218 	0.00996 	0.00499 	0.01257 	0.04513 	-0.02652 	0.14188 	0.00109 	-0.04247 	0.01519	0.05337
Replication204	 0.08567	0.99430	0.96814 	0.96249 	0.95867 	0.97745 	0.96789 	0.97703 	0.95201 	0.95989 	0.97802 	0.94596 	0.97108 	0.97797 	-0.12457 	-0.31688 	-0.51693 	0.25546 	0.00000 	0.38672 	-0.10346 	-0.05501 	0.25224 	-0.39936 	0.21858 	0.37879 	-0.04180 	-0.10633 	-0.17345 	0.10791 	0.00000 	0.16539 	-0.03472 	-0.01846 	0.10470 	-0.13400 	0.07334 	0.15747 	0.15998	0.15452
Replication205	 0.00676	0.98824	0.87237 	0.93325 	0.95753 	0.94135 	0.93257 	0.97211 	0.99627 	0.99169 	0.98746 	0.99615 	1.00431 	0.98799 	-1.15351 	-0.17185 	-0.19515 	0.44102 	0.01424 	0.40404 	-0.00538 	-0.10406 	0.18367 	0.04108 	0.28808 	0.27107 	-0.38516 	-0.05738 	-0.06516 	0.32527 	0.00476 	0.23042 	-0.00180 	-0.03475 	0.06793 	0.01372 	0.09619 	0.09745 	0.02704	0.10725
Replication206	 0.04374	1.01332	0.92123 	0.93677 	0.93968 	0.95338 	0.93926 	0.95038 	0.75224 	0.79344 	0.91932 	0.73757 	0.82316 	0.91665 	-0.36742 	-0.22135 	0.11176 	0.44995 	0.01374 	0.70008 	-0.38343 	-0.72979 	0.64006 	-1.07048 	0.17704 	0.98244 	-0.12560 	-0.07566 	0.03820 	0.18204 	0.00470 	0.29822 	-0.13107 	-0.24947 	0.37216 	-0.36593 	0.06052 	0.58059 	0.02353	0.12958
Replication207	 0.03866	0.99235	0.99827 	0.99459 	1.00085 	1.00083 	1.00077 	1.00522 	1.03017 	1.02463 	1.01362 	1.03290 	1.03448 	1.01319 	-0.06760 	-0.26406 	-0.13529 	0.04584 	0.02507 	0.03202 	0.00040 	-0.03715 	-0.02556 	0.17395 	0.26674 	-0.03474 	-0.02213 	-0.08647 	-0.04430 	0.05652 	0.00821 	0.04804 	0.00013 	-0.01216 	-0.01487 	0.05696 	0.08735 	-0.01872 	0.07754	0.08971
Replication208	 0.01550	1.00772	1.00207 	1.01358 	1.00842 	1.00839 	1.00706 	1.00153 	0.86433 	0.91497 	0.97861 	0.90086 	0.92833 	0.97711 	-0.02781 	0.31976 	0.39047 	0.04596 	0.00962 	0.12639 	-0.78922 	-0.48466 	0.21215 	-0.10522 	0.12651 	0.33082 	-0.00923 	0.10608 	0.12954 	-0.02797 	0.00319 	0.01549 	-0.26183 	-0.16079 	0.13822 	-0.03491 	0.04197 	0.21993 	0.02440	0.02289
Replication209	 0.00175	0.99325	0.95913 	0.95428 	0.95401 	0.97176 	0.96172 	0.97415 	0.97601 	0.96336 	0.97877 	0.97082 	0.98253 	0.97835 	-0.18811 	-0.41346 	-0.55534 	0.28975 	0.00224 	0.41456 	0.09643 	-0.56489 	0.25060 	0.04095 	0.21560 	0.37944 	-0.06317 	-0.13884 	-0.18649 	0.13715 	0.00075 	0.18566 	0.03238 	-0.18969 	0.09800 	0.01375 	0.07240 	0.15054 	0.02190	0.11931
Replication210	 0.06401	0.97724	1.00990 	1.03207 	1.03087 	1.02083 	1.02416 	1.02822 	1.06432 	1.08048 	1.04108 	1.09374 	1.07258 	1.04125 	-0.35256 	0.33904 	-0.00979 	-0.14683 	0.00000 	-0.28212 	-0.39103 	0.68279 	-0.25985 	0.64553 	0.18438 	-0.39120 	-0.11260 	0.10828 	-0.00313 	0.02596 	0.00000 	-0.02293 	-0.12489 	0.21807 	-0.08705 	0.20617 	0.05889 	-0.13201 	0.01503	0.27574
Replication211	 0.05704	0.98644	1.02027 	1.00079 	0.98933 	1.00756 	1.00283 	0.99418 	0.92780 	0.92875 	0.97797 	0.91134 	0.94535 	0.97687 	0.37808 	-0.04627 	-0.11650 	0.06323 	0.01062 	0.20687 	0.02378 	-0.55428 	0.22843 	-0.54871 	0.07526 	0.35182 	0.12592 	-0.01541 	-0.03880 	-0.03604 	0.00354 	0.05797 	0.00792 	-0.18461 	0.12916 	-0.18275 	0.02507 	0.20292 	0.01111	0.18250
Replication212	 0.11200	0.99004	1.01797 	1.02121 	1.03583 	1.01829 	1.02393 	1.02533 	1.06550 	1.04241 	1.03078 	1.05218 	1.05143 	1.02990 	-0.02620 	-0.10189 	0.40860 	-0.09635 	0.00000 	-0.20347 	0.37178 	-0.18234 	-0.16607 	0.10132 	0.15562 	-0.24178 	-0.00846 	-0.03291 	0.13197 	0.00385 	0.00000 	-0.05317 	0.12007 	-0.05889 	-0.06587 	0.03272 	0.05026 	-0.09148 	0.15702	0.26609
Replication213	 0.01306	1.00955	0.95062 	0.95615 	0.97221 	0.97143 	0.96561 	0.98393 	1.00939 	1.00224 	0.99514 	0.99401 	1.00618 	0.99564 	-0.36747 	-0.51048 	-0.23291 	0.25906 	0.00000 	0.28393 	0.18461 	0.20306 	0.12671 	-0.31963 	0.16019 	0.18583 	-0.12217 	-0.16971 	-0.07743 	0.17154 	0.00000 	0.15265 	0.06137 	0.06751 	0.03919 	-0.10626 	0.05326 	0.05455 	0.01854	0.05595
Replication214	 -1.46842	1.00160	0.90851 	0.88744 	0.91123 	0.93051 	0.91360 	0.94056 	0.88599 	0.90708 	0.94457 	0.89820 	0.92152 	0.94527 	-0.20318 	-1.16627 	-0.54989 	0.59129 	0.00000 	0.80275 	-0.36397 	-0.37544 	0.51280 	-0.16991 	0.16834 	0.76332 	-0.06975 	-0.40035 	-0.18876 	0.29609 	0.00000 	0.35995 	-0.12494 	-0.12888 	0.21760 	-0.05833 	0.05779 	0.32052 	0.00309	0.07181
Replication215	 0.02572	0.99647	0.93620 	0.95216 	0.95027 	0.96446 	0.95309 	0.96953 	0.89296 	0.94193 	0.96880 	0.93923 	0.94921 	0.96889 	-0.47165 	-0.17557 	-0.46460 	0.34216 	0.00197 	0.47077 	-0.83060 	-0.10693 	0.31789 	0.23814 	0.20826 	0.47609 	-0.15896 	-0.05917 	-0.15658 	0.16623 	0.00066 	0.20687 	-0.27993 	-0.03604 	0.14196 	0.08026 	0.07019 	0.21219 	0.10719	0.05468
Replication216	 0.02372	0.99140	0.99240 	1.00021 	0.97643 	0.99907 	0.99023 	0.98463 	0.87570 	0.88418 	0.96059 	0.83800 	0.90743 	0.95862 	-0.03461 	0.42167 	-0.18497 	0.12562 	0.00781 	0.30933 	0.05854 	-0.44344 	0.34037 	-1.17085 	0.19526 	0.52709 	-0.01158 	0.14109 	-0.06189 	-0.00361 	0.00261 	0.11549 	0.01959 	-0.14837 	0.21114 	-0.39177 	0.06533 	0.33325 	0.02625	0.20996
Replication217	 0.20795	0.98536	1.06306 	1.02902 	1.02767 	1.03365 	1.03728 	1.02545 	1.05568 	1.04128 	1.02899 	1.04467 	1.05226 	1.02820 	0.65533 	-0.25378 	-0.04425 	-0.19396 	0.01908 	-0.22227 	0.22015 	0.00991 	-0.16795 	-0.05454 	0.29093 	-0.24530 	0.21088 	-0.08167 	-0.01424 	-0.07008 	0.00614 	-0.03646 	0.07084 	0.00319 	-0.04407 	-0.01755 	0.09362 	-0.05948 	0.30747	0.55609
Replication218	 0.00094	0.99406	0.99940 	0.99573 	1.00434 	1.00168 	1.00133 	1.00659 	1.00014 	1.02679 	1.01416 	1.03364 	1.02743 	1.01423 	-0.05314 	-0.27654 	-0.04056 	0.03606 	0.00000 	0.01301 	-0.56218 	0.29708 	-0.03358 	0.42975 	0.23273 	-0.05091 	-0.01737 	-0.09042 	-0.01326 	0.05677 	0.00000 	0.04407 	-0.18381 	0.09713 	-0.01287 	0.14051 	0.07609 	-0.01985 	0.01177	0.03207
Replication219	 0.01154	1.00627	1.01447 	1.01357 	1.01671 	1.01228 	1.01316 	1.00795 	0.94952 	0.94294 	0.99254 	0.92428 	0.97074 	0.99031 	0.14068 	0.05354 	0.43093 	0.01019 	0.00000 	0.05157 	0.12381 	-0.64085 	0.12038 	-0.68808 	0.30064 	0.19920 	0.04647 	0.01769 	0.14235 	-0.03565 	0.00000 	-0.01719 	0.04090 	-0.21169 	0.07454 	-0.22729 	0.09931 	0.13044 	0.01649	0.07926
Replication220	 0.00035	1.00084	0.92628 	0.93914 	0.95103 	0.95768 	0.94736 	0.97245 	1.01628 	1.00072 	0.98885 	1.01133 	1.00982 	0.98941 	-0.56517 	-0.50801 	-0.53975 	0.34779 	0.00000 	0.39806 	0.18944 	-0.14439 	0.17385 	0.17471 	0.18601 	0.25602 	-0.18859 	-0.16952 	-0.18011 	0.23624 	0.00000 	0.23074 	0.06321 	-0.04818 	0.06230 	0.05830 	0.06207 	0.08869 	0.02590	0.25188
Replication221	 0.00432	0.99507	0.96791 	0.95279 	0.96304 	0.97332 	0.96374 	0.96520 	0.74205 	0.81936 	0.93472 	0.76653 	0.84400 	0.93209 	0.14891 	-0.51743 	0.36237 	0.29966 	0.00000 	0.51747 	-0.85410 	-0.43693 	0.51512 	-0.83171 	0.30421 	0.79470 	0.05029 	-0.17476 	0.12239 	0.10978 	0.00000 	0.23265 	-0.28847 	-0.14757 	0.32524 	-0.28091 	0.10275 	0.50988 	0.02001	0.14995
Replication222	 0.07801	0.98691	0.97965 	0.97816 	0.99555 	0.98834 	0.98704 	0.99572 	0.97241 	0.97931 	0.99652 	0.97816 	0.99749 	0.99558 	-0.10219 	-0.42216 	0.16380 	0.15943 	0.00000 	0.17736 	-0.21046 	-0.30207 	0.11378 	-0.07514 	0.32579 	0.17847 	-0.03392 	-0.14012 	0.05437 	0.08239 	0.00000 	0.06181 	-0.06986 	-0.10026 	0.03674 	-0.02494 	0.10813 	0.06291 	0.04749	0.32675
Replication223	 0.00463	0.99037	0.98288 	1.00807 	1.02346 	1.00311 	1.00642 	1.01771 	1.06033 	1.04720 	1.02858 	1.06154 	1.05794 	1.02782 	-0.45114 	0.02417 	0.26524 	-0.00226 	0.00000 	-0.12557 	0.11024 	-0.06947 	-0.14443 	0.32163 	0.29315 	-0.21027 	-0.14613 	0.00783 	0.08591 	0.07915 	0.00000 	-0.00346 	0.03571 	-0.02250 	-0.06302 	0.10418 	0.09495 	-0.08816 	0.00340	0.07832
Replication224	 0.00380	0.99120	1.01861 	0.98837 	0.95779 	1.00265 	0.99152 	0.98886 	1.05035 	1.01944 	1.00111 	1.03904 	1.03597 	1.00089 	0.29760 	-0.16617 	-1.21472 	0.03562 	0.01844 	0.16883 	0.41653 	-0.33610 	0.04418 	0.32562 	0.31094 	0.06814 	0.09745 	-0.05441 	-0.39776 	0.04646 	0.00604 	0.18509 	0.13639 	-0.11006 	0.05502 	0.10662 	0.10182 	0.08440 	0.00589	0.06886
Replication225	 0.03891	0.99013	0.94568 	0.95974 	0.97275 	0.97173 	0.96565 	0.98560 	1.02256 	1.01452 	0.99914 	1.00217 	1.01418 	0.99991 	-0.49418 	-0.37946 	-0.29728 	0.24563 	0.00000 	0.25224 	0.25993 	0.44521 	0.09263 	-0.43076 	0.14837 	0.13247 	-0.16370 	-0.12570 	-0.09848 	0.18163 	0.00000 	0.15624 	0.08610 	0.14748 	0.02863 	-0.14269 	0.04915 	0.03647 	0.00928	0.17588
Replication226	 0.02073	0.99151	0.90012 	0.93856 	0.94368 	0.94970 	0.93754 	0.96381 	0.87199 	0.93977 	0.96611 	0.94741 	0.94636 	0.96625 	-0.83198 	-0.12583 	-0.40853 	0.42148 	0.01757 	0.51410 	-1.15116 	-0.16533 	0.32985 	0.70637 	0.24216 	0.49360 	-0.28013 	-0.04237 	-0.13755 	0.25167 	0.00592 	0.25938 	-0.38760 	-0.05567 	0.16004 	0.23784 	0.08153 	0.23888 	0.04867	0.05662
Replication227	 0.06137	0.98635	0.96925 	0.95617 	0.97651 	0.97611 	0.97162 	0.98334 	0.95925 	0.96694 	0.98592 	0.97978 	0.98336 	0.98540 	-0.02923 	-0.70725 	-0.01818 	0.25162 	0.00000 	0.31695 	-0.30764 	-0.56968 	0.19692 	0.36728 	0.19772 	0.29970 	-0.00978 	-0.23649 	-0.00608 	0.12664 	0.00000 	0.12948 	-0.10287 	-0.19049 	0.07194 	0.12281 	0.06611 	0.11223 	0.03329	0.16040
Replication228	 -1.37006	1.00249	0.98307 	0.98646 	0.97078 	0.99129 	0.98290 	0.98628 	0.96147 	0.95891 	0.98288 	0.94984 	0.97665 	0.98211 	-0.13737 	0.09146 	-0.51211 	0.16150 	0.00000 	0.28414 	0.02644 	-0.33504 	0.20844 	-0.36403 	0.24640 	0.31910 	-0.04586 	0.03053 	-0.17095 	0.04739 	0.00000 	0.11297 	0.00883 	-0.11184 	0.09432 	-0.12152 	0.08225 	0.14793 	0.01615	0.04200
Replication229	 -1.26047	0.99811	0.91109 	0.93689 	0.96236 	0.95293 	0.94537 	0.97480 	0.99593 	0.99082 	0.98740 	0.99276 	0.99443 	0.98824 	-0.70742 	-0.51508 	-0.14544 	0.38254 	0.00000 	0.39076 	0.06821 	-0.03825 	0.19018 	0.00490 	0.07693 	0.27821 	-0.23666 	-0.17231 	-0.04866 	0.25447 	0.00000 	0.19864 	0.02282 	-0.01279 	0.06210 	0.00164 	0.02574 	0.08609 	0.01871	0.13363
Replication230	 0.05091	0.98794	1.00054 	0.98732 	0.98830 	0.99688 	0.99287 	0.99201 	0.94602 	0.94017 	0.98244 	0.92927 	0.96601 	0.98083 	0.17887 	-0.24682 	-0.01350 	0.12826 	0.00000 	0.23323 	0.06251 	-0.64497 	0.20889 	-0.46492 	0.27508 	0.32684 	0.05967 	-0.08234 	-0.00450 	0.01814 	0.00000 	0.06806 	0.02086 	-0.21517 	0.09877 	-0.15510 	0.09177 	0.16166 	0.02573	0.22253
Replication231	 0.34785	0.91675	0.96098 	0.95824 	0.95742 	0.97355 	0.96363 	0.97267 	0.91920 	0.92435 	0.96658 	0.88863 	0.94256 	0.96576 	-0.14412 	-0.31751 	-0.33281 	0.29198 	0.00000 	0.44533 	0.06899 	-0.11413 	0.33088 	-0.98226 	0.27849 	0.50326 	-0.04858 	-0.10703 	-0.11219 	0.11486 	0.00000 	0.17964 	0.02326 	-0.03847 	0.15375 	-0.33110 	0.09387 	0.23756 	0.43081	0.89819
Replication232	 0.16020	0.97910	1.00998 	0.99915 	1.01776 	1.00638 	1.00921 	1.01231 	1.00617 	1.02230 	1.01699 	1.03740 	1.02657 	1.01669 	0.10728 	-0.43619 	0.28576 	0.00405 	0.00000 	-0.04360 	-0.44092 	-0.08884 	-0.05518 	0.60219 	0.15667 	-0.08027 	0.03501 	-0.14236 	0.09326 	0.03635 	0.00000 	0.00485 	-0.14390 	-0.02899 	-0.02288 	0.19654 	0.05113 	-0.03182 	0.17313	0.37702
Replication233	 0.08783	0.98543	0.96819 	0.96800 	0.98290 	0.98161 	0.97774 	0.99269 	1.03417 	1.02550 	1.00726 	1.04050 	1.03157 	1.00745 	-0.26130 	-0.50763 	-0.22924 	0.17068 	0.00000 	0.16324 	0.03495 	-0.04229 	0.02753 	0.39381 	0.18667 	0.03970 	-0.08603 	-0.16713 	-0.07547 	0.14620 	0.00000 	0.12652 	0.01151 	-0.01392 	0.00305 	0.12966 	0.06146 	0.00298 	0.04736	0.22254
Replication234	 0.06698	1.02206	0.92678 	0.95483 	0.95335 	0.96323 	0.95215 	0.97139 	0.89909 	0.94486 	0.97190 	0.96178 	0.95867 	0.97145 	-0.63174 	-0.04281 	-0.42160 	0.33925 	0.00000 	0.44061 	-0.92585 	-0.50627 	0.29087 	0.79403 	0.24396 	0.44008 	-0.21227 	-0.01438 	-0.14166 	0.18279 	0.00000 	0.20590 	-0.31109 	-0.17011 	0.13440 	0.26680 	0.08197 	0.20538 	0.04916	0.13520
Replication235	 -1.50854	0.99575	0.80356 	0.79549 	0.81898 	0.84632 	0.81988 	0.84936 	0.60215 	0.65576 	0.81628 	0.61424 	0.70170 	0.81326 	-0.31094 	-1.01142 	-0.18616 	0.80000 	0.00000 	1.20000 	-0.53027 	-1.12418 	0.80000 	-0.61740 	0.21126 	1.20000 	-0.12051 	-0.39200 	-0.07215 	0.37352 	0.00000 	0.53486 	-0.20552 	-0.43570 	0.54123 	-0.23929 	0.08188 	0.83707 	0.00203	0.04200
Replication236	 -1.19564	0.99850	0.94595 	0.91349 	0.94040 	0.95108 	0.93952 	0.95178 	0.78980 	0.84764 	0.93463 	0.82440 	0.86615 	0.93369 	0.18686 	-1.11002 	0.09641 	0.46440 	0.00000 	0.69079 	-0.78416 	-0.61903 	0.55623 	-0.29473 	0.13901 	0.84218 	0.06391 	-0.37963 	0.03297 	0.19330 	0.00000 	0.28414 	-0.26818 	-0.21171 	0.28513 	-0.10080 	0.04754 	0.43553 	0.02936	0.10019
Replication237	 0.00782	1.01072	0.93918 	0.96627 	0.94663 	0.97035 	0.95739 	0.96857 	0.86217 	0.91243 	0.95968 	0.90988 	0.92924 	0.95892 	-0.53807 	0.26885 	-0.60887 	0.31581 	0.01680 	0.48858 	-0.85816 	-0.45347 	0.37537 	0.20126 	0.26468 	0.56939 	-0.18171 	0.09079 	-0.20561 	0.12681 	0.00567 	0.20508 	-0.28980 	-0.15314 	0.18638 	0.06797 	0.08938 	0.28590 	0.02081	0.01556
Replication238	 0.08302	0.98800	1.07059 	1.07154 	1.05497 	1.05473 	1.06071 	1.04791 	1.10751 	1.08770 	1.05511 	1.11698 	1.09573 	1.05378 	0.20618 	0.61122 	-0.02530 	-0.39273 	0.00144 	-0.53200 	0.16514 	-0.12264 	-0.39486 	0.85235 	0.25631 	-0.58113 	0.06471 	0.19183 	-0.00794 	-0.10657 	0.00045 	-0.10277 	0.05183 	-0.03849 	-0.10871 	0.26750 	0.08044 	-0.15190 	0.17144	0.16293
Replication239	 0.05044	0.99593	0.97598 	0.97694 	0.99735 	0.98722 	0.98689 	0.99748 	1.00371 	0.99620 	1.00209 	0.99031 	1.00878 	1.00159 	-0.17133 	-0.46028 	0.16199 	0.15474 	0.01052 	0.14622 	0.12919 	-0.10523 	0.07172 	-0.29390 	0.24142 	0.11179 	-0.05668 	-0.15226 	0.05359 	0.09954 	0.00348 	0.06343 	0.04274 	-0.03481 	0.01652 	-0.09722 	0.07986 	0.02900 	0.07203	0.13210
Replication240	 -1.33561	1.00102	0.96363 	0.96795 	1.00907 	0.98117 	0.98367 	1.00113 	1.02378 	1.01321 	1.00933 	0.99408 	1.01419 	1.00965 	-0.26277 	-0.72660 	0.57386 	0.17064 	0.00000 	0.08890 	0.35973 	0.33939 	0.01348 	-0.65236 	0.10234 	0.01756 	-0.08645 	-0.23904 	0.18879 	0.15113 	0.00000 	0.05963 	0.11835 	0.11165 	-0.00604 	-0.21462 	0.03367 	-0.01171 	0.01306	0.10899
Replication241	 0.05122	1.01140	1.03231 	1.04676 	1.03878 	1.03255 	1.03680 	1.03219 	1.04694 	1.04956 	1.03503 	1.04900 	1.05782 	1.03409 	-0.09228 	0.50374 	0.10124 	-0.19538 	0.00000 	-0.29003 	-0.09305 	0.27931 	-0.20921 	-0.04120 	0.35847 	-0.30599 	-0.02962 	0.16172 	0.03250 	-0.05636 	0.00000 	-0.08150 	-0.02987 	0.08967 	-0.07019 	-0.01323 	0.11509 	-0.09746 	0.02533	0.21072
Replication242	 0.06527	0.99240	0.98013 	0.98455 	0.99277 	0.99001 	0.98719 	0.98755 	0.86756 	0.88482 	0.96457 	0.86698 	0.91267 	0.96236 	-0.03257 	-0.11252 	0.46237 	0.18942 	0.01274 	0.30473 	-0.29476 	-0.90516 	0.33139 	-0.47744 	0.17241 	0.51562 	-0.01094 	-0.03780 	0.15534 	0.03376 	0.00428 	0.07124 	-0.09903 	-0.30410 	0.17572 	-0.16040 	0.05792 	0.28213 	0.01735	0.29620
Replication243	 0.05257	0.98545	1.03382 	1.00386 	0.99286 	1.01296 	1.00843 	0.99817 	0.89956 	0.94845 	0.98514 	0.94078 	0.95625 	0.98457 	0.55378 	-0.15881 	-0.16705 	0.00984 	0.00000 	0.13863 	-0.81110 	-0.17571 	0.16513 	0.08980 	0.16985 	0.25246 	0.18312 	-0.05252 	-0.05524 	-0.04290 	0.00000 	0.05952 	-0.26821 	-0.05810 	0.11240 	0.02969 	0.05617 	0.17336 	0.06230	0.10994
Replication244	 0.04480	0.99259	0.95311 	0.99573 	1.00484 	0.98905 	0.98837 	1.00550 	1.02828 	1.02269 	1.01426 	1.04167 	1.03498 	1.01363 	-0.72712 	0.22669 	0.06210 	0.11031 	0.00000 	0.02776 	-0.08899 	-0.29745 	-0.03042 	0.51781 	0.24752 	-0.04035 	-0.23801 	0.07420 	0.02033 	0.12358 	0.00000 	0.04766 	-0.02913 	-0.09737 	-0.01715 	0.16949 	0.08102 	-0.02045 	0.07858	0.07478
Replication245	 -1.38872	1.00049	0.98410 	1.00314 	1.01674 	1.00206 	1.00382 	1.01732 	1.09333 	1.08437 	1.03813 	1.10122 	1.08268 	1.03826 	-0.45982 	-0.11050 	-0.01341 	-0.02968 	0.00000 	-0.17223 	0.07429 	0.52288 	-0.23096 	0.53122 	0.25588 	-0.34753 	-0.14742 	-0.03543 	-0.00430 	0.11825 	0.00000 	0.04966 	0.02382 	0.16764 	-0.08303 	0.17031 	0.08204 	-0.12564 	0.01114	0.07273