
Replication	FitnessValue	Frequency	Bus1	Bus2	Bus3	Bus4	Bus5	Bus6	Bus7	Bus8	Bus9	Bus10	Bus11	Bus12	Bus1_P	Bus2_P	Bus3_P	Bus4_P	Bus5_P	Bus6_P	Bus7_P	Bus8_P	Bus9_P	Bus10_P	Bus11_P	Bus12_P	Bus1_Q	Bus2_Q	Bus3_Q	Bus4_Q	Bus5_Q	Bus6_Q	Bus7_Q	Bus8_Q	Bus9_Q	Bus10_Q	Bus11_Q	Bus12_Q	PLoss	QLoss
Replication0	 -1.47335	1.00001	0.98524 	0.99086 	1.01131 	0.99375 	0.99839 	1.00702 	1.03019 	1.01419 	1.01314 	1.01575 	1.02589 	1.01259 	-0.17275 	-0.30545 	0.27095 	0.04846 	0.02253 	0.01300 	0.25692 	-0.17995 	-0.00970 	-0.12639 	0.20110 	-0.01210 	-0.05666 	-0.10019 	0.08887 	0.04904 	0.00739 	0.01387 	0.08427 	-0.05902 	-0.00912 	-0.04146 	0.06596 	-0.01123 	0.00660	0.03173
Replication1	 0.12229	0.99765	0.94816 	0.93078 	0.91104 	0.94941 	0.93354 	0.93349 	0.82771 	0.86792 	0.92010 	0.84489 	0.88431 	0.91898 	0.11642 	-0.20145 	-0.60906 	0.27558 	0.00000 	0.48514 	-0.55966 	-0.22184 	0.36349 	-0.40569 	0.26115 	0.55045 	0.03836 	-0.06638 	-0.20071 	0.08789 	0.00000 	0.20349 	-0.18443 	-0.07311 	0.17581 	-0.13369 	0.08606 	0.26880 	0.05453	0.20209
Replication2	 -1.53537	0.99929	0.99944 	0.97773 	0.98269 	0.99058 	0.98831 	0.98784 	0.98287 	0.97490 	0.98794 	0.98167 	0.99110 	0.98705 	0.24969 	-0.43314 	-0.12153 	0.08653 	0.01561 	0.14217 	0.02610 	-0.46970 	0.09445 	0.06876 	0.19566 	0.14571 	0.08202 	-0.14227 	-0.03992 	0.02998 	0.00513 	0.05731 	0.00857 	-0.15428 	0.03790 	0.02259 	0.06427 	0.06086 	0.00033	0.03215
Replication3	 0.01961	1.00085	1.00604 	1.01622 	1.00656 	1.01226 	1.01111 	1.01507 	1.06961 	1.05494 	1.02736 	1.06562 	1.05191 	1.02796 	-0.23184 	0.19760 	-0.42312 	-0.04062 	0.00418 	-0.07359 	0.24891 	0.21378 	-0.08592 	0.26330 	0.04052 	-0.13164 	-0.07592 	0.06470 	-0.13855 	0.02708 	0.00137 	0.02800 	0.08150 	0.07000 	-0.01822 	0.08622 	0.01327 	-0.03005 	0.01846	0.10939
Replication4	 0.05256	0.99808	0.90104 	0.93566 	0.93695 	0.93826 	0.93087 	0.95016 	0.89744 	0.92136 	0.94914 	0.92352 	0.93831 	0.94851 	-0.64540 	0.07608 	-0.25965 	0.29180 	0.00000 	0.38428 	-0.49859 	-0.39815 	0.25915 	0.14843 	0.26566 	0.39171 	-0.21251 	0.02505 	-0.08549 	0.13856 	0.00000 	0.15432 	-0.16417 	-0.13110 	0.10591 	0.04887 	0.08747 	0.16175 	0.01532	0.12868
Replication5	 0.16844	0.99672	0.87931 	0.88289 	0.87379 	0.90505 	0.88662 	0.90112 	0.78156 	0.82213 	0.88860 	0.78618 	0.84089 	0.88753 	-0.31493 	-0.30258 	-0.57718 	0.44586 	0.00000 	0.68667 	-0.46848 	-0.21836 	0.49518 	-0.67831 	0.26176 	0.74784 	-0.10398 	-0.09990 	-0.19056 	0.18374 	0.00000 	0.29333 	-0.15467 	-0.07209 	0.23306 	-0.22395 	0.08642 	0.35451 	0.07747	0.30591
Replication6	 -1.35216	0.99928	0.98230 	0.97545 	0.97310 	0.98381 	0.97966 	0.98316 	0.96552 	0.98163 	0.98659 	0.97542 	0.99319 	0.98619 	-0.01527 	-0.20570 	-0.32433 	0.10724 	0.01029 	0.16387 	-0.31384 	0.09341 	0.09893 	-0.12793 	0.34657 	0.15022 	-0.00501 	-0.06757 	-0.10653 	0.04984 	0.00338 	0.07773 	-0.10309 	0.03068 	0.04152 	-0.04202 	0.11384 	0.06408 	0.01653	0.05686
Replication7	 -1.42967	0.99956	0.96294 	0.97361 	0.99008 	0.97784 	0.97983 	0.99190 	1.01096 	1.00218 	0.99953 	1.00798 	1.00973 	0.99954 	-0.30237 	-0.27150 	0.05306 	0.11424 	0.02549 	0.10815 	0.09505 	-0.16085 	0.04921 	0.07958 	0.12708 	0.07375 	-0.09926 	-0.08913 	0.01742 	0.07866 	0.00837 	0.05476 	0.03120 	-0.05281 	0.01363 	0.02613 	0.04172 	0.02036 	0.00910	0.05104
Replication8	 0.01919	1.00000	0.93081 	0.96156 	0.99156 	0.96278 	0.96642 	0.99201 	1.02979 	1.02545 	1.00905 	1.03532 	1.03473 	1.00951 	-0.64373 	-0.28673 	0.17104 	0.14174 	0.00000 	0.08114 	-0.03260 	0.03368 	0.00297 	0.23928 	0.29637 	0.00240 	-0.21114 	-0.09405 	0.05610 	0.14150 	0.00000 	0.08078 	-0.01069 	0.01105 	0.00273 	0.07848 	0.09721 	0.00205 	0.00557	0.15402
Replication9	 -1.43616	1.00029	1.01843 	0.99822 	1.02024 	1.00807 	1.01271 	1.01449 	1.03120 	1.02333 	1.01949 	1.01988 	1.02963 	1.01931 	0.25864 	-0.58347 	0.29976 	-0.00587 	0.01151 	-0.03771 	0.15491 	0.04781 	-0.04012 	-0.19780 	0.16285 	-0.05936 	0.08478 	-0.19127 	0.09826 	0.01743 	0.00377 	-0.00275 	0.05078 	0.01567 	-0.01683 	-0.06484 	0.05338 	-0.02440 	0.01115	0.02400
Replication10	 0.06274	0.99885	0.95231 	0.97761 	0.98066 	0.97508 	0.97222 	0.97902 	0.90520 	0.92447 	0.96606 	0.88726 	0.93551 	0.96474 	-0.37055 	0.17862 	0.24958 	0.15082 	0.00000 	0.20854 	-0.14059 	0.06071 	0.17786 	-0.90765 	0.20237 	0.27282 	-0.12182 	0.05872 	0.08205 	0.05868 	0.00000 	0.07028 	-0.04622 	0.01996 	0.08572 	-0.29840 	0.06653 	0.13455 	0.08251	0.11005
Replication11	 0.03242	1.00149	1.08242 	1.06143 	1.04172 	1.05914 	1.05915 	1.04256 	1.04917 	1.05287 	1.04134 	1.04120 	1.05240 	1.04109 	0.50288 	0.22874 	-0.25274 	-0.20717 	0.03305 	-0.23624 	0.01560 	0.48334 	-0.15377 	-0.34189 	0.17505 	-0.22963 	0.16445 	0.07480 	-0.08265 	-0.08763 	0.01081 	-0.05686 	0.00510 	0.15806 	-0.03423 	-0.11181 	0.05724 	-0.05025 	0.01722	0.04705
Replication12	 -1.32063	0.99949	0.97237 	0.95858 	0.97770 	0.97363 	0.97392 	0.98389 	1.00396 	1.00164 	0.99506 	0.99407 	1.01157 	0.99522 	-0.00539 	-0.64307 	-0.10262 	0.12943 	0.02340 	0.14805 	0.05189 	0.19350 	0.06517 	-0.29624 	0.32195 	0.09702 	-0.00177 	-0.21114 	-0.03369 	0.08874 	0.00768 	0.08699 	0.01704 	0.06353 	0.02448 	-0.09727 	0.10571 	0.03597 	0.01693	0.08626
Replication13	 0.10516	0.99789	0.93911 	0.95140 	0.94700 	0.95718 	0.94871 	0.95328 	0.84484 	0.87671 	0.93523 	0.86419 	0.89169 	0.93369 	-0.22379 	0.03950 	-0.00016 	0.24301 	0.00000 	0.38218 	-0.49988 	-0.53241 	0.30883 	-0.19239 	0.09646 	0.47034 	-0.07372 	0.01301 	-0.00005 	0.07385 	0.00000 	0.12834 	-0.16466 	-0.17537 	0.13967 	-0.06337 	0.03177 	0.21650 	0.09167	0.12598
Replication14	 -1.15441	1.00016	1.01488 	1.02512 	1.03008 	1.01926 	1.02257 	1.02131 	0.99080 	1.00050 	1.01518 	0.99645 	1.01074 	1.01401 	-0.07250 	0.15007 	0.37461 	-0.03423 	0.00812 	-0.06057 	-0.20959 	-0.14955 	-0.02199 	-0.10612 	0.19182 	-0.02773 	-0.02377 	0.04921 	0.12283 	-0.02133 	0.00266 	-0.04122 	-0.06872 	-0.04904 	-0.00909 	-0.03480 	0.06290 	-0.00837 	0.04235	0.01875
Replication15	 -1.48948	0.99972	1.01129 	1.00472 	0.99600 	1.00728 	1.00414 	1.00048 	0.97811 	0.98844 	0.99716 	0.97087 	0.99254 	0.99681 	0.10640 	0.03057 	-0.18150 	0.01943 	0.00647 	0.05975 	-0.09294 	0.23081 	0.04977 	-0.46727 	0.16767 	0.07628 	0.03492 	0.01003 	-0.05956 	-0.00310 	0.00212 	0.02594 	-0.03050 	0.07575 	0.02724 	-0.15335 	0.05503 	0.04246 	0.00545	0.02698
Replication16	 -1.34314	0.99976	0.98709 	1.00250 	1.01286 	0.99923 	1.00162 	1.00746 	0.99508 	0.99418 	1.00567 	0.98946 	1.00465 	1.00484 	-0.23199 	0.02734 	0.29507 	0.04186 	0.00000 	0.02576 	-0.00086 	-0.16277 	0.02255 	-0.20262 	0.17104 	0.03757 	-0.07613 	0.00897 	0.09683 	0.02275 	0.00000 	-0.00292 	-0.00028 	-0.05342 	0.00344 	-0.06649 	0.05613 	0.00889 	0.02294	0.00224
Replication17	 -1.46804	1.00030	1.01581 	1.00434 	1.01170 	1.00966 	1.01086 	1.01208 	1.01634 	1.02824 	1.01787 	1.02846 	1.02804 	1.01815 	0.12578 	-0.28078 	-0.00913 	-0.01089 	0.00000 	-0.02726 	-0.23645 	0.27600 	-0.03553 	0.09883 	0.14672 	-0.05454 	0.04123 	-0.09204 	-0.00299 	0.01294 	0.00000 	0.00850 	-0.07751 	0.09048 	-0.01171 	0.03240 	0.04810 	-0.01878 	0.00725	0.03061
Replication18	 0.05446	0.99899	0.99712 	0.99761 	0.99578 	0.99881 	0.99573 	0.99005 	0.90403 	0.91558 	0.96914 	0.89554 	0.93237 	0.96703 	0.09642 	0.08610 	0.35947 	0.07402 	0.00000 	0.15049 	-0.14735 	-0.48794 	0.16302 	-0.54393 	0.11357 	0.25410 	0.03169 	0.02830 	0.11814 	-0.00689 	0.00000 	0.02907 	-0.04843 	-0.16037 	0.08211 	-0.17877 	0.03733 	0.13269 	0.11798	0.06487
Replication19	 0.01956	0.99893	0.96864 	0.97922 	0.96311 	0.98041 	0.97272 	0.97577 	0.93044 	0.95467 	0.97216 	0.96134 	0.96378 	0.97164 	-0.21912 	0.21570 	-0.42510 	0.13162 	0.00000 	0.21837 	-0.51679 	-0.28498 	0.15636 	0.33249 	0.15522 	0.23699 	-0.07203 	0.07090 	-0.13973 	0.04587 	0.00000 	0.08970 	-0.16987 	-0.09367 	0.07061 	0.10929 	0.05102 	0.10832 	0.00075	0.07041
Replication20	 0.00619	1.00054	0.98898 	1.00526 	1.01417 	1.00188 	1.00458 	1.01436 	1.05619 	1.04341 	1.02515 	1.03868 	1.04511 	1.02541 	-0.32783 	-0.00136 	0.00756 	0.00256 	0.00000 	-0.05231 	0.29915 	0.32555 	-0.06723 	-0.25274 	0.16272 	-0.10207 	-0.10741 	-0.00045 	0.00248 	0.04613 	0.00000 	0.01308 	0.09801 	0.10666 	-0.02365 	-0.08281 	0.05331 	-0.03668 	0.00601	0.06869
Replication21	 -1.50629	0.99935	0.99128 	0.99225 	0.98958 	0.99483 	0.99295 	0.99328 	0.97981 	0.97481 	0.99041 	0.97347 	0.98922 	0.98939 	-0.04714 	-0.01614 	-0.09663 	0.07163 	0.02172 	0.11449 	0.03510 	-0.33674 	0.08489 	-0.14666 	0.18884 	0.13200 	-0.01548 	-0.00530 	-0.03174 	0.01934 	0.00713 	0.03602 	0.01153 	-0.11059 	0.03260 	-0.04817 	0.06202 	0.05353 	0.00537	0.01090
Replication22	 -1.42505	0.99983	1.01679 	1.00099 	0.99094 	1.00725 	1.00297 	0.99917 	1.00861 	0.99679 	1.00051 	1.00333 	1.01111 	0.99967 	0.21910 	-0.09293 	-0.34987 	0.01506 	0.00000 	0.05893 	0.11582 	-0.33082 	0.03527 	0.04549 	0.21654 	0.05672 	0.07189 	-0.03049 	-0.11480 	0.00145 	0.00000 	0.03851 	0.03800 	-0.10855 	0.02166 	0.01493 	0.07105 	0.03630 	0.01068	0.03995
Replication23	 -1.45779	0.99873	0.95528 	0.95736 	0.95989 	0.96623 	0.96108 	0.96988 	0.97834 	0.95231 	0.97162 	0.96030 	0.97700 	0.97026 	-0.17574 	-0.22151 	-0.23817 	0.18213 	0.00000 	0.25687 	0.33127 	-0.74472 	0.16596 	-0.05921 	0.24333 	0.25516 	-0.05779 	-0.07284 	-0.07832 	0.08042 	0.00000 	0.10425 	0.10893 	-0.24489 	0.06425 	-0.01947 	0.08001 	0.10254 	0.00464	0.06711
Replication24	 0.00858	1.00069	1.03415 	1.02094 	1.01044 	1.02330 	1.02118 	1.01659 	1.05858 	1.03337 	1.02226 	1.04916 	1.04184 	1.02172 	0.20278 	-0.00516 	-0.33987 	-0.06736 	0.00000 	-0.07087 	0.36981 	-0.32085 	-0.06423 	0.28691 	0.09401 	-0.09398 	0.06642 	-0.00169 	-0.11132 	-0.01242 	0.00000 	0.01158 	0.12113 	-0.10509 	-0.00929 	0.09398 	0.03079 	-0.01153 	0.00882	0.07255
Replication25	 -1.40063	0.99957	0.95284 	0.99476 	0.99070 	0.98394 	0.98279 	0.99460 	0.97764 	0.98817 	0.99541 	0.98197 	0.99840 	0.99490 	-0.64107 	0.47462 	-0.09479 	0.09546 	0.00791 	0.09526 	-0.20705 	0.02137 	0.06104 	-0.16309 	0.26733 	0.09390 	-0.21045 	0.15581 	-0.03112 	0.06090 	0.00260 	0.04339 	-0.06797 	0.00702 	0.02647 	-0.05354 	0.08776 	0.04203 	0.01089	0.06290
Replication26	 -1.35591	0.99940	0.95297 	0.97193 	0.99358 	0.97381 	0.97595 	0.99086 	0.96487 	0.98633 	0.99444 	0.97842 	0.99596 	0.99413 	-0.38594 	-0.21937 	0.28419 	0.13247 	0.00000 	0.12204 	-0.39125 	0.11621 	0.07060 	-0.13096 	0.31089 	0.10732 	-0.12674 	-0.07204 	0.09333 	0.08463 	0.00000 	0.05025 	-0.12849 	0.03816 	0.02276 	-0.04301 	0.10209 	0.03553 	0.01618	0.05647
Replication27	 0.09701	0.99749	0.85299 	0.89517 	0.91929 	0.90463 	0.89813 	0.93017 	0.88509 	0.89345 	0.93053 	0.87784 	0.91271 	0.93023 	-0.79947 	-0.26474 	0.00581 	0.41646 	0.00000 	0.50993 	-0.12862 	-0.34661 	0.33875 	-0.44720 	0.24784 	0.50967 	-0.26354 	-0.08727 	0.00191 	0.21565 	0.00000 	0.20859 	-0.04240 	-0.11426 	0.13794 	-0.14742 	0.08170 	0.20834 	0.04182	0.19924
Replication28	 0.06248	0.99871	0.88752 	0.91609 	0.96337 	0.92712 	0.92914 	0.96111 	0.93434 	0.95590 	0.96900 	0.93157 	0.96361 	0.96965 	-0.63577 	-0.62264 	0.48545 	0.30015 	0.00000 	0.29743 	-0.26110 	0.32057 	0.17453 	-0.57526 	0.29904 	0.25897 	-0.20907 	-0.20475 	0.15964 	0.19702 	0.00000 	0.14266 	-0.08586 	0.10542 	0.07139 	-0.18917 	0.09834 	0.10420 	0.04137	0.18981
Replication29	 0.02027	0.99823	0.93957 	0.92973 	0.93747 	0.94812 	0.94341 	0.95287 	0.94913 	0.94073 	0.95691 	0.93775 	0.95735 	0.95661 	-0.10944 	-0.54068 	-0.37273 	0.25633 	0.05859 	0.36324 	0.09904 	-0.34702 	0.22997 	-0.22094 	0.21931 	0.34642 	-0.03602 	-0.17797 	-0.12269 	0.11487 	0.01929 	0.15097 	0.03260 	-0.11422 	0.08851 	-0.07273 	0.07219 	0.13414 	0.01791	0.08893
Replication30	 0.10313	0.99750	0.93192 	0.92272 	0.90252 	0.94039 	0.92401 	0.92865 	0.86107 	0.87866 	0.91968 	0.84687 	0.88727 	0.91951 	-0.05505 	-0.16408 	-0.72777 	0.30872 	0.00000 	0.51610 	-0.13093 	-0.03221 	0.37085 	-0.73368 	0.11134 	0.55721 	-0.01815 	-0.05409 	-0.23991 	0.10884 	0.00000 	0.21615 	-0.04316 	-0.01062 	0.17097 	-0.24185 	0.03670 	0.25726 	0.02049	0.18214
Replication31	 0.03254	0.99930	0.98288 	0.99975 	0.98544 	0.99520 	0.99015 	0.99010 	0.91746 	0.95760 	0.98057 	0.94938 	0.95964 	0.98006 	-0.22465 	0.38537 	-0.13930 	0.07244 	0.00000 	0.13164 	-0.65555 	0.03126 	0.11634 	0.03604 	0.10663 	0.17686 	-0.07379 	0.12658 	-0.04575 	0.01634 	0.00000 	0.04745 	-0.21532 	0.01027 	0.06023 	0.01184 	0.03502 	0.09267 	0.03708	0.06553
Replication32	 0.03055	0.99805	0.92063 	0.91945 	0.93864 	0.93732 	0.93209 	0.94951 	0.93352 	0.93185 	0.95362 	0.92900 	0.95206 	0.95310 	-0.23481 	-0.59498 	-0.12901 	0.29585 	0.00000 	0.38907 	-0.04460 	-0.40450 	0.24696 	-0.18752 	0.28698 	0.37289 	-0.07732 	-0.19592 	-0.04248 	0.14014 	0.00000 	0.15541 	-0.01468 	-0.13319 	0.09124 	-0.06175 	0.09450 	0.13923 	0.00367	0.09518
Replication33	 0.00370	1.00011	0.94630 	0.98900 	0.99952 	0.98014 	0.98218 	1.00130 	1.02775 	1.02298 	1.01226 	1.03081 	1.03325 	1.01216 	-0.71817 	0.22539 	0.01255 	0.08520 	0.00000 	0.03258 	-0.01416 	-0.03467 	-0.01115 	0.16298 	0.27908 	-0.01628 	-0.23551 	0.07391 	0.00411 	0.09395 	0.00000 	0.04570 	-0.00464 	-0.01137 	-0.00241 	0.05345 	0.09152 	-0.00316 	0.00336	0.10555
Replication34	 -1.25363	1.00037	1.01700 	1.00320 	0.99347 	1.00896 	1.00534 	1.00449 	1.04830 	1.02950 	1.01400 	1.03458 	1.03825 	1.01384 	0.13279 	-0.11443 	-0.49303 	-0.01182 	0.00000 	0.00238 	0.31009 	0.00836 	-0.02695 	-0.01997 	0.22850 	-0.03969 	0.04352 	-0.03750 	-0.16159 	0.01808 	0.00000 	0.04725 	0.10163 	0.00274 	0.00295 	-0.00655 	0.07489 	0.00518 	0.02376	0.09060
Replication35	 -1.53289	0.99915	0.95440 	0.96914 	0.98346 	0.97241 	0.97224 	0.98500 	0.97105 	0.98043 	0.98778 	0.97679 	0.98581 	0.98782 	-0.33304 	-0.18472 	0.09504 	0.14677 	0.00000 	0.16358 	-0.17888 	-0.01963 	0.10069 	-0.07008 	0.12948 	0.15088 	-0.10942 	-0.06069 	0.03123 	0.07870 	0.00000 	0.06143 	-0.05877 	-0.00645 	0.03262 	-0.02302 	0.04254 	0.04874 	0.00010	0.03690
Replication36	 0.11708	0.99756	0.89095 	0.89847 	0.91350 	0.91762 	0.90814 	0.92777 	0.83292 	0.88361 	0.92393 	0.84803 	0.89065 	0.92390 	-0.37036 	-0.50608 	-0.14987 	0.37477 	0.00000 	0.51665 	-0.61299 	0.25900 	0.35583 	-0.61523 	0.26081 	0.53407 	-0.12207 	-0.16681 	-0.04940 	0.17939 	0.00000 	0.22346 	-0.20205 	0.08537 	0.16046 	-0.20278 	0.08597 	0.24088 	0.04659	0.23242
Replication37	 0.00339	1.00056	0.99348 	1.01844 	1.00533 	1.00895 	1.00794 	1.01283 	1.05339 	1.03737 	1.02101 	1.03751 	1.04220 	1.02093 	-0.41550 	0.45250 	-0.37447 	-0.01933 	0.01488 	-0.04643 	0.31211 	0.15824 	-0.05550 	-0.13750 	0.18074 	-0.08292 	-0.13613 	0.14825 	-0.12269 	0.02561 	0.00488 	0.02100 	0.10226 	0.05185 	-0.01056 	-0.04505 	0.05922 	-0.01549 	0.01317	0.08314
Replication38	 -1.29088	0.99987	0.95901 	0.99046 	0.98251 	0.98398 	0.98092 	0.99322 	1.01835 	1.01379 	1.00248 	1.00710 	1.02063 	1.00260 	-0.56605 	0.33750 	-0.39975 	0.08330 	0.00000 	0.08339 	0.10745 	0.26450 	0.02780 	-0.27362 	0.27554 	0.04115 	-0.18571 	0.11073 	-0.13115 	0.07281 	0.00000 	0.06765 	0.03525 	0.08678 	0.01731 	-0.08977 	0.09040 	0.02541 	0.01878	0.09970
Replication39	 0.05723	0.99841	0.89277 	0.92338 	0.93158 	0.93076 	0.92633 	0.94942 	0.97048 	0.95532 	0.96027 	0.95517 	0.97173 	0.96041 	-0.70038 	-0.16795 	-0.43277 	0.30143 	0.05514 	0.36832 	0.21429 	-0.26439 	0.21294 	-0.18612 	0.26245 	0.31887 	-0.23046 	-0.05526 	-0.14240 	0.17390 	0.01814 	0.17696 	0.07051 	-0.08700 	0.08541 	-0.06124 	0.08636 	0.12750 	0.01817	0.16244
Replication40	 0.00522	1.00110	1.05522 	1.05154 	1.05027 	1.04573 	1.04940 	1.04190 	1.04793 	1.03956 	1.03999 	1.04897 	1.05157 	1.03865 	0.19702 	0.15752 	0.24204 	-0.15129 	0.00000 	-0.20977 	0.03885 	-0.29593 	-0.13407 	0.18084 	0.20002 	-0.19513 	0.06448 	0.05155 	0.07921 	-0.06304 	0.00000 	-0.07734 	0.01272 	-0.09685 	-0.04583 	0.05918 	0.06546 	-0.06271 	0.03009	0.01316
Replication41	 -1.34275	1.00037	1.02635 	1.01304 	1.00164 	1.01663 	1.01350 	1.00978 	1.01914 	1.02495 	1.01519 	1.02513 	1.03323 	1.01486 	0.18363 	-0.02331 	-0.40008 	-0.03465 	0.00000 	-0.02118 	-0.15935 	0.18528 	-0.03033 	0.00681 	0.31944 	-0.04403 	0.06019 	-0.00764 	-0.13113 	-0.00511 	0.00000 	0.02314 	-0.05223 	0.06073 	-0.00080 	0.00223 	0.10470 	0.00029 	0.01777	0.05437
Replication42	 -1.49646	0.99921	0.97683 	0.97323 	0.98537 	0.98141 	0.98053 	0.98713 	0.96624 	0.97492 	0.98830 	0.98148 	0.99037 	0.98745 	-0.04548 	-0.33899 	0.06010 	0.11750 	0.00000 	0.15057 	-0.28251 	-0.35096 	0.09686 	0.18675 	0.26157 	0.14913 	-0.01494 	-0.11137 	0.01975 	0.05399 	0.00000 	0.05526 	-0.09281 	-0.11530 	0.03334 	0.06135 	0.08593 	0.05381 	0.00455	0.02901
Replication43	 0.03400	0.99808	0.93287 	0.92124 	0.91600 	0.94115 	0.92935 	0.94071 	0.93955 	0.93524 	0.94656 	0.91712 	0.94649 	0.94691 	-0.10703 	-0.43418 	-0.70972 	0.28348 	0.00000 	0.42734 	0.15385 	0.04145 	0.26724 	-0.58111 	0.23088 	0.39944 	-0.03524 	-0.14296 	-0.23369 	0.12955 	0.00000 	0.19635 	0.05066 	0.01365 	0.11331 	-0.19134 	0.07602 	0.16845 	0.02837	0.14476
Replication44	 -1.23369	0.99991	0.96810 	0.98418 	0.98039 	0.98406 	0.98099 	0.99178 	1.03657 	1.01672 	1.00357 	1.02846 	1.02777 	1.00343 	-0.38217 	0.06554 	-0.41579 	0.08128 	0.00000 	0.08723 	0.26532 	-0.17874 	0.02277 	0.17431 	0.22133 	0.03479 	-0.12537 	0.02150 	-0.13640 	0.07431 	0.00000 	0.07678 	0.08704 	-0.05864 	0.01581 	0.05718 	0.07261 	0.02434 	0.02413	0.10916
Replication45	 0.00640	1.00098	1.03943 	1.02917 	1.03986 	1.03004 	1.03478 	1.03322 	1.04850 	1.04917 	1.03847 	1.04995 	1.05640 	1.03794 	0.18801 	-0.21230 	0.23086 	-0.09929 	0.00000 	-0.16326 	-0.05750 	0.16356 	-0.12457 	-0.00729 	0.27633 	-0.18451 	0.06155 	-0.06950 	0.07557 	-0.02096 	0.00000 	-0.04571 	-0.01882 	0.05354 	-0.04624 	-0.00239 	0.09046 	-0.06696 	0.01005	0.01054
Replication46	 0.03482	0.99837	0.91518 	0.93201 	0.95942 	0.94217 	0.94098 	0.96198 	0.94278 	0.94510 	0.96450 	0.93668 	0.95556 	0.96451 	-0.43505 	-0.44836 	0.19753 	0.26859 	0.00000 	0.31386 	-0.03502 	-0.20807 	0.20162 	-0.27599 	0.13242 	0.30244 	-0.14316 	-0.14754 	0.06500 	0.13833 	0.00000 	0.11840 	-0.01153 	-0.06847 	0.07136 	-0.09082 	0.04357 	0.10698 	0.01395	0.08211
Replication47	 0.09402	0.99752	0.85598 	0.89261 	0.91335 	0.90427 	0.89648 	0.92758 	0.88711 	0.89757 	0.92993 	0.87321 	0.91441 	0.92987 	-0.75658 	-0.30518 	-0.12823 	0.41645 	0.00000 	0.51999 	-0.09660 	-0.10820 	0.33950 	-0.64596 	0.28486 	0.50969 	-0.24940 	-0.10060 	-0.04227 	0.21778 	0.00000 	0.22187 	-0.03184 	-0.03567 	0.14084 	-0.21293 	0.09390 	0.21158 	0.02973	0.21326
Replication48	 0.05658	1.00194	1.06715 	1.06290 	1.03154 	1.05484 	1.05142 	1.04048 	1.10658 	1.07299 	1.04777 	1.08336 	1.07933 	1.04717 	0.16350 	0.55663 	-0.63233 	-0.21221 	0.00000 	-0.25379 	0.63719 	-0.00548 	-0.19099 	0.06301 	0.16259 	-0.28391 	0.05342 	0.18187 	-0.20660 	-0.05678 	0.00000 	-0.02055 	0.20819 	-0.00179 	-0.03556 	0.02059 	0.05312 	-0.05067 	0.00422	0.14522
Replication49	 0.14065	0.99683	0.85491 	0.85927 	0.88223 	0.88785 	0.87526 	0.90249 	0.80935 	0.85173 	0.90049 	0.81971 	0.86520 	0.90054 	-0.42222 	-0.75316 	-0.23617 	0.49324 	0.00000 	0.67424 	-0.51634 	-0.00984 	0.45533 	-0.58445 	0.27050 	0.68300 	-0.13937 	-0.24861 	-0.07796 	0.23949 	0.00000 	0.29346 	-0.17044 	-0.00325 	0.20158 	-0.19292 	0.08929 	0.30221 	0.05413	0.29348
Replication50	 0.01724	1.00092	1.04146 	0.99760 	0.99952 	1.01489 	1.01284 	1.00923 	1.06634 	1.04581 	1.02295 	1.06724 	1.05493 	1.02297 	0.59323 	-0.64330 	-0.43306 	-0.05160 	0.00000 	-0.05197 	0.22424 	-0.18161 	-0.07579 	0.51672 	0.21383 	-0.11383 	0.19422 	-0.21061 	-0.14178 	0.02229 	0.00000 	0.05891 	0.07341 	-0.05946 	-0.00190 	0.16917 	0.07001 	-0.00295 	0.00315	0.17131
Replication51	 0.11888	0.99822	0.95865 	0.95033 	0.95140 	0.96331 	0.95529 	0.95560 	0.83112 	0.87835 	0.93650 	0.83746 	0.88391 	0.93538 	0.06802 	-0.25816 	0.09585 	0.21139 	0.00000 	0.35188 	-0.52243 	0.07201 	0.29180 	-0.75235 	0.11185 	0.44286 	0.02239 	-0.08498 	0.03155 	0.06872 	0.00000 	0.13780 	-0.17197 	0.02370 	0.14913 	-0.24765 	0.03682 	0.22878 	0.11273	0.19429
Replication52	 0.00037	0.99890	0.94963 	0.96956 	0.96245 	0.97010 	0.96434 	0.97440 	0.96752 	0.96641 	0.97628 	0.96178 	0.97772 	0.97595 	-0.40426 	0.14255 	-0.36338 	0.16385 	0.00000 	0.22648 	-0.00142 	-0.14229 	0.14530 	-0.20003 	0.19813 	0.21950 	-0.13289 	0.04686 	-0.11945 	0.07553 	0.00000 	0.09395 	-0.00047 	-0.04677 	0.05698 	-0.06575 	0.06513 	0.08697 	0.01558	0.06008
Replication53	 0.05692	0.99770	0.89308 	0.89345 	0.90390 	0.91595 	0.90524 	0.92781 	0.90777 	0.92738 	0.93771 	0.91884 	0.93731 	0.93858 	-0.36098 	-0.59710 	-0.56147 	0.37396 	0.00000 	0.50772 	-0.33300 	0.05777 	0.30868 	-0.15492 	0.27555 	0.45929 	-0.11895 	-0.19675 	-0.18501 	0.19023 	0.00000 	0.23203 	-0.10973 	0.01904 	0.12496 	-0.05105 	0.09080 	0.18360 	0.02449	0.17918
Replication54	 0.05529	0.99881	1.00860 	0.97756 	0.96671 	0.99222 	0.98396 	0.97441 	0.92399 	0.91645 	0.95982 	0.89471 	0.93516 	0.95819 	0.49811 	-0.26129 	-0.20180 	0.10102 	0.00704 	0.23174 	0.20244 	-0.44618 	0.19819 	-0.71396 	0.14819 	0.30474 	0.16377 	-0.08591 	-0.06635 	0.00565 	0.00232 	0.08863 	0.06656 	-0.14670 	0.10283 	-0.23474 	0.04872 	0.16164 	0.06823	0.10643
Replication55	 0.01948	0.99851	0.93165 	0.93052 	0.96316 	0.94691 	0.94658 	0.96478 	0.95031 	0.95297 	0.96902 	0.96017 	0.96393 	0.96907 	-0.20376 	-0.71151 	0.23214 	0.24903 	0.00000 	0.29324 	-0.15093 	-0.43055 	0.18270 	0.18022 	0.09496 	0.27392 	-0.06703 	-0.23408 	0.07637 	0.12945 	0.00000 	0.11379 	-0.04965 	-0.14164 	0.06312 	0.05929 	0.03124 	0.09447 	0.00945	0.07532
Replication56	 0.01979	0.99889	0.95541 	0.97225 	0.97644 	0.97359 	0.97078 	0.97947 	0.93940 	0.95160 	0.97544 	0.93021 	0.96466 	0.97454 	-0.31629 	0.00709 	0.03031 	0.15351 	0.00000 	0.20388 	-0.13791 	0.01353 	0.14797 	-0.58056 	0.27607 	0.22607 	-0.10397 	0.00233 	0.00996 	0.06489 	0.00000 	0.07090 	-0.04534 	0.00445 	0.05935 	-0.19085 	0.09075 	0.09309 	0.02366	0.05557
Replication57	 0.18482	0.99778	0.93307 	0.92364 	0.93401 	0.94256 	0.93355 	0.93627 	0.76518 	0.82147 	0.91037 	0.77664 	0.84255 	0.90764 	0.04294 	-0.45730 	0.31079 	0.29106 	0.00973 	0.46505 	-0.63452 	-0.29661 	0.38760 	-0.78315 	0.27564 	0.59386 	0.01415 	-0.15066 	0.10239 	0.11351 	0.00321 	0.19862 	-0.20905 	-0.09772 	0.21005 	-0.25802 	0.09081 	0.32743 	0.20507	0.34473
Replication58	 0.27478	0.99655	0.88701 	0.85749 	0.85738 	0.89561 	0.87399 	0.88052 	0.68980 	0.73343 	0.85117 	0.67522 	0.76032 	0.84825 	0.14294 	-0.75401 	-0.26153 	0.48115 	0.00000 	0.78986 	-0.36059 	-0.51558 	0.61444 	-1.00153 	0.19001 	0.93512 	0.04721 	-0.24903 	-0.08637 	0.20506 	0.00000 	0.37556 	-0.11909 	-0.17028 	0.33835 	-0.33078 	0.06276 	0.52081 	0.26029	0.59420
Replication59	 0.05629	0.99754	0.91652 	0.90085 	0.91177 	0.92645 	0.91630 	0.93123 	0.90741 	0.90670 	0.93352 	0.89371 	0.92286 	0.93346 	-0.07615 	-0.70558 	-0.41178 	0.34908 	0.00000 	0.50225 	0.02555 	-0.28414 	0.32787 	-0.42991 	0.20448 	0.49222 	-0.02510 	-0.23257 	-0.13573 	0.15215 	0.00000 	0.20673 	0.00842 	-0.09366 	0.13093 	-0.14171 	0.06740 	0.19671 	0.00611	0.13358
Replication60	 0.02829	0.99916	0.92171 	0.94171 	0.96903 	0.94960 	0.94984 	0.97350 	0.97705 	0.98931 	0.98586 	0.99809 	0.99810 	0.98631 	-0.51711 	-0.42428 	0.06407 	0.21472 	0.00000 	0.21461 	-0.33527 	-0.05879 	0.10597 	0.32192 	0.25392 	0.15696 	-0.16990 	-0.13940 	0.02105 	0.14760 	0.00000 	0.11389 	-0.11015 	-0.01932 	0.03885 	0.10577 	0.08342 	0.05623 	0.00328	0.12805
Replication61	 0.05406	0.99810	0.96333 	0.95166 	0.94412 	0.96500 	0.95554 	0.95661 	0.90232 	0.90505 	0.94705 	0.89594 	0.92852 	0.94544 	0.07864 	-0.21594 	-0.30567 	0.21091 	0.00000 	0.35424 	-0.09428 	-0.57878 	0.26474 	-0.33711 	0.24979 	0.40448 	0.02589 	-0.07110 	-0.10064 	0.05904 	0.00000 	0.12635 	-0.03104 	-0.19056 	0.11288 	-0.11099 	0.08224 	0.17659 	0.03103	0.07865
Replication62	 0.04066	0.99867	0.93811 	0.96982 	0.94595 	0.96581 	0.95613 	0.96374 	0.93368 	0.93688 	0.95941 	0.90934 	0.94878 	0.95882 	-0.53587 	0.50923 	-0.58582 	0.18584 	0.01608 	0.28817 	0.07694 	0.07924 	0.20503 	-0.78242 	0.24293 	0.31031 	-0.17623 	0.16747 	-0.19266 	0.07922 	0.00529 	0.12819 	0.02530 	0.02606 	0.09842 	-0.25732 	0.07989 	0.15033 	0.00966	0.13396
Replication63	 0.00368	0.99872	0.95219 	0.96739 	0.96940 	0.97006 	0.96657 	0.97529 	0.95353 	0.94806 	0.97284 	0.94632 	0.97007 	0.97145 	-0.31306 	-0.01165 	-0.08619 	0.17084 	0.00931 	0.23280 	0.00941 	-0.50603 	0.16252 	-0.19299 	0.28575 	0.25011 	-0.10295 	-0.00383 	-0.02834 	0.06875 	0.00306 	0.07960 	0.00309 	-0.16640 	0.06043 	-0.06346 	0.09397 	0.09692 	0.01082	0.04084
Replication64	 0.00962	1.00007	1.00113 	1.01209 	1.02947 	1.00895 	1.01420 	1.01611 	0.94038 	0.98586 	1.00788 	0.97420 	0.99152 	1.00688 	-0.10747 	-0.05504 	0.66124 	0.00016 	0.01487 	-0.03197 	-0.75779 	0.13757 	0.00335 	-0.04332 	0.24864 	0.00954 	-0.03525 	-0.01805 	0.21685 	0.00615 	0.00488 	-0.02299 	-0.24852 	0.04512 	0.00934 	-0.01421 	0.08154 	0.01852 	0.07978	0.04338
Replication65	 0.03016	0.99823	0.92910 	0.92857 	0.91984 	0.94352 	0.93238 	0.94518 	0.95223 	0.95095 	0.95291 	0.95916 	0.95411 	0.95391 	-0.26067 	-0.26149 	-0.76579 	0.27015 	0.00673 	0.39791 	-0.04732 	-0.21213 	0.24199 	0.22161 	0.00898 	0.35860 	-0.08580 	-0.08607 	-0.25207 	0.12864 	0.00221 	0.18557 	-0.01557 	-0.06983 	0.10049 	0.07295 	0.00296 	0.14625 	0.04142	0.12972
Replication66	 0.08843	0.99838	0.86157 	0.88537 	0.91178 	0.90379 	0.89689 	0.93331 	0.96884 	0.96700 	0.95525 	0.96244 	0.97609 	0.95691 	-0.73055 	-0.60515 	-0.43827 	0.38327 	0.00552 	0.44225 	0.02344 	0.21410 	0.22893 	-0.19129 	0.31980 	0.33603 	-0.24040 	-0.19913 	-0.14422 	0.25386 	0.00182 	0.24806 	0.00771 	0.07045 	0.09952 	-0.06295 	0.10524 	0.14183 	0.01192	0.28180
Replication67	 0.00609	0.99891	0.94391 	0.96170 	0.96728 	0.96502 	0.96169 	0.97488 	0.94818 	0.97123 	0.97762 	0.96465 	0.97167 	0.97811 	-0.39879 	-0.07570 	-0.14271 	0.17847 	0.00000 	0.22342 	-0.37994 	0.16519 	0.14065 	-0.03409 	0.10667 	0.20886 	-0.13109 	-0.02488 	-0.04691 	0.09138 	0.00000 	0.09273 	-0.12489 	0.05430 	0.05356 	-0.01121 	0.03506 	0.07818 	0.00797	0.06624
Replication68	 0.00178	1.00021	1.05178 	1.03210 	1.00088 	1.03308 	1.02513 	1.00901 	0.97273 	0.98412 	0.99798 	0.95980 	0.98394 	0.99768 	0.46376 	0.34405 	-0.44326 	-0.07759 	0.00000 	-0.00807 	-0.04323 	0.29114 	0.02770 	-0.62716 	0.06544 	0.04291 	0.15205 	0.11280 	-0.14533 	-0.06088 	0.00000 	0.01700 	-0.01417 	0.09545 	0.04441 	-0.20562 	0.02146 	0.06798 	0.03568	0.08514
Replication69	 -1.23538	0.99929	0.96562 	0.95950 	0.96922 	0.97132 	0.96844 	0.97905 	1.00270 	0.99649 	0.98876 	1.00429 	0.99819 	0.98947 	-0.10670 	-0.43187 	-0.25865 	0.14448 	0.00000 	0.18200 	0.05846 	-0.06719 	0.09218 	0.19116 	0.03398 	0.13512 	-0.03505 	-0.14186 	-0.08496 	0.08754 	0.00000 	0.09655 	0.01920 	-0.02207 	0.03523 	0.06279 	0.01116 	0.04966 	0.02704	0.07821
Replication70	 0.02046	1.00078	1.00865 	1.01306 	1.03316 	1.01255 	1.01859 	1.02529 	1.07046 	1.04317 	1.03330 	1.04729 	1.05263 	1.03272 	-0.10530 	-0.23774 	0.36079 	-0.03904 	0.00000 	-0.11590 	0.50766 	-0.14595 	-0.10127 	-0.11572 	0.15828 	-0.14934 	-0.03448 	-0.07786 	0.11815 	0.02373 	0.00000 	-0.02172 	0.16625 	-0.04780 	-0.03850 	-0.03790 	0.05183 	-0.05516 	0.01647	0.04656
Replication71	 0.03337	1.00124	1.03528 	1.03376 	1.03739 	1.03097 	1.03457 	1.03417 	1.08337 	1.05789 	1.04241 	1.05544 	1.06930 	1.04153 	0.03536 	-0.01620 	0.05155 	-0.11256 	0.00000 	-0.18329 	0.51651 	0.09651 	-0.14687 	-0.32601 	0.30946 	-0.21644 	0.01157 	-0.00530 	0.01687 	-0.01322 	0.00000 	-0.03423 	0.16900 	0.03158 	-0.04753 	-0.10667 	0.10125 	-0.06738 	0.00803	0.05592
Replication72	 -1.43486	0.99932	0.99232 	0.96235 	0.98514 	0.98150 	0.98157 	0.98619 	0.97042 	0.98106 	0.98970 	0.98167 	0.99272 	0.98942 	0.31989 	-0.80201 	0.11733 	0.11265 	0.00000 	0.14796 	-0.26151 	-0.13682 	0.08807 	0.03719 	0.25205 	0.13340 	0.10507 	-0.26342 	0.03854 	0.05830 	0.00000 	0.06640 	-0.08589 	-0.04494 	0.03372 	0.01221 	0.08279 	0.05184 	0.00822	0.05461
Replication73	 0.07488	0.99867	0.90908 	0.94389 	0.97641 	0.94638 	0.94797 	0.96940 	0.87512 	0.92771 	0.96277 	0.91013 	0.93036 	0.96266 	-0.59167 	-0.23776 	0.62624 	0.24388 	0.00604 	0.26236 	-0.76795 	0.07251 	0.19474 	-0.14102 	0.13212 	0.29271 	-0.19458 	-0.07819 	0.20595 	0.13774 	0.00199 	0.10308 	-0.25256 	0.02384 	0.08859 	-0.04638 	0.04345 	0.13343 	0.09220	0.16636
Replication74	 0.00396	0.99905	0.95503 	0.94604 	0.96067 	0.96152 	0.95831 	0.97135 	0.97878 	0.98860 	0.98192 	0.98954 	0.98966 	0.98286 	-0.10449 	-0.57085 	-0.24395 	0.18327 	0.00000 	0.23073 	-0.19949 	0.15735 	0.12208 	0.09530 	0.12481 	0.17893 	-0.03434 	-0.18759 	-0.08017 	0.10756 	0.00000 	0.11712 	-0.06556 	0.05171 	0.04637 	0.03132 	0.04102 	0.06532 	0.02631	0.09277
Replication75	 -1.45855	0.99958	0.99423 	0.98768 	0.98892 	0.99385 	0.99160 	0.99414 	1.00801 	0.99020 	0.99708 	0.99712 	1.00874 	0.99598 	0.02537 	-0.19180 	-0.15895 	0.06521 	0.00000 	0.09651 	0.21246 	-0.45193 	0.05552 	-0.00617 	0.25776 	0.08826 	0.00833 	-0.06296 	-0.05218 	0.03169 	0.00000 	0.04622 	0.06975 	-0.14836 	0.02201 	-0.00203 	0.08462 	0.03796 	0.00777	0.03504
Replication76	 0.03863	0.99816	0.93781 	0.93168 	0.92730 	0.94803 	0.94037 	0.94797 	0.91137 	0.93514 	0.95054 	0.92681 	0.94532 	0.95066 	-0.15674 	-0.35212 	-0.58917 	0.25930 	0.06106 	0.38931 	-0.40838 	0.00531 	0.25176 	-0.12255 	0.26431 	0.37721 	-0.05160 	-0.11592 	-0.19396 	0.11247 	0.02010 	0.16898 	-0.13444 	0.00175 	0.10493 	-0.04034 	0.08701 	0.15688 	0.02070	0.11586
Replication77	 -1.40103	1.00009	0.99824 	1.00142 	1.00247 	1.00225 	1.00190 	1.00601 	1.01461 	1.01886 	1.01220 	1.01379 	1.02751 	1.01186 	-0.11172 	-0.04374 	-0.13639 	0.01977 	0.00000 	0.01272 	-0.09124 	0.21288 	-0.01008 	-0.17077 	0.31866 	-0.01361 	-0.03664 	-0.01434 	-0.04473 	0.02674 	0.00000 	0.02318 	-0.02992 	0.06981 	-0.00311 	-0.05600 	0.10450 	-0.00315 	0.01351	0.03635
Replication78	 0.01645	0.99859	0.95077 	0.93355 	0.94450 	0.95372 	0.94853 	0.95906 	0.97016 	0.96089 	0.96682 	0.95317 	0.97316 	0.96696 	-0.00281 	-0.64805 	-0.36050 	0.22520 	0.01881 	0.31385 	0.17424 	-0.08768 	0.18590 	-0.34634 	0.22629 	0.27829 	-0.00092 	-0.21316 	-0.11858 	0.11244 	0.00619 	0.14463 	0.05731 	-0.02884 	0.07314 	-0.11392 	0.07443 	0.10907 	0.02279	0.10179
Replication79	 -1.48479	0.99905	0.96345 	0.96889 	0.98042 	0.97497 	0.97392 	0.98285 	0.95298 	0.97051 	0.98328 	0.97444 	0.97814 	0.98302 	-0.19028 	-0.24724 	0.05396 	0.14318 	0.00637 	0.17938 	-0.38538 	-0.20077 	0.11825 	0.20906 	0.13986 	0.17861 	-0.06253 	-0.08125 	0.01773 	0.06696 	0.00209 	0.06501 	-0.12665 	-0.06598 	0.04203 	0.06870 	0.04596 	0.06424 	0.00499	0.03631
Replication80	 0.01082	1.00078	1.01265 	1.02333 	1.01326 	1.01771 	1.01697 	1.01883 	1.05637 	1.04521 	1.02746 	1.06082 	1.05102 	1.02720 	-0.19047 	0.26432 	-0.31431 	-0.05442 	0.00000 	-0.08668 	0.08505 	-0.07694 	-0.08364 	0.40501 	0.16310 	-0.12437 	-0.06238 	0.08656 	-0.10293 	0.00815 	0.00000 	0.00722 	0.02785 	-0.02520 	-0.02107 	0.13264 	0.05341 	-0.03047 	0.01335	0.07378
Replication81	 -1.32159	0.99946	0.97526 	0.97049 	0.97747 	0.97979 	0.97830 	0.98550 	0.98146 	0.99565 	0.99319 	1.00230 	1.00561 	0.99308 	-0.08997 	-0.34128 	-0.22192 	0.11231 	0.02263 	0.14281 	-0.36421 	-0.02203 	0.07210 	0.26445 	0.29791 	0.10872 	-0.02954 	-0.11206 	-0.07287 	0.06893 	0.00743 	0.07771 	-0.11959 	-0.00723 	0.02872 	0.08683 	0.09782 	0.04362 	0.01847	0.06977
Replication82	 0.02419	0.99851	0.92581 	0.93931 	0.96439 	0.94906 	0.94861 	0.96614 	0.93166 	0.94795 	0.96705 	0.93057 	0.95401 	0.96720 	-0.37369 	-0.43176 	0.20611 	0.24227 	0.01460 	0.28666 	-0.20643 	0.07086 	0.18832 	-0.41107 	0.15034 	0.28188 	-0.12293 	-0.14204 	0.06781 	0.12329 	0.00480 	0.10812 	-0.06791 	0.02331 	0.06934 	-0.13523 	0.04946 	0.10333 	0.01810	0.08134
Replication83	 -1.44945	0.99992	0.99921 	0.97916 	0.99571 	0.99231 	0.99417 	0.99810 	1.03219 	1.01001 	1.00668 	1.01702 	1.02586 	1.00606 	0.16815 	-0.60145 	-0.01346 	0.05620 	0.02909 	0.05826 	0.32337 	-0.30380 	0.01309 	-0.01999 	0.26267 	0.02245 	0.05516 	-0.19731 	-0.00442 	0.04993 	0.00954 	0.04885 	0.10608 	-0.09966 	0.00682 	-0.00656 	0.08617 	0.01304 	0.00543	0.06765
Replication84	 0.04596	0.99782	0.91743 	0.91758 	0.92786 	0.93489 	0.92701 	0.94281 	0.90404 	0.92210 	0.94420 	0.92172 	0.93038 	0.94448 	-0.24965 	-0.47770 	-0.28579 	0.31261 	0.00000 	0.43341 	-0.35012 	-0.27217 	0.28466 	0.07306 	0.09844 	0.42590 	-0.08224 	-0.15737 	-0.09415 	0.13797 	0.00000 	0.17135 	-0.11534 	-0.08966 	0.11003 	0.02407 	0.03243 	0.16384 	0.00735	0.10093
Replication85	 0.06064	0.99856	0.99129 	0.97256 	0.95965 	0.98420 	0.97655 	0.96928 	0.88936 	0.91413 	0.95527 	0.90133 	0.92734 	0.95409 	0.26400 	-0.13559 	-0.26319 	0.13506 	0.03560 	0.26982 	-0.40040 	-0.32127 	0.22184 	-0.24912 	0.15689 	0.33820 	0.08684 	-0.04460 	-0.08658 	0.01969 	0.01171 	0.09670 	-0.13171 	-0.10568 	0.10647 	-0.08195 	0.05161 	0.16508 	0.05183	0.08760
Replication86	 0.00159	0.99890	0.98844 	0.97684 	0.94841 	0.98504 	0.97298 	0.96970 	0.95432 	0.95214 	0.96745 	0.95781 	0.96823 	0.96677 	0.10343 	0.10823 	-0.79424 	0.11899 	0.00000 	0.24755 	-0.07552 	-0.43875 	0.17173 	0.07490 	0.20509 	0.26075 	0.03400 	0.03558 	-0.26109 	0.03076 	0.00000 	0.11515 	-0.02483 	-0.14423 	0.08349 	0.02462 	0.06742 	0.12835 	0.01784	0.08922
Replication87	 0.03541	0.99836	0.95240 	0.94582 	0.95476 	0.95966 	0.95447 	0.96253 	0.92833 	0.93129 	0.95978 	0.91459 	0.94929 	0.95882 	-0.05374 	-0.41397 	-0.09130 	0.21672 	0.00000 	0.31228 	-0.02362 	-0.22905 	0.21638 	-0.52529 	0.27679 	0.32897 	-0.01768 	-0.13623 	-0.03004 	0.08526 	0.00000 	0.11500 	-0.00777 	-0.07538 	0.08491 	-0.17286 	0.09109 	0.13169 	0.01418	0.06797
Replication88	 -1.17744	0.99932	0.98365 	1.00150 	0.99917 	0.99684 	0.99617 	0.99738 	0.95036 	0.96346 	0.98810 	0.95382 	0.97097 	0.98723 	-0.23352 	0.24574 	0.14177 	0.06660 	0.01875 	0.09746 	-0.21274 	-0.17853 	0.09279 	-0.22843 	0.08736 	0.14317 	-0.07670 	0.08071 	0.04656 	0.01237 	0.00616 	0.01609 	-0.06987 	-0.05864 	0.03857 	-0.07503 	0.02869 	0.06180 	0.04043	0.01072
Replication89	 -1.41742	0.99903	0.96394 	0.97494 	0.97202 	0.97746 	0.97317 	0.98057 	0.96799 	0.97105 	0.98149 	0.97406 	0.98164 	0.98107 	-0.25920 	0.01707 	-0.24193 	0.13647 	0.00000 	0.19078 	-0.13066 	-0.25645 	0.12440 	0.05975 	0.15949 	0.18852 	-0.08518 	0.00561 	-0.07951 	0.05871 	0.00000 	0.07410 	-0.04294 	-0.08428 	0.04664 	0.01964 	0.05242 	0.07183 	0.01176	0.03703
Replication90	 0.06784	0.99911	0.96376 	0.98206 	0.99504 	0.98152 	0.98221 	0.98753 	0.88216 	0.93176 	0.97427 	0.91246 	0.94418 	0.97271 	-0.26121 	-0.01190 	0.50350 	0.12111 	0.01596 	0.15465 	-0.75560 	-0.06666 	0.14283 	-0.25373 	0.29140 	0.22136 	-0.08583 	-0.00391 	0.16544 	0.04976 	0.00525 	0.04758 	-0.24828 	-0.02190 	0.07148 	-0.08337 	0.09575 	0.11429 	0.10171	0.10626
Replication91	 0.01916	0.99872	0.96715 	0.96942 	0.96836 	0.97578 	0.97272 	0.97520 	0.93554 	0.94642 	0.96992 	0.93084 	0.95531 	0.96937 	-0.12357 	-0.11194 	-0.14003 	0.15384 	0.04652 	0.23345 	-0.13489 	-0.07708 	0.17143 	-0.41066 	0.14519 	0.25969 	-0.04063 	-0.03681 	-0.04605 	0.05142 	0.01530 	0.07976 	-0.04436 	-0.02535 	0.06901 	-0.13504 	0.04774 	0.10600 	0.01195	0.04099
Replication92	 0.02515	0.99887	0.97653 	0.98191 	0.96727 	0.98425 	0.97761 	0.97745 	0.92485 	0.94615 	0.97042 	0.93507 	0.95673 	0.96964 	-0.11836 	0.16299 	-0.32719 	0.12262 	0.01613 	0.21458 	-0.35566 	-0.10201 	0.16408 	-0.22178 	0.20771 	0.24973 	-0.03891 	0.05358 	-0.10756 	0.03186 	0.00530 	0.07838 	-0.11692 	-0.03353 	0.07332 	-0.07291 	0.06828 	0.11353 	0.01286	0.05443
Replication93	 0.00472	0.99949	0.95444 	0.94533 	0.94528 	0.96095 	0.95381 	0.96735 	1.02115 	1.01074 	0.98666 	1.00594 	1.01617 	0.98774 	-0.16676 	-0.44956 	-0.73077 	0.16744 	0.00000 	0.22244 	0.22098 	0.41567 	0.09034 	-0.24878 	0.31284 	0.13066 	-0.05475 	-0.14760 	-0.23994 	0.12678 	0.00000 	0.16143 	0.07256 	0.13648 	0.04968 	-0.08168 	0.10272 	0.06965 	0.03548	0.19532
Replication94	 -1.49481	1.00024	0.99207 	1.01471 	1.00615 	1.00650 	1.00550 	1.01011 	1.03478 	1.01592 	1.01416 	1.03165 	1.03171 	1.01307 	-0.35239 	0.37830 	-0.19302 	0.00073 	0.00000 	-0.01517 	0.18838 	-0.46582 	-0.02226 	0.28621 	0.22121 	-0.02847 	-0.11553 	0.12402 	-0.06328 	0.02027 	0.00000 	0.01415 	0.06176 	-0.15271 	-0.00272 	0.09383 	0.07252 	0.00084 	0.00230	0.05314
Replication95	 0.02244	0.99859	0.97709 	0.94822 	0.92756 	0.96771 	0.95423 	0.95418 	0.95808 	0.95013 	0.95685 	0.94031 	0.95595 	0.95744 	0.25236 	-0.31834 	-0.90624 	0.18310 	0.00000 	0.33560 	0.19306 	-0.03010 	0.21566 	-0.36237 	0.08712 	0.32097 	0.08301 	-0.10471 	-0.29809 	0.07061 	0.00000 	0.16679 	0.06350 	-0.00990 	0.10316 	-0.11919 	0.02865 	0.15215 	0.02919	0.13599
Replication96	 0.16802	0.99679	0.88572 	0.87314 	0.86491 	0.90258 	0.88309 	0.89775 	0.78198 	0.84006 	0.89212 	0.83427 	0.85683 	0.89170 	-0.16198 	-0.53528 	-0.77012 	0.45064 	0.00000 	0.69788 	-0.86734 	-0.39562 	0.48199 	0.15654 	0.26513 	0.72512 	-0.05347 	-0.17670 	-0.25423 	0.19378 	0.00000 	0.31243 	-0.28632 	-0.13060 	0.22513 	0.05168 	0.08752 	0.33968 	0.04697	0.30890
Replication97	 0.16864	0.99689	0.85658 	0.88809 	0.89834 	0.90132 	0.88922 	0.91217 	0.78136 	0.82547 	0.89751 	0.80191 	0.84477 	0.89619 	-0.62542 	-0.19898 	-0.05050 	0.45048 	0.00000 	0.62711 	-0.58960 	-0.46685 	0.46190 	-0.38382 	0.19438 	0.69903 	-0.20642 	-0.06567 	-0.01667 	0.20146 	0.00000 	0.25343 	-0.19460 	-0.15408 	0.21288 	-0.12668 	0.06415 	0.32535 	0.11773	0.29316
Replication98	 0.06391	0.99837	0.88609 	0.92504 	0.94080 	0.92943 	0.92488 	0.95244 	0.95884 	0.95135 	0.96000 	0.93835 	0.95813 	0.96068 	-0.76201 	-0.12471 	-0.16372 	0.30678 	0.00000 	0.35673 	0.20273 	-0.00924 	0.21508 	-0.45251 	0.11049 	0.31968 	-0.25075 	-0.04104 	-0.05388 	0.17656 	0.00000 	0.16132 	0.06671 	-0.00304 	0.08486 	-0.14891 	0.03636 	0.12427 	0.00070	0.15247
Replication99	 -1.17377	1.00040	1.01028 	1.03690 	1.03224 	1.02340 	1.02602 	1.02552 	1.00063 	1.00861 	1.01960 	0.99766 	1.01757 	1.01849 	-0.29473 	0.52659 	0.23964 	-0.05604 	0.01145 	-0.09364 	-0.12195 	0.03770 	-0.04467 	-0.32225 	0.22182 	-0.06199 	-0.09660 	0.17258 	0.07854 	-0.02432 	0.00375 	-0.04603 	-0.03997 	0.01236 	-0.01294 	-0.10562 	0.07270 	-0.01438 	0.04192	0.00008