
 Replication 	 FitnessValue 	 Frequency	Bus1	Bus2	Bus3	Bus4	Bus5	Bus6
Replication0	 0.22197	0.99677	0.96162 	0.96379 	0.96264 	0.96470 	0.96486 	0.96445 
Replication1	 0.19127	0.99711	0.96705 	0.96878 	0.96759 	0.96966 	0.96973 	0.96928 
Replication2	 0.15740	0.99750	0.97240 	0.97437 	0.97376 	0.97496 	0.97518 	0.97503 
Replication3	 0.14274	0.99768	0.97451 	0.97679 	0.97662 	0.97719 	0.97755 	0.97764 
Replication4	 0.24648	0.99650	0.95731 	0.95981 	0.95861 	0.96076 	0.96096 	0.96056 
Replication5	 0.20850	0.99694	0.96421 	0.96666 	0.96398 	0.96729 	0.96701 	0.96624 
Replication6	 0.23053	0.99667	0.96044 	0.96238 	0.96093 	0.96343 	0.96348 	0.96291 
Replication7	 0.24430	0.99652	0.95794 	0.96013 	0.95875 	0.96118 	0.96129 	0.96077 
Replication8	 0.23506	0.99662	0.96003 	0.96165 	0.95988 	0.96284 	0.96277 	0.96202 
Replication9	 0.16990	0.99736	0.97025 	0.97232 	0.97167 	0.97295 	0.97319 	0.97302 
Replication10	 0.24293	0.99653	0.95836 	0.96035 	0.95881 	0.96146 	0.96150 	0.96089 
Replication11	 0.10435	0.99811	0.98162 	0.98304 	0.98254 	0.98351 	0.98366 	0.98351 
Replication12	 0.25472	0.99640	0.95625 	0.95842 	0.95690 	0.95954 	0.95962 	0.95904 
Replication13	 0.26339	0.99631	0.95424 	0.95704 	0.95598 	0.95800 	0.95828 	0.95797 
Replication14	 0.20253	0.99699	0.96491 	0.96697 	0.96594 	0.96781 	0.96796 	0.96761 
Replication15	 0.09496	0.99823	0.98309 	0.98530 	0.98357 	0.98532 	0.98518 	0.98488 
Replication16	 0.13195	0.99779	0.97718 	0.97850 	0.97761 	0.97916 	0.97922 	0.97888 
Replication17	 0.17506	0.99730	0.96945 	0.97147 	0.97073 	0.97215 	0.97236 	0.97214 
Replication18	 0.13555	0.99775	0.97651 	0.97791 	0.97705 	0.97857 	0.97864 	0.97832 
Replication19	 0.18085	0.99724	0.96843 	0.97053 	0.96978 	0.97122 	0.97144 	0.97122 
Replication20	 0.23577	0.99662	0.95926 	0.96153 	0.96032 	0.96250 	0.96266 	0.96223 
Replication21	 0.18625	0.99718	0.96764 	0.96995 	0.96843 	0.97055 	0.97057 	0.97017 
Replication22	 0.22210	0.99678	0.96117 	0.96380 	0.96306 	0.96456 	0.96487 	0.96470 
Replication23	 0.13129	0.99780	0.97733 	0.97905 	0.97727 	0.97950 	0.97933 	0.97882 
Replication24	 0.26697	0.99627	0.95385 	0.95655 	0.95503 	0.95755 	0.95769 	0.95720 
Replication25	 0.20492	0.99698	0.96402 	0.96695 	0.96572 	0.96744 	0.96762 	0.96742 
Replication26	 0.19369	0.99711	0.96630 	0.96921 	0.96683 	0.96958 	0.96941 	0.96888 
Replication27	 0.19203	0.99714	0.96638 	0.96979 	0.96707 	0.96993 	0.96970 	0.96919 
Replication28	 0.16298	0.99743	0.97209 	0.97342 	0.97219 	0.97427 	0.97426 	0.97375 
Replication29	 0.22938	0.99669	0.96022 	0.96259 	0.96153 	0.96348 	0.96369 	0.96334 
Replication30	 0.26459	0.99629	0.95482 	0.95682 	0.95504 	0.95806 	0.95806 	0.95733 
Replication31	 0.17279	0.99732	0.97053 	0.97181 	0.97044 	0.97273 	0.97269 	0.97211 
Replication32	 0.20688	0.99694	0.96420 	0.96626 	0.96517 	0.96712 	0.96727 	0.96689 
Replication33	 0.10915	0.99806	0.98048 	0.98269 	0.98163 	0.98284 	0.98291 	0.98278 
Replication34	 0.17969	0.99725	0.96860 	0.97072 	0.97000 	0.97140 	0.97162 	0.97143 
Replication35	 0.24952	0.99647	0.95658 	0.95931 	0.95835 	0.96020 	0.96049 	0.96022 
Replication36	 0.19076	0.99712	0.96699 	0.96889 	0.96786 	0.96971 	0.96984 	0.96947 
Replication37	 0.08889	0.99830	0.98390 	0.98653 	0.98498 	0.98634 	0.98629 	0.98616 
Replication38	 0.16528	0.99742	0.97127 	0.97351 	0.97181 	0.97398 	0.97392 	0.97349 
Replication39	 0.20569	0.99696	0.96432 	0.96646 	0.96546 	0.96729 	0.96746 	0.96713 
Replication40	 0.22150	0.99677	0.96260 	0.96389 	0.96198 	0.96510 	0.96495 	0.96411 
Replication41	 0.26602	0.99628	0.95391 	0.95660 	0.95541 	0.95761 	0.95785 	0.95746 
Replication42	 0.19204	0.99711	0.96676 	0.96868 	0.96766 	0.96950 	0.96963 	0.96927 
Replication43	 0.23593	0.99661	0.95956 	0.96149 	0.95998 	0.96258 	0.96262 	0.96202 
Replication44	 0.19948	0.99702	0.96617 	0.96747 	0.96582 	0.96855 	0.96845 	0.96773 
Replication45	 0.07445	0.99849	0.98716 	0.98951 	0.98615 	0.98924 	0.98861 	0.98790 
Replication46	 0.23409	0.99663	0.95998 	0.96180 	0.96020 	0.96291 	0.96291 	0.96226 
Replication47	 0.25521	0.99641	0.95547 	0.95842 	0.95751 	0.95927 	0.95960 	0.95938 
Replication48	 0.08530	0.99834	0.98445 	0.98683 	0.98587 	0.98675 	0.98684 	0.98685 
Replication49	 0.23950	0.99657	0.95930 	0.96093 	0.95911 	0.96214 	0.96207 	0.96129 
Replication50	 0.02054	0.99910	0.99596 	0.99822 	0.99546 	0.99768 	0.99716 	0.99672 
Replication51	 0.19255	0.99711	0.96630 	0.96904 	0.96755 	0.96951 	0.96959 	0.96928 
Replication52	 0.20152	0.99700	0.96508 	0.96714 	0.96612 	0.96797 	0.96812 	0.96778 
Replication53	 0.25082	0.99644	0.95694 	0.95906 	0.95754 	0.96017 	0.96024 	0.95965 
Replication54	 0.19507	0.99707	0.96618 	0.96819 	0.96720 	0.96900 	0.96915 	0.96882 
Replication55	 0.16452	0.99742	0.97178 	0.97316 	0.97197 	0.97400 	0.97401 	0.97352 
Replication56	 0.12333	0.99790	0.97839 	0.98037 	0.97891 	0.98069 	0.98063 	0.98029 
Replication57	 0.22149	0.99678	0.96178 	0.96386 	0.96263 	0.96481 	0.96493 	0.96448 
Replication58	 0.15336	0.99757	0.97335 	0.97601 	0.97327 	0.97619 	0.97585 	0.97523 
Replication59	 0.27307	0.99620	0.95269 	0.95545 	0.95424 	0.95648 	0.95672 	0.95633 
Replication60	 0.13741	0.99775	0.97544 	0.97840 	0.97679 	0.97841 	0.97841 	0.97824 
Replication61	 0.19554	0.99707	0.96570 	0.96814 	0.96753 	0.96880 	0.96911 	0.96899 
Replication62	 0.18781	0.99716	0.96733 	0.96940 	0.96850 	0.97014 	0.97032 	0.97004 
Replication63	 0.23017	0.99668	0.96014 	0.96245 	0.96133 	0.96337 	0.96355 	0.96318 
Replication64	 0.24501	0.99652	0.95740 	0.96006 	0.95904 	0.96095 	0.96121 	0.96091 
Replication65	 0.19609	0.99707	0.96584 	0.96804 	0.96720 	0.96878 	0.96900 	0.96875 
Replication66	 0.15874	0.99751	0.97162 	0.97492 	0.97340 	0.97494 	0.97502 	0.97492 
Replication67	 0.11286	0.99801	0.98007 	0.98165 	0.98120 	0.98211 	0.98230 	0.98220 
Replication68	 0.21854	0.99681	0.96273 	0.96434 	0.96275 	0.96543 	0.96540 	0.96474 
Replication69	 0.21914	0.99680	0.96217 	0.96434 	0.96296 	0.96522 	0.96531 	0.96484 
Replication70	 0.12211	0.99793	0.97831 	0.98128 	0.97876 	0.98114 	0.98086 	0.98045 
Replication71	 0.27151	0.99621	0.95391 	0.95577 	0.95361 	0.95709 	0.95698 	0.95609 
Replication72	 0.19357	0.99709	0.96671 	0.96841 	0.96717 	0.96931 	0.96936 	0.96888 
Replication73	 0.11602	0.99798	0.97949 	0.98152 	0.98033 	0.98178 	0.98180 	0.98157 
Replication74	 0.17492	0.99731	0.96921 	0.97151 	0.97101 	0.97210 	0.97240 	0.97232 
Replication75	 0.23240	0.99665	0.96031 	0.96208 	0.96045 	0.96320 	0.96319 	0.96252 
Replication76	 0.22968	0.99668	0.96093 	0.96253 	0.96079 	0.96369 	0.96363 	0.96289 
Replication77	 0.18503	0.99719	0.96775 	0.96984 	0.96904 	0.97056 	0.97077 	0.97053 
Replication78	 0.17308	0.99732	0.97038 	0.97186 	0.97038 	0.97270 	0.97264 	0.97208 
Replication79	 0.20320	0.99699	0.96451 	0.96688 	0.96611 	0.96761 	0.96788 	0.96768 
Replication80	 0.26458	0.99629	0.95486 	0.95682 	0.95501 	0.95808 	0.95806 	0.95731 
Replication81	 0.20446	0.99697	0.96443 	0.96666 	0.96577 	0.96745 	0.96766 	0.96739 
Replication82	 0.24340	0.99653	0.95792 	0.96029 	0.95907 	0.96127 	0.96144 	0.96102 
Replication83	 0.19060	0.99712	0.96737 	0.96889 	0.96753 	0.96984 	0.96984 	0.96928 
Replication84	 0.23029	0.99668	0.96026 	0.96242 	0.96118 	0.96339 	0.96352 	0.96307 
Replication85	 0.22382	0.99676	0.96088 	0.96352 	0.96277 	0.96428 	0.96460 	0.96442 
Replication86	 0.21306	0.99687	0.96359 	0.96524 	0.96373 	0.96628 	0.96627 	0.96565 
Replication87	 0.20609	0.99696	0.96382 	0.96655 	0.96571 	0.96716 	0.96743 	0.96729 
Replication88	 0.19751	0.99704	0.96631 	0.96778 	0.96630 	0.96879 	0.96875 	0.96814 
Replication89	 0.19090	0.99712	0.96705 	0.96886 	0.96775 	0.96971 	0.96981 	0.96940 
Replication90	 0.19389	0.99709	0.96651 	0.96841 	0.96724 	0.96924 	0.96934 	0.96892 
Replication91	 0.18121	0.99723	0.96917 	0.97045 	0.96899 	0.97143 	0.97136 	0.97073 
Replication92	 0.25313	0.99642	0.95690 	0.95870 	0.95687 	0.95994 	0.95989 	0.95913 
Replication93	 0.11914	0.99794	0.97874 	0.98088 	0.98015 	0.98115 	0.98131 	0.98124 
Replication94	 0.19872	0.99704	0.96509 	0.96763 	0.96707 	0.96827 	0.96861 	0.96852 
Replication95	 0.23273	0.99665	0.95952 	0.96205 	0.96109 	0.96291 	0.96316 	0.96288 
Replication96	 0.21187	0.99688	0.96417 	0.96545 	0.96365 	0.96662 	0.96648 	0.96569 
Replication97	 0.17968	0.99725	0.96841 	0.97074 	0.97020 	0.97134 	0.97164 	0.97155 
Replication98	 0.18900	0.99716	0.96661 	0.96946 	0.96863 	0.96990 	0.97017 	0.97010 
Replication99	 0.17873	0.99726	0.96920 	0.97084 	0.96970 	0.97167 	0.97174 	0.97130 
Replication100	 0.19507	0.99708	0.96607 	0.96825 	0.96727 	0.96899 	0.96916 	0.96887 
Replication101	 0.20910	0.99691	0.96411 	0.96587 	0.96450 	0.96685 	0.96689 	0.96634 
Replication102	 0.21136	0.99689	0.96390 	0.96564 	0.96388 	0.96662 	0.96655 	0.96588 
Replication103	 0.26798	0.99625	0.95375 	0.95626 	0.95489 	0.95735 	0.95752 	0.95703 
Replication104	 0.19295	0.99711	0.96642 	0.96889 	0.96735 	0.96947 	0.96951 	0.96912 
Replication105	 0.21372	0.99688	0.96269 	0.96563 	0.96394 	0.96615 	0.96621 	0.96585 
Replication106	 0.21458	0.99685	0.96304 	0.96505 	0.96367 	0.96597 	0.96603 	0.96553 
Replication107	 0.18170	0.99722	0.96865 	0.97037 	0.96927 	0.97119 	0.97128 	0.97087 
Replication108	 0.17771	0.99727	0.96949 	0.97100 	0.96978 	0.97188 	0.97190 	0.97141 
Replication109	 0.25629	0.99639	0.95535 	0.95821 	0.95728 	0.95910 	0.95942 	0.95917 
Replication110	 0.15478	0.99753	0.97326 	0.97476 	0.97378 	0.97550 	0.97557 	0.97519 
Replication111	 0.22307	0.99677	0.96084 	0.96390 	0.96284 	0.96447 	0.96474 	0.96458 
Replication112	 0.21923	0.99680	0.96330 	0.96428 	0.96214 	0.96559 	0.96534 	0.96436 
Replication113	 0.19383	0.99708	0.96677 	0.96836 	0.96703 	0.96931 	0.96932 	0.96878 
Replication114	 0.20512	0.99696	0.96482 	0.96652 	0.96515 	0.96749 	0.96752 	0.96697 
Replication115	 0.02604	0.99902	0.99472 	0.99691 	0.99510 	0.99649 	0.99625 	0.99606 
Replication116	 0.24443	0.99652	0.95810 	0.96010 	0.95856 	0.96122 	0.96126 	0.96065 
Replication117	 0.20018	0.99702	0.96543 	0.96735 	0.96623 	0.96822 	0.96833 	0.96792 
Replication118	 0.20527	0.99696	0.96462 	0.96651 	0.96530 	0.96742 	0.96751 	0.96706 
Replication119	 0.25207	0.99644	0.95628 	0.95888 	0.95777 	0.95984 	0.96007 	0.95972 
Replication120	 0.19364	0.99709	0.96656 	0.96842 	0.96731 	0.96927 	0.96937 	0.96897 
Replication121	 0.22603	0.99672	0.96136 	0.96312 	0.96156 	0.96420 	0.96420 	0.96357 
Replication122	 0.18768	0.99716	0.96721 	0.96942 	0.96869 	0.97011 	0.97035 	0.97016 
Replication123	 0.21633	0.99684	0.96202 	0.96476 	0.96417 	0.96544 	0.96580 	0.96572 
Replication124	 0.14415	0.99766	0.97453 	0.97654 	0.97612 	0.97704 	0.97731 	0.97725 
Replication125	 0.16727	0.99739	0.97097 	0.97274 	0.97185 	0.97346 	0.97359 	0.97329 
Replication126	 0.18677	0.99717	0.96723 	0.96957 	0.96897 	0.97021 	0.97050 	0.97038 
Replication127	 0.21085	0.99690	0.96367 	0.96568 	0.96429 	0.96657 	0.96662 	0.96613 
Replication128	 0.22206	0.99677	0.96145 	0.96379 	0.96278 	0.96465 	0.96486 	0.96454 
Replication129	 0.22787	0.99670	0.96084 	0.96281 	0.96143 	0.96383 	0.96391 	0.96337 
Replication130	 0.21779	0.99682	0.96193 	0.96450 	0.96375 	0.96526 	0.96556 	0.96538 
Replication131	 0.08313	0.99836	0.98517 	0.98720 	0.98589 	0.98723 	0.98718 	0.98699 
Replication132	 0.18065	0.99723	0.96915 	0.97052 	0.96914 	0.97146 	0.97143 	0.97085 
Replication133	 0.24887	0.99647	0.95733 	0.95938 	0.95782 	0.96051 	0.96055 	0.95994 
Replication134	 0.16779	0.99739	0.97057 	0.97267 	0.97207 	0.97328 	0.97353 	0.97339 
Replication135	 0.15765	0.99750	0.97284 	0.97445 	0.97307 	0.97515 	0.97511 	0.97464 
Replication136	 0.19861	0.99703	0.96585 	0.96758 	0.96632 	0.96851 	0.96856 	0.96807 
Replication137	 0.17236	0.99734	0.96980 	0.97236 	0.97088 	0.97277 	0.97281 	0.97250 
Replication138	 0.19279	0.99711	0.96619 	0.96875 	0.96782 	0.96933 	0.96955 	0.96937 
Replication139	 0.22495	0.99674	0.96131 	0.96329 	0.96194 	0.96429 	0.96437 	0.96385 
Replication140	 0.19182	0.99711	0.96693 	0.96871 	0.96757 	0.96958 	0.96966 	0.96923 
Replication141	 0.28491	0.99606	0.95123 	0.95349 	0.95171 	0.95477 	0.95481 	0.95411 
Replication142	 0.23060	0.99667	0.96024 	0.96237 	0.96109 	0.96335 	0.96347 	0.96300 
Replication143	 0.09811	0.99819	0.98296 	0.98472 	0.98314 	0.98493 	0.98480 	0.98444 
Replication144	 0.29154	0.99599	0.94989 	0.95241 	0.95077 	0.95364 	0.95376 	0.95314 
Replication145	 0.18022	0.99724	0.96911 	0.97059 	0.96931 	0.97149 	0.97150 	0.97098 
Replication146	 0.13803	0.99774	0.97528 	0.97844 	0.97661 	0.97837 	0.97832 	0.97814 
Replication147	 0.26023	0.99634	0.95548 	0.95752 	0.95583 	0.95872 	0.95875 	0.95807 
Replication148	 0.23637	0.99661	0.95916 	0.96143 	0.96021 	0.96240 	0.96256 	0.96212 
Replication149	 0.20681	0.99694	0.96449 	0.96645 	0.96471 	0.96731 	0.96726 	0.96666 
Replication150	 0.26215	0.99632	0.95479 	0.95721 	0.95583 	0.95829 	0.95844 	0.95795 
Replication151	 0.21425	0.99685	0.96367 	0.96506 	0.96332 	0.96620 	0.96610 	0.96534 
Replication152	 0.22091	0.99678	0.96216 	0.96395 	0.96248 	0.96499 	0.96502 	0.96443 
Replication153	 0.20731	0.99694	0.96384 	0.96621 	0.96539 	0.96697 	0.96722 	0.96700 
Replication154	 0.18862	0.99715	0.96734 	0.96924 	0.96824 	0.97005 	0.97018 	0.96983 
Replication155	 0.21804	0.99681	0.96260 	0.96440 	0.96298 	0.96542 	0.96546 	0.96489 
Replication156	 0.19528	0.99707	0.96682 	0.96815 	0.96658 	0.96919 	0.96912 	0.96844 
Replication157	 0.20073	0.99701	0.96554 	0.96724 	0.96591 	0.96819 	0.96822 	0.96770 
Replication158	 0.22897	0.99669	0.96028 	0.96265 	0.96161 	0.96354 	0.96375 	0.96341 
Replication159	 0.17314	0.99733	0.96951 	0.97181 	0.97131 	0.97238 	0.97268 	0.97261 
Replication160	 0.22944	0.99669	0.96032 	0.96263 	0.96135 	0.96353 	0.96367 	0.96324 
Replication161	 0.19686	0.99705	0.96643 	0.96789 	0.96640 	0.96890 	0.96886 	0.96823 
Replication162	 0.23190	0.99666	0.95968 	0.96218 	0.96121 	0.96305 	0.96329 	0.96300 
Replication163	 0.13284	0.99778	0.97687 	0.97872 	0.97730 	0.97915 	0.97910 	0.97873 
Replication164	 0.09334	0.99826	0.98278 	0.98605 	0.98396 	0.98563 	0.98548 	0.98533 
Replication165	 0.27643	0.99616	0.95241 	0.95488 	0.95337 	0.95603 	0.95617 	0.95561 
Replication166	 0.17860	0.99727	0.96891 	0.97140 	0.96958 	0.97186 	0.97180 	0.97137 
Replication167	 0.24621	0.99650	0.95804 	0.95982 	0.95807 	0.96102 	0.96099 	0.96026 
Replication168	 0.17728	0.99728	0.96912 	0.97144 	0.96999 	0.97198 	0.97201 	0.97165 
Replication169	 0.18478	0.99719	0.96770 	0.96989 	0.96918 	0.97057 	0.97081 	0.97063 
Replication170	 0.10384	0.99812	0.98229 	0.98327 	0.98240 	0.98386 	0.98387 	0.98352 
Replication171	 0.17842	0.99726	0.96926 	0.97089 	0.96975 	0.97173 	0.97179 	0.97135 
Replication172	 0.15950	0.99749	0.97215 	0.97452 	0.97282 	0.97491 	0.97485 	0.97446 
Replication173	 0.13304	0.99777	0.97698 	0.97832 	0.97744 	0.97898 	0.97904 	0.97871 
Replication174	 0.14257	0.99767	0.97530 	0.97676 	0.97588 	0.97744 	0.97752 	0.97719 
Replication175	 0.16845	0.99739	0.97059 	0.97311 	0.97130 	0.97349 	0.97343 	0.97302 
Replication176	 0.10177	0.99815	0.98147 	0.98417 	0.98288 	0.98407 	0.98411 	0.98404 
Replication177	 0.26751	0.99626	0.95357 	0.95637 	0.95525 	0.95735 	0.95762 	0.95728 
Replication178	 0.21671	0.99683	0.96240 	0.96466 	0.96364 	0.96551 	0.96571 	0.96537 
Replication179	 0.09419	0.99824	0.98287 	0.98578 	0.98372 	0.98551 	0.98532 	0.98510 
Replication180	 0.14445	0.99765	0.97448 	0.97649 	0.97607 	0.97699 	0.97726 	0.97720 
Replication181	 0.28962	0.99602	0.94988 	0.95275 	0.95143 	0.95384 	0.95409 	0.95365 
Replication182	 0.17635	0.99728	0.96959 	0.97123 	0.97013 	0.97205 	0.97212 	0.97170 
Replication183	 0.17631	0.99729	0.96912 	0.97128 	0.97063 	0.97192 	0.97217 	0.97201 
Replication184	 0.14275	0.99766	0.97553 	0.97673 	0.97561 	0.97750 	0.97749 	0.97703 
Replication185	 0.22732	0.99671	0.96090 	0.96290 	0.96155 	0.96391 	0.96399 	0.96348 
Replication186	 0.15805	0.99750	0.97191 	0.97429 	0.97403 	0.97474 	0.97511 	0.97516 
Replication187	 0.20885	0.99693	0.96373 	0.96630 	0.96465 	0.96694 	0.96697 	0.96654 
Replication188	 0.15997	0.99747	0.97249 	0.97391 	0.97280 	0.97471 	0.97474 	0.97430 
Replication189	 0.15348	0.99755	0.97375 	0.97543 	0.97333 	0.97603 	0.97579 	0.97513 
Replication190	 0.15867	0.99749	0.97373 	0.97418 	0.97225 	0.97531 	0.97500 	0.97408 
Replication191	 0.16243	0.99744	0.97233 	0.97351 	0.97216 	0.97440 	0.97434 	0.97377 
Replication192	 0.18077	0.99723	0.96897 	0.97050 	0.96926 	0.97139 	0.97141 	0.97091 
Replication193	 0.12907	0.99784	0.97748 	0.97979 	0.97755 	0.97997 	0.97972 	0.97922 
Replication194	 0.26529	0.99628	0.95421 	0.95670 	0.95534 	0.95778 	0.95795 	0.95746 
Replication195	 0.24467	0.99651	0.95865 	0.96010 	0.95807 	0.96141 	0.96126 	0.96037 
Replication196	 0.15803	0.99751	0.97204 	0.97484 	0.97337 	0.97506 	0.97511 	0.97490 
Replication197	 0.20695	0.99694	0.96426 	0.96624 	0.96510 	0.96713 	0.96725 	0.96683 
Replication198	 0.18264	0.99723	0.96808 	0.97103 	0.96880 	0.97131 	0.97118 	0.97072 
Replication199	 0.19552	0.99707	0.96706 	0.96813 	0.96633 	0.96927 	0.96910 	0.96829 
Replication200	 0.15408	0.99753	0.97366 	0.97488 	0.97365 	0.97571 	0.97568 	0.97516 
Replication201	 0.20179	0.99700	0.96491 	0.96710 	0.96619 	0.96789 	0.96809 	0.96781 
Replication202	 0.09887	0.99819	0.98215 	0.98478 	0.98307 	0.98466 	0.98456 	0.98436 
Replication203	 0.19860	0.99703	0.96564 	0.96761 	0.96655 	0.96845 	0.96859 	0.96821 
Replication204	 0.09217	0.99826	0.98334 	0.98597 	0.98406 	0.98580 	0.98564 	0.98539 
Replication205	 0.14713	0.99762	0.97488 	0.97617 	0.97465 	0.97691 	0.97679 	0.97622 
Replication206	 0.20510	0.99696	0.96433 	0.96656 	0.96565 	0.96735 	0.96756 	0.96728 
Replication207	 0.21003	0.99690	0.96369 	0.96574 	0.96462 	0.96662 	0.96676 	0.96636 
Replication208	 0.21073	0.99690	0.96357 	0.96562 	0.96450 	0.96651 	0.96665 	0.96625 
Replication209	 0.20308	0.99699	0.96426 	0.96693 	0.96642 	0.96755 	0.96792 	0.96787 
Replication210	 0.17488	0.99730	0.97003 	0.97147 	0.97021 	0.97235 	0.97235 	0.97184 
Replication211	 0.18515	0.99719	0.96814 	0.97002 	0.96837 	0.97078 	0.97072 	0.97017 
Replication212	 0.24002	0.99657	0.95870 	0.96083 	0.95944 	0.96187 	0.96197 	0.96144 
Replication213	 0.21101	0.99689	0.96354 	0.96558 	0.96443 	0.96647 	0.96660 	0.96619 
Replication214	 0.22154	0.99677	0.96237 	0.96386 	0.96213 	0.96501 	0.96493 	0.96419 
Replication215	 0.18431	0.99719	0.96848 	0.96992 	0.96856 	0.97086 	0.97085 	0.97028 
Replication216	 0.26321	0.99631	0.95524 	0.95706 	0.95513 	0.95835 	0.95829 	0.95748 
Replication217	 0.16269	0.99744	0.97180 	0.97348 	0.97257 	0.97421 	0.97432 	0.97400 
Replication218	 0.12523	0.99787	0.97794 	0.97996 	0.97882 	0.98029 	0.98033 	0.98009 
Replication219	 0.25380	0.99642	0.95607 	0.95859 	0.95739 	0.95959 	0.95979 	0.95939 
Replication220	 0.07148	0.99849	0.98677 	0.98905 	0.98820 	0.98893 	0.98903 	0.98906 
Replication221	 0.20969	0.99691	0.96439 	0.96580 	0.96413 	0.96690 	0.96682 	0.96610 
Replication222	 0.25669	0.99638	0.95644 	0.95813 	0.95617 	0.95943 	0.95933 	0.95850 
Replication223	 0.11546	0.99800	0.97936 	0.98226 	0.98007 	0.98212 	0.98192 	0.98161 
Replication224	 0.17712	0.99728	0.96914 	0.97113 	0.97034 	0.97184 	0.97203 	0.97178 
Replication225	 0.19269	0.99711	0.96630 	0.96860 	0.96790 	0.96929 	0.96955 	0.96938 
Replication226	 0.23474	0.99663	0.95964 	0.96169 	0.96029 	0.96273 	0.96281 	0.96228 
Replication227	 0.18265	0.99722	0.96829 	0.97022 	0.96931 	0.97098 	0.97114 	0.97084 
Replication228	 0.22200	0.99677	0.96207 	0.96377 	0.96222 	0.96485 	0.96484 	0.96421 
Replication229	 0.12182	0.99790	0.97968 	0.98019 	0.97871 	0.98107 	0.98087 	0.98017 
Replication230	 0.18376	0.99720	0.96818 	0.97011 	0.96898 	0.97086 	0.97096 	0.97059 
Replication231	 0.24710	0.99649	0.95730 	0.95968 	0.95843 	0.96068 	0.96085 	0.96041 
Replication232	 0.20060	0.99703	0.96454 	0.96782 	0.96653 	0.96815 	0.96834 	0.96821 
Replication233	 0.07106	0.99852	0.98720 	0.98991 	0.98727 	0.98952 	0.98913 	0.98873 
Replication234	 0.21193	0.99689	0.96270 	0.96548 	0.96498 	0.96612 	0.96651 	0.96647 
Replication235	 0.10543	0.99809	0.98204 	0.98285 	0.98180 	0.98353 	0.98346 	0.98301 
Replication236	 0.28651	0.99605	0.95057 	0.95324 	0.95179 	0.95439 	0.95457 	0.95405 
Replication237	 0.13141	0.99780	0.97840 	0.97864 	0.97683 	0.97967 	0.97935 	0.97848 
Replication238	 0.33563	0.99552	0.94154 	0.94530 	0.94424 	0.94638 	0.94682 	0.94658 
Replication239	 0.14856	0.99760	0.97387 	0.97582 	0.97529 	0.97636 	0.97660 	0.97648 
Replication240	 0.17377	0.99732	0.96928 	0.97171 	0.97133 	0.97224 	0.97259 	0.97259 
Replication241	 0.18704	0.99716	0.96822 	0.96950 	0.96797 	0.97051 	0.97043 	0.96977 
Replication242	 0.21415	0.99686	0.96275 	0.96508 	0.96417 	0.96589 	0.96612 	0.96584 
Replication243	 0.13780	0.99775	0.97508 	0.97829 	0.97708 	0.97823 	0.97837 	0.97838 
Replication244	 0.26197	0.99633	0.95416 	0.95731 	0.95656 	0.95813 	0.95854 	0.95840 
Replication245	 0.16671	0.99739	0.97107 	0.97284 	0.97193 	0.97356 	0.97368 	0.97337 
Replication246	 0.08527	0.99834	0.98519 	0.98693 	0.98512 	0.98705 	0.98684 	0.98643 
Replication247	 0.20277	0.99698	0.96513 	0.96690 	0.96562 	0.96784 	0.96790 	0.96740 
Replication248	 0.20119	0.99700	0.96577 	0.96719 	0.96561 	0.96824 	0.96817 	0.96750 
Replication249	 0.21305	0.99688	0.96278 	0.96527 	0.96451 	0.96602 	0.96631 	0.96612 
Replication250	 0.22455	0.99674	0.96161 	0.96361 	0.96158 	0.96457 	0.96444 	0.96373 
Replication251	 0.19932	0.99702	0.96641 	0.96751 	0.96569 	0.96866 	0.96849 	0.96768 
Replication252	 0.25426	0.99641	0.95611 	0.95851 	0.95720 	0.95955 	0.95971 	0.95924 
Replication253	 0.16487	0.99742	0.97133 	0.97313 	0.97230 	0.97383 	0.97398 	0.97370 
Replication254	 0.22675	0.99671	0.96119 	0.96300 	0.96148 	0.96407 	0.96408 	0.96347 
Replication255	 0.18314	0.99721	0.96839 	0.97013 	0.96904 	0.97096 	0.97105 	0.97064 
Replication256	 0.10085	0.99815	0.98238 	0.98429 	0.98229 	0.98446 	0.98421 	0.98375 
Replication257	 0.13912	0.99772	0.97550 	0.97797 	0.97628 	0.97818 	0.97812 	0.97780 
Replication258	 0.23570	0.99662	0.95926 	0.96154 	0.96034 	0.96251 	0.96267 	0.96224 
Replication259	 0.25348	0.99642	0.95618 	0.95864 	0.95738 	0.95965 	0.95983 	0.95940 
Replication260	 0.20130	0.99701	0.96504 	0.96753 	0.96590 	0.96815 	0.96817 	0.96775 
Replication261	 0.26122	0.99634	0.95448 	0.95741 	0.95648 	0.95831 	0.95863 	0.95840 
Replication262	 0.20219	0.99699	0.96572 	0.96703 	0.96535 	0.96812 	0.96802 	0.96729 
Replication263	 0.18125	0.99723	0.96918 	0.97045 	0.96896 	0.97143 	0.97135 	0.97072 
Replication264	 0.15415	0.99754	0.97288 	0.97490 	0.97438 	0.97546 	0.97571 	0.97560 
Replication265	 0.10231	0.99813	0.98209 	0.98385 	0.98227 	0.98411 	0.98397 	0.98359 
Replication266	 0.16150	0.99746	0.97164 	0.97405 	0.97280 	0.97446 	0.97454 	0.97429 
Replication267	 0.21215	0.99690	0.96319 	0.96603 	0.96383 	0.96656 	0.96645 	0.96592 
Replication268	 0.15116	0.99759	0.97353 	0.97616 	0.97403 	0.97637 	0.97620 	0.97576 
Replication269	 0.24892	0.99647	0.95659 	0.95942 	0.95854 	0.96027 	0.96060 	0.96037 
Replication270	 0.10279	0.99814	0.98195 	0.98430 	0.98182 	0.98428 	0.98393 	0.98342 
Replication271	 0.20784	0.99693	0.96412 	0.96609 	0.96493 	0.96699 	0.96711 	0.96668 
Replication272	 0.23262	0.99665	0.95967 	0.96206 	0.96097 	0.96297 	0.96317 	0.96281 
Replication273	 0.13953	0.99771	0.97570 	0.97752 	0.97629 	0.97802 	0.97803 	0.97769 
Replication274	 0.17938	0.99725	0.96864 	0.97077 	0.97007 	0.97144 	0.97167 	0.97149 
Replication275	 0.25394	0.99641	0.95624 	0.95855 	0.95717 	0.95962 	0.95975 	0.95924 
Replication276	 0.23444	0.99663	0.96022 	0.96176 	0.95992 	0.96297 	0.96288 	0.96209 
Replication277	 0.18026	0.99724	0.96923 	0.97059 	0.96920 	0.97153 	0.97149 	0.97091 
Replication278	 0.15016	0.99759	0.97361 	0.97555 	0.97501 	0.97611 	0.97634 	0.97622 
Replication279	 0.21576	0.99685	0.96215 	0.96485 	0.96423 	0.96554 	0.96589 	0.96579 
Replication280	 0.19453	0.99708	0.96738 	0.96831 	0.96638 	0.96949 	0.96927 	0.96839 
Replication281	 0.19414	0.99708	0.96694 	0.96834 	0.96683 	0.96935 	0.96929 	0.96866 
Replication282	 0.19035	0.99713	0.96706 	0.96896 	0.96793 	0.96977 	0.96990 	0.96954 
Replication283	 0.12549	0.99788	0.97888 	0.98026 	0.97760 	0.98075 	0.98029 	0.97945 
Replication284	 0.15293	0.99756	0.97339 	0.97544 	0.97396 	0.97592 	0.97589 	0.97551 
Replication285	 0.24865	0.99647	0.95744 	0.95942 	0.95780 	0.96056 	0.96059 	0.95994 
Replication286	 0.17099	0.99734	0.97093 	0.97212 	0.97070 	0.97307 	0.97299 	0.97238 
Replication287	 0.00656	0.99928	0.99822 	1.00081 	0.99846 	1.00007 	0.99968 	0.99947 
Replication288	 0.23205	0.99666	0.95946 	0.96218 	0.96139 	0.96297 	0.96328 	0.96310 
Replication289	 0.17471	0.99731	0.97025 	0.97215 	0.96948 	0.97277 	0.97240 	0.97158 
Replication290	 0.18639	0.99717	0.96760 	0.96962 	0.96873 	0.97037 	0.97054 	0.97026 
Replication291	 0.23754	0.99659	0.95924 	0.96123 	0.95974 	0.96231 	0.96236 	0.96178 
Replication292	 0.21194	0.99688	0.96328 	0.96543 	0.96439 	0.96629 	0.96646 	0.96611 
Replication293	 0.18531	0.99719	0.96765 	0.96980 	0.96904 	0.97050 	0.97072 	0.97051 
Replication294	 0.13779	0.99773	0.97607 	0.97777 	0.97656 	0.97830 	0.97830 	0.97795 
Replication295	 0.09488	0.99823	0.98362 	0.98519 	0.98362 	0.98546 	0.98531 	0.98491 
Replication296	 0.13612	0.99776	0.97611 	0.97866 	0.97650 	0.97880 	0.97860 	0.97817 
Replication297	 0.19394	0.99708	0.96667 	0.96836 	0.96707 	0.96927 	0.96931 	0.96880 
Replication298	 0.23532	0.99662	0.95931 	0.96161 	0.96042 	0.96256 	0.96273 	0.96232 
Replication299	 0.14676	0.99762	0.97492 	0.97607 	0.97488 	0.97688 	0.97685 	0.97635 
Replication300	 0.19557	0.99708	0.96558 	0.96851 	0.96730 	0.96894 	0.96912 	0.96894 
Replication301	 0.11992	0.99794	0.97873 	0.98121 	0.97946 	0.98129 	0.98119 	0.98090 
Replication302	 0.21555	0.99684	0.96270 	0.96484 	0.96374 	0.96573 	0.96588 	0.96550 
Replication303	 0.24196	0.99655	0.95819 	0.96052 	0.95928 	0.96151 	0.96167 	0.96123 
Replication304	 0.15397	0.99755	0.97275 	0.97533 	0.97420 	0.97563 	0.97575 	0.97560 
Replication305	 0.15084	0.99758	0.97363 	0.97543 	0.97476 	0.97604 	0.97623 	0.97603 
Replication306	 0.13234	0.99780	0.97695 	0.97932 	0.97692 	0.97949 	0.97920 	0.97866 
Replication307	 0.19112	0.99714	0.96618 	0.96956 	0.96794 	0.96976 	0.96985 	0.96967 
Replication308	 0.21040	0.99690	0.96378 	0.96567 	0.96440 	0.96661 	0.96669 	0.96621 
Replication309	 0.19409	0.99708	0.96700 	0.96835 	0.96679 	0.96938 	0.96930 	0.96864 
Replication310	 0.16253	0.99744	0.97168 	0.97352 	0.97275 	0.97419 	0.97435 	0.97411 
Replication311	 0.16103	0.99746	0.97210 	0.97376 	0.97284 	0.97448 	0.97459 	0.97426 
Replication312	 0.23598	0.99662	0.95903 	0.96151 	0.96048 	0.96241 	0.96264 	0.96231 
Replication313	 0.22196	0.99677	0.96173 	0.96378 	0.96253 	0.96474 	0.96485 	0.96439 
Replication314	 0.26347	0.99631	0.95421 	0.95703 	0.95599 	0.95798 	0.95827 	0.95796 
Replication315	 0.15417	0.99755	0.97303 	0.97543 	0.97372 	0.97577 	0.97571 	0.97534 
Replication316	 0.18338	0.99721	0.96793 	0.97012 	0.96943 	0.97079 	0.97104 	0.97086 
Replication317	 0.14346	0.99766	0.97522 	0.97661 	0.97566 	0.97732 	0.97738 	0.97701 
Replication318	 0.26205	0.99633	0.95432 	0.95728 	0.95636 	0.95817 	0.95851 	0.95828 
Replication319	 0.18390	0.99720	0.96833 	0.96999 	0.96882 	0.97085 	0.97091 	0.97046 
Replication320	 0.17635	0.99728	0.96968 	0.97123 	0.97005 	0.97208 	0.97212 	0.97165 
Replication321	 0.20185	0.99702	0.96455 	0.96785 	0.96587 	0.96814 	0.96813 	0.96779 
Replication322	 0.22954	0.99668	0.96075 	0.96254 	0.96098 	0.96364 	0.96364 	0.96300 
Replication323	 0.23110	0.99667	0.96025 	0.96232 	0.96088 	0.96333 	0.96339 	0.96286 
Replication324	 0.26347	0.99632	0.95379 	0.95708 	0.95645 	0.95786 	0.95831 	0.95825 
Replication325	 0.18072	0.99724	0.96864 	0.97054 	0.96962 	0.97130 	0.97145 	0.97113 
Replication326	 0.23866	0.99659	0.95880 	0.96119 	0.95966 	0.96212 	0.96219 	0.96169 
Replication327	 0.19350	0.99709	0.96648 	0.96845 	0.96744 	0.96926 	0.96940 	0.96905 
Replication328	 0.18102	0.99724	0.96837 	0.97050 	0.96979 	0.97118 	0.97141 	0.97122 
Replication329	 0.17522	0.99730	0.96968 	0.97143 	0.97044 	0.97221 	0.97232 	0.97196 
Replication330	 0.17645	0.99728	0.96948 	0.97123 	0.97022 	0.97201 	0.97212 	0.97176 
Replication331	 0.22096	0.99679	0.96137 	0.96399 	0.96325 	0.96474 	0.96505 	0.96488 
Replication332	 0.22415	0.99676	0.96094 	0.96386 	0.96221 	0.96447 	0.96454 	0.96417 
Replication333	 0.22086	0.99678	0.96195 	0.96396 	0.96269 	0.96493 	0.96503 	0.96455 
Replication334	 0.18914	0.99714	0.96833 	0.96919 	0.96727 	0.97036 	0.97013 	0.96925 
Replication335	 0.10502	0.99812	0.98167 	0.98405 	0.98120 	0.98401 	0.98356 	0.98295 
Replication336	 0.00675	0.99932	0.99913 	1.00149 	0.99848 	1.00078 	1.00018 	0.99972 
Replication337	 0.20800	0.99693	0.96411 	0.96607 	0.96489 	0.96697 	0.96708 	0.96665 
Replication338	 0.19615	0.99707	0.96625 	0.96844 	0.96637 	0.96912 	0.96898 	0.96836 
Replication339	 0.25392	0.99641	0.95642 	0.95855 	0.95701 	0.95968 	0.95975 	0.95915 
Replication340	 0.15417	0.99755	0.97269 	0.97511 	0.97438 	0.97549 	0.97572 	0.97565 
Replication341	 0.15997	0.99747	0.97251 	0.97391 	0.97278 	0.97471 	0.97473 	0.97428 
Replication342	 0.19999	0.99702	0.96549 	0.96738 	0.96623 	0.96826 	0.96836 	0.96794 
Replication343	 0.21336	0.99687	0.96334 	0.96518 	0.96385 	0.96616 	0.96622 	0.96570 
Replication344	 0.16547	0.99741	0.97129 	0.97311 	0.97207 	0.97379 	0.97388 	0.97355 
Replication345	 0.12894	0.99782	0.97794 	0.97899 	0.97791 	0.97973 	0.97970 	0.97924 
Replication346	 0.21402	0.99686	0.96334 	0.96508 	0.96364 	0.96609 	0.96611 	0.96554 
Replication347	 0.27090	0.99622	0.95418 	0.95582 	0.95366 	0.95723 	0.95709 	0.95615 
Replication348	 0.17139	0.99735	0.97026 	0.97269 	0.97058 	0.97311 	0.97295 	0.97243 
Replication349	 0.20272	0.99700	0.96454 	0.96716 	0.96607 	0.96777 	0.96796 	0.96773 
Replication350	 0.17010	0.99735	0.97129 	0.97228 	0.97069 	0.97329 	0.97314 	0.97244 
Replication351	 0.18979	0.99713	0.96786 	0.96906 	0.96742 	0.97011 	0.97000 	0.96928 
Replication352	 0.23365	0.99664	0.95993 	0.96187 	0.96038 	0.96294 	0.96298 	0.96240 
Replication353	 0.23919	0.99658	0.95831 	0.96100 	0.96012 	0.96184 	0.96214 	0.96191 
Replication354	 0.13799	0.99773	0.97559 	0.97810 	0.97662 	0.97830 	0.97830 	0.97806 
Replication355	 0.08417	0.99836	0.98495 	0.98744 	0.98541 	0.98725 	0.98703 	0.98674 
Replication356	 0.22792	0.99671	0.96035 	0.96319 	0.96156 	0.96386 	0.96394 	0.96354 
Replication357	 0.21948	0.99680	0.96219 	0.96419 	0.96292 	0.96515 	0.96525 	0.96477 
Replication358	 0.21501	0.99685	0.96344 	0.96493 	0.96326 	0.96604 	0.96597 	0.96526 
Replication359	 0.22708	0.99672	0.96232 	0.96312 	0.96049 	0.96453 	0.96412 	0.96294 
Replication360	 0.15785	0.99750	0.97235 	0.97456 	0.97340 	0.97503 	0.97511 	0.97485 
Replication361	 0.23692	0.99660	0.95955 	0.96134 	0.95968 	0.96248 	0.96247 	0.96178 
Replication362	 0.18457	0.99720	0.96750 	0.96994 	0.96945 	0.97053 	0.97087 	0.97081 
Replication363	 0.18420	0.99723	0.96723 	0.97108 	0.96889 	0.97102 	0.97098 	0.97076 
Replication364	 0.19502	0.99708	0.96588 	0.96822 	0.96752 	0.96891 	0.96918 	0.96901 
Replication365	 0.19012	0.99713	0.96697 	0.96907 	0.96803 	0.96981 	0.96995 	0.96963 
Replication366	 0.20523	0.99697	0.96415 	0.96673 	0.96562 	0.96737 	0.96756 	0.96730 
Replication367	 0.19887	0.99703	0.96540 	0.96758 	0.96670 	0.96835 	0.96856 	0.96829 
Replication368	 0.21588	0.99684	0.96303 	0.96477 	0.96332 	0.96580 	0.96582 	0.96523 
Replication369	 0.21821	0.99682	0.96172 	0.96445 	0.96383 	0.96515 	0.96550 	0.96540 
Replication370	 0.18525	0.99718	0.96814 	0.96977 	0.96856 	0.97065 	0.97069 	0.97022 
Replication371	 0.19980	0.99702	0.96540 	0.96742 	0.96638 	0.96825 	0.96840 	0.96804 
Replication372	 0.10973	0.99805	0.98024 	0.98227 	0.98199 	0.98254 	0.98282 	0.98288 
Replication373	 0.17594	0.99729	0.96950 	0.97132 	0.97038 	0.97207 	0.97221 	0.97188 
Replication374	 0.15807	0.99751	0.97197 	0.97471 	0.97355 	0.97497 	0.97510 	0.97497 
Replication375	 0.15586	0.99752	0.97427 	0.97466 	0.97266 	0.97579 	0.97545 	0.97451 
Replication376	 0.21946	0.99680	0.96220 	0.96434 	0.96278 	0.96523 	0.96525 	0.96473 
Replication377	 0.18589	0.99719	0.96723 	0.96973 	0.96928 	0.97031 	0.97066 	0.97062 
Replication378	 0.18412	0.99721	0.96776 	0.97037 	0.96898 	0.97085 	0.97093 	0.97064 
Replication379	 0.17831	0.99727	0.96877 	0.97095 	0.97030 	0.97160 	0.97185 	0.97169 
Replication380	 0.19567	0.99707	0.96579 	0.96811 	0.96739 	0.96882 	0.96908 	0.96890 
Replication381	 0.22618	0.99672	0.96091 	0.96310 	0.96191 	0.96404 	0.96418 	0.96376 
Replication382	 0.28281	0.99609	0.95136 	0.95383 	0.95226 	0.95503 	0.95515 	0.95456 
Replication383	 0.17233	0.99733	0.97000 	0.97191 	0.97110 	0.97262 	0.97279 	0.97253 
Replication384	 0.18710	0.99717	0.96731 	0.96951 	0.96878 	0.97020 	0.97044 	0.97025 
Replication385	 0.22475	0.99675	0.96061 	0.96338 	0.96272 	0.96410 	0.96446 	0.96434 
Replication386	 0.24188	0.99654	0.95896 	0.96054 	0.95866 	0.96179 	0.96169 	0.96088 
Replication387	 0.15890	0.99751	0.97200 	0.97529 	0.97260 	0.97526 	0.97499 	0.97453 
Replication388	 0.10859	0.99806	0.98068 	0.98236 	0.98203 	0.98276 	0.98299 	0.98295 
Replication389	 0.12232	0.99790	0.97975 	0.98012 	0.97851 	0.98105 	0.98080 	0.98003 
Replication390	 0.17974	0.99725	0.96862 	0.97071 	0.96996 	0.97139 	0.97161 	0.97140 
Replication391	 0.20400	0.99697	0.96492 	0.96691 	0.96526 	0.96775 	0.96772 	0.96716 
Replication392	 0.25082	0.99644	0.95692 	0.95906 	0.95756 	0.96017 	0.96024 	0.95967 
Replication393	 0.20231	0.99700	0.96463 	0.96703 	0.96630 	0.96774 	0.96802 	0.96784 
Replication394	 0.23460	0.99664	0.95873 	0.96179 	0.96129 	0.96248 	0.96291 	0.96289 
Replication395	 0.08059	0.99841	0.98511 	0.98839 	0.98610 	0.98785 	0.98763 	0.98746 
Replication396	 0.10927	0.99806	0.98074 	0.98271 	0.98130 	0.98294 	0.98288 	0.98258 
Replication397	 0.24246	0.99654	0.95792 	0.96045 	0.95939 	0.96137 	0.96160 	0.96127 
Replication398	 0.26937	0.99624	0.95378 	0.95626 	0.95419 	0.95733 	0.95729 	0.95659 
Replication399	 0.20495	0.99698	0.96369 	0.96664 	0.96638 	0.96718 	0.96765 	0.96774 
Replication400	 0.19053	0.99714	0.96667 	0.96960 	0.96765 	0.96996 	0.96992 	0.96952 
Replication401	 0.23875	0.99659	0.95845 	0.96107 	0.96012 	0.96194 	0.96221 	0.96193 
Replication402	 0.15456	0.99753	0.97311 	0.97482 	0.97403 	0.97548 	0.97563 	0.97536 
Replication403	 0.18933	0.99715	0.96725 	0.96961 	0.96763 	0.97018 	0.97008 	0.96954 
Replication404	 0.19833	0.99705	0.96507 	0.96770 	0.96722 	0.96831 	0.96868 	0.96863 
Replication405	 0.10193	0.99816	0.98201 	0.98473 	0.98179 	0.98453 	0.98408 	0.98353 
Replication406	 0.18750	0.99716	0.96749 	0.96943 	0.96846 	0.97021 	0.97036 	0.97003 
Replication407	 0.16843	0.99737	0.97090 	0.97254 	0.97152 	0.97331 	0.97340 	0.97302 
Replication408	 0.18725	0.99716	0.96821 	0.96947 	0.96791 	0.97049 	0.97040 	0.96973 
Replication409	 0.16999	0.99736	0.97069 	0.97236 	0.97109 	0.97312 	0.97313 	0.97268 
Replication410	 0.14200	0.99770	0.97463 	0.97761 	0.97608 	0.97765 	0.97768 	0.97753 
Replication411	 0.28062	0.99611	0.95227 	0.95421 	0.95220 	0.95558 	0.95552 	0.95467 
Replication412	 0.24512	0.99652	0.95706 	0.96006 	0.95937 	0.96083 	0.96122 	0.96110 
Replication413	 0.05905	0.99865	0.98892 	0.99160 	0.98975 	0.99119 	0.99102 	0.99087 
Replication414	 0.18045	0.99724	0.96931 	0.97058 	0.96911 	0.97155 	0.97148 	0.97085 
Replication415	 0.23573	0.99661	0.96015 	0.96156 	0.95960 	0.96283 	0.96268 	0.96182 
Replication416	 0.20261	0.99699	0.96550 	0.96695 	0.96539 	0.96800 	0.96794 	0.96728 
Replication417	 0.16962	0.99736	0.97052 	0.97236 	0.97151 	0.97307 	0.97322 	0.97294 
Replication418	 0.25361	0.99641	0.95629 	0.95861 	0.95723 	0.95967 	0.95980 	0.95930 
Replication419	 0.22709	0.99671	0.96108 	0.96294 	0.96146 	0.96400 	0.96403 	0.96344 
Replication420	 0.13346	0.99778	0.97760 	0.97862 	0.97650 	0.97934 	0.97901 	0.97822 
Replication421	 0.21244	0.99688	0.96324 	0.96535 	0.96426 	0.96623 	0.96638 	0.96600 
Replication422	 0.16933	0.99736	0.97091 	0.97238 	0.97120 	0.97322 	0.97324 	0.97277 
Replication423	 0.12803	0.99784	0.97728 	0.97962 	0.97841 	0.97984 	0.97989 	0.97971 
Replication424	 0.20503	0.99697	0.96397 	0.96660 	0.96605 	0.96725 	0.96760 	0.96753 
Replication425	 0.18368	0.99720	0.96874 	0.97005 	0.96857 	0.97103 	0.97096 	0.97034 
Replication426	 0.21737	0.99682	0.96246 	0.96454 	0.96336 	0.96546 	0.96559 	0.96516 
Replication427	 0.11616	0.99797	0.97947 	0.98112 	0.98068 	0.98157 	0.98177 	0.98168 
Replication428	 0.16556	0.99740	0.97161 	0.97299 	0.97179 	0.97384 	0.97384 	0.97335 
Replication429	 0.20337	0.99699	0.96433 	0.96686 	0.96624 	0.96754 	0.96786 	0.96774 
Replication430	 0.23342	0.99665	0.95940 	0.96199 	0.96093 	0.96282 	0.96305 	0.96275 
Replication431	 0.23311	0.99665	0.95946 	0.96199 	0.96103 	0.96285 	0.96310 	0.96282 
Replication432	 0.21937	0.99680	0.96177 	0.96423 	0.96337 	0.96503 	0.96529 	0.96505 
Replication433	 0.22144	0.99678	0.96279 	0.96391 	0.96186 	0.96519 	0.96498 	0.96405 
Replication434	 0.23272	0.99666	0.95947 	0.96225 	0.96097 	0.96299 	0.96317 	0.96285 
Replication435	 0.09578	0.99823	0.98289 	0.98560 	0.98310 	0.98539 	0.98506 	0.98465 
Replication436	 0.17389	0.99732	0.96994 	0.97187 	0.97043 	0.97254 	0.97253 	0.97209 
Replication437	 0.18363	0.99722	0.96746 	0.97043 	0.96952 	0.97078 	0.97104 	0.97098 
Replication438	 0.24213	0.99654	0.95834 	0.96048 	0.95908 	0.96153 	0.96163 	0.96110 
Replication439	 0.01081	0.99921	0.99761 	0.99978 	0.99713 	0.99922 	0.99871 	0.99830 
Replication440	 0.20524	0.99696	0.96496 	0.96652 	0.96502 	0.96754 	0.96752 	0.96690 
Replication441	 0.23188	0.99666	0.95970 	0.96219 	0.96120 	0.96305 	0.96329 	0.96300 
Replication442	 0.15224	0.99757	0.97374 	0.97603 	0.97338 	0.97635 	0.97600 	0.97532 
Replication443	 0.09729	0.99821	0.98259 	0.98518 	0.98303 	0.98505 	0.98482 	0.98448 
Replication444	 0.16748	0.99738	0.97107 	0.97268 	0.97165 	0.97346 	0.97354 	0.97315 
Replication445	 0.29677	0.99593	0.94886 	0.95156 	0.95001 	0.95276 	0.95293 	0.95237 
Replication446	 0.18327	0.99720	0.96853 	0.97009 	0.96884 	0.97099 	0.97101 	0.97051 
Replication447	 0.24631	0.99650	0.95858 	0.95985 	0.95765 	0.96123 	0.96102 	0.96003 
Replication448	 0.16127	0.99747	0.97179 	0.97442 	0.97241 	0.97470 	0.97458 	0.97416 
Replication449	 0.17817	0.99726	0.96930 	0.97093 	0.96980 	0.97176 	0.97183 	0.97139 
Replication450	 0.10848	0.99806	0.98086 	0.98273 	0.98154 	0.98301 	0.98300 	0.98276 
Replication451	 0.18914	0.99716	0.96667 	0.96958 	0.96836 	0.96998 	0.97015 	0.96997 
Replication452	 0.18860	0.99716	0.96670 	0.96955 	0.96864 	0.96999 	0.97023 	0.97014 
Replication453	 0.18183	0.99722	0.96919 	0.97036 	0.96878 	0.97138 	0.97127 	0.97058 
Replication454	 0.23378	0.99664	0.95987 	0.96190 	0.96035 	0.96293 	0.96296 	0.96238 
Replication455	 0.15618	0.99753	0.97312 	0.97533 	0.97272 	0.97571 	0.97537 	0.97468 
Replication456	 0.21051	0.99690	0.96381 	0.96565 	0.96435 	0.96661 	0.96668 	0.96617 
Replication457	 0.19134	0.99711	0.96705 	0.96879 	0.96761 	0.96967 	0.96974 	0.96929 
Replication458	 0.26288	0.99631	0.95488 	0.95709 	0.95551 	0.95825 	0.95832 	0.95771 
Replication459	 0.17231	0.99733	0.97017 	0.97191 	0.97094 	0.97267 	0.97278 	0.97244 
Replication460	 0.19678	0.99705	0.96594 	0.96791 	0.96686 	0.96874 	0.96888 	0.96851 
Replication461	 0.18576	0.99717	0.96826 	0.96969 	0.96830 	0.97064 	0.97061 	0.97004 
Replication462	 0.26128	0.99633	0.95468 	0.95738 	0.95625 	0.95836 	0.95861 	0.95825 
Replication463	 0.20787	0.99693	0.96458 	0.96609 	0.96452 	0.96715 	0.96710 	0.96644 
Replication464	 0.01573	0.99914	0.99632 	0.99862 	0.99693 	0.99810 	0.99789 	0.99779 
Replication465	 0.25193	0.99644	0.95630 	0.95891 	0.95780 	0.95986 	0.96009 	0.95975 
Replication466	 0.20604	0.99695	0.96491 	0.96639 	0.96482 	0.96745 	0.96740 	0.96673 
Replication467	 0.19241	0.99710	0.96665 	0.96862 	0.96764 	0.96943 	0.96958 	0.96924 
Replication468	 0.20291	0.99699	0.96437 	0.96694 	0.96636 	0.96760 	0.96794 	0.96784 
Replication469	 0.12505	0.99787	0.97779 	0.97967 	0.97934 	0.98010 	0.98036 	0.98034 
Replication470	 0.09256	0.99826	0.98377 	0.98591 	0.98394 	0.98592 	0.98570 	0.98532 
Replication471	 0.15844	0.99749	0.97277 	0.97425 	0.97296 	0.97500 	0.97498 	0.97450 
Replication472	 0.19557	0.99707	0.96570 	0.96814 	0.96752 	0.96880 	0.96910 	0.96898 
Replication473	 0.17564	0.99730	0.97078 	0.97163 	0.96922 	0.97269 	0.97230 	0.97130 
Replication474	 0.21083	0.99690	0.96346 	0.96561 	0.96457 	0.96647 	0.96664 	0.96629 
Replication475	 0.15097	0.99760	0.97293 	0.97639 	0.97454 	0.97628 	0.97627 	0.97612 
Replication476	 0.21241	0.99688	0.96315 	0.96550 	0.96421 	0.96628 	0.96639 	0.96601 
Replication477	 0.21745	0.99683	0.96213 	0.96455 	0.96367 	0.96535 	0.96560 	0.96535 
Replication478	 0.17447	0.99731	0.96954 	0.97161 	0.97080 	0.97226 	0.97246 	0.97223 
Replication479	 0.20048	0.99701	0.96573 	0.96729 	0.96586 	0.96829 	0.96828 	0.96769 
Replication480	 0.15642	0.99752	0.97281 	0.97475 	0.97346 	0.97531 	0.97533 	0.97497 
Replication481	 0.20119	0.99700	0.96576 	0.96718 	0.96562 	0.96823 	0.96817 	0.96751 
Replication482	 0.20432	0.99697	0.96470 	0.96667 	0.96555 	0.96755 	0.96767 	0.96727 
Replication483	 0.22641	0.99673	0.96035 	0.96312 	0.96240 	0.96385 	0.96419 	0.96405 
Replication484	 0.09172	0.99826	0.98382 	0.98588 	0.98430 	0.98593 	0.98582 	0.98555 
Replication485	 0.21555	0.99686	0.96183 	0.96492 	0.96464 	0.96548 	0.96596 	0.96605 
Replication486	 0.17751	0.99727	0.96920 	0.97109 	0.97012 	0.97183 	0.97196 	0.97164 
Replication487	 0.20832	0.99694	0.96314 	0.96609 	0.96577 	0.96665 	0.96710 	0.96717 
Replication488	 0.25697	0.99638	0.95523 	0.95810 	0.95717 	0.95899 	0.95931 	0.95907 
Replication489	 0.20874	0.99692	0.96389 	0.96595 	0.96486 	0.96682 	0.96697 	0.96659 
Replication490	 0.19044	0.99714	0.96638 	0.96899 	0.96859 	0.96956 	0.96994 	0.96993 
Replication491	 0.20794	0.99693	0.96449 	0.96607 	0.96457 	0.96711 	0.96709 	0.96647 
Replication492	 0.20998	0.99690	0.96400 	0.96572 	0.96432 	0.96672 	0.96674 	0.96618 
Replication493	 0.20785	0.99694	0.96331 	0.96626 	0.96566 	0.96680 	0.96717 	0.96715 
Replication494	 0.27083	0.99622	0.95342 	0.95579 	0.95426 	0.95694 	0.95706 	0.95648 
Replication495	 0.31054	0.99578	0.94686 	0.94931 	0.94739 	0.95068 	0.95073 	0.94997 
Replication496	 0.23858	0.99659	0.95848 	0.96110 	0.96015 	0.96196 	0.96223 	0.96196 
Replication497	 0.13689	0.99774	0.97607 	0.97805 	0.97672 	0.97846 	0.97846 	0.97813 
Replication498	 0.20927	0.99691	0.96399 	0.96585 	0.96458 	0.96680 	0.96687 	0.96639 
Replication499	 0.21189	0.99689	0.96306 	0.96564 	0.96444 	0.96633 	0.96649 	0.96619 
Replication500	 0.19125	0.99711	0.96744 	0.96881 	0.96730 	0.96982 	0.96976 	0.96912 
Replication501	 0.21279	0.99688	0.96275 	0.96532 	0.96464 	0.96604 	0.96636 	0.96621 
Replication502	 0.22394	0.99675	0.96113 	0.96348 	0.96246 	0.96434 	0.96455 	0.96423 
Replication503	 0.10816	0.99806	0.98166 	0.98240 	0.98127 	0.98312 	0.98303 	0.98252 
Replication504	 0.19177	0.99711	0.96659 	0.96874 	0.96791 	0.96948 	0.96969 	0.96944 
Replication505	 0.15849	0.99750	0.97229 	0.97465 	0.97306 	0.97504 	0.97501 	0.97466 
Replication506	 0.17972	0.99725	0.96893 	0.97070 	0.96967 	0.97149 	0.97160 	0.97123 
Replication507	 0.21266	0.99688	0.96323 	0.96531 	0.96419 	0.96620 	0.96634 	0.96595 
Replication508	 0.18763	0.99715	0.96785 	0.96938 	0.96806 	0.97031 	0.97031 	0.96978 
Replication509	 0.21918	0.99680	0.96194 	0.96426 	0.96327 	0.96510 	0.96531 	0.96500 
Replication510	 0.06359	0.99860	0.98888 	0.99100 	0.98825 	0.99078 	0.99030 	0.98975 
Replication511	 0.19061	0.99713	0.96691 	0.96892 	0.96799 	0.96970 	0.96987 	0.96956 
Replication512	 0.26389	0.99630	0.95541 	0.95697 	0.95482 	0.95836 	0.95821 	0.95726 
Replication513	 0.15822	0.99750	0.97270 	0.97490 	0.97253 	0.97531 	0.97504 	0.97441 
Replication514	 0.29179	0.99600	0.94918 	0.95243 	0.95143 	0.95341 	0.95378 	0.95353 
Replication515	 0.13234	0.99778	0.97702 	0.97845 	0.97766 	0.97908 	0.97917 	0.97889 
Replication516	 0.22378	0.99675	0.96107 	0.96351 	0.96258 	0.96434 	0.96459 	0.96431 
Replication517	 0.27069	0.99624	0.95291 	0.95611 	0.95461 	0.95693 	0.95713 	0.95677 
Replication518	 0.13651	0.99773	0.97673 	0.97775 	0.97656 	0.97855 	0.97849 	0.97798 
Replication519	 0.16705	0.99740	0.97058 	0.97280 	0.97230 	0.97336 	0.97365 	0.97357 
Replication520	 0.24060	0.99656	0.95854 	0.96077 	0.95937 	0.96177 	0.96188 	0.96138 
Replication521	 0.20896	0.99692	0.96401 	0.96615 	0.96444 	0.96696 	0.96693 	0.96638 
Replication522	 0.18531	0.99719	0.96775 	0.96979 	0.96894 	0.97053 	0.97072 	0.97045 
Replication523	 0.13389	0.99776	0.97743 	0.97820 	0.97682 	0.97907 	0.97893 	0.97830 
Replication524	 0.18050	0.99724	0.96830 	0.97060 	0.97003 	0.97122 	0.97151 	0.97140 
Replication525	 0.08659	0.99832	0.98436 	0.98678 	0.98540 	0.98667 	0.98664 	0.98652 
Replication526	 0.24446	0.99652	0.95811 	0.96010 	0.95854 	0.96122 	0.96126 	0.96064 
Replication527	 0.28926	0.99602	0.94985 	0.95281 	0.95159 	0.95388 	0.95415 	0.95377 
Replication528	 0.26443	0.99629	0.95453 	0.95684 	0.95532 	0.95797 	0.95807 	0.95750 
Replication529	 0.23102	0.99667	0.96023 	0.96230 	0.96096 	0.96331 	0.96341 	0.96290 
Replication530	 0.20827	0.99693	0.96365 	0.96605 	0.96526 	0.96680 	0.96707 	0.96686 
Replication531	 0.14147	0.99768	0.97569 	0.97694 	0.97588 	0.97769 	0.97769 	0.97727 
Replication532	 0.11239	0.99801	0.98038 	0.98171 	0.98103 	0.98225 	0.98235 	0.98211 
Replication533	 0.25712	0.99638	0.95556 	0.95804 	0.95677 	0.95907 	0.95925 	0.95881 
Replication534	 0.10579	0.99810	0.98114 	0.98351 	0.98186 	0.98354 	0.98345 	0.98319 
Replication535	 0.17346	0.99732	0.97027 	0.97174 	0.97041 	0.97260 	0.97258 	0.97206 
Replication536	 0.20819	0.99693	0.96392 	0.96604 	0.96502 	0.96689 	0.96706 	0.96671 
Replication537	 0.13488	0.99778	0.97574 	0.97884 	0.97733 	0.97879 	0.97883 	0.97873 
Replication538	 0.18994	0.99713	0.96688 	0.96904 	0.96825 	0.96976 	0.96998 	0.96975 
Replication539	 0.19815	0.99704	0.96553 	0.96770 	0.96681 	0.96847 	0.96867 	0.96840 
Replication540	 0.14813	0.99761	0.97430 	0.97587 	0.97502 	0.97654 	0.97665 	0.97635 
Replication541	 0.22222	0.99677	0.96253 	0.96377 	0.96182 	0.96501 	0.96484 	0.96397 
Replication542	 0.18058	0.99724	0.96823 	0.97059 	0.97007 	0.97119 	0.97150 	0.97142 
Replication543	 0.20314	0.99698	0.96531 	0.96686 	0.96538 	0.96788 	0.96785 	0.96724 
Replication544	 0.27125	0.99622	0.95376 	0.95575 	0.95385 	0.95703 	0.95700 	0.95622 
Replication545	 0.11972	0.99795	0.97819 	0.98112 	0.98020 	0.98107 	0.98125 	0.98132 
Replication546	 0.17405	0.99733	0.96989 	0.97230 	0.97001 	0.97274 	0.97253 	0.97194 
Replication547	 0.17022	0.99736	0.97028 	0.97227 	0.97153 	0.97293 	0.97313 	0.97292 
Replication548	 0.29947	0.99591	0.94837 	0.95121 	0.94951 	0.95237 	0.95250 	0.95193 
Replication549	 0.20403	0.99697	0.96452 	0.96673 	0.96582 	0.96753 	0.96773 	0.96745 
Replication550	 0.24083	0.99656	0.95833 	0.96071 	0.95953 	0.96167 	0.96185 	0.96145 
Replication551	 0.24512	0.99651	0.95738 	0.96003 	0.95903 	0.96092 	0.96119 	0.96090 
Replication552	 0.24502	0.99652	0.95741 	0.96004 	0.95903 	0.96094 	0.96120 	0.96090 
Replication553	 0.21177	0.99689	0.96281 	0.96550 	0.96493 	0.96617 	0.96653 	0.96645 
Replication554	 0.28781	0.99604	0.95009 	0.95305 	0.95185 	0.95411 	0.95439 	0.95402 
Replication555	 0.21567	0.99685	0.96227 	0.96485 	0.96413 	0.96559 	0.96590 	0.96573 
Replication556	 0.16853	0.99738	0.97065 	0.97254 	0.97174 	0.97322 	0.97340 	0.97315 
Replication557	 0.18705	0.99716	0.96767 	0.96950 	0.96844 	0.97032 	0.97043 	0.97004 
Replication558	 0.17670	0.99728	0.96949 	0.97119 	0.97013 	0.97199 	0.97208 	0.97169 
Replication559	 0.18986	0.99714	0.96654 	0.96908 	0.96862 	0.96967 	0.97002 	0.96999 
Replication560	 0.17667	0.99729	0.96917 	0.97146 	0.97022 	0.97202 	0.97211 	0.97180 
Replication561	 0.19954	0.99702	0.96550 	0.96745 	0.96637 	0.96831 	0.96843 	0.96805 
Replication562	 0.16074	0.99747	0.97211 	0.97404 	0.97269 	0.97463 	0.97464 	0.97425 
Replication563	 0.11900	0.99795	0.97916 	0.98131 	0.97940 	0.98150 	0.98132 	0.98091 
Replication564	 0.14416	0.99765	0.97494 	0.97674 	0.97551 	0.97728 	0.97729 	0.97693 
Replication565	 0.19896	0.99703	0.96532 	0.96757 	0.96675 	0.96832 	0.96855 	0.96831 
Replication566	 0.17608	0.99729	0.96907 	0.97132 	0.97076 	0.97193 	0.97221 	0.97210 
Replication567	 0.20277	0.99699	0.96510 	0.96734 	0.96529 	0.96805 	0.96793 	0.96731 
Replication568	 0.24923	0.99647	0.95680 	0.95934 	0.95822 	0.96030 	0.96052 	0.96016 
Replication569	 0.16758	0.99739	0.97092 	0.97298 	0.97151 	0.97356 	0.97355 	0.97314 
Replication570	 0.19241	0.99711	0.96630 	0.96865 	0.96799 	0.96932 	0.96960 	0.96945 
Replication571	 0.24138	0.99656	0.95788 	0.96065 	0.95981 	0.96148 	0.96180 	0.96159 
Replication572	 0.14625	0.99765	0.97426 	0.97725 	0.97471 	0.97726 	0.97700 	0.97654 
Replication573	 0.23904	0.99658	0.95852 	0.96101 	0.95995 	0.96192 	0.96215 	0.96181 
Replication574	 0.23180	0.99667	0.95949 	0.96222 	0.96145 	0.96300 	0.96333 	0.96315 
Replication575	 0.18019	0.99726	0.96789 	0.97069 	0.97056 	0.97113 	0.97159 	0.97174 
Replication576	 0.24934	0.99646	0.95712 	0.95930 	0.95785 	0.96039 	0.96048 	0.95993 
Replication577	 0.17468	0.99730	0.97032 	0.97152 	0.97006 	0.97248 	0.97240 	0.97177 
Replication578	 0.16269	0.99745	0.97225 	0.97393 	0.97172 	0.97458 	0.97432 	0.97360 
Replication579	 0.20351	0.99698	0.96493 	0.96680 	0.96560 	0.96771 	0.96780 	0.96734 
Replication580	 0.09008	0.99828	0.98429 	0.98600 	0.98453 	0.98619 	0.98607 	0.98575 
Replication581	 0.12910	0.99782	0.97739 	0.97899 	0.97838 	0.97954 	0.97970 	0.97952 
Replication582	 0.14375	0.99767	0.97440 	0.97703 	0.97600 	0.97724 	0.97739 	0.97730 
Replication583	 0.28603	0.99606	0.95053 	0.95333 	0.95200 	0.95443 	0.95465 	0.95421 
Replication584	 0.15752	0.99750	0.97223 	0.97436 	0.97389 	0.97489 	0.97517 	0.97510 
Replication585	 0.21772	0.99682	0.96256 	0.96447 	0.96314 	0.96545 	0.96553 	0.96501 
Replication586	 0.23713	0.99661	0.95846 	0.96136 	0.96068 	0.96212 	0.96249 	0.96237 
Replication587	 0.21094	0.99690	0.96378 	0.96580 	0.96399 	0.96666 	0.96660 	0.96598 
Replication588	 0.17581	0.99729	0.96936 	0.97135 	0.97056 	0.97205 	0.97224 	0.97199 
Replication589	 0.22040	0.99679	0.96188 	0.96405 	0.96291 	0.96495 	0.96511 	0.96471 
Replication590	 0.20159	0.99700	0.96507 	0.96712 	0.96610 	0.96796 	0.96811 	0.96776 
Replication591	 0.19879	0.99704	0.96600 	0.96794 	0.96577 	0.96874 	0.96854 	0.96783 
Replication592	 0.18304	0.99721	0.96882 	0.97026 	0.96860 	0.97117 	0.97107 	0.97042 
Replication593	 0.18270	0.99721	0.96854 	0.97019 	0.96902 	0.97104 	0.97110 	0.97065 
Replication594	 0.21551	0.99684	0.96262 	0.96485 	0.96383 	0.96571 	0.96590 	0.96556 
Replication595	 0.18952	0.99714	0.96696 	0.96931 	0.96812 	0.96993 	0.97006 	0.96975 
Replication596	 0.13660	0.99773	0.97643 	0.97774 	0.97678 	0.97843 	0.97847 	0.97810 
Replication597	 0.20984	0.99691	0.96371 	0.96577 	0.96467 	0.96665 	0.96679 	0.96640 
Replication598	 0.15224	0.99758	0.97335 	0.97596 	0.97386 	0.97618 	0.97602 	0.97559 
Replication599	 0.12497	0.99788	0.97918 	0.98022 	0.97764 	0.98085 	0.98038 	0.97948 
Replication600	 0.11176	0.99803	0.98036 	0.98241 	0.98073 	0.98261 	0.98248 	0.98212 
Replication601	 0.11581	0.99799	0.97950 	0.98197 	0.98001 	0.98201 	0.98185 	0.98150 
Replication602	 0.22999	0.99668	0.96064 	0.96247 	0.96093 	0.96355 	0.96357 	0.96295 
Replication603	 0.21358	0.99686	0.96338 	0.96513 	0.96371 	0.96614 	0.96617 	0.96560 
Replication604	 0.18279	0.99721	0.96850 	0.97032 	0.96888 	0.97110 	0.97109 	0.97060 
Replication605	 0.19507	0.99707	0.96654 	0.96829 	0.96672 	0.96916 	0.96913 	0.96856 
Replication606	 0.24183	0.99655	0.95803 	0.96056 	0.95949 	0.96147 	0.96170 	0.96137 
Replication607	 0.22535	0.99674	0.96086 	0.96325 	0.96226 	0.96411 	0.96433 	0.96402 
Replication608	 0.31900	0.99569	0.94473 	0.94796 	0.94664 	0.94912 	0.94942 	0.94901 
Replication609	 0.25945	0.99635	0.95603 	0.95768 	0.95565 	0.95901 	0.95890 	0.95803 
Replication610	 0.13374	0.99779	0.97621 	0.97922 	0.97706 	0.97916 	0.97900 	0.97869 
Replication611	 0.18924	0.99714	0.96709 	0.96915 	0.96827 	0.96990 	0.97009 	0.96981 
Replication612	 0.22119	0.99678	0.96144 	0.96394 	0.96308 	0.96474 	0.96500 	0.96477 
Replication613	 0.17968	0.99725	0.96881 	0.97071 	0.96980 	0.97146 	0.97161 	0.97130 
Replication614	 0.11590	0.99800	0.97892 	0.98204 	0.98049 	0.98185 	0.98186 	0.98180 
Replication615	 0.22205	0.99679	0.96067 	0.96386 	0.96360 	0.96442 	0.96493 	0.96504 
Replication616	 0.17279	0.99733	0.97017 	0.97232 	0.97032 	0.97287 	0.97272 	0.97216 
Replication617	 0.20785	0.99693	0.96394 	0.96610 	0.96511 	0.96694 	0.96712 	0.96679 
Replication618	 0.14164	0.99770	0.97436 	0.97759 	0.97657 	0.97755 	0.97776 	0.97782 
Replication619	 0.21408	0.99686	0.96324 	0.96505 	0.96367 	0.96605 	0.96609 	0.96554 
Replication620	 0.04312	0.99882	0.99182 	0.99398 	0.99238 	0.99369 	0.99352 	0.99336 
Replication621	 0.19897	0.99703	0.96615 	0.96755 	0.96598 	0.96859 	0.96853 	0.96786 
Replication622	 0.31814	0.99569	0.94569 	0.94808 	0.94602 	0.94952 	0.94954 	0.94870 
Replication623	 0.18976	0.99713	0.96735 	0.96903 	0.96781 	0.96992 	0.96997 	0.96950 
Replication624	 0.24110	0.99656	0.95786 	0.96070 	0.95993 	0.96150 	0.96185 	0.96168 
Replication625	 0.23144	0.99666	0.96049 	0.96223 	0.96061 	0.96336 	0.96334 	0.96267 
Replication626	 0.21692	0.99683	0.96334 	0.96463 	0.96278 	0.96582 	0.96568 	0.96486 
Replication627	 0.29800	0.99592	0.94883 	0.95141 	0.94959 	0.95265 	0.95273 	0.95206 
Replication628	 0.19530	0.99707	0.96598 	0.96816 	0.96733 	0.96891 	0.96913 	0.96888 
Replication629	 0.13866	0.99772	0.97578 	0.97797 	0.97623 	0.97829 	0.97818 	0.97778 
Replication630	 0.21766	0.99682	0.96198 	0.96452 	0.96375 	0.96528 	0.96558 	0.96539 
Replication631	 0.13132	0.99780	0.97698 	0.97863 	0.97803 	0.97918 	0.97934 	0.97917 
Replication632	 0.22241	0.99677	0.96132 	0.96373 	0.96280 	0.96457 	0.96481 	0.96452 
Replication633	 0.11409	0.99800	0.98021 	0.98172 	0.98035 	0.98216 	0.98208 	0.98168 
Replication634	 0.18062	0.99724	0.96867 	0.97055 	0.96962 	0.97132 	0.97146 	0.97114 
Replication635	 0.18561	0.99718	0.96923 	0.96979 	0.96765 	0.97104 	0.97071 	0.96970 
Replication636	 0.23124	0.99667	0.95989 	0.96228 	0.96123 	0.96318 	0.96339 	0.96305 
Replication637	 0.26059	0.99634	0.95518 	0.95746 	0.95598 	0.95858 	0.95869 	0.95813 
Replication638	 0.10493	0.99812	0.98112 	0.98374 	0.98209 	0.98367 	0.98359 	0.98340 
Replication639	 0.13317	0.99779	0.97636 	0.97869 	0.97767 	0.97896 	0.97907 	0.97893 
Replication640	 0.16184	0.99745	0.97176 	0.97363 	0.97290 	0.97428 	0.97447 	0.97425 
Replication641	 0.17215	0.99733	0.97042 	0.97191 	0.97073 	0.97276 	0.97279 	0.97232 
Replication642	 0.17945	0.99726	0.96941 	0.97114 	0.96891 	0.97188 	0.97163 	0.97089 
Replication643	 0.20020	0.99702	0.96542 	0.96734 	0.96623 	0.96821 	0.96833 	0.96792 
Replication644	 0.23468	0.99663	0.95933 	0.96172 	0.96062 	0.96264 	0.96284 	0.96248 
Replication645	 0.22719	0.99671	0.96136 	0.96294 	0.96121 	0.96409 	0.96403 	0.96329 
Replication646	 0.23166	0.99666	0.96033 	0.96219 	0.96067 	0.96328 	0.96330 	0.96269 
Replication647	 0.24545	0.99650	0.95807 	0.95994 	0.95827 	0.96111 	0.96110 	0.96042 
Replication648	 0.24384	0.99653	0.95765 	0.96023 	0.95919 	0.96114 	0.96139 	0.96107 
Replication649	 0.11088	0.99803	0.98035 	0.98198 	0.98159 	0.98241 	0.98262 	0.98255 
Replication650	 0.21700	0.99683	0.96231 	0.96461 	0.96364 	0.96545 	0.96566 	0.96536 
Replication651	 0.18670	0.99717	0.96780 	0.96955 	0.96843 	0.97040 	0.97048 	0.97006 
Replication652	 0.15791	0.99750	0.97237 	0.97428 	0.97362 	0.97489 	0.97510 	0.97492 
Replication653	 0.27291	0.99620	0.95293 	0.95546 	0.95404 	0.95657 	0.95673 	0.95622 
Replication654	 0.23973	0.99657	0.95866 	0.96088 	0.95957 	0.96189 	0.96202 	0.96154 
Replication655	 0.21982	0.99679	0.96247 	0.96413 	0.96257 	0.96521 	0.96519 	0.96455 
Replication656	 0.16556	0.99741	0.97141 	0.97299 	0.97197 	0.97377 	0.97384 	0.97346 
Replication657	 0.20073	0.99702	0.96483 	0.96729 	0.96664 	0.96798 	0.96828 	0.96814 
Replication658	 0.23041	0.99668	0.96150 	0.96247 	0.96018 	0.96385 	0.96357 	0.96252 
Replication659	 0.24144	0.99655	0.95847 	0.96059 	0.95919 	0.96165 	0.96174 	0.96121 
Replication660	 0.16565	0.99741	0.97077 	0.97303 	0.97260 	0.97357 	0.97388 	0.97384 
Replication661	 0.21808	0.99682	0.96205 	0.96444 	0.96353 	0.96526 	0.96549 	0.96522 
Replication662	 0.26416	0.99630	0.95453 	0.95688 	0.95541 	0.95800 	0.95812 	0.95757 
Replication663	 0.22479	0.99675	0.96081 	0.96365 	0.96222 	0.96431 	0.96444 	0.96411 
Replication664	 0.24762	0.99649	0.95699 	0.95962 	0.95858 	0.96053 	0.96079 	0.96047 
Replication665	 0.20376	0.99697	0.96507 	0.96674 	0.96535 	0.96772 	0.96774 	0.96718 
Replication666	 0.20522	0.99696	0.96434 	0.96654 	0.96561 	0.96734 	0.96754 	0.96725 
Replication667	 0.17535	0.99729	0.96975 	0.97139 	0.97030 	0.97220 	0.97228 	0.97186 
Replication668	 0.21925	0.99680	0.96242 	0.96422 	0.96278 	0.96525 	0.96528 	0.96470 
Replication669	 0.01322	0.99918	0.99626 	0.99946 	0.99749 	0.99855 	0.99834 	0.99838 
Replication670	 0.22529	0.99674	0.96103 	0.96349 	0.96188 	0.96429 	0.96434 	0.96386 
Replication671	 0.23746	0.99660	0.95899 	0.96125 	0.96001 	0.96223 	0.96238 	0.96194 
Replication672	 0.20357	0.99699	0.96452 	0.96704 	0.96577 	0.96769 	0.96782 	0.96750 
Replication673	 0.23960	0.99657	0.95900 	0.96090 	0.95931 	0.96202 	0.96203 	0.96140 
Replication674	 0.23930	0.99658	0.95866 	0.96095 	0.95972 	0.96194 	0.96209 	0.96166 
Replication675	 0.18175	0.99723	0.96813 	0.97039 	0.96978 	0.97103 	0.97130 	0.97117 
Replication676	 0.19650	0.99705	0.96634 	0.96793 	0.96656 	0.96889 	0.96890 	0.96834 
Replication677	 0.12240	0.99793	0.97724 	0.98108 	0.97990 	0.98067 	0.98086 	0.98107 
Replication678	 0.13625	0.99775	0.97661 	0.97838 	0.97619 	0.97883 	0.97854 	0.97791 
Replication679	 0.17773	0.99727	0.96941 	0.97100 	0.96984 	0.97185 	0.97190 	0.97144 
Replication680	 0.21748	0.99682	0.96273 	0.96451 	0.96307 	0.96554 	0.96556 	0.96499 
Replication681	 0.16459	0.99743	0.97099 	0.97329 	0.97264 	0.97380 	0.97405 	0.97395 
Replication682	 0.25679	0.99638	0.95575 	0.95809 	0.95669 	0.95916 	0.95930 	0.95879 
Replication683	 0.12695	0.99787	0.97735 	0.98014 	0.97839 	0.98014 	0.98008 	0.97985 
Replication684	 0.22961	0.99669	0.96029 	0.96254 	0.96138 	0.96348 	0.96364 	0.96324 
Replication685	 0.10759	0.99809	0.98103 	0.98342 	0.98117 	0.98343 	0.98316 	0.98272 
Replication686	 0.26400	0.99630	0.95436 	0.95692 	0.95564 	0.95797 	0.95816 	0.95772 
Replication687	 0.23405	0.99664	0.95941 	0.96182 	0.96075 	0.96273 	0.96294 	0.96260 
Replication688	 0.18569	0.99718	0.96839 	0.96972 	0.96825 	0.97070 	0.97064 	0.97002 
Replication689	 0.17906	0.99726	0.96894 	0.97094 	0.96975 	0.97163 	0.97171 	0.97135 
Replication690	 0.23411	0.99664	0.95931 	0.96182 	0.96084 	0.96269 	0.96294 	0.96264 
Replication691	 0.10876	0.99807	0.98027 	0.98286 	0.98187 	0.98287 	0.98299 	0.98297 
Replication692	 0.17299	0.99732	0.97030 	0.97178 	0.97057 	0.97263 	0.97265 	0.97217 
Replication693	 0.24151	0.99656	0.95773 	0.96064 	0.95992 	0.96142 	0.96179 	0.96165 
Replication694	 0.19215	0.99711	0.96650 	0.96868 	0.96787 	0.96941 	0.96963 	0.96940 
Replication695	 0.18388	0.99721	0.96840 	0.97049 	0.96831 	0.97113 	0.97093 	0.97028 
Replication696	 0.16570	0.99742	0.97078 	0.97347 	0.97214 	0.97379 	0.97388 	0.97367 
Replication697	 0.14752	0.99761	0.97474 	0.97616 	0.97459 	0.97685 	0.97673 	0.97618 
Replication698	 0.12353	0.99790	0.97802 	0.98045 	0.97910 	0.98060 	0.98061 	0.98042 
Replication699	 0.14479	0.99765	0.97464 	0.97662 	0.97562 	0.97710 	0.97720 	0.97696 
Replication700	 0.24163	0.99656	0.95766 	0.96063 	0.95995 	0.96139 	0.96177 	0.96167 
Replication701	 0.17094	0.99736	0.96962 	0.97219 	0.97196 	0.97265 	0.97306 	0.97313 
Replication702	 0.27648	0.99616	0.95259 	0.95495 	0.95311 	0.95613 	0.95616 	0.95548 
Replication703	 0.21495	0.99685	0.96271 	0.96494 	0.96393 	0.96579 	0.96599 	0.96565 
Replication704	 0.18668	0.99717	0.96828 	0.96956 	0.96803 	0.97057 	0.97049 	0.96983 
Replication705	 0.24596	0.99650	0.95843 	0.95989 	0.95786 	0.96120 	0.96106 	0.96016 
Replication706	 0.23359	0.99664	0.95977 	0.96188 	0.96055 	0.96289 	0.96300 	0.96250 
Replication707	 0.13971	0.99770	0.97640 	0.97733 	0.97579 	0.97816 	0.97800 	0.97735 
Replication708	 0.14062	0.99769	0.97579 	0.97744 	0.97572 	0.97799 	0.97784 	0.97731 
Replication709	 0.29249	0.99599	0.94911 	0.95231 	0.95126 	0.95331 	0.95366 	0.95338 
Replication710	 0.20988	0.99690	0.96393 	0.96574 	0.96441 	0.96671 	0.96676 	0.96624 
Replication711	 0.24890	0.99647	0.95715 	0.95938 	0.95797 	0.96044 	0.96055 	0.96003 
Replication712	 0.17259	0.99732	0.97055 	0.97184 	0.97048 	0.97276 	0.97272 	0.97215 
Replication713	 0.20746	0.99693	0.96433 	0.96615 	0.96486 	0.96710 	0.96716 	0.96666 
Replication714	 0.24489	0.99652	0.95755 	0.96005 	0.95894 	0.96099 	0.96121 	0.96085 
Replication715	 0.29074	0.99600	0.94979 	0.95255 	0.95114 	0.95370 	0.95390 	0.95341 
Replication716	 0.23134	0.99666	0.96022 	0.96225 	0.96087 	0.96327 	0.96335 	0.96283 
Replication717	 0.14985	0.99758	0.97405 	0.97557 	0.97465 	0.97627 	0.97635 	0.97601 
Replication718	 0.25331	0.99642	0.95676 	0.95866 	0.95692 	0.95987 	0.95985 	0.95914 
Replication719	 0.17062	0.99735	0.97025 	0.97220 	0.97143 	0.97288 	0.97306 	0.97283 
Replication720	 0.16379	0.99743	0.97126 	0.97344 	0.97262 	0.97398 	0.97417 	0.97399 
Replication721	 0.08414	0.99837	0.98508 	0.98774 	0.98506 	0.98745 	0.98706 	0.98661 
Replication722	 0.21285	0.99688	0.96298 	0.96529 	0.96437 	0.96610 	0.96633 	0.96605 
Replication723	 0.12524	0.99788	0.97807 	0.98023 	0.97842 	0.98047 	0.98033 	0.97993 
Replication724	 0.21432	0.99686	0.96277 	0.96528 	0.96387 	0.96600 	0.96609 	0.96571 
Replication725	 0.18474	0.99721	0.96730 	0.97054 	0.96903 	0.97076 	0.97087 	0.97069 
Replication726	 0.16190	0.99746	0.97160 	0.97384 	0.97284 	0.97433 	0.97447 	0.97426 
Replication727	 0.17440	0.99731	0.96962 	0.97165 	0.97071 	0.97231 	0.97246 	0.97219 
Replication728	 0.11808	0.99797	0.97914 	0.98172 	0.97951 	0.98172 	0.98149 	0.98109 
Replication729	 0.23283	0.99666	0.95923 	0.96206 	0.96136 	0.96281 	0.96317 	0.96304 
Replication730	 0.20618	0.99696	0.96421 	0.96696 	0.96488 	0.96749 	0.96740 	0.96689 
Replication731	 0.20919	0.99692	0.96364 	0.96589 	0.96496 	0.96670 	0.96691 	0.96662 
Replication732	 0.21738	0.99682	0.96246 	0.96453 	0.96335 	0.96546 	0.96559 	0.96516 
Replication733	 0.26343	0.99632	0.95376 	0.95724 	0.95635 	0.95793 	0.95833 	0.95823 
Replication734	 0.19431	0.99708	0.96672 	0.96829 	0.96692 	0.96924 	0.96925 	0.96869 
Replication735	 0.17915	0.99725	0.96956 	0.97079 	0.96930 	0.97177 	0.97169 	0.97105 
Replication736	 0.19116	0.99712	0.96664 	0.96884 	0.96807 	0.96956 	0.96979 	0.96958 
Replication737	 0.20464	0.99697	0.96448 	0.96663 	0.96566 	0.96745 	0.96763 	0.96731 
Replication738	 0.26439	0.99629	0.95509 	0.95687 	0.95489 	0.95819 	0.95810 	0.95727 
Replication739	 0.23696	0.99660	0.95938 	0.96133 	0.95981 	0.96241 	0.96245 	0.96186 
Replication740	 0.25490	0.99640	0.95609 	0.95841 	0.95698 	0.95948 	0.95960 	0.95908 
Replication741	 0.31464	0.99573	0.94606 	0.94864 	0.94678 	0.95000 	0.95008 	0.94936 
Replication742	 0.22365	0.99675	0.96146 	0.96351 	0.96223 	0.96448 	0.96458 	0.96410 
Replication743	 0.23875	0.99659	0.95818 	0.96110 	0.96042 	0.96186 	0.96223 	0.96212 
Replication744	 0.14183	0.99768	0.97519 	0.97691 	0.97625 	0.97749 	0.97766 	0.97747 
Replication745	 0.22424	0.99674	0.96140 	0.96346 	0.96204 	0.96442 	0.96449 	0.96397 
Replication746	 0.14695	0.99763	0.97437 	0.97659 	0.97485 	0.97695 	0.97685 	0.97645 
Replication747	 0.21590	0.99684	0.96306 	0.96477 	0.96329 	0.96581 	0.96582 	0.96522 
Replication748	 0.19324	0.99709	0.96732 	0.96850 	0.96681 	0.96958 	0.96945 	0.96871 
Replication749	 0.18290	0.99721	0.96834 	0.97018 	0.96917 	0.97097 	0.97109 	0.97073 
Replication750	 0.16971	0.99736	0.97053 	0.97234 	0.97146 	0.97306 	0.97320 	0.97291 
Replication751	 0.23999	0.99657	0.95859 	0.96084 	0.95955 	0.96184 	0.96198 	0.96151 
Replication752	 0.11143	0.99803	0.98030 	0.98189 	0.98145 	0.98234 	0.98253 	0.98243 
Replication753	 0.20208	0.99699	0.96547 	0.96703 	0.96558 	0.96804 	0.96802 	0.96742 
Replication754	 0.14054	0.99771	0.97584 	0.97805 	0.97518 	0.97831 	0.97788 	0.97714 
Replication755	 0.18243	0.99722	0.96850 	0.97025 	0.96918 	0.97107 	0.97116 	0.97077 
Replication756	 0.25957	0.99635	0.95554 	0.95766 	0.95597 	0.95882 	0.95885 	0.95819 
Replication757	 0.15432	0.99753	0.97332 	0.97497 	0.97373 	0.97563 	0.97564 	0.97523 
Replication758	 0.17794	0.99728	0.96824 	0.97129 	0.97075 	0.97159 	0.97196 	0.97205 
Replication759	 0.23377	0.99664	0.96004 	0.96185 	0.96026 	0.96296 	0.96297 	0.96232 
Replication760	 0.18055	0.99724	0.96888 	0.97054 	0.96941 	0.97138 	0.97145 	0.97102 
Replication761	 0.29729	0.99593	0.94837 	0.95151 	0.95036 	0.95256 	0.95289 	0.95256 
Replication762	 0.12622	0.99788	0.97768 	0.98054 	0.97806 	0.98047 	0.98020 	0.97977 
Replication763	 0.21959	0.99680	0.96174 	0.96420 	0.96333 	0.96500 	0.96526 	0.96501 
Replication764	 0.14182	0.99768	0.97656 	0.97696 	0.97509 	0.97800 	0.97769 	0.97681 
Replication765	 0.19080	0.99713	0.96654 	0.96892 	0.96829 	0.96957 	0.96986 	0.96973 
Replication766	 0.23945	0.99658	0.95927 	0.96120 	0.95890 	0.96227 	0.96208 	0.96124 
Replication767	 0.21938	0.99680	0.96199 	0.96422 	0.96315 	0.96510 	0.96528 	0.96492 
Replication768	 0.08238	0.99837	0.98557 	0.98722 	0.98585 	0.98739 	0.98729 	0.98699 
Replication769	 0.17483	0.99731	0.96922 	0.97166 	0.97090 	0.97217 	0.97242 	0.97230 
Replication770	 0.22410	0.99674	0.96150 	0.96343 	0.96204 	0.96444 	0.96451 	0.96397 
Replication771	 0.22582	0.99673	0.96074 	0.96318 	0.96221 	0.96402 	0.96426 	0.96397 
Replication772	 0.18251	0.99721	0.96849 	0.97024 	0.96916 	0.97106 	0.97115 	0.97075 
Replication773	 0.22300	0.99676	0.96212 	0.96379 	0.96174 	0.96486 	0.96470 	0.96390 
Replication774	 0.14735	0.99762	0.97427 	0.97600 	0.97531 	0.97662 	0.97678 	0.97657 
Replication775	 0.22908	0.99669	0.96179 	0.96269 	0.96036 	0.96409 	0.96378 	0.96271 
Replication776	 0.14535	0.99764	0.97479 	0.97632 	0.97546 	0.97699 	0.97709 	0.97678 
Replication777	 0.16295	0.99745	0.97143 	0.97376 	0.97256 	0.97421 	0.97430 	0.97405 
Replication778	 0.20686	0.99694	0.96434 	0.96625 	0.96504 	0.96717 	0.96726 	0.96681 
Replication779	 0.25907	0.99635	0.95535 	0.95772 	0.95631 	0.95880 	0.95893 	0.95842 
Replication780	 0.20451	0.99697	0.96479 	0.96664 	0.96540 	0.96756 	0.96764 	0.96716 
Replication781	 0.13600	0.99776	0.97611 	0.97862 	0.97660 	0.97878 	0.97862 	0.97822 
Replication782	 0.28223	0.99610	0.95081 	0.95399 	0.95303 	0.95493 	0.95530 	0.95507 
Replication783	 0.27561	0.99617	0.95243 	0.95502 	0.95362 	0.95613 	0.95630 	0.95581 
Replication784	 0.20766	0.99693	0.96511 	0.96616 	0.96420 	0.96737 	0.96717 	0.96628 
Replication785	 0.17080	0.99735	0.97091 	0.97222 	0.97066 	0.97311 	0.97301 	0.97238 
Replication786	 0.23119	0.99667	0.96008 	0.96228 	0.96104 	0.96324 	0.96338 	0.96294 
Replication787	 0.15686	0.99750	0.97318 	0.97452 	0.97309 	0.97531 	0.97524 	0.97469 
Replication788	 0.11552	0.99798	0.97999 	0.98174 	0.97985 	0.98207 	0.98186 	0.98136 
Replication789	 0.15072	0.99759	0.97355 	0.97589 	0.97447 	0.97624 	0.97626 	0.97597 
Replication790	 0.07254	0.99850	0.98619 	0.98975 	0.98764 	0.98907 	0.98891 	0.98888 
Replication791	 0.22055	0.99678	0.96245 	0.96402 	0.96236 	0.96514 	0.96508 	0.96438 
Replication792	 0.23563	0.99662	0.95943 	0.96155 	0.96020 	0.96257 	0.96267 	0.96217 
Replication793	 0.14724	0.99763	0.97437 	0.97687 	0.97446 	0.97708 	0.97682 	0.97628 
Replication794	 0.17402	0.99732	0.96944 	0.97166 	0.97109 	0.97226 	0.97254 	0.97242 
Replication795	 0.20266	0.99699	0.96507 	0.96695 	0.96573 	0.96785 	0.96793 	0.96748 
Replication796	 0.19263	0.99710	0.96683 	0.96858 	0.96739 	0.96946 	0.96953 	0.96908 
Replication797	 0.19622	0.99706	0.96624 	0.96802 	0.96669 	0.96891 	0.96894 	0.96845 
Replication798	 0.18591	0.99718	0.96757 	0.96970 	0.96893 	0.97041 	0.97063 	0.97041 
Replication799	 0.17138	0.99734	0.97033 	0.97206 	0.97109 	0.97282 	0.97293 	0.97258 
Replication800	 0.23742	0.99659	0.95940 	0.96125 	0.95965 	0.96238 	0.96238 	0.96174 
Replication801	 0.22964	0.99669	0.96164 	0.96259 	0.96031 	0.96398 	0.96369 	0.96264 
Replication802	 0.17998	0.99727	0.96786 	0.97156 	0.96988 	0.97156 	0.97165 	0.97155 
Replication803	 0.26914	0.99624	0.95345 	0.95608 	0.95481 	0.95713 	0.95734 	0.95691 
Replication804	 0.16795	0.99738	0.97059 	0.97264 	0.97200 	0.97327 	0.97350 	0.97334 
Replication805	 0.24694	0.99649	0.95789 	0.95970 	0.95796 	0.96090 	0.96087 	0.96015 
Replication806	 0.19953	0.99703	0.96514 	0.96748 	0.96673 	0.96820 	0.96846 	0.96827 
Replication807	 0.16673	0.99739	0.97111 	0.97282 	0.97190 	0.97356 	0.97368 	0.97335 
Replication808	 0.23792	0.99659	0.95965 	0.96119 	0.95932 	0.96242 	0.96232 	0.96152 
Replication809	 0.16596	0.99740	0.97163 	0.97293 	0.97165 	0.97380 	0.97378 	0.97325 
Replication810	 0.17849	0.99726	0.96903 	0.97106 	0.96982 	0.97174 	0.97180 	0.97143 
Replication811	 0.17996	0.99724	0.96923 	0.97072 	0.96921 	0.97160 	0.97154 	0.97095 
Replication812	 0.13248	0.99780	0.97662 	0.97898 	0.97748 	0.97921 	0.97918 	0.97890 
Replication813	 0.17945	0.99725	0.96937 	0.97072 	0.96934 	0.97166 	0.97162 	0.97104 
Replication814	 0.15171	0.99757	0.97312 	0.97532 	0.97497 	0.97579 	0.97611 	0.97610 
Replication815	 0.18598	0.99718	0.96782 	0.96986 	0.96847 	0.97057 	0.97060 	0.97017 
Replication816	 0.18132	0.99723	0.96834 	0.97061 	0.96956 	0.97122 	0.97136 	0.97110 
Replication817	 0.19214	0.99710	0.96693 	0.96864 	0.96743 	0.96953 	0.96959 	0.96913 
Replication818	 0.23097	0.99667	0.96089 	0.96233 	0.96045 	0.96355 	0.96343 	0.96262 
Replication819	 0.14395	0.99765	0.97494 	0.97656 	0.97579 	0.97719 	0.97732 	0.97706 
Replication820	 0.17995	0.99724	0.96908 	0.97064 	0.96942 	0.97151 	0.97154 	0.97106 
Replication821	 0.16053	0.99746	0.97281 	0.97386 	0.97236 	0.97479 	0.97467 	0.97402 
Replication822	 0.08715	0.99833	0.98379 	0.98689 	0.98522 	0.98651 	0.98646 	0.98641 
Replication823	 0.18561	0.99719	0.96754 	0.97029 	0.96855 	0.97070 	0.97070 	0.97033 
Replication824	 0.12964	0.99783	0.97694 	0.97970 	0.97790 	0.97973 	0.97965 	0.97939 
Replication825	 0.24737	0.99648	0.95812 	0.95966 	0.95767 	0.96095 	0.96083 	0.95996 
Replication826	 0.16978	0.99736	0.97055 	0.97233 	0.97142 	0.97306 	0.97319 	0.97288 
Replication827	 0.20475	0.99696	0.96465 	0.96660 	0.96545 	0.96749 	0.96760 	0.96718 
Replication828	 0.21902	0.99681	0.96189 	0.96429 	0.96337 	0.96511 	0.96534 	0.96507 
Replication829	 0.20438	0.99697	0.96471 	0.96666 	0.96551 	0.96755 	0.96766 	0.96724 
Replication830	 0.20759	0.99693	0.96426 	0.96613 	0.96488 	0.96706 	0.96714 	0.96667 
Replication831	 0.00750	0.99935	0.99849 	1.00196 	0.99964 	1.00084 	1.00054 	1.00056 
Replication832	 0.16035	0.99748	0.97127 	0.97429 	0.97354 	0.97448 	0.97476 	0.97482 
Replication833	 0.21736	0.99682	0.96250 	0.96454 	0.96332 	0.96547 	0.96559 	0.96514 
Replication834	 0.22260	0.99677	0.96144 	0.96374 	0.96255 	0.96461 	0.96476 	0.96438 
Replication835	 0.15248	0.99756	0.97469 	0.97519 	0.97336 	0.97626 	0.97598 	0.97512 
Replication836	 0.21712	0.99682	0.96329 	0.96460 	0.96275 	0.96578 	0.96565 	0.96484 
Replication837	 0.18043	0.99724	0.96889 	0.97056 	0.96944 	0.97139 	0.97146 	0.97104 
Replication838	 0.16188	0.99746	0.97170 	0.97417 	0.97243 	0.97453 	0.97447 	0.97410 
Replication839	 0.19113	0.99712	0.96740 	0.96882 	0.96737 	0.96981 	0.96977 	0.96916 
Replication840	 0.23539	0.99662	0.95904 	0.96162 	0.96067 	0.96248 	0.96274 	0.96247 
Replication841	 0.25559	0.99640	0.95571 	0.95830 	0.95715 	0.95928 	0.95951 	0.95913 
Replication842	 0.07760	0.99843	0.98649 	0.98817 	0.98640 	0.98827 	0.98805 	0.98765 
Replication843	 0.18699	0.99717	0.96770 	0.96957 	0.96836 	0.97037 	0.97044 	0.97002 
Replication844	 0.14168	0.99768	0.97558 	0.97738 	0.97546 	0.97786 	0.97767 	0.97712 
Replication845	 0.12712	0.99785	0.97711 	0.97935 	0.97932 	0.97966 	0.98005 	0.98020 
Replication846	 0.19044	0.99713	0.96702 	0.96935 	0.96755 	0.96996 	0.96990 	0.96941 
Replication847	 0.18033	0.99726	0.96813 	0.97130 	0.96964 	0.97151 	0.97156 	0.97134 
Replication848	 0.25460	0.99640	0.95635 	0.95844 	0.95686 	0.95959 	0.95964 	0.95902 
Replication849	 0.24600	0.99650	0.95770 	0.95985 	0.95841 	0.96092 	0.96101 	0.96046 
Replication850	 0.18766	0.99715	0.96786 	0.96938 	0.96804 	0.97031 	0.97031 	0.96977 
Replication851	 0.20222	0.99701	0.96500 	0.96767 	0.96537 	0.96819 	0.96803 	0.96745 
Replication852	 0.19012	0.99713	0.96679 	0.96902 	0.96827 	0.96972 	0.96996 	0.96976 
Replication853	 0.21334	0.99687	0.96393 	0.96521 	0.96339 	0.96639 	0.96625 	0.96545 
Replication854	 0.20543	0.99696	0.96412 	0.96652 	0.96575 	0.96725 	0.96752 	0.96732 
Replication855	 0.17936	0.99726	0.96863 	0.97090 	0.96997 	0.97150 	0.97168 	0.97146 
Replication856	 0.15642	0.99751	0.97297 	0.97449 	0.97351 	0.97523 	0.97530 	0.97493 
Replication857	 0.16350	0.99743	0.97170 	0.97335 	0.97240 	0.97409 	0.97419 	0.97384 
Replication858	 0.24123	0.99655	0.95864 	0.96063 	0.95910 	0.96173 	0.96177 	0.96117 
Replication859	 0.17077	0.99735	0.97050 	0.97239 	0.97091 	0.97305 	0.97303 	0.97257 
Replication860	 0.20745	0.99694	0.96360 	0.96620 	0.96560 	0.96688 	0.96721 	0.96711 
Replication861	 0.27175	0.99622	0.95294 	0.95566 	0.95444 	0.95670 	0.95693 	0.95653 
Replication862	 0.08645	0.99833	0.98512 	0.98682 	0.98474 	0.98696 	0.98665 	0.98615 
Replication863	 0.20562	0.99695	0.96548 	0.96649 	0.96453 	0.96771 	0.96750 	0.96660 
Replication864	 0.14588	0.99763	0.97448 	0.97625 	0.97559 	0.97684 	0.97702 	0.97683 
Replication865	 0.18616	0.99718	0.96770 	0.96965 	0.96871 	0.97042 	0.97058 	0.97026 
Replication866	 0.21216	0.99688	0.96343 	0.96538 	0.96416 	0.96632 	0.96642 	0.96596 
Replication867	 0.22290	0.99676	0.96214 	0.96364 	0.96190 	0.96479 	0.96471 	0.96397 
Replication868	 0.22763	0.99670	0.96104 	0.96285 	0.96133 	0.96393 	0.96394 	0.96333 
Replication869	 0.23682	0.99660	0.95926 	0.96135 	0.95997 	0.96239 	0.96248 	0.96196 
Replication870	 0.18695	0.99716	0.96803 	0.96949 	0.96812 	0.97044 	0.97042 	0.96986 
Replication871	 0.17379	0.99732	0.96978 	0.97167 	0.97082 	0.97239 	0.97255 	0.97227 
Replication872	 0.05231	0.99992	1.00784 	1.00984 	1.00759 	1.00899 	1.00852 	1.00831 
Replication873	 0.15663	0.99751	0.97349 	0.97448 	0.97303 	0.97540 	0.97529 	0.97465 
Replication874	 0.22252	0.99676	0.96162 	0.96371 	0.96243 	0.96466 	0.96476 	0.96430 
Replication875	 0.21721	0.99683	0.96179 	0.96462 	0.96410 	0.96528 	0.96567 	0.96563 
Replication876	 0.14554	0.99764	0.97451 	0.97654 	0.97545 	0.97700 	0.97708 	0.97682 
Replication877	 0.23320	0.99665	0.95913 	0.96200 	0.96134 	0.96274 	0.96311 	0.96301 
Replication878	 0.25246	0.99643	0.95704 	0.95881 	0.95697 	0.96005 	0.96000 	0.95923 
Replication879	 0.19768	0.99705	0.96570 	0.96777 	0.96680 	0.96857 	0.96874 	0.96842 
Replication880	 0.18967	0.99713	0.96714 	0.96907 	0.96807 	0.96987 	0.97001 	0.96967 
Replication881	 0.22012	0.99679	0.96221 	0.96408 	0.96269 	0.96509 	0.96514 	0.96460 
Replication882	 0.25180	0.99643	0.95754 	0.95895 	0.95680 	0.96032 	0.96014 	0.95918 
Replication883	 0.24468	0.99651	0.95867 	0.96010 	0.95806 	0.96142 	0.96126 	0.96036 
Replication884	 0.17373	0.99732	0.96959 	0.97196 	0.97078 	0.97247 	0.97258 	0.97232 
Replication885	 0.16077	0.99747	0.97160 	0.97383 	0.97342 	0.97435 	0.97466 	0.97462 
Replication886	 0.21616	0.99683	0.96272 	0.96473 	0.96351 	0.96567 	0.96578 	0.96533 
Replication887	 0.17208	0.99733	0.97075 	0.97195 	0.97051 	0.97289 	0.97282 	0.97220 
Replication888	 0.08330	0.99835	0.98549 	0.98692 	0.98576 	0.98720 	0.98714 	0.98685 
Replication889	 0.17134	0.99734	0.97111 	0.97208 	0.97045 	0.97310 	0.97295 	0.97222 
Replication890	 0.21962	0.99680	0.96182 	0.96419 	0.96324 	0.96502 	0.96525 	0.96496 
Replication891	 0.21872	0.99680	0.96274 	0.96432 	0.96269 	0.96542 	0.96537 	0.96469 
Replication892	 0.18197	0.99722	0.96916 	0.97033 	0.96877 	0.97135 	0.97124 	0.97056 
Replication893	 0.14275	0.99768	0.97497 	0.97736 	0.97559 	0.97762 	0.97753 	0.97717 
Replication894	 0.16735	0.99739	0.97087 	0.97273 	0.97192 	0.97342 	0.97358 	0.97332 
Replication895	 0.08984	0.99829	0.98403 	0.98631 	0.98461 	0.98626 	0.98613 	0.98587 
Replication896	 0.17645	0.99729	0.96928 	0.97124 	0.97042 	0.97195 	0.97213 	0.97187 
Replication897	 0.24114	0.99655	0.95843 	0.96065 	0.95932 	0.96167 	0.96179 	0.96131 
Replication898	 0.21582	0.99684	0.96380 	0.96483 	0.96277 	0.96611 	0.96588 	0.96494 
Replication899	 0.03063	0.99897	0.99408 	0.99642 	0.99402 	0.99593 	0.99554 	0.99521 
Replication900	 0.29366	0.99597	0.94935 	0.95207 	0.95058 	0.95325 	0.95343 	0.95290 
Replication901	 0.11416	0.99801	0.98000 	0.98223 	0.98008 	0.98235 	0.98210 	0.98164 
Replication902	 0.14223	0.99768	0.97576 	0.97725 	0.97518 	0.97785 	0.97758 	0.97691 
Replication903	 0.17158	0.99736	0.96961 	0.97282 	0.97104 	0.97295 	0.97296 	0.97273 
Replication904	 0.15913	0.99748	0.97202 	0.97409 	0.97356 	0.97466 	0.97491 	0.97481 
Replication905	 0.07772	0.99843	0.98595 	0.98834 	0.98668 	0.98817 	0.98805 	0.98786 
Replication906	 0.27969	0.99612	0.95236 	0.95436 	0.95241 	0.95570 	0.95566 	0.95485 
Replication907	 0.18933	0.99714	0.96740 	0.96910 	0.96791 	0.96998 	0.97004 	0.96958 
Replication908	 0.24294	0.99653	0.95847 	0.96035 	0.95872 	0.96150 	0.96150 	0.96084 
Replication909	 0.18543	0.99718	0.96826 	0.96974 	0.96840 	0.97067 	0.97067 	0.97012 
Replication910	 0.18927	0.99714	0.96733 	0.96913 	0.96802 	0.96997 	0.97007 	0.96966 
Replication911	 0.22822	0.99670	0.96053 	0.96277 	0.96160 	0.96370 	0.96386 	0.96346 
Replication912	 0.18895	0.99714	0.96772 	0.96916 	0.96775 	0.97013 	0.97010 	0.96952 
Replication913	 0.11837	0.99797	0.97846 	0.98165 	0.98010 	0.98145 	0.98147 	0.98142 
Replication914	 0.25897	0.99635	0.95561 	0.95773 	0.95611 	0.95890 	0.95895 	0.95831 
Replication915	 0.23063	0.99668	0.95959 	0.96242 	0.96175 	0.96316 	0.96352 	0.96340 
Replication916	 0.20714	0.99694	0.96492 	0.96622 	0.96449 	0.96735 	0.96723 	0.96648 
Replication917	 0.28609	0.99605	0.95065 	0.95330 	0.95185 	0.95446 	0.95463 	0.95411 
Replication918	 0.11721	0.99795	0.97983 	0.98092 	0.97998 	0.98157 	0.98158 	0.98119 
Replication919	 0.21217	0.99688	0.96361 	0.96536 	0.96396 	0.96637 	0.96639 	0.96583 
Replication920	 0.19679	0.99706	0.96575 	0.96792 	0.96705 	0.96868 	0.96889 	0.96862 
Replication921	 0.13336	0.99778	0.97652 	0.97856 	0.97754 	0.97894 	0.97903 	0.97882 
Replication922	 0.22546	0.99673	0.96092 	0.96322 	0.96215 	0.96412 	0.96431 	0.96395 
Replication923	 0.23993	0.99657	0.95822 	0.96088 	0.95996 	0.96174 	0.96202 	0.96177 
Replication924	 0.17607	0.99729	0.96971 	0.97131 	0.97008 	0.97214 	0.97216 	0.97169 
Replication925	 0.12144	0.99792	0.97932 	0.98086 	0.97850 	0.98128 	0.98092 	0.98021 
Replication926	 0.22675	0.99671	0.96136 	0.96300 	0.96134 	0.96413 	0.96409 	0.96340 
Replication927	 0.21784	0.99682	0.96240 	0.96446 	0.96325 	0.96539 	0.96551 	0.96507 
Replication928	 0.18020	0.99724	0.96911 	0.97060 	0.96932 	0.97149 	0.97150 	0.97099 
Replication929	 0.18500	0.99719	0.96796 	0.96983 	0.96884 	0.97063 	0.97076 	0.97041 
Replication930	 0.22382	0.99675	0.96116 	0.96350 	0.96247 	0.96437 	0.96457 	0.96424 
Replication931	 0.23161	0.99666	0.96049 	0.96221 	0.96056 	0.96334 	0.96331 	0.96263 
Replication932	 0.20674	0.99694	0.96488 	0.96628 	0.96463 	0.96737 	0.96729 	0.96658 
Replication933	 0.27173	0.99621	0.95320 	0.95565 	0.95418 	0.95678 	0.95692 	0.95638 
Replication934	 0.24537	0.99651	0.95757 	0.95997 	0.95875 	0.96095 	0.96113 	0.96071 
Replication935	 0.16556	0.99742	0.97154 	0.97360 	0.97129 	0.97412 	0.97386 	0.97320 
Replication936	 0.15509	0.99753	0.97299 	0.97473 	0.97396 	0.97539 	0.97554 	0.97529 
Replication937	 0.25956	0.99636	0.95475 	0.95768 	0.95677 	0.95857 	0.95890 	0.95867 
Replication938	 0.21336	0.99687	0.96325 	0.96519 	0.96393 	0.96613 	0.96622 	0.96575 
Replication939	 0.22946	0.99669	0.96053 	0.96288 	0.96088 	0.96373 	0.96366 	0.96303 
Replication940	 0.20712	0.99694	0.96490 	0.96622 	0.96451 	0.96734 	0.96723 	0.96649 
Replication941	 0.14991	0.99759	0.97350 	0.97560 	0.97520 	0.97610 	0.97639 	0.97635 
Replication942	 0.16075	0.99746	0.97209 	0.97380 	0.97294 	0.97451 	0.97463 	0.97433 
Replication943	 0.27765	0.99614	0.95259 	0.95468 	0.95284 	0.95597 	0.95598 	0.95522 
Replication944	 0.08181	0.99838	0.98524 	0.98775 	0.98596 	0.98755 	0.98741 	0.98720 
Replication945	 0.19812	0.99704	0.96640 	0.96769 	0.96605 	0.96877 	0.96867 	0.96795 
Replication946	 0.28544	0.99606	0.95103 	0.95340 	0.95171 	0.95465 	0.95473 	0.95407 
Replication947	 0.18922	0.99714	0.96712 	0.96915 	0.96825 	0.96992 	0.97009 	0.96980 
Replication948	 0.17753	0.99727	0.96974 	0.97104 	0.96962 	0.97198 	0.97193 	0.97133 
Replication949	 0.26475	0.99629	0.95479 	0.95679 	0.95501 	0.95803 	0.95803 	0.95730 
Replication950	 0.20591	0.99695	0.96426 	0.96642 	0.96544 	0.96724 	0.96743 	0.96711 
Replication951	 0.14268	0.99767	0.97517 	0.97676 	0.97599 	0.97740 	0.97752 	0.97726 
Replication952	 0.20040	0.99701	0.96553 	0.96731 	0.96606 	0.96823 	0.96829 	0.96781 
Replication953	 0.18178	0.99722	0.96873 	0.97034 	0.96914 	0.97121 	0.97125 	0.97078 
Replication954	 0.25164	0.99645	0.95607 	0.95914 	0.95800 	0.95990 	0.96017 	0.95992 
Replication955	 0.26591	0.99628	0.95438 	0.95672 	0.95487 	0.95783 	0.95784 	0.95717 
Replication956	 0.23283	0.99665	0.95991 	0.96200 	0.96066 	0.96302 	0.96312 	0.96261 
Replication957	 0.21423	0.99686	0.96317 	0.96504 	0.96373 	0.96602 	0.96608 	0.96557 
Replication958	 0.15998	0.99749	0.97133 	0.97456 	0.97342 	0.97464 	0.97483 	0.97482 
Replication959	 0.23734	0.99661	0.95851 	0.96132 	0.96055 	0.96211 	0.96245 	0.96228 
Replication960	 0.20970	0.99691	0.96345 	0.96581 	0.96497 	0.96659 	0.96683 	0.96660 
Replication961	 0.19396	0.99709	0.96761 	0.96841 	0.96639 	0.96963 	0.96937 	0.96843 
Replication962	 0.26786	0.99626	0.95333 	0.95633 	0.95538 	0.95724 	0.95758 	0.95734 
Replication963	 0.23575	0.99662	0.95928 	0.96153 	0.96030 	0.96251 	0.96266 	0.96222 
Replication964	 0.25175	0.99645	0.95577 	0.95899 	0.95844 	0.95973 	0.96018 	0.96015 
Replication965	 0.16550	0.99741	0.97113 	0.97303 	0.97228 	0.97370 	0.97388 	0.97365 
Replication966	 0.15724	0.99751	0.97267 	0.97461 	0.97333 	0.97517 	0.97520 	0.97484 
Replication967	 0.20332	0.99698	0.96550 	0.96684 	0.96518 	0.96793 	0.96784 	0.96712 
Replication968	 0.13506	0.99777	0.97588 	0.97837 	0.97754 	0.97859 	0.97878 	0.97873 
Replication969	 0.10129	0.99815	0.98180 	0.98424 	0.98272 	0.98423 	0.98417 	0.98398 
Replication970	 0.17342	0.99732	0.96950 	0.97176 	0.97123 	0.97234 	0.97264 	0.97255 
Replication971	 0.23000	0.99668	0.96026 	0.96247 	0.96127 	0.96343 	0.96357 	0.96315 
Replication972	 0.17478	0.99731	0.96991 	0.97206 	0.96981 	0.97261 	0.97238 	0.97175 
Replication973	 0.16091	0.99746	0.97247 	0.97376 	0.97252 	0.97460 	0.97458 	0.97407 
Replication974	 0.25022	0.99647	0.95596 	0.95925 	0.95877 	0.95995 	0.96043 	0.96044 
Replication975	 0.17608	0.99729	0.96946 	0.97130 	0.97037 	0.97205 	0.97218 	0.97187 
Replication976	 0.15163	0.99757	0.97321 	0.97536 	0.97486 	0.97585 	0.97612 	0.97605 
Replication977	 0.10265	0.99813	0.98262 	0.98364 	0.98232 	0.98419 	0.98407 	0.98360 
Replication978	 0.22426	0.99674	0.96149 	0.96340 	0.96200 	0.96442 	0.96448 	0.96393 
Replication979	 0.22808	0.99670	0.96084 	0.96278 	0.96136 	0.96381 	0.96387 	0.96332 
Replication980	 0.22792	0.99671	0.96032 	0.96284 	0.96192 	0.96367 	0.96393 	0.96367 
Replication981	 0.19721	0.99705	0.96639 	0.96799 	0.96618 	0.96893 	0.96881 	0.96812 
Replication982	 0.25795	0.99636	0.95578 	0.95790 	0.95629 	0.95905 	0.95911 	0.95848 
Replication983	 0.15292	0.99755	0.97323 	0.97510 	0.97445 	0.97570 	0.97589 	0.97572 
Replication984	 0.20739	0.99693	0.96418 	0.96617 	0.96503 	0.96706 	0.96718 	0.96677 
Replication985	 0.18271	0.99722	0.96801 	0.97023 	0.96956 	0.97089 	0.97115 	0.97098 
Replication986	 0.21903	0.99680	0.96308 	0.96429 	0.96235 	0.96552 	0.96535 	0.96449 
Replication987	 0.14388	0.99766	0.97572 	0.97693 	0.97480 	0.97765 	0.97734 	0.97658 
Replication988	 0.20507	0.99697	0.96428 	0.96669 	0.96560 	0.96740 	0.96757 	0.96728 
Replication989	 0.19180	0.99711	0.96679 	0.96872 	0.96771 	0.96954 	0.96967 	0.96932 
Replication990	 0.24052	0.99656	0.95868 	0.96074 	0.95929 	0.96181 	0.96189 	0.96133 
Replication991	 0.08835	0.99831	0.98498 	0.98677 	0.98405 	0.98684 	0.98637 	0.98569 
Replication992	 0.22076	0.99679	0.96159 	0.96423 	0.96287 	0.96494 	0.96507 	0.96473 
Replication993	 0.21725	0.99683	0.96193 	0.96460 	0.96394 	0.96531 	0.96565 	0.96553 
Replication994	 0.15009	0.99758	0.97460 	0.97555 	0.97414 	0.97645 	0.97634 	0.97571 
Replication995	 0.20911	0.99692	0.96324 	0.96594 	0.96539 	0.96659 	0.96696 	0.96689 
Replication996	 0.17018	0.99737	0.96991 	0.97291 	0.97134 	0.97313 	0.97318 	0.97296 
Replication997	 0.16171	0.99745	0.97181 	0.97376 	0.97279 	0.97437 	0.97449 	0.97421 
Replication998	 0.17559	0.99730	0.97004 	0.97177 	0.96959 	0.97249 	0.97225 	0.97153 
Replication999	 0.16232	0.99744	0.97216 	0.97352 	0.97234 	0.97435 	0.97436 	0.97388 