
Replication	FitnessValue	Frequency	Bus1	Bus2	Bus3	Bus4	Bus5	Bus6	Bus7	Bus8	Bus9	Bus10	Bus11	Bus12	Bus1_P	Bus2_P	Bus3_P	Bus4_P	Bus5_P	Bus6_P	Bus7_P	Bus8_P	Bus9_P	Bus10_P	Bus11_P	Bus12_P	Bus1_Q	Bus2_Q	Bus3_Q	Bus4_Q	Bus5_Q	Bus6_Q	Bus7_Q	Bus8_Q	Bus9_Q	Bus10_Q	Bus11_Q	Bus12_Q	PLoss	QLoss
Replication0	 -1.54560	0.99915	0.97424 	0.97723 	0.98228 	0.98221 	0.98005 	0.98612 	0.96714 	0.97275 	0.98615 	0.96864 	0.98596 	0.98543 	-0.12831 	-0.15792 	-0.04466 	0.11748 	0.00000 	0.15865 	-0.14160 	-0.16992 	0.10566 	-0.14801 	0.24671 	0.16177 	-0.04216 	-0.05189 	-0.01467 	0.04925 	0.00000 	0.05626 	-0.04652 	-0.05583 	0.03743 	-0.04863 	0.08106 	0.05938 	0.00015	0.02367
Replication1	 -1.48810	0.99895	0.97239 	0.97188 	0.97200 	0.97869 	0.97446 	0.97947 	0.95619 	0.96387 	0.97892 	0.95841 	0.97690 	0.97827 	-0.08902 	-0.15445 	-0.18553 	0.13573 	0.00000 	0.20016 	-0.16819 	-0.15760 	0.13504 	-0.17085 	0.24429 	0.20555 	-0.02926 	-0.05077 	-0.06098 	0.05209 	0.00000 	0.07464 	-0.05528 	-0.05180 	0.05139 	-0.05616 	0.08029 	0.08003 	0.00487	0.03421
Replication2	 0.00688	0.99868	0.95554 	0.96199 	0.96606 	0.96863 	0.96553 	0.97310 	0.94312 	0.95396 	0.97155 	0.94895 	0.96199 	0.97130 	-0.21754 	-0.16773 	-0.12267 	0.17693 	0.02457 	0.24537 	-0.20357 	-0.16625 	0.16817 	-0.11069 	0.11918 	0.25345 	-0.07154 	-0.05516 	-0.04034 	0.07126 	0.00808 	0.08680 	-0.06695 	-0.05468 	0.06249 	-0.03640 	0.03920 	0.09487 	0.00079	0.03763
Replication3	 -1.52580	0.99888	0.97092 	0.96932 	0.97243 	0.97703 	0.97327 	0.97867 	0.95489 	0.96099 	0.97745 	0.95684 	0.97234 	0.97691 	-0.07471 	-0.20975 	-0.12110 	0.14368 	0.00000 	0.20817 	-0.13988 	-0.20902 	0.14242 	-0.13549 	0.17788 	0.21612 	-0.02456 	-0.06895 	-0.03981 	0.05412 	0.00000 	0.07378 	-0.04598 	-0.06871 	0.05286 	-0.04454 	0.05848 	0.08173 	0.00166	0.02842
Replication4	 -1.50975	0.99884	0.96097 	0.96822 	0.97147 	0.97333 	0.96977 	0.97768 	0.95553 	0.96192 	0.97681 	0.95795 	0.96997 	0.97654 	-0.20997 	-0.11942 	-0.11056 	0.15636 	0.00000 	0.21507 	-0.13111 	-0.17187 	0.14594 	-0.11250 	0.11477 	0.22019 	-0.06903 	-0.03926 	-0.03635 	0.06358 	0.00000 	0.07584 	-0.04310 	-0.05650 	0.05316 	-0.03699 	0.03773 	0.08096 	0.00311	0.03004
Replication5	 -1.45319	0.99900	0.96702 	0.97285 	0.97311 	0.97752 	0.97368 	0.98050 	0.96305 	0.96881 	0.98104 	0.96692 	0.98046 	0.98053 	-0.18672 	-0.08679 	-0.18432 	0.13742 	0.00000 	0.19279 	-0.15188 	-0.18299 	0.12685 	-0.07338 	0.20792 	0.19263 	-0.06137 	-0.02853 	-0.06058 	0.05744 	0.00000 	0.07278 	-0.04992 	-0.06014 	0.04688 	-0.02412 	0.06833 	0.07262 	0.00847	0.03340
Replication6	 -1.47295	0.99898	0.97277 	0.97168 	0.97347 	0.97880 	0.97501 	0.98038 	0.95949 	0.96748 	0.98031 	0.96321 	0.97739 	0.97991 	-0.08442 	-0.18483 	-0.16187 	0.13419 	0.00000 	0.19425 	-0.16820 	-0.12755 	0.12967 	-0.11966 	0.18536 	0.19635 	-0.02775 	-0.06075 	-0.05320 	0.05296 	0.00000 	0.07234 	-0.05528 	-0.04192 	0.04844 	-0.03933 	0.06092 	0.07445 	0.00673	0.03087
Replication7	 0.01054	0.99863	0.96077 	0.96138 	0.96209 	0.96972 	0.96460 	0.97098 	0.93946 	0.95026 	0.96912 	0.94433 	0.96036 	0.96873 	-0.12742 	-0.18528 	-0.20225 	0.17550 	0.00405 	0.25769 	-0.20535 	-0.17875 	0.17729 	-0.14676 	0.16059 	0.26778 	-0.04191 	-0.06094 	-0.06652 	0.06613 	0.00133 	0.09356 	-0.06754 	-0.05879 	0.06792 	-0.04827 	0.05282 	0.10366 	0.00292	0.04145
Replication8	 0.00931	0.99858	0.94715 	0.95648 	0.96220 	0.96326 	0.95944 	0.96959 	0.94069 	0.94983 	0.96870 	0.94251 	0.96022 	0.96835 	-0.27025 	-0.17522 	-0.11406 	0.19716 	0.00983 	0.26733 	-0.16734 	-0.16738 	0.18082 	-0.19947 	0.16549 	0.27289 	-0.08889 	-0.05764 	-0.03752 	0.08325 	0.00323 	0.09639 	-0.05504 	-0.05506 	0.06691 	-0.06561 	0.05444 	0.10196 	0.00020	0.04641
Replication9	 0.00300	0.99888	0.97140 	0.97235 	0.97197 	0.97851 	0.97415 	0.97876 	0.94700 	0.95818 	0.97635 	0.95219 	0.96965 	0.97573 	-0.09826 	-0.12101 	-0.15343 	0.13928 	0.00000 	0.20782 	-0.21983 	-0.16868 	0.14573 	-0.15351 	0.20177 	0.22147 	-0.03230 	-0.03978 	-0.05044 	0.04966 	0.00000 	0.07333 	-0.07227 	-0.05545 	0.05611 	-0.05047 	0.06633 	0.08699 	0.00134	0.03171
Replication10	 0.00176	0.99870	0.95957 	0.96175 	0.96422 	0.96963 	0.96496 	0.97249 	0.94824 	0.95346 	0.97195 	0.94985 	0.96854 	0.97123 	-0.15379 	-0.19214 	-0.17832 	0.17314 	0.00000 	0.24696 	-0.14389 	-0.27180 	0.16620 	-0.14246 	0.23963 	0.25262 	-0.05058 	-0.06319 	-0.05864 	0.06901 	0.00000 	0.09070 	-0.04732 	-0.08938 	0.06207 	-0.04685 	0.07880 	0.09635 	0.00385	0.04098
Replication11	 -1.49861	0.99898	0.96624 	0.97147 	0.97615 	0.97690 	0.97544 	0.98148 	0.96276 	0.96960 	0.98110 	0.96611 	0.97425 	0.98107 	-0.18662 	-0.16055 	-0.08974 	0.14014 	0.03365 	0.18963 	-0.12764 	-0.10742 	0.12754 	-0.07946 	0.06426 	0.19151 	-0.06134 	-0.05277 	-0.02950 	0.05844 	0.01106 	0.06703 	-0.04195 	-0.03530 	0.04584 	-0.02612 	0.02112 	0.06891 	0.00469	0.02543
Replication12	 -1.47043	0.99887	0.96282 	0.96615 	0.96988 	0.97301 	0.96951 	0.97701 	0.95558 	0.96347 	0.97747 	0.95909 	0.97498 	0.97701 	-0.16812 	-0.18527 	-0.14748 	0.15611 	0.00619 	0.21626 	-0.17224 	-0.15237 	0.14274 	-0.13078 	0.21239 	0.21623 	-0.05527 	-0.06091 	-0.04848 	0.06579 	0.00204 	0.08073 	-0.05662 	-0.05009 	0.05242 	-0.04299 	0.06982 	0.08070 	0.00636	0.03713
Replication13	 -1.49166	0.99895	0.96472 	0.97056 	0.97239 	0.97570 	0.97200 	0.97926 	0.95845 	0.96454 	0.97948 	0.95949 	0.97924 	0.97874 	-0.18944 	-0.11328 	-0.15159 	0.14497 	0.00021 	0.20150 	-0.14975 	-0.18098 	0.13362 	-0.17799 	0.27462 	0.20385 	-0.06227 	-0.03724 	-0.04983 	0.06079 	0.00007 	0.07517 	-0.04922 	-0.05949 	0.04944 	-0.05850 	0.09027 	0.07752 	0.00426	0.03672
Replication14	 -1.45018	0.99889	0.96354 	0.96737 	0.96967 	0.97377 	0.96980 	0.97734 	0.96123 	0.96460 	0.97815 	0.96092 	0.97753 	0.97760 	-0.17230 	-0.15689 	-0.17649 	0.15291 	0.00000 	0.21334 	-0.10044 	-0.19502 	0.13976 	-0.14876 	0.22329 	0.21218 	-0.05664 	-0.05158 	-0.05802 	0.06445 	0.00000 	0.08061 	-0.03302 	-0.06411 	0.05131 	-0.04890 	0.07340 	0.07945 	0.00842	0.03698
Replication15	 -1.46716	0.99910	0.96717 	0.97450 	0.97789 	0.97856 	0.97583 	0.98352 	0.97114 	0.97462 	0.98470 	0.97033 	0.98439 	0.98433 	-0.20778 	-0.10541 	-0.11353 	0.13036 	0.00000 	0.17330 	-0.08394 	-0.11281 	0.11196 	-0.15231 	0.18309 	0.16965 	-0.06828 	-0.03464 	-0.03731 	0.05822 	0.00000 	0.06503 	-0.02758 	-0.03707 	0.03981 	-0.05005 	0.06016 	0.06139 	0.00743	0.02968
Replication16	 -1.47817	0.99942	0.98019 	0.98337 	0.98842 	0.98731 	0.98594 	0.99200 	0.98627 	0.98788 	0.99444 	0.98585 	0.99990 	0.99386 	-0.13100 	-0.14412 	-0.06162 	0.09129 	0.00000 	0.11587 	-0.07634 	-0.11601 	0.06990 	-0.11024 	0.24786 	0.10749 	-0.04302 	-0.04733 	-0.02024 	0.04482 	0.00000 	0.04614 	-0.02507 	-0.03810 	0.02343 	-0.03620 	0.08139 	0.03776 	0.00693	0.02360
Replication17	 -1.44183	0.99891	0.96469 	0.96587 	0.96978 	0.97348 	0.96971 	0.97727 	0.95811 	0.96623 	0.97855 	0.96185 	0.97769 	0.97813 	-0.14092 	-0.21441 	-0.16460 	0.15313 	0.00000 	0.21272 	-0.17679 	-0.12288 	0.13794 	-0.12900 	0.22694 	0.20883 	-0.04632 	-0.07048 	-0.05411 	0.06594 	0.00000 	0.08188 	-0.05811 	-0.04039 	0.05074 	-0.04240 	0.07460 	0.07799 	0.00904	0.03933
Replication18	 0.00282	0.99879	0.96840 	0.96594 	0.96899 	0.97461 	0.97118 	0.97593 	0.94718 	0.95537 	0.97424 	0.94795 	0.96851 	0.97357 	-0.07399 	-0.23550 	-0.13885 	0.15436 	0.01910 	0.22567 	-0.16308 	-0.18224 	0.15548 	-0.22288 	0.22643 	0.23632 	-0.02433 	-0.07743 	-0.04565 	0.05793 	0.00628 	0.08097 	-0.05362 	-0.05992 	0.05906 	-0.07328 	0.07445 	0.09162 	0.00082	0.03607
Replication19	 -1.48790	0.99900	0.96824 	0.97183 	0.97538 	0.97753 	0.97439 	0.98127 	0.96313 	0.96882 	0.98157 	0.96483 	0.97953 	0.98112 	-0.15442 	-0.15516 	-0.11533 	0.13737 	0.00000 	0.18926 	-0.13150 	-0.15108 	0.12524 	-0.13148 	0.19176 	0.18997 	-0.05075 	-0.05100 	-0.03790 	0.05742 	0.00000 	0.06930 	-0.04322 	-0.04965 	0.04530 	-0.04321 	0.06302 	0.07001 	0.00538	0.02932
Replication20	 -1.43016	0.99895	0.96627 	0.96838 	0.97039 	0.97515 	0.97119 	0.97831 	0.96648 	0.96718 	0.97974 	0.96605 	0.98154 	0.97910 	-0.14814 	-0.17139 	-0.19402 	0.14663 	0.00000 	0.20579 	-0.07511 	-0.24887 	0.13287 	-0.09945 	0.23900 	0.20223 	-0.04869 	-0.05634 	-0.06377 	0.06244 	0.00000 	0.07944 	-0.02469 	-0.08180 	0.04868 	-0.03269 	0.07856 	0.07589 	0.01046	0.03702
Replication21	 -1.42212	0.99945	0.97663 	0.98100 	0.98645 	0.98511 	0.98380 	0.99101 	0.98969 	0.99205 	0.99513 	0.98793 	1.00260 	0.99475 	-0.16738 	-0.15479 	-0.09826 	0.09675 	0.00315 	0.11858 	-0.06871 	-0.00609 	0.06669 	-0.16121 	0.25782 	0.10177 	-0.05496 	-0.05083 	-0.03226 	0.05258 	0.00104 	0.05231 	-0.02256 	-0.00200 	0.02253 	-0.05293 	0.08466 	0.03550 	0.01167	0.03307
Replication22	 -1.42326	0.99899	0.96260 	0.96669 	0.97192 	0.97350 	0.97168 	0.97910 	0.96693 	0.97124 	0.98154 	0.96808 	0.98396 	0.98107 	-0.19761 	-0.21132 	-0.15792 	0.14969 	0.03324 	0.19938 	-0.12119 	-0.14328 	0.12557 	-0.12652 	0.24864 	0.19054 	-0.06495 	-0.06945 	-0.05190 	0.06927 	0.01093 	0.07871 	-0.03983 	-0.04709 	0.04515 	-0.04158 	0.08172 	0.06986 	0.01078	0.04084
Replication23	 -1.49747	0.99890	0.96409 	0.96923 	0.97344 	0.97490 	0.97167 	0.97923 	0.95927 	0.96593 	0.97877 	0.96108 	0.97174 	0.97867 	-0.18004 	-0.15315 	-0.09782 	0.14919 	0.00000 	0.20436 	-0.11989 	-0.11131 	0.13759 	-0.12627 	0.08593 	0.20687 	-0.05918 	-0.05034 	-0.03216 	0.06138 	0.00000 	0.07260 	-0.03941 	-0.03659 	0.04978 	-0.04151 	0.02825 	0.07511 	0.00455	0.02794
Replication24	 -1.53645	0.99938	0.98342 	0.98758 	0.98726 	0.99013 	0.98767 	0.99160 	0.97344 	0.97923 	0.99161 	0.97105 	0.99591 	0.99055 	-0.11939 	-0.03669 	-0.10726 	0.08424 	0.00000 	0.11978 	-0.13344 	-0.09034 	0.07978 	-0.28406 	0.36350 	0.12452 	-0.03921 	-0.01205 	-0.03523 	0.03498 	0.00000 	0.04586 	-0.04382 	-0.02967 	0.03052 	-0.09329 	0.11938 	0.05059 	0.00063	0.02806
Replication25	 -1.42960	0.99938	0.97672 	0.98072 	0.98498 	0.98487 	0.98305 	0.98984 	0.98892 	0.98814 	0.99307 	0.98783 	0.99898 	0.99264 	-0.15578 	-0.13956 	-0.10957 	0.10037 	0.00000 	0.12824 	-0.03660 	-0.13250 	0.07578 	-0.06941 	0.21202 	0.11563 	-0.05116 	-0.04583 	-0.03598 	0.05038 	0.00000 	0.05323 	-0.01202 	-0.04351 	0.02579 	-0.02279 	0.06963 	0.04062 	0.01138	0.02834
Replication26	 -1.53293	0.99917	0.98341 	0.98367 	0.98239 	0.98813 	0.98609 	0.98749 	0.96429 	0.96955 	0.98508 	0.96523 	0.98161 	0.98433 	-0.06689 	-0.08273 	-0.12735 	0.09895 	0.03195 	0.15135 	-0.12770 	-0.19900 	0.10808 	-0.15088 	0.20054 	0.16558 	-0.02198 	-0.02718 	-0.04184 	0.03225 	0.01050 	0.05126 	-0.04195 	-0.06538 	0.04138 	-0.04957 	0.06589 	0.06550 	0.00190	0.01888
Replication27	 0.01511	0.99872	0.97190 	0.96872 	0.96847 	0.97682 	0.97240 	0.97532 	0.93489 	0.94862 	0.97055 	0.93979 	0.95623 	0.97015 	-0.03715 	-0.17622 	-0.13944 	0.15078 	0.01302 	0.23299 	-0.22636 	-0.14612 	0.16959 	-0.19773 	0.10855 	0.25626 	-0.01222 	-0.05795 	-0.04585 	0.04828 	0.00428 	0.07918 	-0.07444 	-0.04805 	0.06709 	-0.06502 	0.03570 	0.10246 	0.00817	0.03346
Replication28	 -1.45846	0.99898	0.96623 	0.97037 	0.97295 	0.97617 	0.97283 	0.97989 	0.96379 	0.96842 	0.98077 	0.96346 	0.98043 	0.98027 	-0.17135 	-0.14754 	-0.15679 	0.14218 	0.00496 	0.19656 	-0.11104 	-0.13986 	0.12836 	-0.17339 	0.22522 	0.19489 	-0.05632 	-0.04849 	-0.05153 	0.06078 	0.00163 	0.07442 	-0.03649 	-0.04597 	0.04696 	-0.05699 	0.07402 	0.07275 	0.00780	0.03477
Replication29	 -1.52723	0.99890	0.96584 	0.97013 	0.97417 	0.97587 	0.97261 	0.97945 	0.95037 	0.96182 	0.97809 	0.95555 	0.97156 	0.97764 	-0.15897 	-0.15214 	-0.07747 	0.14644 	0.00000 	0.20361 	-0.21561 	-0.12391 	0.13977 	-0.15219 	0.18004 	0.21175 	-0.05226 	-0.05001 	-0.02547 	0.05830 	0.00000 	0.07135 	-0.07088 	-0.04073 	0.05163 	-0.05003 	0.05918 	0.07949 	0.00130	0.03058
Replication30	 0.01502	0.99863	0.96759 	0.96740 	0.96521 	0.97462 	0.96920 	0.97306 	0.93498 	0.94636 	0.96799 	0.93852 	0.95130 	0.96781 	-0.08122 	-0.11975 	-0.17547 	0.16083 	0.00272 	0.24835 	-0.17850 	-0.16477 	0.18072 	-0.17313 	0.03382 	0.27200 	-0.02671 	-0.03939 	-0.05771 	0.05139 	0.00089 	0.08412 	-0.05871 	-0.05419 	0.07128 	-0.05694 	0.01112 	0.10777 	0.00560	0.03292
Replication31	 -1.52430	0.99899	0.97287 	0.97439 	0.97630 	0.98014 	0.97673 	0.98197 	0.96048 	0.96621 	0.98074 	0.96192 	0.97566 	0.98030 	-0.10830 	-0.14082 	-0.11411 	0.13003 	0.00000 	0.18685 	-0.12390 	-0.17011 	0.12822 	-0.13359 	0.14908 	0.19436 	-0.03559 	-0.04628 	-0.03750 	0.04910 	0.00000 	0.06541 	-0.04072 	-0.05591 	0.04729 	-0.04391 	0.04900 	0.07292 	0.00227	0.02380
Replication32	 -1.43911	0.99900	0.96827 	0.96996 	0.97219 	0.97660 	0.97286 	0.97966 	0.96246 	0.96942 	0.98100 	0.96426 	0.98177 	0.98049 	-0.13818 	-0.17289 	-0.18040 	0.14012 	0.00000 	0.19645 	-0.15462 	-0.10773 	0.12693 	-0.16486 	0.25298 	0.19275 	-0.04541 	-0.05682 	-0.05929 	0.06026 	0.00000 	0.07661 	-0.05082 	-0.03540 	0.04706 	-0.05418 	0.08314 	0.07290 	0.00944	0.03804
Replication33	 -1.44567	0.99874	0.95926 	0.96089 	0.96400 	0.96920 	0.96462 	0.97266 	0.95129 	0.95813 	0.97326 	0.95137 	0.97044 	0.97281 	-0.15627 	-0.21542 	-0.19425 	0.17261 	0.00000 	0.24341 	-0.13955 	-0.13971 	0.16041 	-0.20976 	0.22769 	0.24274 	-0.05138 	-0.07084 	-0.06387 	0.07216 	0.00000 	0.09268 	-0.04589 	-0.04594 	0.05996 	-0.06897 	0.07487 	0.09201 	0.00810	0.04479
Replication34	 -1.43134	0.99919	0.97768 	0.97725 	0.97658 	0.98314 	0.97938 	0.98419 	0.96940 	0.97557 	0.98579 	0.97335 	0.99053 	0.98504 	-0.08931 	-0.13330 	-0.21764 	0.11315 	0.00000 	0.16505 	-0.17374 	-0.15385 	0.10519 	-0.09644 	0.30929 	0.16121 	-0.02934 	-0.04379 	-0.07150 	0.04798 	0.00000 	0.06725 	-0.05708 	-0.05055 	0.04002 	-0.03168 	0.10161 	0.06342 	0.01040	0.03634
Replication35	 0.01139	0.99851	0.95280 	0.95602 	0.95872 	0.96459 	0.95932 	0.96773 	0.93861 	0.94811 	0.96605 	0.94356 	0.95365 	0.96606 	-0.17960 	-0.20126 	-0.18446 	0.19593 	0.00000 	0.27984 	-0.16992 	-0.17978 	0.19153 	-0.09463 	0.05033 	0.28736 	-0.05909 	-0.06621 	-0.06068 	0.07650 	0.00000 	0.10063 	-0.05590 	-0.05915 	0.07210 	-0.03113 	0.01656 	0.10815 	0.00467	0.04179
Replication36	 -1.39414	0.99910	0.96625 	0.96962 	0.97348 	0.97596 	0.97274 	0.98098 	0.97055 	0.97657 	0.98442 	0.97385 	0.98967 	0.98394 	-0.17632 	-0.18584 	-0.18271 	0.13800 	0.00000 	0.18450 	-0.15879 	-0.09894 	0.11263 	-0.10366 	0.28646 	0.17116 	-0.05794 	-0.06106 	-0.06004 	0.06619 	0.00000 	0.07675 	-0.05218 	-0.03251 	0.04083 	-0.03406 	0.09413 	0.06341 	0.01350	0.04352
Replication37	 -1.51693	0.99874	0.95392 	0.96218 	0.96840 	0.96838 	0.96629 	0.97463 	0.95083 	0.95805 	0.97398 	0.95255 	0.96624 	0.97376 	-0.24970 	-0.17958 	-0.08935 	0.17532 	0.03234 	0.23497 	-0.13607 	-0.15635 	0.15854 	-0.15152 	0.12077 	0.23889 	-0.08211 	-0.05905 	-0.02938 	0.07432 	0.01063 	0.08341 	-0.04475 	-0.05141 	0.05753 	-0.04982 	0.03971 	0.08733 	0.00175	0.03642
Replication38	 -1.41357	0.99913	0.96860 	0.97101 	0.97567 	0.97742 	0.97455 	0.98237 	0.97600 	0.97704 	0.98551 	0.97461 	0.99082 	0.98495 	-0.15630 	-0.19893 	-0.15308 	0.13263 	0.00000 	0.17675 	-0.07031 	-0.15305 	0.10837 	-0.13364 	0.27040 	0.16512 	-0.05136 	-0.06536 	-0.05030 	0.06281 	0.00000 	0.07198 	-0.02310 	-0.05029 	0.03855 	-0.04391 	0.08885 	0.06035 	0.01203	0.03821
Replication39	 -1.44005	0.99884	0.96126 	0.96312 	0.96794 	0.97105 	0.96723 	0.97550 	0.96016 	0.96383 	0.97674 	0.95904 	0.97493 	0.97638 	-0.15733 	-0.22800 	-0.15663 	0.16337 	0.00000 	0.22507 	-0.08944 	-0.15600 	0.14629 	-0.17014 	0.19242 	0.22113 	-0.05173 	-0.07496 	-0.05149 	0.07030 	0.00000 	0.08542 	-0.02941 	-0.05129 	0.05323 	-0.05594 	0.06326 	0.08148 	0.00926	0.03888
Replication40	 -1.49111	0.99910	0.97106 	0.97737 	0.97900 	0.98119 	0.97903 	0.98457 	0.96991 	0.97323 	0.98441 	0.96954 	0.98146 	0.98408 	-0.18400 	-0.08365 	-0.12246 	0.12237 	0.01943 	0.16842 	-0.07771 	-0.13731 	0.11272 	-0.12792 	0.13387 	0.17062 	-0.06046 	-0.02749 	-0.04024 	0.05043 	0.00639 	0.06047 	-0.02553 	-0.04512 	0.04078 	-0.04203 	0.04399 	0.06267 	0.00560	0.02386
Replication41	 -1.46542	0.99899	0.97700 	0.97355 	0.97194 	0.98092 	0.97632 	0.98015 	0.96063 	0.96537 	0.97976 	0.96243 	0.97926 	0.97906 	-0.04152 	-0.15973 	-0.22752 	0.12746 	0.00000 	0.19471 	-0.13569 	-0.21595 	0.13094 	-0.12204 	0.24247 	0.19964 	-0.01365 	-0.05250 	-0.07478 	0.04699 	0.00000 	0.07396 	-0.04460 	-0.07097 	0.05047 	-0.04011 	0.07969 	0.07889 	0.00724	0.03340
Replication42	 -1.46568	0.99880	0.96245 	0.96438 	0.96676 	0.97190 	0.96753 	0.97484 	0.95092 	0.95962 	0.97499 	0.95500 	0.97218 	0.97447 	-0.14861 	-0.18776 	-0.18192 	0.16212 	0.00000 	0.23002 	-0.18966 	-0.16924 	0.15285 	-0.13639 	0.23040 	0.23172 	-0.04886 	-0.06173 	-0.05981 	0.06643 	0.00000 	0.08642 	-0.06236 	-0.05564 	0.05715 	-0.04484 	0.07575 	0.08812 	0.00649	0.04062
Replication43	 0.00369	0.99872	0.95776 	0.96239 	0.96602 	0.96953 	0.96620 	0.97350 	0.94631 	0.95620 	0.97256 	0.94948 	0.96467 	0.97230 	-0.19346 	-0.18283 	-0.14585 	0.17269 	0.02157 	0.24124 	-0.17730 	-0.12395 	0.16362 	-0.16916 	0.14337 	0.24665 	-0.06362 	-0.06012 	-0.04796 	0.07007 	0.00709 	0.08725 	-0.05830 	-0.04076 	0.06100 	-0.05563 	0.04715 	0.09267 	0.00341	0.03884
Replication44	 -1.48991	0.99906	0.97683 	0.97633 	0.97644 	0.98233 	0.97861 	0.98302 	0.96455 	0.96923 	0.98254 	0.96544 	0.98098 	0.98196 	-0.07776 	-0.13717 	-0.16460 	0.12041 	0.00000 	0.17758 	-0.11918 	-0.17487 	0.11977 	-0.13773 	0.20578 	0.18235 	-0.02555 	-0.04508 	-0.05409 	0.04557 	0.00000 	0.06527 	-0.03916 	-0.05747 	0.04493 	-0.04526 	0.06762 	0.07005 	0.00542	0.02683
Replication45	 -1.45232	0.99908	0.96911 	0.97308 	0.97600 	0.97846 	0.97534 	0.98242 	0.97033 	0.97313 	0.98392 	0.96862 	0.98572 	0.98337 	-0.16395 	-0.14441 	-0.14537 	0.13128 	0.00000 	0.17919 	-0.08305 	-0.13690 	0.11491 	-0.17674 	0.24156 	0.17491 	-0.05388 	-0.04745 	-0.04777 	0.05791 	0.00000 	0.06909 	-0.02729 	-0.04498 	0.04154 	-0.05808 	0.07938 	0.06481 	0.00858	0.03326
Replication46	 -1.41357	0.99894	0.97222 	0.96912 	0.96840 	0.97726 	0.97247 	0.97755 	0.96259 	0.96627 	0.97816 	0.95985 	0.97681 	0.97780 	-0.06660 	-0.18957 	-0.25203 	0.14073 	0.00000 	0.20989 	-0.07587 	-0.10689 	0.13803 	-0.21529 	0.19682 	0.20878 	-0.02189 	-0.06231 	-0.08284 	0.05564 	0.00000 	0.08220 	-0.02494 	-0.03513 	0.05294 	-0.07076 	0.06469 	0.08109 	0.01199	0.03869
Replication47	 -1.46473	0.99879	0.96002 	0.96046 	0.96690 	0.96940 	0.96566 	0.97421 	0.95591 	0.96028 	0.97549 	0.95631 	0.97515 	0.97486 	-0.14218 	-0.27287 	-0.13575 	0.17008 	0.00000 	0.23354 	-0.12563 	-0.21801 	0.15183 	-0.15870 	0.26064 	0.23064 	-0.04675 	-0.08972 	-0.04463 	0.07347 	0.00000 	0.08856 	-0.04131 	-0.07168 	0.05522 	-0.05218 	0.08570 	0.08566 	0.00641	0.04235
Replication48	 -1.53418	0.99893	0.97071 	0.97339 	0.97409 	0.97892 	0.97544 	0.98034 	0.95572 	0.96244 	0.97846 	0.95631 	0.97197 	0.97800 	-0.12730 	-0.11657 	-0.13462 	0.13617 	0.00914 	0.19792 	-0.12926 	-0.15481 	0.13753 	-0.18042 	0.15277 	0.20844 	-0.04184 	-0.03832 	-0.04425 	0.05029 	0.00300 	0.06905 	-0.04249 	-0.05089 	0.05165 	-0.05930 	0.05022 	0.07956 	0.00100	0.02668
Replication49	 -1.45471	0.99912	0.96977 	0.97389 	0.97656 	0.97909 	0.97601 	0.98306 	0.97049 	0.97365 	0.98500 	0.97168 	0.98996 	0.98418 	-0.16578 	-0.13821 	-0.15281 	0.12781 	0.00000 	0.17393 	-0.12541 	-0.20424 	0.11008 	-0.11684 	0.31453 	0.16889 	-0.05447 	-0.04541 	-0.05021 	0.05760 	0.00000 	0.06857 	-0.04121 	-0.06711 	0.03987 	-0.03839 	0.10335 	0.06353 	0.00805	0.03611
Replication50	 -1.45515	0.99893	0.96234 	0.96678 	0.97117 	0.97321 	0.96977 	0.97808 	0.96044 	0.96683 	0.97940 	0.96301 	0.97912 	0.97891 	-0.18568 	-0.18048 	-0.14081 	0.15331 	0.00000 	0.20815 	-0.15272 	-0.15251 	0.13475 	-0.12899 	0.23280 	0.20438 	-0.06103 	-0.05933 	-0.04629 	0.06739 	0.00000 	0.07920 	-0.05020 	-0.05013 	0.04882 	-0.04240 	0.07652 	0.07543 	0.00782	0.03799
Replication51	 -1.44870	0.99895	0.96828 	0.97065 	0.96938 	0.97676 	0.97212 	0.97811 	0.95601 	0.96444 	0.97863 	0.95934 	0.97981 	0.97786 	-0.14145 	-0.11537 	-0.23633 	0.14155 	0.00000 	0.20628 	-0.19531 	-0.15383 	0.13592 	-0.16608 	0.30924 	0.20740 	-0.04649 	-0.03792 	-0.07768 	0.05788 	0.00000 	0.08073 	-0.06419 	-0.05056 	0.05225 	-0.05459 	0.10164 	0.08185 	0.00798	0.04292
Replication52	 -1.51482	0.99900	0.96980 	0.97299 	0.97487 	0.97851 	0.97499 	0.98106 	0.95617 	0.96574 	0.98062 	0.95986 	0.97858 	0.97996 	-0.14092 	-0.13121 	-0.13123 	0.13465 	0.00000 	0.19056 	-0.19935 	-0.13319 	0.12832 	-0.16908 	0.25362 	0.19552 	-0.04631 	-0.04312 	-0.04313 	0.05426 	0.00000 	0.06993 	-0.06552 	-0.04378 	0.04794 	-0.05557 	0.08335 	0.07489 	0.00231	0.03294
Replication53	 0.00348	0.99892	0.97518 	0.97364 	0.97196 	0.98035 	0.97601 	0.97921 	0.94652 	0.95730 	0.97662 	0.94729 	0.97161 	0.97576 	-0.05890 	-0.12971 	-0.17962 	0.13209 	0.00813 	0.20332 	-0.19807 	-0.12918 	0.14326 	-0.28448 	0.27751 	0.21882 	-0.01936 	-0.04264 	-0.05904 	0.04581 	0.00267 	0.07384 	-0.06511 	-0.04246 	0.05698 	-0.09351 	0.09122 	0.08935 	0.00318	0.03775
Replication54	 -1.52321	0.99899	0.96914 	0.97513 	0.97512 	0.97925 	0.97552 	0.98139 	0.95435 	0.96541 	0.98007 	0.95895 	0.97485 	0.97962 	-0.17225 	-0.06405 	-0.14053 	0.13276 	0.00000 	0.18957 	-0.20668 	-0.09479 	0.13029 	-0.15969 	0.18613 	0.19754 	-0.05661 	-0.02105 	-0.04619 	0.05171 	0.00000 	0.06794 	-0.06793 	-0.03116 	0.04924 	-0.05249 	0.06118 	0.07591 	0.00171	0.03055
Replication55	 -1.51679	0.99908	0.97728 	0.97553 	0.97918 	0.98223 	0.97935 	0.98418 	0.96516 	0.97103 	0.98371 	0.96618 	0.98038 	0.98330 	-0.06108 	-0.19825 	-0.09205 	0.11994 	0.00000 	0.17121 	-0.12272 	-0.12755 	0.11550 	-0.14946 	0.16617 	0.17517 	-0.02007 	-0.06514 	-0.03025 	0.04663 	0.00000 	0.06119 	-0.04033 	-0.04191 	0.04219 	-0.04911 	0.05460 	0.06516 	0.00311	0.02296
Replication56	 -1.48238	0.99921	0.97416 	0.97920 	0.98114 	0.98311 	0.98065 	0.98658 	0.97325 	0.97699 	0.98769 	0.97308 	0.99068 	0.98698 	-0.16285 	-0.09581 	-0.12537 	0.11206 	0.00528 	0.15254 	-0.11066 	-0.14327 	0.09832 	-0.15825 	0.27129 	0.15073 	-0.05350 	-0.03148 	-0.04118 	0.04924 	0.00173 	0.05828 	-0.03635 	-0.04707 	0.03551 	-0.05199 	0.08912 	0.05647 	0.00599	0.02879
Replication57	 0.00247	0.99876	0.96013 	0.96110 	0.96547 	0.96962 	0.96538 	0.97332 	0.94753 	0.95738 	0.97363 	0.95134 	0.97068 	0.97308 	-0.14377 	-0.23555 	-0.15935 	0.17088 	0.00000 	0.23977 	-0.20373 	-0.15341 	0.15885 	-0.17263 	0.25314 	0.24086 	-0.04728 	-0.07745 	-0.05240 	0.07132 	0.00000 	0.09038 	-0.06699 	-0.05044 	0.05930 	-0.05676 	0.08324 	0.09147 	0.00495	0.04439
Replication58	 -1.50609	0.99919	0.97492 	0.97873 	0.98062 	0.98307 	0.98026 	0.98595 	0.96726 	0.97429 	0.98649 	0.96784 	0.98838 	0.98572 	-0.14091 	-0.10636 	-0.11765 	0.11325 	0.00000 	0.15699 	-0.15588 	-0.10040 	0.10301 	-0.21137 	0.29788 	0.15802 	-0.04629 	-0.03494 	-0.03865 	0.04828 	0.00000 	0.05948 	-0.05121 	-0.03298 	0.03804 	-0.06944 	0.09786 	0.06052 	0.00341	0.03065
Replication59	 -1.45382	0.99914	0.96837 	0.97193 	0.97702 	0.97786 	0.97558 	0.98302 	0.96903 	0.97535 	0.98553 	0.97032 	0.99030 	0.98484 	-0.16925 	-0.18787 	-0.12465 	0.13096 	0.00932 	0.17326 	-0.15676 	-0.10161 	0.10793 	-0.17864 	0.32443 	0.16507 	-0.05561 	-0.06173 	-0.04095 	0.06187 	0.00306 	0.06959 	-0.05151 	-0.03338 	0.03884 	-0.05869 	0.10660 	0.06140 	0.00780	0.03950
Replication60	 -1.45173	0.99941	0.98408 	0.98200 	0.98628 	0.98801 	0.98763 	0.99106 	0.98527 	0.98750 	0.99355 	0.98360 	0.99917 	0.99302 	-0.06853 	-0.21190 	-0.11630 	0.08938 	0.03707 	0.12039 	-0.07311 	-0.06698 	0.07276 	-0.16032 	0.25673 	0.11157 	-0.02250 	-0.06958 	-0.03819 	0.04252 	0.01217 	0.05008 	-0.02401 	-0.02200 	0.02590 	-0.05265 	0.08431 	0.04125 	0.00923	0.02730
Replication61	 -1.44310	0.99883	0.96387 	0.96341 	0.96615 	0.97192 	0.96748 	0.97464 	0.95220 	0.96137 	0.97544 	0.95398 	0.97367 	0.97497 	-0.12072 	-0.22566 	-0.19830 	0.16106 	0.00000 	0.22944 	-0.17821 	-0.09402 	0.15050 	-0.21240 	0.25200 	0.22795 	-0.03969 	-0.07419 	-0.06520 	0.06738 	0.00000 	0.08886 	-0.05859 	-0.03091 	0.05682 	-0.06983 	0.08285 	0.08736 	0.00835	0.04486
Replication62	 -1.54248	0.99907	0.97687 	0.97625 	0.97802 	0.98254 	0.98075 	0.98366 	0.95918 	0.96701 	0.98244 	0.96052 	0.98006 	0.98170 	-0.08260 	-0.16792 	-0.12453 	0.11968 	0.03785 	0.17452 	-0.16458 	-0.14401 	0.11998 	-0.20039 	0.24864 	0.18334 	-0.02714 	-0.05518 	-0.04092 	0.04507 	0.01244 	0.06256 	-0.05408 	-0.04732 	0.04537 	-0.06585 	0.08171 	0.07137 	0.00003	0.02800
Replication63	 0.00322	0.99867	0.95651 	0.96002 	0.96244 	0.96781 	0.96298 	0.97120 	0.94678 	0.95432 	0.97087 	0.94787 	0.96503 	0.97051 	-0.18037 	-0.18534 	-0.19232 	0.17990 	0.00000 	0.25470 	-0.14651 	-0.15706 	0.17072 	-0.18793 	0.17995 	0.25780 	-0.05932 	-0.06095 	-0.06325 	0.07317 	0.00000 	0.09454 	-0.04818 	-0.05165 	0.06399 	-0.06181 	0.05918 	0.09764 	0.00646	0.04335
Replication64	 -1.53099	0.99905	0.97611 	0.97630 	0.97816 	0.98214 	0.97888 	0.98349 	0.95832 	0.96880 	0.98210 	0.96127 	0.97568 	0.98183 	-0.08379 	-0.14749 	-0.10625 	0.12151 	0.00000 	0.17626 	-0.17743 	-0.04670 	0.12162 	-0.18339 	0.14043 	0.18373 	-0.02753 	-0.04847 	-0.03492 	0.04562 	0.00000 	0.06238 	-0.05831 	-0.01535 	0.04574 	-0.06027 	0.04615 	0.06986 	0.00149	0.02490
Replication65	 -1.49270	0.99896	0.97131 	0.97246 	0.97088 	0.97857 	0.97397 	0.97898 	0.95267 	0.96227 	0.97838 	0.95528 	0.97778 	0.97754 	-0.11183 	-0.11254 	-0.21385 	0.13594 	0.00000 	0.20215 	-0.20382 	-0.14390 	0.13649 	-0.21292 	0.31188 	0.20862 	-0.03676 	-0.03699 	-0.07029 	0.05261 	0.00000 	0.07710 	-0.06699 	-0.04730 	0.05316 	-0.06998 	0.10251 	0.08357 	0.00376	0.04063
Replication66	 -1.49304	0.99901	0.97162 	0.97343 	0.97565 	0.97939 	0.97663 	0.98179 	0.96211 	0.96848 	0.98137 	0.96367 	0.97759 	0.98099 	-0.12527 	-0.15434 	-0.13397 	0.13146 	0.01554 	0.18641 	-0.13082 	-0.12728 	0.12552 	-0.14309 	0.16074 	0.19001 	-0.04117 	-0.05072 	-0.04403 	0.05219 	0.00511 	0.06746 	-0.04299 	-0.04183 	0.04625 	-0.04703 	0.05283 	0.07107 	0.00508	0.02713
Replication67	 -1.43399	0.99896	0.96375 	0.96665 	0.97089 	0.97362 	0.97011 	0.97825 	0.96469 	0.96848 	0.98032 	0.96409 	0.98273 	0.97973 	-0.16795 	-0.19976 	-0.16269 	0.15066 	0.00000 	0.20522 	-0.10993 	-0.15645 	0.13057 	-0.17337 	0.27543 	0.19860 	-0.05520 	-0.06566 	-0.05347 	0.06755 	0.00000 	0.08051 	-0.03613 	-0.05142 	0.04745 	-0.05698 	0.09053 	0.07389 	0.00966	0.04107
Replication68	 -1.48307	0.99917	0.97432 	0.97560 	0.98093 	0.98149 	0.97922 	0.98562 	0.97091 	0.97715 	0.98691 	0.97371 	0.98735 	0.98649 	-0.11641 	-0.19362 	-0.07966 	0.11866 	0.00000 	0.15942 	-0.14438 	-0.10456 	0.10241 	-0.10965 	0.20610 	0.15553 	-0.03825 	-0.06361 	-0.02617 	0.05239 	0.00000 	0.05998 	-0.04743 	-0.03435 	0.03614 	-0.03603 	0.06771 	0.05609 	0.00615	0.02647
Replication69	 -1.50713	0.99890	0.96508 	0.97141 	0.97545 	0.97624 	0.97317 	0.98015 	0.95041 	0.96123 	0.97827 	0.95560 	0.97072 	0.97780 	-0.18177 	-0.12183 	-0.05459 	0.14530 	0.00000 	0.20042 	-0.20734 	-0.15175 	0.13922 	-0.13666 	0.16161 	0.21099 	-0.05975 	-0.04005 	-0.01794 	0.05721 	0.00000 	0.06823 	-0.06816 	-0.04988 	0.05113 	-0.04492 	0.05313 	0.07880 	0.00360	0.02778
Replication70	 -1.41046	0.99917	0.97348 	0.97532 	0.97607 	0.98092 	0.97743 	0.98358 	0.97362 	0.97715 	0.98593 	0.97532 	0.99092 	0.98531 	-0.13274 	-0.13695 	-0.20548 	0.12046 	0.00000 	0.16880 	-0.12166 	-0.15098 	0.10544 	-0.09795 	0.27755 	0.16099 	-0.04361 	-0.04499 	-0.06751 	0.05398 	0.00000 	0.06904 	-0.03997 	-0.04960 	0.03896 	-0.03218 	0.09119 	0.06123 	0.01252	0.03653
Replication71	 -1.47972	0.99889	0.96135 	0.96616 	0.97147 	0.97260 	0.96944 	0.97776 	0.96014 	0.96497 	0.97839 	0.95901 	0.97548 	0.97801 	-0.18909 	-0.18770 	-0.11014 	0.15671 	0.00258 	0.21193 	-0.10043 	-0.13270 	0.13936 	-0.19339 	0.18643 	0.21080 	-0.06216 	-0.06170 	-0.03621 	0.06761 	0.00085 	0.07823 	-0.03302 	-0.04362 	0.05026 	-0.06357 	0.06129 	0.07710 	0.00563	0.03506
Replication72	 -1.48151	0.99885	0.95890 	0.96509 	0.96921 	0.97123 	0.96754 	0.97625 	0.95375 	0.96189 	0.97694 	0.95783 	0.97579 	0.97632 	-0.21074 	-0.16106 	-0.13768 	0.16228 	0.00000 	0.22093 	-0.18983 	-0.18328 	0.14517 	-0.13063 	0.25936 	0.22063 	-0.06928 	-0.05295 	-0.04526 	0.07027 	0.00000 	0.08286 	-0.06241 	-0.06026 	0.05316 	-0.04295 	0.08527 	0.08256 	0.00485	0.04102
Replication73	 -1.41921	0.99903	0.96109 	0.96764 	0.97273 	0.97336 	0.97032 	0.97967 	0.96903 	0.97319 	0.98262 	0.96904 	0.98604 	0.98215 	-0.22378 	-0.17025 	-0.14722 	0.14883 	0.00000 	0.19490 	-0.11236 	-0.11238 	0.12105 	-0.15756 	0.26402 	0.18374 	-0.07354 	-0.05595 	-0.04838 	0.07100 	0.00000 	0.07811 	-0.03693 	-0.03693 	0.04322 	-0.05178 	0.08677 	0.06694 	0.01102	0.04251
Replication74	 -1.51481	0.99884	0.96095 	0.96901 	0.96996 	0.97363 	0.96953 	0.97706 	0.95025 	0.95931 	0.97611 	0.95564 	0.97194 	0.97549 	-0.21867 	-0.07818 	-0.15211 	0.15548 	0.00000 	0.21785 	-0.20284 	-0.20745 	0.14803 	-0.10631 	0.21731 	0.22492 	-0.07189 	-0.02570 	-0.05001 	0.06272 	0.00000 	0.07864 	-0.06669 	-0.06820 	0.05526 	-0.03495 	0.07144 	0.08571 	0.00197	0.03634
Replication75	 -1.51251	0.99909	0.97117 	0.97670 	0.97772 	0.98085 	0.97825 	0.98365 	0.96096 	0.96963 	0.98344 	0.96557 	0.98316 	0.98271 	-0.17170 	-0.08579 	-0.13540 	0.12391 	0.01575 	0.17332 	-0.19950 	-0.15711 	0.11615 	-0.12585 	0.26589 	0.17759 	-0.05642 	-0.02819 	-0.04449 	0.05094 	0.00518 	0.06382 	-0.06555 	-0.05163 	0.04318 	-0.04135 	0.08737 	0.06809 	0.00274	0.03093
Replication76	 0.00244	0.99871	0.95773 	0.96182 	0.96743 	0.96923 	0.96557 	0.97384 	0.94756 	0.95464 	0.97287 	0.94792 	0.96628 	0.97237 	-0.17949 	-0.20825 	-0.09526 	0.17382 	0.00300 	0.24004 	-0.14079 	-0.18634 	0.16290 	-0.20338 	0.18714 	0.24667 	-0.05903 	-0.06848 	-0.03133 	0.07078 	0.00099 	0.08540 	-0.04630 	-0.06128 	0.05985 	-0.06688 	0.06154 	0.09203 	0.00005	0.03730
Replication77	 -1.49995	0.99883	0.96319 	0.96507 	0.97027 	0.97270 	0.97021 	0.97669 	0.95192 	0.96164 	0.97614 	0.95587 	0.96920 	0.97595 	-0.15030 	-0.22546 	-0.11259 	0.15882 	0.02567 	0.22035 	-0.17746 	-0.10789 	0.14849 	-0.13944 	0.13238 	0.22369 	-0.04941 	-0.07412 	-0.03702 	0.06495 	0.00844 	0.07948 	-0.05834 	-0.03547 	0.05461 	-0.04584 	0.04352 	0.08282 	0.00374	0.03360
Replication78	 -1.49391	0.99891	0.96566 	0.96746 	0.97164 	0.97455 	0.97101 	0.97816 	0.95525 	0.96364 	0.97838 	0.95787 	0.97624 	0.97781 	-0.13863 	-0.19942 	-0.12579 	0.15011 	0.00000 	0.20901 	-0.17702 	-0.14041 	0.13863 	-0.17295 	0.24180 	0.21057 	-0.04557 	-0.06555 	-0.04135 	0.06254 	0.00000 	0.07761 	-0.05819 	-0.04616 	0.05107 	-0.05685 	0.07948 	0.07916 	0.00408	0.03619
Replication79	 -1.46456	0.99898	0.96705 	0.97088 	0.97298 	0.97663 	0.97301 	0.97997 	0.96361 	0.96751 	0.98072 	0.96473 	0.98119 	0.98008 	-0.16272 	-0.14031 	-0.16068 	0.14086 	0.00000 	0.19633 	-0.12059 	-0.20462 	0.12858 	-0.12241 	0.24247 	0.19583 	-0.05348 	-0.04612 	-0.05281 	0.05931 	0.00000 	0.07396 	-0.03963 	-0.06725 	0.04704 	-0.04023 	0.07969 	0.07347 	0.00727	0.03395
Replication80	 -1.39644	0.99888	0.96385 	0.96638 	0.96523 	0.97325 	0.96821 	0.97522 	0.95810 	0.96419 	0.97666 	0.95826 	0.97788 	0.97611 	-0.16121 	-0.13669 	-0.27534 	0.15487 	0.00000 	0.22351 	-0.13881 	-0.12055 	0.14466 	-0.19853 	0.27568 	0.21955 	-0.05300 	-0.04493 	-0.09051 	0.06556 	0.00000 	0.08949 	-0.04563 	-0.03963 	0.05535 	-0.06526 	0.09062 	0.08553 	0.01286	0.04759
Replication81	 -1.44319	0.99879	0.95976 	0.96304 	0.96533 	0.97040 	0.96591 	0.97397 	0.95651 	0.95958 	0.97489 	0.95611 	0.97490 	0.97421 	-0.17556 	-0.17988 	-0.20205 	0.16713 	0.00000 	0.23471 	-0.10713 	-0.23892 	0.15367 	-0.15521 	0.26110 	0.23365 	-0.05772 	-0.05914 	-0.06643 	0.07042 	0.00000 	0.08958 	-0.03522 	-0.07856 	0.05696 	-0.05103 	0.08585 	0.08852 	0.00851	0.04321
Replication82	 -1.41112	0.99915	0.97465 	0.97619 	0.97472 	0.98161 	0.97758 	0.98294 	0.97082 	0.97505 	0.98462 	0.97056 	0.98837 	0.98401 	-0.12261 	-0.10632 	-0.23895 	0.11932 	0.00000 	0.17304 	-0.11386 	-0.10872 	0.11029 	-0.16982 	0.27705 	0.16821 	-0.04028 	-0.03493 	-0.07851 	0.05100 	0.00000 	0.07052 	-0.03741 	-0.03572 	0.04197 	-0.05580 	0.09103 	0.06569 	0.01235	0.03755
Replication83	 0.00249	0.99884	0.97152 	0.96835 	0.97148 	0.97671 	0.97276 	0.97773 	0.94751 	0.95854 	0.97580 	0.95199 	0.96797 	0.97538 	-0.05070 	-0.22796 	-0.11649 	0.14604 	0.00000 	0.21457 	-0.20410 	-0.13720 	0.14878 	-0.16119 	0.16378 	0.22514 	-0.01667 	-0.07495 	-0.03830 	0.05364 	0.00000 	0.07591 	-0.06710 	-0.04511 	0.05638 	-0.05299 	0.05384 	0.08648 	0.00069	0.03115
Replication84	 -1.52722	0.99914	0.97822 	0.97618 	0.98076 	0.98300 	0.98106 	0.98537 	0.96480 	0.97234 	0.98527 	0.96848 	0.98427 	0.98466 	-0.06123 	-0.21684 	-0.07926 	0.11558 	0.01533 	0.16276 	-0.17309 	-0.14780 	0.10877 	-0.12089 	0.22882 	0.16595 	-0.02012 	-0.07125 	-0.02604 	0.04641 	0.00504 	0.05895 	-0.05687 	-0.04856 	0.03959 	-0.03972 	0.07518 	0.06214 	0.00189	0.02474
Replication85	 -1.45215	0.99946	0.97840 	0.98256 	0.98804 	0.98653 	0.98636 	0.99211 	0.99236 	0.99030 	0.99559 	0.98956 	1.00402 	0.99492 	-0.16216 	-0.15556 	-0.08389 	0.09207 	0.02741 	0.11304 	-0.02286 	-0.15148 	0.06492 	-0.10581 	0.27490 	0.10039 	-0.05325 	-0.05108 	-0.02754 	0.04870 	0.00900 	0.04796 	-0.00751 	-0.04974 	0.02155 	-0.03474 	0.09026 	0.03531 	0.00903	0.02892
Replication86	 -1.45779	0.99924	0.97478 	0.97976 	0.98081 	0.98354 	0.98071 	0.98674 	0.97585 	0.97891 	0.98826 	0.97515 	0.99183 	0.98762 	-0.16203 	-0.08368 	-0.14987 	0.10982 	0.00000 	0.15039 	-0.09526 	-0.12507 	0.09569 	-0.15521 	0.26042 	0.14643 	-0.05323 	-0.02749 	-0.04923 	0.04888 	0.00000 	0.05895 	-0.03129 	-0.04108 	0.03475 	-0.05099 	0.08555 	0.05499 	0.00837	0.02980
Replication87	 0.01501	0.99844	0.94854 	0.95324 	0.95351 	0.96180 	0.95583 	0.96447 	0.93499 	0.94316 	0.96321 	0.93602 	0.95440 	0.96285 	-0.21136 	-0.17017 	-0.25727 	0.20713 	0.00590 	0.29878 	-0.15389 	-0.19931 	0.20288 	-0.20345 	0.16889 	0.30607 	-0.06954 	-0.05599 	-0.08465 	0.08202 	0.00194 	0.11105 	-0.05063 	-0.06558 	0.07777 	-0.06694 	0.05557 	0.11834 	0.00580	0.05336
Replication88	 -1.49704	0.99897	0.96341 	0.97013 	0.97437 	0.97519 	0.97213 	0.98022 	0.96397 	0.96683 	0.98084 	0.96257 	0.98056 	0.98018 	-0.20480 	-0.13653 	-0.10513 	0.14571 	0.00000 	0.19599 	-0.09080 	-0.19921 	0.12877 	-0.17339 	0.23913 	0.19617 	-0.06731 	-0.04487 	-0.03455 	0.06312 	0.00000 	0.07206 	-0.02984 	-0.06547 	0.04618 	-0.05699 	0.07860 	0.07224 	0.00407	0.03315
Replication89	 -1.50595	0.99887	0.96544 	0.97047 	0.97376 	0.97585 	0.97243 	0.97911 	0.95045 	0.95863 	0.97737 	0.95466 	0.97249 	0.97659 	-0.16498 	-0.13086 	-0.08093 	0.14755 	0.00000 	0.20675 	-0.19058 	-0.24465 	0.14300 	-0.12705 	0.22717 	0.21806 	-0.05424 	-0.04302 	-0.02660 	0.05729 	0.00000 	0.07131 	-0.06265 	-0.08043 	0.05274 	-0.04177 	0.07468 	0.08262 	0.00350	0.02994
Replication90	 0.00438	0.99886	0.97338 	0.97298 	0.97440 	0.97948 	0.97561 	0.97975 	0.94562 	0.95754 	0.97615 	0.95221 	0.96459 	0.97580 	-0.06963 	-0.15047 	-0.09046 	0.13698 	0.00000 	0.20430 	-0.21714 	-0.16500 	0.14696 	-0.10855 	0.09633 	0.22209 	-0.02289 	-0.04947 	-0.02974 	0.04612 	0.00000 	0.06795 	-0.07138 	-0.05424 	0.05609 	-0.03568 	0.03167 	0.08574 	0.00542	0.02415
Replication91	 -1.49329	0.99915	0.97160 	0.97646 	0.98047 	0.98121 	0.98090 	0.98555 	0.97097 	0.97529 	0.98613 	0.97138 	0.98583 	0.98565 	-0.17861 	-0.14726 	-0.10173 	0.12030 	0.05224 	0.16096 	-0.10633 	-0.12934 	0.10553 	-0.13886 	0.19746 	0.16050 	-0.05868 	-0.04838 	-0.03342 	0.05242 	0.01716 	0.05910 	-0.03493 	-0.04250 	0.03765 	-0.04562 	0.06488 	0.05863 	0.00514	0.02630
Replication92	 -1.42986	0.99895	0.96185 	0.96725 	0.97056 	0.97327 	0.96963 	0.97805 	0.96026 	0.96897 	0.97969 	0.96277 	0.97883 	0.97940 	-0.20162 	-0.15714 	-0.16805 	0.15224 	0.00000 	0.20690 	-0.16793 	-0.05255 	0.13298 	-0.17108 	0.21533 	0.20085 	-0.06627 	-0.05165 	-0.05524 	0.06812 	0.00000 	0.08066 	-0.05520 	-0.01727 	0.04886 	-0.05623 	0.07078 	0.07461 	0.01007	0.04118
Replication93	 -1.43306	0.99871	0.95615 	0.96379 	0.96292 	0.96943 	0.96428 	0.97244 	0.95114 	0.95754 	0.97211 	0.95424 	0.96603 	0.97190 	-0.23131 	-0.08507 	-0.23850 	0.17316 	0.00000 	0.24628 	-0.13735 	-0.18004 	0.16512 	-0.09450 	0.12375 	0.24871 	-0.07607 	-0.02797 	-0.07843 	0.07020 	0.00000 	0.09178 	-0.04517 	-0.05920 	0.06216 	-0.03108 	0.04070 	0.09421 	0.00975	0.04113
Replication94	 -1.52793	0.99911	0.97145 	0.97735 	0.97982 	0.98126 	0.97849 	0.98477 	0.96390 	0.97109 	0.98460 	0.96636 	0.98395 	0.98391 	-0.17059 	-0.09179 	-0.09293 	0.12174 	0.00000 	0.16687 	-0.16461 	-0.14785 	0.11172 	-0.15321 	0.24836 	0.17074 	-0.05605 	-0.03016 	-0.03054 	0.05066 	0.00000 	0.06020 	-0.05409 	-0.04858 	0.04063 	-0.05034 	0.08161 	0.06407 	0.00155	0.02739
Replication95	 -1.45624	0.99921	0.97162 	0.97651 	0.97980 	0.98119 	0.97997 	0.98568 	0.97327 	0.97814 	0.98771 	0.97661 	0.99241 	0.98702 	-0.18180 	-0.13847 	-0.13833 	0.11797 	0.03352 	0.15683 	-0.15156 	-0.16181 	0.09841 	-0.08219 	0.28845 	0.15081 	-0.05972 	-0.04549 	-0.04544 	0.05484 	0.01101 	0.06209 	-0.04979 	-0.05316 	0.03528 	-0.02700 	0.09476 	0.05607 	0.00816	0.03345
Replication96	 -1.45306	0.99891	0.96351 	0.96727 	0.96927 	0.97385 	0.97111 	0.97735 	0.96273 	0.96364 	0.97836 	0.96132 	0.98061 	0.97751 	-0.18136 	-0.16548 	-0.19751 	0.15208 	0.03197 	0.21245 	-0.08291 	-0.27172 	0.13858 	-0.14489 	0.28927 	0.21174 	-0.05962 	-0.05440 	-0.06492 	0.06475 	0.01051 	0.08139 	-0.02725 	-0.08932 	0.05124 	-0.04763 	0.09509 	0.08068 	0.00778	0.04052
Replication97	 -1.37254	0.99910	0.96805 	0.96826 	0.97158 	0.97585 	0.97226 	0.97997 	0.97236 	0.97629 	0.98389 	0.97163 	0.99079 	0.98334 	-0.13664 	-0.22197 	-0.21896 	0.13845 	0.00000 	0.18922 	-0.11260 	-0.08009 	0.11436 	-0.18269 	0.32158 	0.17406 	-0.04490 	-0.07294 	-0.07195 	0.06638 	0.00000 	0.08106 	-0.03700 	-0.02632 	0.04228 	-0.06003 	0.10567 	0.06590 	0.01527	0.04816
Replication98	 -1.42870	0.99912	0.96817 	0.97116 	0.97606 	0.97736 	0.97457 	0.98244 	0.97478 	0.97612 	0.98529 	0.97221 	0.99002 	0.98470 	-0.16235 	-0.19330 	-0.13908 	0.13313 	0.00000 	0.17687 	-0.06596 	-0.13618 	0.10934 	-0.17592 	0.27623 	0.16670 	-0.05335 	-0.06351 	-0.04570 	0.06268 	0.00000 	0.07116 	-0.02167 	-0.04475 	0.03890 	-0.05780 	0.09076 	0.06099 	0.01054	0.03771
Replication99	 -1.51049	0.99905	0.96986 	0.97455 	0.97816 	0.97940 	0.97660 	0.98326 	0.96601 	0.97039 	0.98325 	0.96569 	0.98112 	0.98276 	-0.16129 	-0.13148 	-0.08987 	0.12964 	0.00000 	0.17712 	-0.10232 	-0.14942 	0.11808 	-0.16200 	0.18868 	0.17941 	-0.05300 	-0.04321 	-0.02953 	0.05394 	0.00000 	0.06352 	-0.03362 	-0.04910 	0.04237 	-0.05324 	0.06201 	0.06580 	0.00344	0.02593
Replication100	 -1.52215	0.99921	0.97939 	0.98114 	0.98374 	0.98569 	0.98327 	0.98802 	0.97244 	0.97647 	0.98777 	0.97208 	0.98628 	0.98728 	-0.09972 	-0.12500 	-0.08073 	0.10432 	0.00000 	0.14604 	-0.09413 	-0.12708 	0.09809 	-0.15189 	0.17776 	0.14939 	-0.03276 	-0.04106 	-0.02652 	0.04151 	0.00000 	0.05179 	-0.03092 	-0.04175 	0.03528 	-0.04990 	0.05840 	0.05515 	0.00295	0.01922
Replication101	 0.00091	0.99872	0.96302 	0.96595 	0.96846 	0.97283 	0.96946 	0.97517 	0.94909 	0.95565 	0.97248 	0.95190 	0.95938 	0.97249 	-0.14990 	-0.16558 	-0.12424 	0.16287 	0.02027 	0.23386 	-0.11453 	-0.18963 	0.16392 	-0.08379 	0.00000 	0.24593 	-0.04929 	-0.05445 	-0.04085 	0.06010 	0.00667 	0.07965 	-0.03766 	-0.06236 	0.06115 	-0.02755 	0.00000 	0.09172 	0.00081	0.02711
Replication102	 -1.50103	0.99912	0.97270 	0.97972 	0.97880 	0.98268 	0.97930 	0.98489 	0.96796 	0.97165 	0.98450 	0.96724 	0.98387 	0.98385 	-0.18053 	-0.02645 	-0.15220 	0.11701 	0.00000 	0.16564 	-0.09869 	-0.16476 	0.11155 	-0.16564 	0.21945 	0.17031 	-0.05932 	-0.00869 	-0.05001 	0.04687 	0.00000 	0.06040 	-0.03243 	-0.05414 	0.04141 	-0.05442 	0.07211 	0.06506 	0.00430	0.02684
Replication103	 0.01010	0.99858	0.95591 	0.95864 	0.96076 	0.96687 	0.96173 	0.96954 	0.93990 	0.94926 	0.96807 	0.94167 	0.95906 	0.96773 	-0.16599 	-0.19039 	-0.18557 	0.18598 	0.00000 	0.26703 	-0.16658 	-0.15737 	0.18239 	-0.20287 	0.15505 	0.27517 	-0.05460 	-0.06262 	-0.06104 	0.07275 	0.00000 	0.09712 	-0.05479 	-0.05176 	0.06916 	-0.06673 	0.05100 	0.10526 	0.00315	0.04374
Replication104	 -1.48882	0.99900	0.97154 	0.97276 	0.97396 	0.97900 	0.97588 	0.98088 	0.96293 	0.96615 	0.98084 	0.96229 	0.98103 	0.98006 	-0.11929 	-0.15217 	-0.16681 	0.13299 	0.01575 	0.19106 	-0.10576 	-0.21907 	0.12747 	-0.16462 	0.26065 	0.19478 	-0.03921 	-0.05001 	-0.05482 	0.05298 	0.00518 	0.07100 	-0.03476 	-0.07200 	0.04746 	-0.05410 	0.08567 	0.07472 	0.00501	0.03210
Replication105	 -1.42756	0.99898	0.96157 	0.96633 	0.97201 	0.97285 	0.96977 	0.97883 	0.96679 	0.97106 	0.98136 	0.96820 	0.98339 	0.98093 	-0.19860 	-0.20021 	-0.13726 	0.15221 	0.00000 	0.20148 	-0.12081 	-0.14770 	0.12669 	-0.11598 	0.23769 	0.19206 	-0.06527 	-0.06580 	-0.04511 	0.07062 	0.00000 	0.07904 	-0.03971 	-0.04854 	0.04510 	-0.03812 	0.07812 	0.06961 	0.01043	0.03993
Replication106	 -1.51524	0.99885	0.96773 	0.96699 	0.97161 	0.97499 	0.97187 	0.97776 	0.95491 	0.96147 	0.97682 	0.95480 	0.97027 	0.97650 	-0.09972 	-0.23293 	-0.10837 	0.15089 	0.01123 	0.21392 	-0.11901 	-0.13268 	0.14538 	-0.19365 	0.14283 	0.21958 	-0.03278 	-0.07657 	-0.03563 	0.05915 	0.00369 	0.07626 	-0.03913 	-0.04362 	0.05364 	-0.06366 	0.04695 	0.08192 	0.00254	0.03023
Replication107	 -1.46510	0.99937	0.97733 	0.98039 	0.98575 	0.98494 	0.98332 	0.98997 	0.98381 	0.98578 	0.99288 	0.98270 	0.99968 	0.99221 	-0.13962 	-0.16316 	-0.07923 	0.10037 	0.00000 	0.12795 	-0.08465 	-0.11114 	0.07653 	-0.14815 	0.29555 	0.11787 	-0.04585 	-0.05359 	-0.02602 	0.04998 	0.00000 	0.05234 	-0.02780 	-0.03650 	0.02614 	-0.04866 	0.09706 	0.04226 	0.00767	0.02938
Replication108	 -1.45747	0.99930	0.97606 	0.97837 	0.98263 	0.98375 	0.98429 	0.98804 	0.97967 	0.98169 	0.99032 	0.98127 	0.99648 	0.98958 	-0.15018 	-0.18441 	-0.12988 	0.10686 	0.06684 	0.14104 	-0.10850 	-0.18882 	0.08715 	-0.07178 	0.28930 	0.13412 	-0.04933 	-0.06057 	-0.04266 	0.05060 	0.02195 	0.05662 	-0.03564 	-0.06202 	0.03089 	-0.02358 	0.09502 	0.04970 	0.00828	0.03099
Replication109	 -1.49175	0.99891	0.97202 	0.96897 	0.97120 	0.97721 	0.97314 	0.97834 	0.95468 	0.96277 	0.97782 	0.95717 	0.97436 	0.97731 	-0.05920 	-0.21998 	-0.16110 	0.14201 	0.00000 	0.20796 	-0.16778 	-0.14711 	0.14015 	-0.16492 	0.21280 	0.21263 	-0.01946 	-0.07231 	-0.05296 	0.05472 	0.00000 	0.07698 	-0.05515 	-0.04836 	0.05287 	-0.05421 	0.06995 	0.08165 	0.00455	0.03372
Replication110	 -1.38900	0.99911	0.97051 	0.97147 	0.97319 	0.97813 	0.97454 	0.98131 	0.97057 	0.97597 	0.98422 	0.97347 	0.98918 	0.98371 	-0.13421 	-0.17729 	-0.21838 	0.13110 	0.00200 	0.18242 	-0.14916 	-0.11409 	0.11283 	-0.10217 	0.28111 	0.17162 	-0.04410 	-0.05826 	-0.07175 	0.06008 	0.00066 	0.07585 	-0.04901 	-0.03749 	0.04181 	-0.03357 	0.09237 	0.06505 	0.01422	0.04163
Replication111	 -1.46106	0.99928	0.97874 	0.98044 	0.98154 	0.98516 	0.98231 	0.98748 	0.97754 	0.97953 	0.98912 	0.97438 	0.99416 	0.98835 	-0.11223 	-0.11906 	-0.15487 	0.10338 	0.00000 	0.14471 	-0.07321 	-0.11826 	0.09153 	-0.21224 	0.30157 	0.14078 	-0.03686 	-0.03911 	-0.05087 	0.04561 	0.00000 	0.05801 	-0.02405 	-0.03885 	0.03375 	-0.06972 	0.09906 	0.05408 	0.00791	0.03105
Replication112	 -1.43216	0.99915	0.96760 	0.97337 	0.97785 	0.97825 	0.97568 	0.98378 	0.97801 	0.97825 	0.98632 	0.97464 	0.98917 	0.98592 	-0.19596 	-0.14763 	-0.12527 	0.12936 	0.00000 	0.16921 	-0.03289 	-0.11947 	0.10516 	-0.16057 	0.20786 	0.15956 	-0.06438 	-0.04850 	-0.04116 	0.06112 	0.00000 	0.06681 	-0.01081 	-0.03925 	0.03692 	-0.05276 	0.06829 	0.05715 	0.01061	0.03343
Replication113	 -1.50589	0.99901	0.96843 	0.97543 	0.97788 	0.97944 	0.97784 	0.98284 	0.95927 	0.96379 	0.98138 	0.95774 	0.97924 	0.98045 	-0.19303 	-0.09137 	-0.08565 	0.13124 	0.03467 	0.18159 	-0.11721 	-0.22056 	0.12542 	-0.22132 	0.26746 	0.19237 	-0.06344 	-0.03003 	-0.02815 	0.05209 	0.01140 	0.06283 	-0.03852 	-0.07249 	0.04628 	-0.07274 	0.08790 	0.07361 	0.00363	0.02874
Replication114	 -1.53188	0.99895	0.97043 	0.97106 	0.97475 	0.97780 	0.97446 	0.98033 	0.95479 	0.96246 	0.97952 	0.95758 	0.97746 	0.97870 	-0.10464 	-0.18698 	-0.09799 	0.13859 	0.00000 	0.19656 	-0.18091 	-0.20882 	0.13344 	-0.16330 	0.27085 	0.20394 	-0.03439 	-0.06146 	-0.03221 	0.05455 	0.00000 	0.07045 	-0.05946 	-0.06864 	0.04940 	-0.05367 	0.08902 	0.07783 	0.00075	0.03142
Replication115	 -1.49054	0.99907	0.97044 	0.97555 	0.97593 	0.98000 	0.97677 	0.98257 	0.96079 	0.96930 	0.98277 	0.96489 	0.98345 	0.98202 	-0.16897 	-0.08641 	-0.16245 	0.12713 	0.00784 	0.17917 	-0.19692 	-0.14833 	0.11882 	-0.14050 	0.28436 	0.18165 	-0.05552 	-0.02839 	-0.05338 	0.05284 	0.00258 	0.06769 	-0.06471 	-0.04874 	0.04453 	-0.04617 	0.09344 	0.07017 	0.00461	0.03432
Replication116	 -1.45936	0.99892	0.97077 	0.97077 	0.96961 	0.97758 	0.97297 	0.97811 	0.95937 	0.96298 	0.97794 	0.95853 	0.97734 	0.97723 	-0.10233 	-0.13929 	-0.22726 	0.14031 	0.00155 	0.20814 	-0.10607 	-0.20825 	0.13923 	-0.17597 	0.25029 	0.21211 	-0.03364 	-0.04579 	-0.07470 	0.05418 	0.00051 	0.07888 	-0.03487 	-0.06845 	0.05309 	-0.05784 	0.08227 	0.08285 	0.00754	0.03648
Replication117	 -1.53853	0.99904	0.97599 	0.97493 	0.97780 	0.98146 	0.97830 	0.98306 	0.96122 	0.96682 	0.98213 	0.96307 	0.97973 	0.98143 	-0.06915 	-0.18042 	-0.09970 	0.12417 	0.00000 	0.17914 	-0.14165 	-0.20682 	0.12216 	-0.13548 	0.22056 	0.18644 	-0.02273 	-0.05929 	-0.03277 	0.04703 	0.00000 	0.06338 	-0.04655 	-0.06797 	0.04502 	-0.04452 	0.07248 	0.07068 	0.00075	0.02477
Replication118	 -1.50848	0.99905	0.96932 	0.97154 	0.97601 	0.97781 	0.97484 	0.98174 	0.96208 	0.96823 	0.98276 	0.96304 	0.98587 	0.98180 	-0.13750 	-0.18603 	-0.10826 	0.13447 	0.00000 	0.18409 	-0.16400 	-0.18307 	0.11964 	-0.19613 	0.35045 	0.18384 	-0.04519 	-0.06113 	-0.03558 	0.05861 	0.00000 	0.07025 	-0.05389 	-0.06016 	0.04378 	-0.06445 	0.11517 	0.07001 	0.00250	0.03741
Replication119	 0.00116	0.99882	0.96303 	0.96690 	0.96727 	0.97336 	0.96998 	0.97556 	0.94884 	0.95863 	0.97469 	0.95046 	0.96981 	0.97421 	-0.17424 	-0.13718 	-0.20050 	0.15720 	0.02977 	0.22599 	-0.17858 	-0.10352 	0.15322 	-0.22487 	0.21606 	0.23209 	-0.05729 	-0.04510 	-0.06592 	0.06257 	0.00979 	0.08398 	-0.05871 	-0.03404 	0.05858 	-0.07393 	0.07104 	0.09008 	0.00455	0.04106
Replication120	 -1.48945	0.99896	0.96850 	0.97113 	0.97233 	0.97733 	0.97501 	0.97965 	0.95917 	0.96430 	0.97954 	0.95889 	0.97940 	0.97875 	-0.15093 	-0.15039 	-0.17861 	0.13946 	0.03887 	0.19878 	-0.13125 	-0.18785 	0.13283 	-0.19700 	0.27868 	0.20288 	-0.04961 	-0.04943 	-0.05871 	0.05653 	0.01278 	0.07435 	-0.04314 	-0.06174 	0.04991 	-0.06475 	0.09160 	0.07844 	0.00453	0.03623
Replication121	 -1.50493	0.99912	0.97496 	0.97609 	0.97920 	0.98182 	0.97920 	0.98453 	0.96795 	0.97199 	0.98485 	0.96784 	0.98551 	0.98414 	-0.10812 	-0.16254 	-0.10920 	0.11978 	0.00579 	0.16749 	-0.11331 	-0.17269 	0.11068 	-0.16159 	0.25057 	0.16925 	-0.03553 	-0.05341 	-0.03588 	0.04929 	0.00190 	0.06172 	-0.03723 	-0.05674 	0.04019 	-0.05310 	0.08233 	0.06348 	0.00389	0.02703
Replication122	 -1.41361	0.99933	0.97487 	0.97705 	0.98065 	0.98246 	0.97998 	0.98692 	0.97780 	0.98452 	0.99085 	0.98465 	1.00014 	0.99012 	-0.14222 	-0.16941 	-0.15991 	0.10954 	0.00000 	0.14426 	-0.20509 	-0.12965 	0.08436 	-0.02508 	0.35160 	0.12986 	-0.04671 	-0.05564 	-0.05252 	0.05568 	0.00000 	0.06344 	-0.06736 	-0.04258 	0.03050 	-0.00824 	0.11548 	0.04904 	0.01174	0.04109
Replication123	 0.00348	0.99876	0.96240 	0.96608 	0.96987 	0.97270 	0.96888 	0.97592 	0.94652 	0.95549 	0.97396 	0.94931 	0.96557 	0.97350 	-0.15656 	-0.16855 	-0.09475 	0.16144 	0.00000 	0.22775 	-0.17162 	-0.18071 	0.15767 	-0.16757 	0.15611 	0.23863 	-0.05148 	-0.05542 	-0.03116 	0.06230 	0.00000 	0.07898 	-0.05643 	-0.05942 	0.05853 	-0.05510 	0.05133 	0.08986 	0.00183	0.03199
Replication124	 -1.48233	0.99921	0.97396 	0.97737 	0.98092 	0.98226 	0.98031 	0.98613 	0.96917 	0.97731 	0.98743 	0.97230 	0.98954 	0.98685 	-0.14776 	-0.14518 	-0.10967 	0.11493 	0.01342 	0.15500 	-0.17835 	-0.07627 	0.09940 	-0.15268 	0.26959 	0.15178 	-0.04854 	-0.04769 	-0.03603 	0.05150 	0.00441 	0.05983 	-0.05859 	-0.02506 	0.03597 	-0.05016 	0.08857 	0.05661 	0.00579	0.03081
Replication125	 0.00245	0.99862	0.94941 	0.95374 	0.96298 	0.96278 	0.95911 	0.96997 	0.94755 	0.95419 	0.97078 	0.94932 	0.96575 	0.97044 	-0.21242 	-0.28696 	-0.09122 	0.19687 	0.00000 	0.26306 	-0.14489 	-0.19616 	0.17288 	-0.15265 	0.18658 	0.26095 	-0.06987 	-0.09438 	-0.03000 	0.08637 	0.00000 	0.09723 	-0.04766 	-0.06452 	0.06237 	-0.05021 	0.06137 	0.09513 	0.00395	0.04584
Replication126	 -1.46387	0.99894	0.96569 	0.96929 	0.97174 	0.97541 	0.97168 	0.97881 	0.95949 	0.96648 	0.97924 	0.96004 	0.97675 	0.97886 	-0.16269 	-0.15259 	-0.15699 	0.14623 	0.00000 	0.20410 	-0.13607 	-0.09629 	0.13473 	-0.19172 	0.20019 	0.20390 	-0.05347 	-0.05016 	-0.05160 	0.06128 	0.00000 	0.07663 	-0.04473 	-0.03165 	0.04978 	-0.06302 	0.06580 	0.07643 	0.00720	0.03529
Replication127	 -1.44988	0.99932	0.97398 	0.97656 	0.98354 	0.98214 	0.98135 	0.98811 	0.97995 	0.98484 	0.99159 	0.98376 	0.99865 	0.99097 	-0.15186 	-0.21267 	-0.08274 	0.11065 	0.02005 	0.13915 	-0.15376 	-0.12039 	0.08232 	-0.06649 	0.30069 	0.12630 	-0.04988 	-0.06985 	-0.02718 	0.05647 	0.00658 	0.05785 	-0.05050 	-0.03954 	0.02814 	-0.02184 	0.09876 	0.04499 	0.00875	0.03401
Replication128	 -1.48242	0.99877	0.97101 	0.96726 	0.96638 	0.97582 	0.97066 	0.97504 	0.95007 	0.95689 	0.97319 	0.95226 	0.96504 	0.97291 	-0.04657 	-0.19011 	-0.21875 	0.15154 	0.00000 	0.23087 	-0.13433 	-0.18005 	0.15942 	-0.12881 	0.11079 	0.24045 	-0.01531 	-0.06251 	-0.07193 	0.05352 	0.00000 	0.08379 	-0.04417 	-0.05920 	0.06141 	-0.04235 	0.03643 	0.09337 	0.00556	0.03304
Replication129	 -1.53221	0.99952	0.98358 	0.99065 	0.99252 	0.99187 	0.99052 	0.99555 	0.98625 	0.98795 	0.99697 	0.98592 	1.00449 	0.99595 	-0.16259 	-0.02533 	-0.06162 	0.07340 	0.00000 	0.09357 	-0.09989 	-0.17473 	0.05811 	-0.13181 	0.33741 	0.09181 	-0.05338 	-0.00832 	-0.02023 	0.03534 	0.00000 	0.03645 	-0.03280 	-0.05736 	0.02004 	-0.04328 	0.11078 	0.03470 	0.00167	0.02195
Replication130	 0.01726	0.99870	0.96701 	0.96891 	0.96751 	0.97530 	0.97066 	0.97472 	0.93274 	0.94875 	0.97004 	0.94194 	0.95509 	0.96974 	-0.11255 	-0.10477 	-0.15330 	0.15613 	0.01061 	0.23689 	-0.27433 	-0.15099 	0.17190 	-0.11813 	0.08611 	0.25932 	-0.03701 	-0.03445 	-0.05041 	0.05202 	0.00349 	0.08065 	-0.09022 	-0.04965 	0.06779 	-0.03885 	0.02832 	0.10308 	0.00690	0.03474
Replication131	 -1.42455	0.99915	0.97737 	0.97645 	0.97476 	0.98274 	0.97995 	0.98313 	0.96679 	0.97366 	0.98425 	0.97087 	0.98759 	0.98357 	-0.09202 	-0.13831 	-0.25011 	0.11592 	0.03371 	0.17216 	-0.17761 	-0.14035 	0.11138 	-0.10334 	0.28739 	0.17018 	-0.03023 	-0.04544 	-0.08218 	0.04764 	0.01108 	0.06970 	-0.05836 	-0.04611 	0.04310 	-0.03395 	0.09442 	0.06771 	0.01099	0.03737
Replication132	 -1.44404	0.99918	0.96870 	0.97541 	0.97891 	0.97957 	0.97698 	0.98476 	0.97579 	0.97833 	0.98710 	0.97555 	0.99097 	0.98655 	-0.20302 	-0.11565 	-0.12930 	0.12411 	0.00000 	0.16285 	-0.09109 	-0.13605 	0.10152 	-0.12810 	0.25052 	0.15480 	-0.06670 	-0.03799 	-0.04248 	0.05845 	0.00000 	0.06432 	-0.02993 	-0.04470 	0.03586 	-0.04209 	0.08231 	0.05627 	0.00941	0.03332
Replication133	 -1.43122	0.99931	0.98070 	0.98050 	0.98181 	0.98589 	0.98353 	0.98797 	0.97833 	0.98307 	0.98990 	0.97856 	0.99321 	0.98949 	-0.09054 	-0.14852 	-0.16799 	0.10008 	0.01115 	0.14082 	-0.10884 	-0.04528 	0.08808 	-0.15256 	0.22848 	0.13401 	-0.02974 	-0.04878 	-0.05518 	0.04452 	0.00366 	0.05744 	-0.03575 	-0.01487 	0.03251 	-0.05011 	0.07505 	0.05063 	0.01111	0.02938
Replication134	 0.00510	0.99868	0.95155 	0.95852 	0.96241 	0.96561 	0.96110 	0.97087 	0.94490 	0.95427 	0.97138 	0.94871 	0.96861 	0.97078 	-0.23732 	-0.17422 	-0.17242 	0.18611 	0.00000 	0.25558 	-0.20242 	-0.18338 	0.16881 	-0.16651 	0.26489 	0.25600 	-0.07805 	-0.05730 	-0.05670 	0.08019 	0.00000 	0.09663 	-0.06657 	-0.06031 	0.06288 	-0.05476 	0.08711 	0.09705 	0.00490	0.05017
Replication135	 -1.50287	0.99919	0.97849 	0.97936 	0.98258 	0.98455 	0.98209 	0.98712 	0.96966 	0.97722 	0.98714 	0.97402 	0.98433 	0.98688 	-0.09404 	-0.15155 	-0.08570 	0.10857 	0.00000 	0.15137 	-0.15598 	-0.09007 	0.10079 	-0.07808 	0.13753 	0.15242 	-0.03089 	-0.04979 	-0.02815 	0.04410 	0.00000 	0.05462 	-0.05124 	-0.02959 	0.03632 	-0.02565 	0.04518 	0.05567 	0.00475	0.02056
Replication136	 -1.50105	0.99904	0.96955 	0.97465 	0.97605 	0.97925 	0.97586 	0.98217 	0.95762 	0.96885 	0.98192 	0.96417 	0.97924 	0.98144 	-0.16667 	-0.09857 	-0.13398 	0.13075 	0.00000 	0.18306 	-0.22701 	-0.10318 	0.12275 	-0.11110 	0.21375 	0.18635 	-0.05477 	-0.03239 	-0.04403 	0.05370 	0.00000 	0.06744 	-0.07460 	-0.03391 	0.04570 	-0.03651 	0.07025 	0.07073 	0.00382	0.03161
Replication137	 -1.39679	0.99894	0.96899 	0.97046 	0.96856 	0.97687 	0.97224 	0.97791 	0.96435 	0.96799 	0.97857 	0.96405 	0.97638 	0.97836 	-0.13307 	-0.12124 	-0.26406 	0.14171 	0.00441 	0.20798 	-0.08231 	-0.12133 	0.13661 	-0.13307 	0.14451 	0.20593 	-0.04374 	-0.03985 	-0.08680 	0.05701 	0.00145 	0.08088 	-0.02705 	-0.03988 	0.05191 	-0.04374 	0.04750 	0.07883 	0.01393	0.03652
Replication138	 0.00259	0.99869	0.95674 	0.96079 	0.96250 	0.96825 	0.96333 	0.97149 	0.94741 	0.95462 	0.97134 	0.94865 	0.96699 	0.97086 	-0.18700 	-0.16845 	-0.20541 	0.17783 	0.00000 	0.25224 	-0.15157 	-0.17690 	0.16856 	-0.18427 	0.21316 	0.25510 	-0.06150 	-0.05540 	-0.06755 	0.07263 	0.00000 	0.09438 	-0.04985 	-0.05817 	0.06336 	-0.06060 	0.07010 	0.09724 	0.00670	0.04464
Replication139	 -1.41755	0.99908	0.96941 	0.96928 	0.97408 	0.97680 	0.97367 	0.98101 	0.96835 	0.97470 	0.98369 	0.97097 	0.98684 	0.98325 	-0.12133 	-0.23349 	-0.15728 	0.13650 	0.00000 	0.18585 	-0.15322 	-0.09400 	0.11583 	-0.12638 	0.26022 	0.17577 	-0.03987 	-0.07673 	-0.05168 	0.06266 	0.00000 	0.07504 	-0.05035 	-0.03089 	0.04198 	-0.04153 	0.08551 	0.06496 	0.01154	0.03910
Replication140	 -1.47318	0.99921	0.97545 	0.97864 	0.97993 	0.98320 	0.98023 	0.98592 	0.96956 	0.97640 	0.98719 	0.97223 	0.99089 	0.98643 	-0.13669 	-0.10992 	-0.14844 	0.11188 	0.00000 	0.15563 	-0.17059 	-0.12121 	0.09992 	-0.14751 	0.30703 	0.15335 	-0.04491 	-0.03611 	-0.04876 	0.04888 	0.00000 	0.06109 	-0.05604 	-0.03982 	0.03692 	-0.04846 	0.10086 	0.05881 	0.00655	0.03247
Replication141	 -1.42137	0.99906	0.96626 	0.97354 	0.97358 	0.97766 	0.97391 	0.98126 	0.97084 	0.97296 	0.98269 	0.96790 	0.98333 	0.98231 	-0.21206 	-0.06982 	-0.20086 	0.13477 	0.00000 	0.18602 	-0.05566 	-0.10487 	0.11969 	-0.18698 	0.19702 	0.18129 	-0.06969 	-0.02294 	-0.06601 	0.05924 	0.00000 	0.07268 	-0.01829 	-0.03446 	0.04416 	-0.06145 	0.06474 	0.06795 	0.01146	0.03595
Replication142	 -1.49991	0.99897	0.97520 	0.97523 	0.97317 	0.98111 	0.97665 	0.98065 	0.95891 	0.96392 	0.97910 	0.95751 	0.97472 	0.97856 	-0.08275 	-0.10358 	-0.19757 	0.12778 	0.00000 	0.19383 	-0.10186 	-0.15288 	0.13381 	-0.20652 	0.18235 	0.20322 	-0.02720 	-0.03405 	-0.06494 	0.04550 	0.00000 	0.07035 	-0.03348 	-0.05025 	0.05153 	-0.06788 	0.05993 	0.07974 	0.00417	0.02926
Replication143	 -1.47085	0.99893	0.96760 	0.96994 	0.97139 	0.97631 	0.97262 	0.97879 	0.96013 	0.96452 	0.97898 	0.96249 	0.97834 	0.97832 	-0.14205 	-0.15227 	-0.17555 	0.14383 	0.00696 	0.20463 	-0.13502 	-0.23580 	0.13580 	-0.09741 	0.23347 	0.20676 	-0.04669 	-0.05005 	-0.05770 	0.05828 	0.00229 	0.07625 	-0.04438 	-0.07751 	0.05025 	-0.03202 	0.07674 	0.07838 	0.00665	0.03382
Replication144	 0.00530	0.99868	0.96070 	0.96478 	0.96486 	0.97140 	0.96705 	0.97306 	0.94470 	0.94984 	0.97092 	0.94492 	0.96527 	0.97008 	-0.16862 	-0.12750 	-0.18459 	0.16839 	0.01519 	0.24523 	-0.13450 	-0.29191 	0.16985 	-0.18179 	0.23227 	0.25863 	-0.05545 	-0.04193 	-0.06071 	0.06314 	0.00500 	0.08729 	-0.04423 	-0.09600 	0.06460 	-0.05979 	0.07638 	0.10069 	0.00064	0.03899
Replication145	 -1.45214	0.99919	0.97557 	0.97686 	0.97817 	0.98236 	0.97915 	0.98479 	0.97080 	0.97594 	0.98651 	0.97236 	0.99141 	0.98572 	-0.11577 	-0.14079 	-0.17133 	0.11522 	0.00000 	0.16196 	-0.14762 	-0.14440 	0.10278 	-0.14660 	0.32033 	0.15779 	-0.03803 	-0.04626 	-0.05629 	0.05056 	0.00000 	0.06494 	-0.04850 	-0.04744 	0.03812 	-0.04816 	0.10524 	0.06077 	0.00843	0.03496
Replication146	 0.00170	0.99888	0.96664 	0.96878 	0.97117 	0.97544 	0.97185 	0.97787 	0.94830 	0.96004 	0.97689 	0.95254 	0.97278 	0.97625 	-0.13599 	-0.16567 	-0.13696 	0.14840 	0.00818 	0.21173 	-0.22583 	-0.12106 	0.14403 	-0.19946 	0.25304 	0.21902 	-0.04470 	-0.05446 	-0.04502 	0.05893 	0.00269 	0.07748 	-0.07424 	-0.03980 	0.05456 	-0.06557 	0.08318 	0.08476 	0.00056	0.03781
Replication147	 0.00682	0.99870	0.95497 	0.96385 	0.96656 	0.96920 	0.96500 	0.97364 	0.94318 	0.95493 	0.97210 	0.94956 	0.96259 	0.97187 	-0.24066 	-0.10882 	-0.12874 	0.17427 	0.00000 	0.24151 	-0.21606 	-0.14495 	0.16558 	-0.11316 	0.12066 	0.24949 	-0.07914 	-0.03579 	-0.04234 	0.07047 	0.00000 	0.08576 	-0.07105 	-0.04767 	0.06179 	-0.03721 	0.03968 	0.09374 	0.00088	0.03825
Replication148	 0.02208	0.99855	0.96380 	0.96307 	0.96252 	0.97136 	0.96613 	0.97048 	0.92792 	0.94285 	0.96526 	0.93365 	0.94635 	0.96520 	-0.08649 	-0.16477 	-0.16243 	0.17401 	0.00913 	0.26510 	-0.22495 	-0.12330 	0.19231 	-0.17993 	0.01966 	0.28883 	-0.02845 	-0.05420 	-0.05343 	0.05776 	0.00300 	0.09065 	-0.07400 	-0.04056 	0.07606 	-0.05919 	0.00647 	0.11438 	0.00717	0.03850
Replication149	 -1.47133	0.99887	0.96523 	0.96861 	0.96912 	0.97479 	0.97042 	0.97698 	0.95155 	0.96219 	0.97650 	0.95701 	0.97175 	0.97614 	-0.15644 	-0.12950 	-0.18765 	0.15097 	0.00000 	0.21668 	-0.20767 	-0.11596 	0.14584 	-0.12537 	0.18233 	0.22045 	-0.05143 	-0.04257 	-0.06169 	0.06023 	0.00000 	0.08051 	-0.06827 	-0.03812 	0.05510 	-0.04121 	0.05994 	0.08428 	0.00630	0.03676
Replication150	 -1.44457	0.99876	0.96099 	0.96218 	0.96528 	0.97039 	0.96612 	0.97366 	0.95268 	0.95962 	0.97408 	0.95589 	0.97041 	0.97373 	-0.14678 	-0.21554 	-0.18790 	0.16823 	0.00383 	0.23771 	-0.15539 	-0.17597 	0.15716 	-0.11442 	0.18297 	0.23742 	-0.04826 	-0.07087 	-0.06178 	0.06936 	0.00126 	0.08935 	-0.05109 	-0.05786 	0.05829 	-0.03762 	0.06016 	0.08906 	0.00869	0.04000
Replication151	 -1.44361	0.99894	0.96833 	0.97092 	0.97032 	0.97691 	0.97251 	0.97857 	0.95867 	0.96584 	0.97877 	0.96296 	0.97702 	0.97831 	-0.14271 	-0.11876 	-0.21580 	0.14163 	0.00000 	0.20505 	-0.16830 	-0.16502 	0.13605 	-0.09046 	0.20285 	0.20622 	-0.04691 	-0.03904 	-0.07093 	0.05685 	0.00000 	0.07782 	-0.05532 	-0.05424 	0.05127 	-0.02973 	0.06668 	0.07900 	0.00924	0.03545
Replication152	 -1.44176	0.99892	0.96242 	0.96609 	0.96914 	0.97286 	0.96895 	0.97701 	0.95668 	0.96577 	0.97861 	0.95982 	0.97984 	0.97801 	-0.17830 	-0.17701 	-0.18109 	0.15447 	0.00000 	0.21307 	-0.19577 	-0.10654 	0.13720 	-0.18045 	0.29742 	0.20858 	-0.05861 	-0.05819 	-0.05952 	0.06835 	0.00000 	0.08384 	-0.06435 	-0.03502 	0.05108 	-0.05932 	0.09776 	0.07934 	0.00844	0.04537
Replication153	 -1.46900	0.99902	0.96600 	0.96909 	0.97459 	0.97573 	0.97400 	0.98076 	0.96243 	0.97028 	0.98233 	0.96812 	0.98400 	0.98172 	-0.16971 	-0.21079 	-0.12091 	0.14179 	0.02855 	0.19014 	-0.19840 	-0.16918 	0.12199 	-0.07650 	0.27071 	0.18581 	-0.05577 	-0.06928 	-0.03974 	0.06377 	0.00938 	0.07306 	-0.06520 	-0.05560 	0.04397 	-0.02514 	0.08897 	0.06873 	0.00650	0.03714
Replication154	 -1.48734	0.99921	0.97112 	0.97644 	0.98192 	0.98092 	0.97892 	0.98637 	0.97305 	0.97834 	0.98823 	0.97586 	0.99147 	0.98761 	-0.17629 	-0.14922 	-0.07092 	0.11886 	0.00000 	0.15381 	-0.14739 	-0.14293 	0.09693 	-0.10189 	0.26535 	0.14827 	-0.05791 	-0.04902 	-0.02330 	0.05557 	0.00000 	0.05884 	-0.04842 	-0.04695 	0.03365 	-0.03347 	0.08717 	0.05330 	0.00542	0.02945
Replication155	 -1.47986	0.99933	0.97798 	0.98117 	0.98354 	0.98537 	0.98299 	0.98872 	0.97384 	0.98109 	0.99071 	0.97802 	0.99727 	0.98982 	-0.13402 	-0.11687 	-0.12332 	0.10080 	0.00000 	0.13617 	-0.19470 	-0.12510 	0.08477 	-0.12046 	0.35571 	0.13120 	-0.04402 	-0.03838 	-0.04050 	0.04696 	0.00000 	0.05537 	-0.06395 	-0.04109 	0.03093 	-0.03956 	0.11683 	0.05041 	0.00582	0.03300
Replication156	 -1.51798	0.99907	0.97160 	0.97418 	0.97725 	0.97977 	0.97670 	0.98281 	0.95907 	0.96904 	0.98289 	0.96123 	0.98228 	0.98220 	-0.13193 	-0.15069 	-0.10892 	0.12787 	0.00000 	0.17819 	-0.19586 	-0.07954 	0.11851 	-0.22507 	0.28462 	0.18092 	-0.04335 	-0.04952 	-0.03579 	0.05350 	0.00000 	0.06659 	-0.06436 	-0.02614 	0.04414 	-0.07396 	0.09353 	0.06932 	0.00189	0.03396
Replication157	 -1.52306	0.99908	0.97548 	0.97717 	0.97882 	0.98238 	0.97923 	0.98420 	0.96254 	0.96966 	0.98344 	0.96676 	0.98097 	0.98286 	-0.10611 	-0.12674 	-0.11306 	0.11960 	0.00000 	0.17126 	-0.16851 	-0.17969 	0.11641 	-0.09219 	0.19933 	0.17732 	-0.03487 	-0.04165 	-0.03715 	0.04608 	0.00000 	0.06094 	-0.05537 	-0.05905 	0.04289 	-0.03030 	0.06550 	0.06699 	0.00238	0.02402
Replication158	 -1.42195	0.99921	0.97448 	0.97588 	0.97828 	0.98161 	0.97863 	0.98492 	0.97887 	0.97913 	0.98747 	0.97613 	0.99280 	0.98686 	-0.12553 	-0.16092 	-0.16974 	0.11682 	0.00000 	0.16040 	-0.05099 	-0.14506 	0.09925 	-0.15587 	0.26839 	0.15167 	-0.04124 	-0.05287 	-0.05576 	0.05349 	0.00000 	0.06537 	-0.01675 	-0.04766 	0.03592 	-0.05121 	0.08817 	0.05665 	0.01158	0.03413
Replication159	 -1.50337	0.99878	0.96105 	0.96449 	0.96755 	0.97151 	0.96736 	0.97494 	0.95005 	0.95694 	0.97459 	0.95426 	0.97206 	0.97384 	-0.16604 	-0.17560 	-0.15031 	0.16423 	0.00000 	0.23101 	-0.18143 	-0.26353 	0.15501 	-0.10421 	0.25202 	0.23596 	-0.05459 	-0.05774 	-0.04942 	0.06664 	0.00000 	0.08456 	-0.05965 	-0.08665 	0.05742 	-0.03426 	0.08286 	0.08952 	0.00288	0.03869
Replication160	 -1.47975	0.99874	0.95324 	0.96076 	0.96660 	0.96734 	0.96366 	0.97361 	0.95313 	0.95896 	0.97417 	0.95365 	0.97008 	0.97379 	-0.23982 	-0.18337 	-0.11784 	0.17827 	0.00000 	0.23929 	-0.12553 	-0.16948 	0.15781 	-0.16946 	0.18665 	0.23848 	-0.07886 	-0.06030 	-0.03875 	0.07763 	0.00000 	0.08826 	-0.04128 	-0.05573 	0.05716 	-0.05572 	0.06137 	0.08745 	0.00501	0.04124
Replication161	 -1.53159	0.99893	0.96749 	0.97250 	0.97256 	0.97742 	0.97337 	0.97942 	0.95344 	0.96072 	0.97840 	0.95641 	0.97712 	0.97745 	-0.16444 	-0.08652 	-0.15730 	0.14055 	0.00000 	0.20187 	-0.18389 	-0.23718 	0.13761 	-0.15547 	0.29365 	0.21073 	-0.05405 	-0.02844 	-0.05171 	0.05491 	0.00000 	0.07336 	-0.06045 	-0.07796 	0.05197 	-0.05110 	0.09652 	0.08222 	0.00040	0.03527
Replication162	 -1.42700	0.99916	0.97484 	0.97588 	0.97727 	0.98163 	0.97835 	0.98413 	0.97313 	0.97705 	0.98581 	0.97411 	0.98791 	0.98538 	-0.11584 	-0.14854 	-0.17811 	0.11870 	0.00000 	0.16689 	-0.10738 	-0.11579 	0.10618 	-0.11463 	0.21590 	0.16126 	-0.03806 	-0.04880 	-0.05852 	0.05146 	0.00000 	0.06599 	-0.03528 	-0.03804 	0.03894 	-0.03766 	0.07093 	0.06035 	0.01135	0.03130
Replication163	 -1.44350	0.99918	0.96900 	0.97486 	0.97825 	0.97943 	0.97697 	0.98440 	0.97265 	0.97764 	0.98692 	0.97513 	0.99215 	0.98624 	-0.19462 	-0.12885 	-0.14161 	0.12442 	0.00601 	0.16431 	-0.14795 	-0.13930 	0.10195 	-0.11177 	0.30226 	0.15602 	-0.06394 	-0.04233 	-0.04652 	0.05898 	0.00198 	0.06611 	-0.04861 	-0.04576 	0.03651 	-0.03672 	0.09930 	0.05783 	0.00912	0.03682
Replication164	 -1.52289	0.99885	0.96526 	0.96777 	0.97101 	0.97448 	0.97070 	0.97745 	0.95131 	0.95979 	0.97654 	0.95518 	0.97197 	0.97596 	-0.14138 	-0.17305 	-0.12141 	0.15266 	0.00000 	0.21570 	-0.18401 	-0.19224 	0.14648 	-0.13581 	0.20916 	0.22241 	-0.04648 	-0.05689 	-0.03991 	0.06042 	0.00000 	0.07729 	-0.06049 	-0.06320 	0.05425 	-0.04465 	0.06876 	0.08401 	0.00148	0.03311
Replication165	 -1.43770	0.99917	0.97786 	0.97782 	0.97780 	0.98351 	0.98027 	0.98478 	0.97195 	0.97643 	0.98574 	0.97269 	0.98665 	0.98532 	-0.09264 	-0.13435 	-0.19139 	0.11262 	0.00675 	0.16326 	-0.10909 	-0.10411 	0.10592 	-0.13110 	0.20283 	0.16083 	-0.03044 	-0.04414 	-0.06288 	0.04630 	0.00222 	0.06375 	-0.03584 	-0.03420 	0.03961 	-0.04307 	0.06664 	0.06132 	0.01046	0.02926
Replication166	 -1.54257	0.99897	0.97668 	0.97609 	0.97502 	0.98203 	0.97787 	0.98145 	0.95433 	0.96250 	0.97897 	0.95525 	0.97207 	0.97847 	-0.06548 	-0.11476 	-0.15326 	0.12513 	0.00000 	0.19035 	-0.14847 	-0.13154 	0.13430 	-0.20291 	0.16306 	0.20378 	-0.02152 	-0.03772 	-0.05037 	0.04267 	0.00000 	0.06660 	-0.04880 	-0.04323 	0.05183 	-0.06669 	0.05359 	0.08003 	0.00019	0.02638
Replication167	 -1.40728	0.99894	0.96027 	0.96434 	0.96890 	0.97148 	0.96847 	0.97692 	0.96275 	0.96914 	0.97959 	0.96421 	0.98193 	0.97914 	-0.19962 	-0.20809 	-0.18336 	0.15793 	0.01524 	0.21253 	-0.14765 	-0.09940 	0.13363 	-0.16398 	0.26840 	0.20249 	-0.06561 	-0.06840 	-0.06027 	0.07312 	0.00501 	0.08526 	-0.04853 	-0.03267 	0.04882 	-0.05390 	0.08822 	0.07523 	0.01187	0.04629
Replication168	 -1.54189	0.99890	0.96791 	0.97146 	0.97412 	0.97711 	0.97360 	0.97974 	0.95242 	0.96219 	0.97802 	0.95586 	0.97032 	0.97767 	-0.14311 	-0.13689 	-0.09760 	0.14262 	0.00000 	0.20214 	-0.17731 	-0.12119 	0.13989 	-0.15813 	0.13827 	0.21146 	-0.04704 	-0.04500 	-0.03208 	0.05469 	0.00000 	0.07020 	-0.05829 	-0.03984 	0.05197 	-0.05198 	0.04545 	0.07952 	0.00013	0.02759
Replication169	 -1.42095	0.99889	0.95610 	0.96447 	0.96819 	0.97009 	0.96635 	0.97614 	0.95931 	0.96695 	0.97835 	0.96399 	0.97935 	0.97792 	-0.25352 	-0.14209 	-0.17653 	0.16391 	0.00000 	0.21872 	-0.18215 	-0.14052 	0.13914 	-0.09513 	0.24696 	0.21071 	-0.08334 	-0.04671 	-0.05803 	0.07548 	0.00000 	0.08602 	-0.05988 	-0.04619 	0.05071 	-0.03127 	0.08118 	0.07802 	0.01050	0.04600
Replication170	 -1.47075	0.99924	0.97937 	0.97987 	0.98067 	0.98533 	0.98496 	0.98697 	0.96982 	0.97734 	0.98759 	0.97417 	0.98961 	0.98696 	-0.11056 	-0.14811 	-0.17379 	0.10443 	0.06641 	0.14932 	-0.17989 	-0.11642 	0.09767 	-0.10246 	0.25695 	0.14936 	-0.03632 	-0.04865 	-0.05709 	0.04355 	0.02181 	0.05795 	-0.05909 	-0.03824 	0.03678 	-0.03366 	0.08441 	0.05800 	0.00709	0.02944
Replication171	 -1.43178	0.99898	0.96137 	0.96685 	0.97070 	0.97297 	0.96945 	0.97823 	0.96386 	0.96891 	0.98061 	0.96385 	0.98415 	0.97995 	-0.20654 	-0.16727 	-0.16934 	0.15206 	0.00000 	0.20451 	-0.13341 	-0.13704 	0.12915 	-0.18876 	0.31038 	0.19677 	-0.06789 	-0.05498 	-0.05566 	0.07007 	0.00000 	0.08147 	-0.04385 	-0.04504 	0.04716 	-0.06204 	0.10201 	0.07374 	0.00949	0.04500
Replication172	 -1.40411	0.99933	0.97727 	0.97783 	0.98175 	0.98367 	0.98196 	0.98779 	0.98592 	0.98629 	0.99140 	0.98475 	0.99855 	0.99092 	-0.11956 	-0.19215 	-0.15467 	0.10559 	0.01523 	0.13991 	-0.05686 	-0.11030 	0.08241 	-0.10545 	0.25659 	0.12584 	-0.03927 	-0.06311 	-0.05080 	0.05233 	0.00500 	0.05999 	-0.01868 	-0.03623 	0.02915 	-0.03463 	0.08427 	0.04592 	0.01343	0.03396
Replication173	 -1.48367	0.99920	0.97136 	0.97551 	0.98135 	0.98056 	0.97852 	0.98591 	0.97534 	0.97796 	0.98789 	0.97276 	0.99132 	0.98726 	-0.16230 	-0.17107 	-0.07284 	0.12034 	0.00000 	0.15645 	-0.07879 	-0.11413 	0.09833 	-0.20282 	0.27076 	0.15038 	-0.05332 	-0.05620 	-0.02393 	0.05629 	0.00000 	0.06034 	-0.02588 	-0.03749 	0.03428 	-0.06663 	0.08895 	0.05427 	0.00567	0.03068
Replication174	 -1.53788	0.99888	0.96458 	0.96819 	0.97296 	0.97456 	0.97128 	0.97860 	0.95358 	0.96111 	0.97808 	0.95816 	0.97538 	0.97734 	-0.15754 	-0.17936 	-0.08769 	0.15094 	0.00000 	0.20832 	-0.18802 	-0.24028 	0.14039 	-0.10412 	0.24335 	0.21397 	-0.05179 	-0.05896 	-0.02883 	0.06167 	0.00000 	0.07435 	-0.06181 	-0.07899 	0.05111 	-0.03423 	0.08000 	0.08000 	0.00004	0.03253
Replication175	 -1.44521	0.99911	0.98080 	0.97862 	0.97655 	0.98465 	0.98055 	0.98390 	0.96942 	0.97439 	0.98318 	0.97081 	0.97662 	0.98330 	-0.04847 	-0.12006 	-0.20852 	0.11178 	0.00000 	0.17109 	-0.08080 	-0.06333 	0.11619 	-0.08398 	0.02204 	0.17381 	-0.01593 	-0.03945 	-0.06852 	0.04030 	0.00000 	0.06383 	-0.02655 	-0.02081 	0.04471 	-0.02759 	0.00724 	0.06655 	0.01025	0.02379
Replication176	 -1.44959	0.99867	0.95788 	0.96209 	0.96294 	0.96926 	0.96504 	0.97191 	0.95026 	0.95673 	0.97065 	0.95009 	0.95881 	0.97089 	-0.18837 	-0.15343 	-0.20929 	0.17548 	0.01909 	0.25140 	-0.08536 	-0.08466 	0.17131 	-0.16060 	0.00000 	0.25599 	-0.06195 	-0.05046 	-0.06883 	0.06891 	0.00628 	0.09147 	-0.02807 	-0.02784 	0.06474 	-0.05282 	0.00000 	0.09606 	0.00843	0.03748
Replication177	 -1.53387	0.99918	0.97999 	0.97998 	0.98364 	0.98543 	0.98406 	0.98746 	0.96664 	0.97261 	0.98629 	0.96481 	0.98320 	0.98570 	-0.07785 	-0.16615 	-0.05634 	0.10660 	0.02440 	0.15084 	-0.11005 	-0.09472 	0.10402 	-0.24111 	0.20326 	0.15873 	-0.02558 	-0.05459 	-0.01851 	0.04079 	0.00802 	0.05208 	-0.03616 	-0.03112 	0.03821 	-0.07921 	0.06678 	0.05998 	0.00162	0.02070
Replication178	 -1.53061	0.99903	0.96665 	0.97560 	0.97825 	0.97909 	0.97860 	0.98333 	0.96127 	0.96679 	0.98217 	0.96054 	0.97897 	0.98150 	-0.23073 	-0.08087 	-0.09279 	0.13138 	0.05802 	0.17809 	-0.11932 	-0.16073 	0.12215 	-0.20547 	0.21516 	0.18629 	-0.07583 	-0.02658 	-0.03050 	0.05402 	0.01907 	0.06200 	-0.03921 	-0.05282 	0.04479 	-0.06753 	0.07071 	0.07020 	0.00119	0.02832
Replication179	 -1.52846	0.99893	0.96885 	0.97138 	0.97340 	0.97737 	0.97366 	0.97962 	0.95239 	0.96253 	0.97851 	0.95609 	0.97395 	0.97794 	-0.13168 	-0.14323 	-0.12574 	0.14080 	0.00000 	0.20114 	-0.19857 	-0.13154 	0.13740 	-0.17444 	0.21613 	0.20871 	-0.04328 	-0.04708 	-0.04133 	0.05494 	0.00000 	0.07229 	-0.06527 	-0.04324 	0.05154 	-0.05734 	0.07104 	0.07987 	0.00102	0.03213
Replication180	 -1.54322	0.99892	0.97083 	0.97195 	0.97448 	0.97828 	0.97472 	0.98016 	0.95333 	0.96253 	0.97839 	0.95695 	0.97108 	0.97801 	-0.10575 	-0.16001 	-0.10331 	0.13850 	0.00000 	0.19936 	-0.17403 	-0.14065 	0.13817 	-0.14249 	0.14105 	0.20903 	-0.03476 	-0.05260 	-0.03396 	0.05180 	0.00000 	0.06926 	-0.05720 	-0.04623 	0.05147 	-0.04684 	0.04636 	0.07893 	0.00014	0.02622
Replication181	 -1.44253	0.99893	0.96572 	0.96905 	0.97043 	0.97526 	0.97122 	0.97825 	0.96272 	0.96614 	0.97906 	0.96325 	0.97880 	0.97852 	-0.16107 	-0.14478 	-0.19032 	0.14700 	0.00000 	0.20711 	-0.10560 	-0.19754 	0.13559 	-0.12412 	0.21854 	0.20587 	-0.05295 	-0.04759 	-0.06256 	0.06141 	0.00000 	0.07867 	-0.03471 	-0.06493 	0.05000 	-0.04080 	0.07183 	0.07743 	0.00932	0.03581
Replication182	 -1.37665	0.99912	0.96585 	0.97058 	0.97327 	0.97629 	0.97317 	0.98122 	0.97436 	0.97789 	0.98477 	0.97549 	0.99008 	0.98437 	-0.19684 	-0.15509 	-0.20618 	0.13646 	0.00585 	0.18260 	-0.11021 	-0.10243 	0.11103 	-0.10751 	0.25853 	0.16843 	-0.06468 	-0.05096 	-0.06775 	0.06573 	0.00192 	0.07647 	-0.03621 	-0.03366 	0.04030 	-0.03533 	0.08495 	0.06229 	0.01535	0.04308
Replication183	 -1.35959	0.99903	0.96284 	0.96691 	0.96906 	0.97348 	0.96968 	0.97820 	0.97496 	0.97379 	0.98217 	0.97248 	0.98965 	0.98155 	-0.19751 	-0.17070 	-0.24509 	0.14816 	0.00357 	0.20107 	-0.04587 	-0.19576 	0.12210 	-0.12554 	0.30306 	0.18603 	-0.06491 	-0.05610 	-0.08055 	0.07090 	0.00117 	0.08513 	-0.01507 	-0.06433 	0.04484 	-0.04126 	0.09960 	0.07009 	0.01649	0.04952
Replication184	 -1.42610	0.99921	0.97241 	0.97340 	0.97806 	0.97985 	0.97720 	0.98436 	0.97481 	0.97948 	0.98766 	0.97487 	0.99453 	0.98698 	-0.13004 	-0.20665 	-0.14584 	0.12189 	0.00000 	0.16263 	-0.12993 	-0.08727 	0.09847 	-0.17916 	0.33453 	0.15081 	-0.04272 	-0.06789 	-0.04791 	0.05895 	0.00000 	0.06818 	-0.04269 	-0.02867 	0.03553 	-0.05886 	0.10990 	0.05636 	0.01055	0.04019
Replication185	 -1.46959	0.99911	0.97048 	0.97478 	0.97688 	0.97975 	0.97700 	0.98322 	0.96853 	0.97269 	0.98430 	0.96646 	0.98621 	0.98364 	-0.16496 	-0.12511 	-0.14856 	0.12639 	0.01007 	0.17404 	-0.10085 	-0.11332 	0.11274 	-0.22187 	0.27252 	0.17214 	-0.05420 	-0.04111 	-0.04881 	0.05505 	0.00331 	0.06699 	-0.03314 	-0.03724 	0.04140 	-0.07290 	0.08955 	0.06508 	0.00676	0.03398
Replication186	 -1.46599	0.99877	0.95788 	0.95892 	0.96647 	0.96801 	0.96441 	0.97356 	0.95116 	0.96041 	0.97485 	0.95468 	0.97250 	0.97444 	-0.15576 	-0.28617 	-0.11883 	0.17502 	0.00000 	0.23765 	-0.18996 	-0.12903 	0.15450 	-0.16270 	0.23555 	0.23369 	-0.05122 	-0.09410 	-0.03907 	0.07688 	0.00000 	0.09037 	-0.06246 	-0.04243 	0.05636 	-0.05350 	0.07745 	0.08641 	0.00605	0.04469
Replication187	 -1.37644	0.99925	0.97201 	0.97405 	0.97732 	0.98003 	0.97715 	0.98455 	0.98081 	0.98344 	0.98871 	0.98308 	0.99654 	0.98823 	-0.15028 	-0.17978 	-0.19079 	0.11999 	0.00000 	0.15968 	-0.11245 	-0.12191 	0.09394 	-0.05741 	0.28028 	0.14314 	-0.04937 	-0.05906 	-0.06267 	0.05982 	0.00000 	0.06939 	-0.03694 	-0.04005 	0.03377 	-0.01886 	0.09207 	0.05285 	0.01559	0.04095
Replication188	 -1.53597	0.99908	0.97262 	0.97700 	0.97960 	0.98144 	0.97859 	0.98436 	0.96412 	0.96831 	0.98359 	0.96155 	0.98231 	0.98279 	-0.14499 	-0.10881 	-0.08259 	0.12242 	0.00000 	0.17055 	-0.09971 	-0.16654 	0.11596 	-0.23840 	0.25533 	0.17760 	-0.04764 	-0.03575 	-0.02714 	0.04894 	0.00000 	0.06028 	-0.03277 	-0.05472 	0.04247 	-0.07834 	0.08390 	0.06733 	0.00083	0.02655
Replication189	 0.03029	0.99837	0.96018 	0.95717 	0.95741 	0.96721 	0.96101 	0.96581 	0.91971 	0.93287 	0.95954 	0.92170 	0.93790 	0.95937 	-0.05902 	-0.21388 	-0.15627 	0.19348 	0.00000 	0.29660 	-0.18551 	-0.17518 	0.21648 	-0.25167 	0.02166 	0.32559 	-0.01942 	-0.07038 	-0.05142 	0.06321 	0.00000 	0.10113 	-0.06104 	-0.05765 	0.08622 	-0.08282 	0.00713 	0.13012 	0.01229	0.04507
Replication190	 -1.47582	0.99881	0.95791 	0.96626 	0.96791 	0.97135 	0.96718 	0.97563 	0.95842 	0.95998 	0.97564 	0.95566 	0.97315 	0.97505 	-0.23515 	-0.09894 	-0.16998 	0.16354 	0.00000 	0.22615 	-0.06294 	-0.23209 	0.15067 	-0.18020 	0.20450 	0.22872 	-0.07731 	-0.03253 	-0.05589 	0.06831 	0.00000 	0.08325 	-0.02069 	-0.07631 	0.05544 	-0.05925 	0.06724 	0.08582 	0.00572	0.03809
Replication191	 -1.46698	0.99891	0.97141 	0.97106 	0.97091 	0.97803 	0.97449 	0.97868 	0.95611 	0.96513 	0.97745 	0.95761 	0.96883 	0.97748 	-0.09893 	-0.15746 	-0.19595 	0.13945 	0.02103 	0.20632 	-0.13508 	-0.02942 	0.14118 	-0.17723 	0.06709 	0.21168 	-0.03252 	-0.05176 	-0.06441 	0.05235 	0.00691 	0.07563 	-0.04440 	-0.00967 	0.05409 	-0.05826 	0.02205 	0.08099 	0.00732	0.03099
Replication192	 -1.42274	0.99882	0.96244 	0.96461 	0.96570 	0.97197 	0.96731 	0.97466 	0.95612 	0.96202 	0.97537 	0.95822 	0.97316 	0.97499 	-0.15589 	-0.17127 	-0.22245 	0.16140 	0.00000 	0.23011 	-0.13787 	-0.16513 	0.15120 	-0.12546 	0.19590 	0.22860 	-0.05125 	-0.05631 	-0.07314 	0.06672 	0.00000 	0.08802 	-0.04533 	-0.05429 	0.05652 	-0.04125 	0.06441 	0.08651 	0.01085	0.04061
Replication193	 0.01238	0.99855	0.95655 	0.96194 	0.96211 	0.96854 	0.96326 	0.97027 	0.93762 	0.94515 	0.96686 	0.94074 	0.95429 	0.96647 	-0.18405 	-0.11460 	-0.16734 	0.18246 	0.00000 	0.26597 	-0.15158 	-0.26981 	0.18750 	-0.12081 	0.09131 	0.28309 	-0.06055 	-0.03770 	-0.05505 	0.06627 	0.00000 	0.09160 	-0.04986 	-0.08875 	0.07131 	-0.03974 	0.03004 	0.10873 	0.00215	0.03630
Replication194	 -1.50906	0.99897	0.97455 	0.97737 	0.97609 	0.98196 	0.97797 	0.98194 	0.95128 	0.96107 	0.97886 	0.95349 	0.97108 	0.97828 	-0.10877 	-0.06594 	-0.12934 	0.12547 	0.00000 	0.18836 	-0.17771 	-0.13739 	0.13476 	-0.20302 	0.17233 	0.20483 	-0.03575 	-0.02167 	-0.04251 	0.04273 	0.00000 	0.06420 	-0.05841 	-0.04516 	0.05203 	-0.06673 	0.05664 	0.08067 	0.00358	0.02604
Replication195	 -1.43303	0.99914	0.97166 	0.97573 	0.97661 	0.98055 	0.97743 	0.98360 	0.97140 	0.97570 	0.98516 	0.97162 	0.98736 	0.98466 	-0.16190 	-0.10999 	-0.18210 	0.12277 	0.00604 	0.17049 	-0.11000 	-0.10768 	0.10895 	-0.14939 	0.23659 	0.16570 	-0.05319 	-0.03614 	-0.05983 	0.05389 	0.00198 	0.06714 	-0.03614 	-0.03538 	0.04007 	-0.04909 	0.07774 	0.06235 	0.01052	0.03340
Replication196	 -1.47836	0.99929	0.97780 	0.98209 	0.98328 	0.98567 	0.98309 	0.98853 	0.97764 	0.98020 	0.98969 	0.97535 	0.99294 	0.98903 	-0.14366 	-0.08210 	-0.12860 	0.10148 	0.00000 	0.13938 	-0.07732 	-0.11009 	0.08941 	-0.19048 	0.25826 	0.13713 	-0.04719 	-0.02697 	-0.04224 	0.04449 	0.00000 	0.05386 	-0.02540 	-0.03616 	0.03242 	-0.06257 	0.08483 	0.05161 	0.00660	0.02669
Replication197	 -1.46613	0.99914	0.97268 	0.97703 	0.97896 	0.98155 	0.97907 	0.98484 	0.96992 	0.97560 	0.98558 	0.97442 	0.98512 	0.98519 	-0.15911 	-0.11268 	-0.13660 	0.11968 	0.01120 	0.16479 	-0.14623 	-0.15067 	0.10759 	-0.04259 	0.17358 	0.16319 	-0.05228 	-0.03702 	-0.04488 	0.05097 	0.00368 	0.06168 	-0.04805 	-0.04950 	0.03888 	-0.01399 	0.05703 	0.06008 	0.00784	0.02661
Replication198	 0.01054	0.99877	0.96343 	0.96960 	0.97176 	0.97466 	0.97080 	0.97714 	0.93946 	0.95214 	0.97366 	0.94594 	0.96371 	0.97299 	-0.17433 	-0.09963 	-0.07412 	0.15505 	0.00000 	0.22152 	-0.24422 	-0.20911 	0.15804 	-0.14884 	0.18433 	0.24017 	-0.05732 	-0.03276 	-0.02437 	0.05693 	0.00000 	0.07428 	-0.08030 	-0.06876 	0.05993 	-0.04894 	0.06061 	0.09294 	0.00886	0.03224
Replication199	 0.00141	0.99874	0.96056 	0.96492 	0.96514 	0.97142 	0.96655 	0.97366 	0.94859 	0.95504 	0.97269 	0.94951 	0.96807 	0.97209 	-0.17588 	-0.12673 	-0.19961 	0.16623 	0.00000 	0.23937 	-0.14380 	-0.20787 	0.16241 	-0.17988 	0.21499 	0.24641 	-0.05783 	-0.04167 	-0.06564 	0.06521 	0.00000 	0.08777 	-0.04728 	-0.06836 	0.06139 	-0.05915 	0.07069 	0.09481 	0.00436	0.03994
Replication200	 -1.53651	0.99894	0.97220 	0.97285 	0.97466 	0.97914 	0.97547 	0.98057 	0.95564 	0.96181 	0.97905 	0.95625 	0.97525 	0.97830 	-0.09669 	-0.15326 	-0.11828 	0.13483 	0.00000 	0.19589 	-0.14147 	-0.20412 	0.13511 	-0.18585 	0.22835 	0.20608 	-0.03178 	-0.05038 	-0.03888 	0.05028 	0.00000 	0.06901 	-0.04650 	-0.06709 	0.05056 	-0.06109 	0.07506 	0.07920 	0.00059	0.02839
Replication201	 -1.54317	0.99938	0.98574 	0.98555 	0.98838 	0.99004 	0.98861 	0.99194 	0.97362 	0.98105 	0.99222 	0.97793 	0.99535 	0.99136 	-0.06462 	-0.13908 	-0.06833 	0.08475 	0.01221 	0.11863 	-0.18888 	-0.14135 	0.07823 	-0.11177 	0.29835 	0.12125 	-0.02122 	-0.04567 	-0.02244 	0.03497 	0.00401 	0.04393 	-0.06203 	-0.04642 	0.02845 	-0.03671 	0.09798 	0.04656 	0.00062	0.02140
Replication202	 0.00644	0.99873	0.96563 	0.96639 	0.96813 	0.97387 	0.97031 	0.97507 	0.94453 	0.95093 	0.97232 	0.94356 	0.96504 	0.97153 	-0.11458 	-0.17773 	-0.13722 	0.15902 	0.02235 	0.23318 	-0.13469 	-0.23985 	0.16365 	-0.23736 	0.21827 	0.24912 	-0.03768 	-0.05844 	-0.04512 	0.05775 	0.00735 	0.08121 	-0.04429 	-0.07887 	0.06238 	-0.07805 	0.07178 	0.09715 	0.00416	0.03516
Replication203	 -1.46155	0.99923	0.97858 	0.97977 	0.98084 	0.98476 	0.98199 	0.98677 	0.97438 	0.97823 	0.98778 	0.97508 	0.98976 	0.98723 	-0.10456 	-0.12576 	-0.15191 	0.10661 	0.00473 	0.15092 	-0.10794 	-0.12839 	0.09755 	-0.12457 	0.22620 	0.14883 	-0.03435 	-0.04131 	-0.04990 	0.04481 	0.00155 	0.05819 	-0.03546 	-0.04218 	0.03575 	-0.04092 	0.07431 	0.05610 	0.00831	0.02659
Replication204	 0.00442	0.99861	0.95246 	0.95805 	0.96024 	0.96554 	0.96048 	0.96952 	0.94558 	0.95464 	0.96915 	0.94662 	0.95936 	0.96925 	-0.21702 	-0.16791 	-0.20556 	0.18888 	0.00000 	0.26547 	-0.13566 	-0.06208 	0.17805 	-0.19433 	0.07468 	0.26668 	-0.07138 	-0.05523 	-0.06761 	0.07785 	0.00000 	0.09885 	-0.04462 	-0.02042 	0.06701 	-0.06392 	0.02456 	0.10006 	0.00881	0.04516
Replication205	 0.00388	0.99881	0.96855 	0.97160 	0.96919 	0.97728 	0.97389 	0.97706 	0.94612 	0.95399 	0.97396 	0.94864 	0.96680 	0.97323 	-0.13843 	-0.08437 	-0.19825 	0.14574 	0.03795 	0.21969 	-0.16983 	-0.23723 	0.15570 	-0.16379 	0.19749 	0.23692 	-0.04551 	-0.02774 	-0.06518 	0.05055 	0.01248 	0.07684 	-0.05584 	-0.07800 	0.06050 	-0.05385 	0.06493 	0.09407 	0.00160	0.03325
Replication206	 0.00642	0.99883	0.96948 	0.96832 	0.96792 	0.97606 	0.97245 	0.97619 	0.94358 	0.95726 	0.97448 	0.95071 	0.96845 	0.97395 	-0.09217 	-0.17386 	-0.20650 	0.14847 	0.03019 	0.22221 	-0.25928 	-0.12441 	0.15321 	-0.15075 	0.21837 	0.23230 	-0.03030 	-0.05716 	-0.06789 	0.05512 	0.00992 	0.08213 	-0.08524 	-0.04090 	0.05986 	-0.04956 	0.07179 	0.09222 	0.00222	0.04000
Replication207	 0.00222	0.99880	0.96764 	0.96832 	0.97120 	0.97542 	0.97150 	0.97716 	0.94925 	0.95596 	0.97464 	0.94778 	0.96554 	0.97418 	-0.10398 	-0.17932 	-0.10016 	0.15184 	0.00000 	0.22003 	-0.11434 	-0.16220 	0.15419 	-0.23845 	0.14167 	0.23341 	-0.03419 	-0.05896 	-0.03293 	0.05558 	0.00000 	0.07558 	-0.03759 	-0.05333 	0.05792 	-0.07840 	0.04658 	0.08896 	0.00270	0.02921
Replication208	 -1.43321	0.99892	0.96718 	0.96855 	0.96856 	0.97541 	0.97088 	0.97725 	0.95817 	0.96461 	0.97799 	0.96119 	0.97814 	0.97740 	-0.13365 	-0.15161 	-0.22695 	0.14713 	0.00000 	0.21251 	-0.16198 	-0.17766 	0.13939 	-0.12217 	0.25327 	0.21185 	-0.04393 	-0.04984 	-0.07460 	0.06034 	0.00000 	0.08227 	-0.05324 	-0.05840 	0.05260 	-0.04016 	0.08325 	0.08161 	0.00985	0.03991
Replication209	 0.00341	0.99882	0.96651 	0.96827 	0.96929 	0.97500 	0.97062 	0.97651 	0.94659 	0.95669 	0.97491 	0.95015 	0.96962 	0.97424 	-0.12538 	-0.14924 	-0.15647 	0.15218 	0.00000 	0.22155 	-0.20299 	-0.17276 	0.15245 	-0.18362 	0.23224 	0.23176 	-0.04122 	-0.04907 	-0.05144 	0.05777 	0.00000 	0.07987 	-0.06674 	-0.05680 	0.05804 	-0.06037 	0.07636 	0.09008 	0.00026	0.03648
Replication210	 -1.44816	0.99911	0.97134 	0.97580 	0.97621 	0.98040 	0.97691 	0.98314 	0.96596 	0.97383 	0.98411 	0.96941 	0.98452 	0.98366 	-0.16228 	-0.09510 	-0.17727 	0.12435 	0.00000 	0.17428 	-0.16956 	-0.08586 	0.11324 	-0.12913 	0.22637 	0.17194 	-0.05332 	-0.03125 	-0.05825 	0.05319 	0.00000 	0.06750 	-0.05571 	-0.02821 	0.04209 	-0.04243 	0.07438 	0.06516 	0.00901	0.03315
Replication211	 0.00189	0.99870	0.96368 	0.96486 	0.96519 	0.97234 	0.96738 	0.97349 	0.94811 	0.95523 	0.97154 	0.94921 	0.96093 	0.97145 	-0.12590 	-0.15937 	-0.19052 	0.16486 	0.00000 	0.24216 	-0.11851 	-0.14400 	0.16725 	-0.15525 	0.06305 	0.25135 	-0.04140 	-0.05241 	-0.06265 	0.06108 	0.00000 	0.08643 	-0.03897 	-0.04736 	0.06347 	-0.05106 	0.02073 	0.09562 	0.00489	0.03349
Replication212	 -1.41407	0.99900	0.96747 	0.96804 	0.97076 	0.97544 	0.97161 	0.97877 	0.96424 	0.97007 	0.98093 	0.96671 	0.98379 	0.98037 	-0.13151 	-0.20258 	-0.19844 	0.14379 	0.00000 	0.20078 	-0.15275 	-0.14210 	0.12732 	-0.12619 	0.27648 	0.19355 	-0.04322 	-0.06658 	-0.06522 	0.06353 	0.00000 	0.08033 	-0.05020 	-0.04670 	0.04705 	-0.04147 	0.09087 	0.07311 	0.01165	0.04149
Replication213	 -1.45862	0.99905	0.96954 	0.97286 	0.97507 	0.97843 	0.97506 	0.98171 	0.96528 	0.97123 	0.98262 	0.96635 	0.98253 	0.98215 	-0.15209 	-0.14101 	-0.15339 	0.13275 	0.00000 	0.18446 	-0.13320 	-0.11255 	0.12018 	-0.15912 	0.22352 	0.18247 	-0.04998 	-0.04634 	-0.05041 	0.05662 	0.00000 	0.07022 	-0.04377 	-0.03699 	0.04405 	-0.05229 	0.07345 	0.06823 	0.00799	0.03279
Replication214	 -1.48146	0.99874	0.95840 	0.96207 	0.96650 	0.96954 	0.96550 	0.97390 	0.95289 	0.95775 	0.97396 	0.95412 	0.97018 	0.97346 	-0.17837 	-0.20136 	-0.14203 	0.17157 	0.00000 	0.23781 	-0.12534 	-0.22737 	0.15830 	-0.13361 	0.19546 	0.23979 	-0.05865 	-0.06621 	-0.04670 	0.07115 	0.00000 	0.08712 	-0.04121 	-0.07477 	0.05788 	-0.04393 	0.06427 	0.08909 	0.00515	0.03803
Replication215	 -1.47768	0.99892	0.96888 	0.96936 	0.97073 	0.97639 	0.97225 	0.97822 	0.95194 	0.96381 	0.97807 	0.95984 	0.97518 	0.97757 	-0.11333 	-0.17079 	-0.17660 	0.14400 	0.00000 	0.20781 	-0.24675 	-0.13530 	0.13896 	-0.08981 	0.22544 	0.21074 	-0.03725 	-0.05614 	-0.05805 	0.05764 	0.00000 	0.07821 	-0.08111 	-0.04447 	0.05260 	-0.02952 	0.07411 	0.08115 	0.00562	0.03714
Replication216	 0.01473	0.99862	0.95519 	0.96087 	0.96204 	0.96781 	0.96365 	0.97057 	0.93527 	0.94807 	0.96849 	0.93893 	0.95980 	0.96795 	-0.20583 	-0.14232 	-0.18201 	0.18177 	0.02263 	0.26034 	-0.22618 	-0.13936 	0.17974 	-0.23159 	0.21166 	0.27212 	-0.06770 	-0.04681 	-0.05987 	0.07131 	0.00744 	0.09458 	-0.07439 	-0.04584 	0.06928 	-0.07617 	0.06962 	0.10636 	0.00097	0.04781
Replication217	 -1.42787	0.99891	0.96519 	0.96626 	0.96725 	0.97372 	0.96920 	0.97621 	0.95847 	0.96400 	0.97775 	0.95807 	0.98060 	0.97696 	-0.13948 	-0.17935 	-0.23102 	0.15235 	0.00000 	0.21740 	-0.14197 	-0.15699 	0.14029 	-0.21620 	0.33127 	0.21403 	-0.04585 	-0.05895 	-0.07594 	0.06526 	0.00000 	0.08670 	-0.04667 	-0.05161 	0.05320 	-0.07107 	0.10889 	0.08334 	0.00966	0.04730
Replication218	 -1.47124	0.99878	0.96612 	0.96914 	0.96716 	0.97515 	0.97013 	0.97572 	0.95613 	0.95891 	0.97389 	0.95459 	0.96472 	0.97378 	-0.14254 	-0.09455 	-0.21833 	0.15316 	0.00000 	0.22724 	-0.05070 	-0.18375 	0.15693 	-0.13673 	0.04631 	0.23600 	-0.04687 	-0.03109 	-0.07179 	0.05589 	0.00000 	0.08129 	-0.01667 	-0.06042 	0.05967 	-0.04496 	0.01523 	0.09004 	0.00696	0.03033
Replication219	 0.01091	0.99866	0.96009 	0.96019 	0.96405 	0.96905 	0.96448 	0.97172 	0.93909 	0.95187 	0.97028 	0.94565 	0.96155 	0.96993 	-0.12371 	-0.23459 	-0.14481 	0.17660 	0.00000 	0.25298 	-0.23718 	-0.15086 	0.17292 	-0.13974 	0.16618 	0.26104 	-0.04069 	-0.07715 	-0.04763 	0.06903 	0.00000 	0.09157 	-0.07801 	-0.04961 	0.06535 	-0.04596 	0.05465 	0.09963 	0.00117	0.04120
Replication220	 -1.51874	0.99923	0.97832 	0.98422 	0.98610 	0.98682 	0.98462 	0.98944 	0.96821 	0.97387 	0.98815 	0.96907 	0.98680 	0.98735 	-0.14557 	-0.05135 	-0.04597 	0.10023 	0.00000 	0.13863 	-0.13648 	-0.17053 	0.09623 	-0.16684 	0.23701 	0.14802 	-0.04782 	-0.01687 	-0.01510 	0.03882 	0.00000 	0.04647 	-0.04483 	-0.05602 	0.03482 	-0.05481 	0.07786 	0.05587 	0.00337	0.01838
Replication221	 -1.48357	0.99896	0.96474 	0.96913 	0.97397 	0.97514 	0.97217 	0.97990 	0.96403 	0.96752 	0.98060 	0.96360 	0.97920 	0.98011 	-0.17534 	-0.17508 	-0.10632 	0.14626 	0.00204 	0.19805 	-0.09533 	-0.17771 	0.12990 	-0.14924 	0.20008 	0.19712 	-0.05763 	-0.05755 	-0.03495 	0.06283 	0.00067 	0.07286 	-0.03134 	-0.05841 	0.04647 	-0.04905 	0.06576 	0.07193 	0.00559	0.03160
Replication222	 -1.45728	0.99926	0.98135 	0.98130 	0.98095 	0.98632 	0.98310 	0.98728 	0.97307 	0.97864 	0.98822 	0.97750 	0.99101 	0.98760 	-0.08034 	-0.11384 	-0.17621 	0.10075 	0.00000 	0.14687 	-0.15839 	-0.15643 	0.09505 	-0.05620 	0.24466 	0.14542 	-0.02639 	-0.03740 	-0.05788 	0.04128 	0.00000 	0.05763 	-0.05203 	-0.05139 	0.03558 	-0.01846 	0.08037 	0.05618 	0.00865	0.02750
Replication223	 -1.52962	0.99904	0.96982 	0.97397 	0.97785 	0.97917 	0.97701 	0.98287 	0.95948 	0.96867 	0.98238 	0.96207 	0.97889 	0.98190 	-0.15728 	-0.14657 	-0.08422 	0.13096 	0.01639 	0.17986 	-0.17582 	-0.09305 	0.12134 	-0.18092 	0.20379 	0.18424 	-0.05169 	-0.04817 	-0.02768 	0.05398 	0.00539 	0.06435 	-0.05778 	-0.03058 	0.04436 	-0.05945 	0.06697 	0.06872 	0.00128	0.02843
Replication224	 -1.42918	0.99903	0.96920 	0.97151 	0.97333 	0.97765 	0.97401 	0.98071 	0.96574 	0.97169 	0.98213 	0.96888 	0.98272 	0.98171 	-0.14416 	-0.15525 	-0.18280 	0.13568 	0.00000 	0.18980 	-0.14646 	-0.13296 	0.12225 	-0.09665 	0.21447 	0.18531 	-0.04738 	-0.05102 	-0.06008 	0.05838 	0.00000 	0.07379 	-0.04813 	-0.04369 	0.04494 	-0.03176 	0.07048 	0.06930 	0.01077	0.03483
Replication225	 -1.49867	0.99887	0.96258 	0.96870 	0.97051 	0.97406 	0.97012 	0.97756 	0.95359 	0.96144 	0.97722 	0.95665 	0.97444 	0.97659 	-0.19506 	-0.11458 	-0.15102 	0.15290 	0.00000 	0.21365 	-0.17546 	-0.18018 	0.14342 	-0.14970 	0.23446 	0.21800 	-0.06412 	-0.03767 	-0.04965 	0.06272 	0.00000 	0.07834 	-0.05768 	-0.05923 	0.05325 	-0.04921 	0.07708 	0.08268 	0.00357	0.03650
Replication226	 -1.45301	0.99892	0.96296 	0.96625 	0.96999 	0.97330 	0.97124 	0.97758 	0.96292 	0.96523 	0.97876 	0.95936 	0.97965 	0.97812 	-0.18139 	-0.19975 	-0.17247 	0.15336 	0.04004 	0.21087 	-0.07228 	-0.16914 	0.13697 	-0.22686 	0.26446 	0.20843 	-0.05962 	-0.06566 	-0.05669 	0.06679 	0.01316 	0.08097 	-0.02376 	-0.05560 	0.05040 	-0.07457 	0.08693 	0.07852 	0.00775	0.04088
Replication227	 -1.45543	0.99927	0.97541 	0.97764 	0.98200 	0.98313 	0.98322 	0.98741 	0.97834 	0.98120 	0.98953 	0.97780 	0.99403 	0.98894 	-0.14768 	-0.18568 	-0.12607 	0.10975 	0.05735 	0.14542 	-0.09394 	-0.11548 	0.09056 	-0.14576 	0.26445 	0.13856 	-0.04851 	-0.06099 	-0.04141 	0.05141 	0.01884 	0.05787 	-0.03086 	-0.03793 	0.03222 	-0.04788 	0.08687 	0.05102 	0.00852	0.03065
Replication228	 0.01617	0.99868	0.96860 	0.96810 	0.96690 	0.97535 	0.97015 	0.97417 	0.93383 	0.94701 	0.96945 	0.93821 	0.95538 	0.96900 	-0.07505 	-0.13297 	-0.15313 	0.15672 	0.00000 	0.24046 	-0.21980 	-0.16170 	0.17443 	-0.20395 	0.11884 	0.26375 	-0.02468 	-0.04373 	-0.05036 	0.05114 	0.00000 	0.08202 	-0.07229 	-0.05318 	0.06885 	-0.06707 	0.03908 	0.10531 	0.00760	0.03509
Replication229	 0.00219	0.99884	0.96791 	0.97154 	0.97230 	0.97705 	0.97325 	0.97841 	0.94781 	0.95639 	0.97554 	0.94807 	0.96709 	0.97495 	-0.13881 	-0.10830 	-0.11806 	0.14521 	0.00659 	0.21176 	-0.15300 	-0.15799 	0.14975 	-0.23482 	0.17422 	0.22732 	-0.04563 	-0.03560 	-0.03881 	0.05247 	0.00217 	0.07259 	-0.05030 	-0.05194 	0.05700 	-0.07720 	0.05728 	0.08815 	0.00387	0.03015
Replication230	 -1.50422	0.99902	0.96990 	0.97141 	0.97670 	0.97801 	0.97594 	0.98197 	0.96276 	0.96931 	0.98221 	0.96454 	0.97998 	0.98175 	-0.12958 	-0.20710 	-0.08799 	0.13519 	0.01753 	0.18503 	-0.14185 	-0.13360 	0.12257 	-0.14820 	0.19820 	0.18599 	-0.04259 	-0.06806 	-0.02892 	0.05674 	0.00576 	0.06731 	-0.04662 	-0.04391 	0.04413 	-0.04871 	0.06514 	0.06827 	0.00381	0.02855
Replication231	 -1.43277	0.99896	0.96428 	0.96646 	0.97204 	0.97374 	0.97055 	0.97875 	0.96551 	0.97023 	0.98060 	0.96803 	0.97990 	0.98034 	-0.15731 	-0.22415 	-0.13353 	0.15055 	0.00000 	0.20332 	-0.12119 	-0.14710 	0.12997 	-0.08027 	0.17316 	0.19620 	-0.05171 	-0.07368 	-0.04389 	0.06699 	0.00000 	0.07793 	-0.03983 	-0.04835 	0.04641 	-0.02638 	0.05691 	0.07081 	0.01037	0.03521
Replication232	 -1.44019	0.99888	0.96421 	0.96765 	0.96901 	0.97411 	0.97035 	0.97708 	0.95961 	0.96469 	0.97751 	0.96057 	0.97476 	0.97716 	-0.16817 	-0.15071 	-0.19585 	0.15238 	0.01088 	0.21527 	-0.11569 	-0.15192 	0.14219 	-0.13598 	0.17317 	0.21491 	-0.05528 	-0.04954 	-0.06438 	0.06292 	0.00358 	0.08102 	-0.03803 	-0.04994 	0.05273 	-0.04470 	0.05693 	0.08067 	0.00954	0.03595
Replication233	 0.00197	0.99875	0.95959 	0.96234 	0.96544 	0.97000 	0.96560 	0.97349 	0.94803 	0.95717 	0.97353 	0.95105 	0.97014 	0.97298 	-0.16496 	-0.19451 	-0.17180 	0.16977 	0.00000 	0.23904 	-0.18863 	-0.15744 	0.15920 	-0.17835 	0.24121 	0.24135 	-0.05424 	-0.06396 	-0.05649 	0.07015 	0.00000 	0.08955 	-0.06202 	-0.05177 	0.05958 	-0.05865 	0.07931 	0.09185 	0.00513	0.04331
Replication234	 -1.47172	0.99898	0.96467 	0.97155 	0.97369 	0.97620 	0.97274 	0.98030 	0.96451 	0.96847 	0.98073 	0.96110 	0.97849 	0.98034 	-0.20455 	-0.10321 	-0.14397 	0.14205 	0.00000 	0.19471 	-0.07215 	-0.09180 	0.12846 	-0.23885 	0.18826 	0.19450 	-0.06723 	-0.03392 	-0.04732 	0.06070 	0.00000 	0.07263 	-0.02371 	-0.03017 	0.04711 	-0.07850 	0.06187 	0.07242 	0.00655	0.03387
Replication235	 -1.48233	0.99931	0.97629 	0.98076 	0.98390 	0.98465 	0.98248 	0.98870 	0.97985 	0.98117 	0.99062 	0.97587 	0.99619 	0.98982 	-0.15346 	-0.11308 	-0.10387 	0.10366 	0.00000 	0.13732 	-0.06137 	-0.11937 	0.08576 	-0.22362 	0.30988 	0.13229 	-0.05040 	-0.03714 	-0.03412 	0.04842 	0.00000 	0.05442 	-0.02016 	-0.03921 	0.03052 	-0.07345 	0.10178 	0.04939 	0.00586	0.03005
Replication236	 -1.48448	0.99926	0.97545 	0.97893 	0.98294 	0.98355 	0.98190 	0.98772 	0.97495 	0.97960 	0.98943 	0.97633 	0.99377 	0.98870 	-0.14621 	-0.14542 	-0.09746 	0.10876 	0.01295 	0.14440 	-0.13484 	-0.13585 	0.09111 	-0.13537 	0.29216 	0.14000 	-0.04803 	-0.04777 	-0.03201 	0.04992 	0.00425 	0.05610 	-0.04429 	-0.04462 	0.03227 	-0.04447 	0.09597 	0.05170 	0.00575	0.02902
Replication237	 0.00834	0.99863	0.95596 	0.96144 	0.96309 	0.96825 	0.96338 	0.97133 	0.94166 	0.95227 	0.96957 	0.94796 	0.95867 	0.96946 	-0.19760 	-0.14232 	-0.17111 	0.18017 	0.00000 	0.25650 	-0.19623 	-0.16942 	0.17620 	-0.08406 	0.07950 	0.26490 	-0.06499 	-0.04681 	-0.05628 	0.07028 	0.00000 	0.09159 	-0.06454 	-0.05572 	0.06631 	-0.02765 	0.02615 	0.10000 	0.00346	0.03835
Replication238	 -1.44976	0.99919	0.97978 	0.98019 	0.97955 	0.98521 	0.98180 	0.98605 	0.97630 	0.97736 	0.98637 	0.97478 	0.98508 	0.98609 	-0.08748 	-0.10695 	-0.17793 	0.10681 	0.00000 	0.15649 	-0.04040 	-0.13450 	0.10335 	-0.10888 	0.12332 	0.15633 	-0.02874 	-0.03514 	-0.05845 	0.04189 	0.00000 	0.05907 	-0.01327 	-0.04419 	0.03843 	-0.03577 	0.04052 	0.05891 	0.00984	0.02325
Replication239	 -1.44649	0.99908	0.97293 	0.97361 	0.97512 	0.97994 	0.97707 	0.98226 	0.96727 	0.97204 	0.98343 	0.96991 	0.98556 	0.98280 	-0.11736 	-0.16545 	-0.18241 	0.12681 	0.01648 	0.17984 	-0.14111 	-0.17911 	0.11635 	-0.09680 	0.25619 	0.17743 	-0.03856 	-0.05437 	-0.05994 	0.05350 	0.00541 	0.06983 	-0.04637 	-0.05886 	0.04304 	-0.03181 	0.08418 	0.06743 	0.00915	0.03348
Replication240	 -1.49515	0.99907	0.97876 	0.97652 	0.97698 	0.98305 	0.97939 	0.98336 	0.96401 	0.96952 	0.98271 	0.96631 	0.98041 	0.98218 	-0.05018 	-0.15945 	-0.15730 	0.11797 	0.00000 	0.17563 	-0.13446 	-0.17429 	0.11899 	-0.11057 	0.18768 	0.18093 	-0.01649 	-0.05240 	-0.05169 	0.04370 	0.00000 	0.06418 	-0.04419 	-0.05727 	0.04472 	-0.03633 	0.06167 	0.06948 	0.00504	0.02538
Replication241	 0.00461	0.99870	0.95978 	0.96405 	0.96259 	0.97071 	0.96567 	0.97216 	0.94564 	0.95334 	0.97095 	0.94539 	0.96514 	0.97045 	-0.17942 	-0.11317 	-0.24199 	0.16982 	0.00979 	0.24829 	-0.14407 	-0.15045 	0.16908 	-0.23445 	0.20508 	0.25598 	-0.05900 	-0.03722 	-0.07958 	0.06590 	0.00322 	0.09234 	-0.04738 	-0.04947 	0.06516 	-0.07710 	0.06744 	0.10004 	0.00551	0.04435
Replication242	 -1.45760	0.99875	0.96335 	0.96512 	0.96584 	0.97243 	0.96774 	0.97427 	0.95077 	0.95924 	0.97324 	0.95410 	0.96406 	0.97325 	-0.14040 	-0.16208 	-0.19844 	0.16253 	0.00177 	0.23560 	-0.14572 	-0.10887 	0.16011 	-0.11654 	0.06398 	0.24018 	-0.04617 	-0.05330 	-0.06525 	0.06284 	0.00058 	0.08600 	-0.04792 	-0.03580 	0.06042 	-0.03832 	0.02104 	0.09058 	0.00790	0.03472
Replication243	 0.00037	0.99879	0.96453 	0.96424 	0.96589 	0.97245 	0.96778 	0.97436 	0.94963 	0.95798 	0.97425 	0.95239 	0.97164 	0.97363 	-0.11498 	-0.20235 	-0.19926 	0.16095 	0.00000 	0.23291 	-0.18140 	-0.17363 	0.15555 	-0.17171 	0.25178 	0.23617 	-0.03781 	-0.06653 	-0.06552 	0.06430 	0.00000 	0.08788 	-0.05964 	-0.05709 	0.05891 	-0.05646 	0.08278 	0.09115 	0.00598	0.04199
Replication244	 0.00108	0.99868	0.95844 	0.96373 	0.96635 	0.97021 	0.96587 	0.97353 	0.94927 	0.95504 	0.97159 	0.94892 	0.95988 	0.97156 	-0.18775 	-0.14647 	-0.13437 	0.17212 	0.00000 	0.24330 	-0.08901 	-0.15248 	0.16799 	-0.16331 	0.03523 	0.25218 	-0.06175 	-0.04817 	-0.04419 	0.06657 	0.00000 	0.08492 	-0.02927 	-0.05014 	0.06244 	-0.05371 	0.01159 	0.09380 	0.00255	0.03209
Replication245	 -1.49327	0.99883	0.96617 	0.96878 	0.96980 	0.97517 	0.97107 	0.97705 	0.95258 	0.96109 	0.97552 	0.95540 	0.96623 	0.97545 	-0.14031 	-0.14029 	-0.16015 	0.15141 	0.00399 	0.21871 	-0.14444 	-0.10700 	0.15036 	-0.13390 	0.07092 	0.22593 	-0.04613 	-0.04612 	-0.05265 	0.05754 	0.00131 	0.07786 	-0.04749 	-0.03518 	0.05649 	-0.04402 	0.02332 	0.08507 	0.00477	0.03000
Replication246	 -1.48669	0.99894	0.96550 	0.97100 	0.97185 	0.97612 	0.97218 	0.97907 	0.96179 	0.96410 	0.97909 	0.95698 	0.97839 	0.97836 	-0.18244 	-0.10226 	-0.16861 	0.14396 	0.00000 	0.20271 	-0.06286 	-0.16998 	0.13505 	-0.26200 	0.25577 	0.20589 	-0.05997 	-0.03361 	-0.05542 	0.05931 	0.00000 	0.07568 	-0.02066 	-0.05587 	0.05040 	-0.08612 	0.08407 	0.07886 	0.00476	0.03665
Replication247	 -1.41543	0.99893	0.95965 	0.96642 	0.96985 	0.97216 	0.96852 	0.97754 	0.96377 	0.96926 	0.97953 	0.96542 	0.97930 	0.97925 	-0.22518 	-0.14800 	-0.17394 	0.15624 	0.00000 	0.21022 	-0.12572 	-0.11144 	0.13415 	-0.12527 	0.19481 	0.20253 	-0.07402 	-0.04865 	-0.05717 	0.07074 	0.00000 	0.08192 	-0.04132 	-0.03663 	0.04865 	-0.04118 	0.06404 	0.07422 	0.01160	0.04059
Replication248	 -1.37904	0.99916	0.96582 	0.97113 	0.97395 	0.97657 	0.97332 	0.98184 	0.97506 	0.97887 	0.98596 	0.97843 	0.99420 	0.98533 	-0.20465 	-0.14862 	-0.20598 	0.13396 	0.00000 	0.17730 	-0.14436 	-0.15172 	0.10579 	-0.06210 	0.32406 	0.16157 	-0.06724 	-0.04883 	-0.06768 	0.06659 	0.00000 	0.07620 	-0.04743 	-0.04985 	0.03841 	-0.02040 	0.10647 	0.06047 	0.01474	0.04672
Replication249	 -1.46199	0.99898	0.96401 	0.96695 	0.97168 	0.97388 	0.97051 	0.97860 	0.95801 	0.96748 	0.98046 	0.96253 	0.98314 	0.97973 	-0.16603 	-0.20329 	-0.14376 	0.14926 	0.00000 	0.20270 	-0.21718 	-0.13063 	0.12953 	-0.15622 	0.33150 	0.19765 	-0.05457 	-0.06681 	-0.04725 	0.06741 	0.00000 	0.07989 	-0.07138 	-0.04293 	0.04768 	-0.05134 	0.10895 	0.07483 	0.00648	0.04447