
Replication	FitnessValue	Frequency	Bus1	Bus2	Bus3	Bus4	Bus5	Bus6	Bus7	Bus8	Bus9	Bus10	Bus11	Bus12	Bus1_P	Bus2_P	Bus3_P	Bus4_P	Bus5_P	Bus6_P	Bus7_P	Bus8_P	Bus9_P	Bus10_P	Bus11_P	Bus12_P	Bus1_Q	Bus2_Q	Bus3_Q	Bus4_Q	Bus5_Q	Bus6_Q	Bus7_Q	Bus8_Q	Bus9_Q	Bus10_Q	Bus11_Q	Bus12_Q	PLoss	QLoss
Replication0	 -1.48193	0.99602	0.95612 	0.96517 	0.97653 	0.96245 	0.97098 	0.99035 	0.96333 	0.96979 	0.98123 	0.96583 	0.98322 	0.97879 	-0.19796 	-0.14978 	-0.15674 	0.24752 	0.01427 	0.33772 	-0.15858 	-0.11335 	0.02801 	-0.13811 	0.27600 	0.01672 	-0.06545 	-0.04952 	-0.05182 	-0.10979 	0.00472 	0.33286 	-0.05243 	-0.03747 	0.01533 	-0.04566 	0.09125 	-0.00012 	0.00572	0.03189
Replication1	 0.00116	0.99531	0.96040 	0.96396 	0.97385 	0.96221 	0.97004 	0.98810 	0.95077 	0.95510 	0.97289 	0.94884 	0.96498 	0.97009 	-0.08377 	-0.16135 	-0.12813 	0.27993 	0.00000 	0.37656 	-0.08506 	-0.17279 	0.03544 	-0.20044 	0.14017 	0.02054 	-0.02774 	-0.05342 	-0.04242 	-0.14153 	0.00000 	0.37083 	-0.02816 	-0.05721 	0.02048 	-0.06637 	0.04641 	0.00068 	0.02109	0.02155
Replication2	 0.01467	0.99475	0.94730 	0.95612 	0.96884 	0.95278 	0.96231 	0.98484 	0.93533 	0.94788 	0.96820 	0.94073 	0.96065 	0.96490 	-0.16966 	-0.15662 	-0.12348 	0.31843 	0.00000 	0.43246 	-0.23932 	-0.14852 	0.03985 	-0.18129 	0.23200 	0.02309 	-0.05623 	-0.05191 	-0.04093 	-0.15271 	0.00000 	0.42605 	-0.07932 	-0.04923 	0.02313 	-0.06009 	0.07690 	0.00088 	0.02695	0.03654
Replication3	 -1.48890	0.99616	0.96346 	0.96921 	0.97775 	0.96719 	0.97402 	0.99128 	0.96440 	0.97042 	0.98146 	0.96447 	0.98060 	0.97924 	-0.13500 	-0.13202 	-0.17131 	0.23453 	0.00000 	0.32184 	-0.12155 	-0.06119 	0.02763 	-0.18406 	0.21048 	0.01631 	-0.04462 	-0.04364 	-0.05662 	-0.11054 	0.00000 	0.31715 	-0.04018 	-0.02023 	0.01538 	-0.06084 	0.06957 	0.00004 	0.00566	0.02548
Replication4	 -1.53590	0.99630	0.95431 	0.96343 	0.97911 	0.96134 	0.97016 	0.99146 	0.97232 	0.97806 	0.98532 	0.97632 	0.98908 	0.98345 	-0.21362 	-0.21571 	-0.10511 	0.23657 	0.00000 	0.31862 	-0.15055 	-0.08291 	0.02449 	-0.06619 	0.23943 	0.01489 	-0.07059 	-0.07128 	-0.03473 	-0.09565 	0.00000 	0.31411 	-0.04975 	-0.02740 	0.01270 	-0.02187 	0.07912 	-0.00077 	0.00010	0.03389
Replication5	 -1.45334	0.99586	0.95740 	0.96558 	0.97479 	0.96275 	0.97025 	0.98955 	0.95922 	0.96565 	0.97906 	0.96066 	0.98055 	0.97630 	-0.17397 	-0.12173 	-0.18494 	0.25423 	0.00000 	0.35152 	-0.15723 	-0.13157 	0.02991 	-0.17460 	0.29920 	0.01771 	-0.05754 	-0.04026 	-0.06116 	-0.11739 	0.00000 	0.34647 	-0.05200 	-0.04351 	0.01672 	-0.05775 	0.09895 	0.00020 	0.00853	0.03273
Replication6	 -1.38630	0.99667	0.97701 	0.97648 	0.98564 	0.97671 	0.98395 	0.99478 	0.96090 	0.96878 	0.98393 	0.96368 	0.98035 	0.98157 	-0.02497 	-0.19063 	-0.05558 	0.19785 	0.03524 	0.26171 	-0.16836 	-0.13854 	0.02495 	-0.15266 	0.21384 	0.01461 	-0.00824 	-0.06294 	-0.01835 	-0.10143 	0.01164 	0.25764 	-0.05559 	-0.04575 	0.01433 	-0.05041 	0.07061 	0.00051 	0.01746	0.01200
Replication7	 -1.46308	0.99607	0.96205 	0.96988 	0.97574 	0.96683 	0.97320 	0.99054 	0.96089 	0.96645 	0.98008 	0.96469 	0.98232 	0.97725 	-0.15991 	-0.07092 	-0.21812 	0.23909 	0.00000 	0.33440 	-0.16812 	-0.20324 	0.02881 	-0.09066 	0.29945 	0.01703 	-0.05286 	-0.02344 	-0.07211 	-0.11406 	0.00000 	0.32960 	-0.05558 	-0.06719 	0.01627 	-0.02997 	0.09899 	0.00038 	0.00781	0.03004
Replication8	 0.01765	0.99410	0.94544 	0.95240 	0.96300 	0.94916 	0.95873 	0.98187 	0.93235 	0.93978 	0.96180 	0.93448 	0.94951 	0.95837 	-0.13562 	-0.14711 	-0.18774 	0.35311 	0.00000 	0.48360 	-0.14542 	-0.22731 	0.04572 	-0.14859 	0.11370 	0.02621 	-0.04501 	-0.04882 	-0.06231 	-0.17690 	0.00000 	0.47640 	-0.04826 	-0.07544 	0.02691 	-0.04931 	0.03773 	0.00123 	0.03057	0.03621
Replication9	 0.00274	0.99549	0.95947 	0.96470 	0.97502 	0.96255 	0.97041 	0.98874 	0.94726 	0.95739 	0.97463 	0.95181 	0.96861 	0.97182 	-0.11190 	-0.15147 	-0.11768 	0.27113 	0.00000 	0.36549 	-0.20207 	-0.14118 	0.03384 	-0.14742 	0.20156 	0.01969 	-0.03703 	-0.05013 	-0.03895 	-0.13371 	0.00000 	0.35998 	-0.06688 	-0.04673 	0.01946 	-0.04879 	0.06671 	0.00061 	0.01998	0.02453
Replication10	 0.01602	0.99460	0.94878 	0.95618 	0.96851 	0.95311 	0.96256 	0.98446 	0.93398 	0.94418 	0.96634 	0.93702 	0.95670 	0.96291 	-0.14077 	-0.15919 	-0.11376 	0.32479 	0.00000 	0.43908 	-0.19571 	-0.19144 	0.04150 	-0.19607 	0.19905 	0.02394 	-0.04667 	-0.05278 	-0.03772 	-0.16004 	0.00000 	0.43249 	-0.06489 	-0.06348 	0.02429 	-0.06501 	0.06600 	0.00109 	0.03141	0.03327
Replication11	 -1.47665	0.99676	0.96565 	0.97074 	0.97971 	0.96958 	0.97596 	0.99316 	0.98075 	0.98231 	0.98803 	0.98165 	0.99472 	0.98613 	-0.14942 	-0.16491 	-0.21088 	0.20416 	0.00000 	0.28938 	-0.08642 	-0.11207 	0.02172 	-0.07043 	0.25948 	0.01321 	-0.04933 	-0.05444 	-0.06962 	-0.08711 	0.00000 	0.28542 	-0.02853 	-0.03700 	0.01138 	-0.02325 	0.08566 	-0.00052 	0.00618	0.03267
Replication12	 0.00004	0.99524	0.94996 	0.95985 	0.97152 	0.95633 	0.96524 	0.98717 	0.95863 	0.96070 	0.97429 	0.95546 	0.96958 	0.97183 	-0.19751 	-0.13709 	-0.16335 	0.29154 	0.00000 	0.39251 	-0.04559 	-0.13607 	0.03449 	-0.18284 	0.13480 	0.02022 	-0.06540 	-0.04540 	-0.05409 	-0.13609 	0.00000 	0.38670 	-0.01510 	-0.04506 	0.01931 	-0.06055 	0.04464 	0.00007 	0.01111	0.02904
Replication13	 0.00001	0.99541	0.95227 	0.96354 	0.97123 	0.95933 	0.96810 	0.98749 	0.94999 	0.95710 	0.97395 	0.95100 	0.97227 	0.97080 	-0.21377 	-0.06858 	-0.20871 	0.27948 	0.02540 	0.38680 	-0.16177 	-0.16055 	0.03448 	-0.20184 	0.28474 	0.02013 	-0.07076 	-0.02270 	-0.06909 	-0.13272 	0.00841 	0.38120 	-0.05355 	-0.05315 	0.01984 	-0.06682 	0.09426 	0.00071 	0.01581	0.03563
Replication14	 -1.41129	0.99563	0.95503 	0.96194 	0.97630 	0.95986 	0.96880 	0.98926 	0.95931 	0.96317 	0.97795 	0.95864 	0.97640 	0.97531 	-0.15517 	-0.20210 	-0.08595 	0.26893 	0.00000 	0.35653 	-0.10480 	-0.17454 	0.03111 	-0.17091 	0.23191 	0.01847 	-0.05134 	-0.06687 	-0.02844 	-0.12370 	0.00000 	0.35120 	-0.03468 	-0.05775 	0.01718 	-0.05655 	0.07674 	-0.00003 	0.01351	0.02575
Replication15	 -1.48721	0.99561	0.95318 	0.96174 	0.97155 	0.95890 	0.96692 	0.98802 	0.96197 	0.96539 	0.97773 	0.96313 	0.98044 	0.97496 	-0.19033 	-0.13886 	-0.22560 	0.27125 	0.00000 	0.37763 	-0.12109 	-0.18403 	0.03132 	-0.11628 	0.28210 	0.01861 	-0.06298 	-0.04595 	-0.07465 	-0.12325 	0.00000 	0.37227 	-0.04007 	-0.06089 	0.01731 	-0.03848 	0.09334 	0.00002 	0.00471	0.03668
Replication16	 0.02633	0.99430	0.95219 	0.95873 	0.96717 	0.95511 	0.96366 	0.98344 	0.92367 	0.93570 	0.96039 	0.92600 	0.93927 	0.95719 	-0.09908 	-0.09107 	-0.11149 	0.33555 	0.00000 	0.45672 	-0.16904 	-0.13703 	0.04646 	-0.21203 	0.00000 	0.02611 	-0.03287 	-0.03021 	-0.03699 	-0.17657 	0.00000 	0.44976 	-0.05608 	-0.04546 	0.02829 	-0.07034 	0.00000 	0.00197 	0.04510	0.03149
Replication17	 -1.41518	0.99577	0.95518 	0.96086 	0.97603 	0.95969 	0.96975 	0.98932 	0.95736 	0.96462 	0.97909 	0.95930 	0.98073 	0.97628 	-0.15545 	-0.24570 	-0.10256 	0.26277 	0.02758 	0.35548 	-0.17546 	-0.14268 	0.03003 	-0.18403 	0.32445 	0.01791 	-0.05142 	-0.08128 	-0.03392 	-0.11706 	0.00912 	0.35032 	-0.05804 	-0.04720 	0.01655 	-0.06088 	0.10732 	0.00001 	0.01234	0.03353
Replication18	 -1.38241	0.99589	0.96160 	0.96800 	0.97729 	0.96563 	0.97337 	0.99037 	0.95470 	0.96173 	0.97823 	0.95577 	0.97675 	0.97531 	-0.13501 	-0.12868 	-0.12936 	0.24874 	0.01209 	0.33744 	-0.16156 	-0.16072 	0.03048 	-0.19841 	0.28356 	0.01792 	-0.04465 	-0.04256 	-0.04278 	-0.12023 	0.00400 	0.33243 	-0.05343 	-0.05315 	0.01739 	-0.06561 	0.09378 	0.00053 	0.01649	0.02571
Replication19	 0.00360	0.99498	0.95330 	0.95900 	0.96728 	0.95663 	0.96515 	0.98545 	0.94640 	0.95508 	0.97057 	0.95070 	0.96518 	0.96771 	-0.13698 	-0.14360 	-0.24595 	0.30259 	0.01181 	0.42193 	-0.17843 	-0.13713 	0.03770 	-0.11705 	0.17669 	0.02186 	-0.04538 	-0.04758 	-0.08148 	-0.14803 	0.00391 	0.41580 	-0.05911 	-0.04543 	0.02171 	-0.03878 	0.05854 	0.00062 	0.01344	0.03479
Replication20	 0.01943	0.99435	0.94156 	0.95099 	0.96699 	0.94760 	0.95844 	0.98313 	0.93057 	0.94283 	0.96506 	0.93587 	0.95552 	0.96160 	-0.18016 	-0.19717 	-0.08249 	0.34387 	0.00000 	0.46199 	-0.23391 	-0.18238 	0.04286 	-0.17655 	0.21165 	0.02481 	-0.05976 	-0.06540 	-0.02736 	-0.16316 	0.00000 	0.45510 	-0.07759 	-0.06050 	0.02486 	-0.05857 	0.07021 	0.00092 	0.03252	0.03873
Replication21	 -1.46406	0.99695	0.97107 	0.97783 	0.98792 	0.97558 	0.98191 	0.99608 	0.97272 	0.97694 	0.98817 	0.97331 	0.98733 	0.98626 	-0.13303 	-0.11495 	-0.03409 	0.18664 	0.00000 	0.23935 	-0.10577 	-0.12486 	0.02130 	-0.13052 	0.19274 	0.01276 	-0.04390 	-0.03793 	-0.01125 	-0.08695 	0.00000 	0.23563 	-0.03491 	-0.04120 	0.01159 	-0.04307 	0.06360 	-0.00014 	0.00957	0.01147
Replication22	 0.00295	0.99602	0.96708 	0.97292 	0.97745 	0.97020 	0.97678 	0.99091 	0.94705 	0.95977 	0.97722 	0.95483 	0.97283 	0.97428 	-0.11188 	-0.05740 	-0.17028 	0.23644 	0.01968 	0.32810 	-0.26181 	-0.14575 	0.03104 	-0.11959 	0.25341 	0.01792 	-0.03699 	-0.01898 	-0.05630 	-0.12119 	0.00651 	0.32324 	-0.08656 	-0.04819 	0.01834 	-0.03954 	0.08378 	0.00107 	0.01989	0.02520
Replication23	 -1.40178	0.99516	0.95585 	0.96020 	0.97061 	0.95842 	0.96670 	0.98677 	0.95108 	0.95731 	0.97259 	0.95203 	0.96670 	0.96992 	-0.11236 	-0.17784 	-0.18200 	0.29217 	0.00000 	0.39929 	-0.12469 	-0.13407 	0.03590 	-0.15709 	0.15401 	0.02090 	-0.03721 	-0.05890 	-0.06028 	-0.14279 	0.00000 	0.39338 	-0.04130 	-0.04440 	0.02047 	-0.05203 	0.05101 	0.00040 	0.01423	0.02835
Replication24	 0.00398	0.99503	0.95133 	0.95584 	0.96954 	0.95449 	0.96402 	0.98586 	0.94602 	0.95689 	0.97224 	0.95289 	0.96805 	0.96945 	-0.12905 	-0.23477 	-0.16079 	0.30335 	0.00559 	0.41500 	-0.22558 	-0.13216 	0.03636 	-0.09594 	0.21126 	0.02129 	-0.04275 	-0.07777 	-0.05327 	-0.14260 	0.00185 	0.40894 	-0.07473 	-0.04378 	0.02053 	-0.03178 	0.06998 	0.00027 	0.01456	0.03490
Replication25	 -1.47331	0.99650	0.96891 	0.97368 	0.98183 	0.97214 	0.98001 	0.99341 	0.96449 	0.97240 	0.98371 	0.96872 	0.98145 	0.98165 	-0.12137 	-0.13651 	-0.13567 	0.21175 	0.04114 	0.28518 	-0.16729 	-0.09031 	0.02538 	-0.09889 	0.17962 	0.01493 	-0.04009 	-0.04509 	-0.04481 	-0.10211 	0.01359 	0.28091 	-0.05526 	-0.02983 	0.01424 	-0.03266 	0.05933 	0.00014 	0.00794	0.01835
Replication26	 0.01557	0.99447	0.95125 	0.95607 	0.96641 	0.95366 	0.96259 	0.98377 	0.93443 	0.94449 	0.96481 	0.93719 	0.95197 	0.96174 	-0.10320 	-0.16202 	-0.16546 	0.32974 	0.00000 	0.45097 	-0.16946 	-0.14106 	0.04285 	-0.17744 	0.09902 	0.02453 	-0.03423 	-0.05373 	-0.05487 	-0.16658 	0.00000 	0.44423 	-0.05620 	-0.04678 	0.02523 	-0.05885 	0.03284 	0.00113 	0.02847	0.03219
Replication27	 0.00109	0.99534	0.94891 	0.96115 	0.97208 	0.95676 	0.96552 	0.98748 	0.95110 	0.96120 	0.97461 	0.95650 	0.96926 	0.97221 	-0.22827 	-0.09828 	-0.15999 	0.28655 	0.00000 	0.38706 	-0.19353 	-0.08291 	0.03409 	-0.10751 	0.15509 	0.01992 	-0.07557 	-0.03254 	-0.05297 	-0.13235 	0.00000 	0.38137 	-0.06407 	-0.02745 	0.01923 	-0.03559 	0.05134 	0.00017 	0.01223	0.03158
Replication28	 -1.40052	0.99583	0.95947 	0.96671 	0.97650 	0.96406 	0.97160 	0.98995 	0.95411 	0.96270 	0.97812 	0.95729 	0.97652 	0.97533 	-0.14865 	-0.12740 	-0.13439 	0.25389 	0.00000 	0.34468 	-0.18839 	-0.13724 	0.03067 	-0.16630 	0.26955 	0.01805 	-0.04916 	-0.04214 	-0.04445 	-0.12083 	0.00000 	0.33959 	-0.06231 	-0.04539 	0.01737 	-0.05500 	0.08915 	0.00038 	0.01447	0.02721
Replication29	 -1.44268	0.99588	0.95443 	0.96536 	0.97609 	0.96167 	0.96970 	0.98989 	0.95958 	0.96618 	0.97964 	0.96219 	0.98073 	0.97696 	-0.21262 	-0.10910 	-0.14521 	0.25485 	0.00000 	0.34569 	-0.16564 	-0.14837 	0.02944 	-0.14285 	0.28609 	0.01749 	-0.07032 	-0.03608 	-0.04802 	-0.11489 	0.00000 	0.34067 	-0.05478 	-0.04907 	0.01631 	-0.04724 	0.09461 	0.00007 	0.00976	0.03126
Replication30	 0.00881	0.99484	0.94932 	0.95672 	0.96943 	0.95397 	0.96363 	0.98538 	0.94119 	0.95086 	0.96950 	0.94437 	0.96220 	0.96644 	-0.15468 	-0.17569 	-0.13479 	0.31287 	0.00735 	0.42319 	-0.18676 	-0.14869 	0.03874 	-0.17608 	0.19471 	0.02250 	-0.05126 	-0.05822 	-0.04467 	-0.15060 	0.00244 	0.41689 	-0.06189 	-0.04928 	0.02229 	-0.05835 	0.06453 	0.00066 	0.02269	0.03253
Replication31	 -1.46090	0.99585	0.95448 	0.96135 	0.97666 	0.95968 	0.96869 	0.98976 	0.96494 	0.96812 	0.98076 	0.96555 	0.98367 	0.97816 	-0.16907 	-0.22821 	-0.10240 	0.25909 	0.00000 	0.34784 	-0.11713 	-0.18986 	0.02864 	-0.13013 	0.29188 	0.01724 	-0.05592 	-0.07548 	-0.03387 	-0.11335 	0.00000 	0.34278 	-0.03874 	-0.06279 	0.01542 	-0.04304 	0.09654 	-0.00031 	0.00791	0.03125
Replication32	 0.00941	0.99475	0.94059 	0.95283 	0.97038 	0.94899 	0.96113 	0.98513 	0.94318 	0.95196 	0.96979 	0.94376 	0.96137 	0.96699 	-0.23664 	-0.19943 	-0.06271 	0.32404 	0.02714 	0.42758 	-0.15039 	-0.10517 	0.03866 	-0.22243 	0.16079 	0.02254 	-0.07844 	-0.06610 	-0.02079 	-0.14733 	0.00900 	0.42118 	-0.04985 	-0.03486 	0.02193 	-0.07373 	0.05330 	0.00032 	0.02397	0.03462
Replication33	 0.01822	0.99441	0.94779 	0.95436 	0.96461 	0.95145 	0.96057 	0.98297 	0.93178 	0.94356 	0.96443 	0.93643 	0.95466 	0.96104 	-0.13499 	-0.15010 	-0.19214 	0.33587 	0.00000 	0.46458 	-0.21735 	-0.15396 	0.04324 	-0.17740 	0.18492 	0.02485 	-0.04477 	-0.04979 	-0.06373 	-0.16629 	0.00000 	0.45776 	-0.07209 	-0.05107 	0.02542 	-0.05884 	0.06134 	0.00118 	0.02754	0.03911
Replication34	 -1.34944	0.99567	0.96338 	0.96627 	0.97493 	0.96505 	0.97301 	0.98916 	0.95064 	0.95729 	0.97557 	0.95009 	0.97331 	0.97237 	-0.08472 	-0.16411 	-0.15674 	0.25942 	0.02167 	0.35824 	-0.14992 	-0.17201 	0.03284 	-0.24041 	0.29624 	0.01916 	-0.02803 	-0.05430 	-0.05186 	-0.12924 	0.00717 	0.35296 	-0.04960 	-0.05691 	0.01904 	-0.07954 	0.09801 	0.00084 	0.01965	0.02854
Replication35	 -1.43183	0.99581	0.96455 	0.96805 	0.97458 	0.96642 	0.97291 	0.98964 	0.95903 	0.96237 	0.97752 	0.95818 	0.97689 	0.97463 	-0.09247 	-0.12587 	-0.20862 	0.25118 	0.00000 	0.34989 	-0.10345 	-0.19365 	0.03115 	-0.17056 	0.25545 	0.01827 	-0.03059 	-0.04163 	-0.06900 	-0.12495 	0.00000 	0.34478 	-0.03422 	-0.06405 	0.01780 	-0.05641 	0.08449 	0.00054 	0.01131	0.02676
Replication36	 0.01760	0.99480	0.95639 	0.96250 	0.96797 	0.95917 	0.96650 	0.98515 	0.93240 	0.94476 	0.96592 	0.93726 	0.95336 	0.96270 	-0.10663 	-0.06775 	-0.19968 	0.30723 	0.00000 	0.42720 	-0.21411 	-0.13874 	0.04150 	-0.17284 	0.13038 	0.02358 	-0.03534 	-0.02245 	-0.06618 	-0.16002 	0.00000 	0.42085 	-0.07096 	-0.04598 	0.02491 	-0.05728 	0.04321 	0.00156 	0.03015	0.03232
Replication37	 -1.47695	0.99633	0.96453 	0.97171 	0.98093 	0.96915 	0.97602 	0.99265 	0.96690 	0.97170 	0.98307 	0.96807 	0.98131 	0.98097 	-0.14797 	-0.11435 	-0.11920 	0.22391 	0.00000 	0.29824 	-0.11242 	-0.11649 	0.02614 	-0.12199 	0.17620 	0.01548 	-0.04889 	-0.03778 	-0.03939 	-0.10561 	0.00000 	0.29377 	-0.03715 	-0.03849 	0.01444 	-0.04031 	0.05822 	-0.00005 	0.00754	0.01876
Replication38	 0.00996	0.99486	0.94632 	0.95866 	0.96793 	0.95385 	0.96297 	0.98514 	0.94004 	0.95166 	0.96912 	0.94622 	0.96146 	0.96616 	-0.22160 	-0.07362 	-0.19149 	0.31213 	0.00779 	0.42729 	-0.22187 	-0.12800 	0.03899 	-0.12554 	0.17359 	0.02253 	-0.07344 	-0.02440 	-0.06346 	-0.14950 	0.00258 	0.42101 	-0.07353 	-0.04242 	0.02260 	-0.04160 	0.05753 	0.00077 	0.02021	0.03616
Replication39	 -1.50841	0.99647	0.96436 	0.97035 	0.97918 	0.96854 	0.97515 	0.99229 	0.96905 	0.97385 	0.98459 	0.97025 	0.98945 	0.98211 	-0.14665 	-0.14007 	-0.17586 	0.21849 	0.00000 	0.30441 	-0.14117 	-0.12987 	0.02477 	-0.14988 	0.32416 	0.01488 	-0.04844 	-0.04627 	-0.05809 	-0.09841 	0.00000 	0.30010 	-0.04663 	-0.04290 	0.01352 	-0.04951 	0.10708 	-0.00006 	0.00321	0.03039
Replication40	 -1.43907	0.99540	0.95666 	0.96321 	0.97209 	0.96059 	0.96837 	0.98791 	0.95727 	0.96114 	0.97481 	0.95633 	0.96988 	0.97233 	-0.14294 	-0.13019 	-0.19534 	0.27813 	0.00000 	0.37976 	-0.08170 	-0.13147 	0.03385 	-0.15738 	0.13813 	0.01975 	-0.04732 	-0.04310 	-0.06466 	-0.13502 	0.00000 	0.37414 	-0.02705 	-0.04352 	0.01918 	-0.05210 	0.04573 	0.00028 	0.01059	0.02656
Replication41	 0.00573	0.99482	0.94998 	0.95602 	0.96565 	0.95364 	0.96224 	0.98438 	0.94427 	0.95243 	0.96948 	0.94760 	0.96656 	0.96623 	-0.14435 	-0.16190 	-0.24293 	0.31434 	0.00000 	0.44028 	-0.18398 	-0.17254 	0.03879 	-0.15205 	0.25694 	0.02260 	-0.04784 	-0.05366 	-0.08051 	-0.15112 	0.00000 	0.43396 	-0.06097 	-0.05718 	0.02227 	-0.05039 	0.08516 	0.00067 	0.01521	0.04037
Replication42	 0.01909	0.99422	0.93748 	0.95001 	0.96258 	0.94533 	0.95575 	0.98161 	0.93091 	0.94163 	0.96360 	0.93435 	0.95741 	0.95981 	-0.22957 	-0.12844 	-0.18330 	0.35337 	0.00095 	0.48794 	-0.21819 	-0.19306 	0.04417 	-0.20992 	0.27902 	0.02558 	-0.07618 	-0.04262 	-0.06082 	-0.16607 	0.00032 	0.48089 	-0.07240 	-0.06406 	0.02574 	-0.06965 	0.09258 	0.00110 	0.02856	0.04881
Replication43	 0.00819	0.99477	0.94757 	0.95647 	0.96879 	0.95334 	0.96490 	0.98513 	0.94181 	0.94916 	0.96854 	0.94257 	0.96059 	0.96540 	-0.18576 	-0.16627 	-0.14868 	0.31684 	0.05243 	0.42753 	-0.14445 	-0.17448 	0.03957 	-0.19518 	0.17972 	0.02292 	-0.06157 	-0.05511 	-0.04928 	-0.15275 	0.01738 	0.42115 	-0.04788 	-0.05783 	0.02290 	-0.06469 	0.05957 	0.00079 	0.02420	0.03267
Replication44	 -1.47058	0.99586	0.96004 	0.96545 	0.97692 	0.96369 	0.97156 	0.99026 	0.96294 	0.96793 	0.97960 	0.96396 	0.97662 	0.97744 	-0.13245 	-0.17746 	-0.13301 	0.25302 	0.00000 	0.33937 	-0.10880 	-0.10856 	0.02950 	-0.12585 	0.15459 	0.01742 	-0.04380 	-0.05869 	-0.04399 	-0.11889 	0.00000 	0.33431 	-0.03598 	-0.03590 	0.01630 	-0.04162 	0.05113 	-0.00011 	0.00778	0.02275
Replication45	 0.02003	0.99454	0.95186 	0.95785 	0.96788 	0.95491 	0.96368 	0.98419 	0.92997 	0.94015 	0.96446 	0.93264 	0.95318 	0.96078 	-0.10889 	-0.13484 	-0.12944 	0.32502 	0.00000 	0.44371 	-0.19459 	-0.21973 	0.04302 	-0.20741 	0.19509 	0.02464 	-0.03611 	-0.04471 	-0.04292 	-0.16547 	0.00000 	0.43705 	-0.06453 	-0.07286 	0.02561 	-0.06878 	0.06469 	0.00152 	0.03660	0.03349
Replication46	 -1.36741	0.99543	0.95653 	0.96338 	0.97497 	0.96078 	0.96916 	0.98861 	0.95457 	0.95802 	0.97504 	0.95286 	0.97042 	0.97221 	-0.13943 	-0.15386 	-0.10769 	0.27633 	0.00000 	0.36783 	-0.08837 	-0.19742 	0.03362 	-0.18710 	0.19470 	0.01971 	-0.04615 	-0.05093 	-0.03565 	-0.13378 	0.00000 	0.36226 	-0.02925 	-0.06535 	0.01906 	-0.06193 	0.06445 	0.00038 	0.01831	0.02310
Replication47	 0.01155	0.99479	0.95430 	0.96021 	0.97159 	0.95743 	0.96627 	0.98605 	0.93845 	0.94663 	0.96767 	0.94083 	0.95425 	0.96471 	-0.10790 	-0.14847 	-0.08605 	0.30990 	0.00000 	0.41175 	-0.14698 	-0.19447 	0.04019 	-0.14891 	0.07946 	0.02306 	-0.03576 	-0.04921 	-0.02852 	-0.15765 	0.00000 	0.40540 	-0.04872 	-0.06445 	0.02359 	-0.04935 	0.02633 	0.00102 	0.03158	0.02269
Replication48	 0.00114	0.99502	0.94886 	0.95554 	0.97155 	0.95351 	0.96355 	0.98641 	0.95300 	0.95747 	0.97305 	0.95429 	0.96832 	0.97038 	-0.15650 	-0.23468 	-0.10209 	0.30532 	0.00000 	0.40559 	-0.11345 	-0.19522 	0.03577 	-0.11562 	0.16537 	0.02107 	-0.05185 	-0.07775 	-0.03382 	-0.14172 	0.00000 	0.39952 	-0.03758 	-0.06467 	0.01990 	-0.03830 	0.05478 	-0.00000 	0.01556	0.02852
Replication49	 0.02490	0.99384	0.94237 	0.94953 	0.95923 	0.94616 	0.95580 	0.98000 	0.92510 	0.93464 	0.95885 	0.92811 	0.94820 	0.95490 	-0.14117 	-0.14060 	-0.23073 	0.36892 	0.00000 	0.51571 	-0.19091 	-0.23739 	0.04835 	-0.18560 	0.19967 	0.02768 	-0.04688 	-0.04669 	-0.07662 	-0.18402 	0.00000 	0.50820 	-0.06339 	-0.07883 	0.02872 	-0.06163 	0.06630 	0.00162 	0.03393	0.04678
Replication50	 -1.42400	0.99597	0.95953 	0.96675 	0.97724 	0.96431 	0.97191 	0.99043 	0.95865 	0.96540 	0.97978 	0.95921 	0.98013 	0.97705 	-0.15466 	-0.14190 	-0.13211 	0.24728 	0.00000 	0.33636 	-0.15399 	-0.12371 	0.02920 	-0.20657 	0.29474 	0.01730 	-0.05114 	-0.04692 	-0.04368 	-0.11496 	0.00000 	0.33143 	-0.05092 	-0.04091 	0.01634 	-0.06830 	0.09746 	0.00022 	0.01192	0.02862
Replication51	 -1.54502	0.99740	0.97686 	0.98010 	0.98705 	0.97950 	0.98608 	0.99702 	0.98041 	0.98421 	0.99181 	0.98289 	0.99691 	0.98994 	-0.10896 	-0.14153 	-0.14926 	0.16082 	0.04184 	0.22309 	-0.12612 	-0.11871 	0.01784 	-0.07614 	0.26578 	0.01083 	-0.03592 	-0.04666 	-0.04921 	-0.07250 	0.01380 	0.21992 	-0.04158 	-0.03914 	0.00956 	-0.02510 	0.08763 	-0.00017 	0.00052	0.02061
Replication52	 -1.43666	0.99647	0.97031 	0.97364 	0.98169 	0.97240 	0.97887 	0.99314 	0.96208 	0.96942 	0.98311 	0.96427 	0.98274 	0.98062 	-0.08801 	-0.13944 	-0.12352 	0.21304 	0.00884 	0.28978 	-0.16617 	-0.12302 	0.02589 	-0.16638 	0.26516 	0.01529 	-0.02907 	-0.04606 	-0.04080 	-0.10415 	0.00292 	0.28547 	-0.05489 	-0.04064 	0.01463 	-0.05496 	0.08759 	0.00034 	0.01146	0.02037
Replication53	 -1.48336	0.99674	0.96846 	0.97454 	0.98425 	0.97277 	0.98061 	0.99453 	0.96883 	0.97545 	0.98639 	0.97514 	0.98692 	0.98431 	-0.14236 	-0.14152 	-0.09872 	0.20048 	0.03409 	0.26587 	-0.17866 	-0.16582 	0.02299 	-0.01908 	0.21597 	0.01374 	-0.04700 	-0.04672 	-0.03259 	-0.09267 	0.01126 	0.26188 	-0.05899 	-0.05475 	0.01258 	-0.00630 	0.07130 	-0.00008 	0.00697	0.01793
Replication54	 -1.39875	0.99558	0.95571 	0.96413 	0.97536 	0.96108 	0.96935 	0.98906 	0.95518 	0.96117 	0.97662 	0.95662 	0.97347 	0.97392 	-0.16705 	-0.13555 	-0.12143 	0.26910 	0.00000 	0.35994 	-0.13944 	-0.16524 	0.03219 	-0.15198 	0.21537 	0.01893 	-0.05528 	-0.04485 	-0.04018 	-0.12743 	0.00000 	0.35455 	-0.04614 	-0.05468 	0.01811 	-0.05029 	0.07127 	0.00025 	0.01485	0.02531
Replication55	 0.01445	0.99487	0.95718 	0.95935 	0.96834 	0.95818 	0.96767 	0.98533 	0.93555 	0.94780 	0.96776 	0.94149 	0.95839 	0.96455 	-0.07685 	-0.18565 	-0.19126 	0.30552 	0.03747 	0.42407 	-0.22983 	-0.15014 	0.04001 	-0.14939 	0.17895 	0.02294 	-0.02547 	-0.06152 	-0.06338 	-0.15544 	0.01242 	0.41780 	-0.07616 	-0.04975 	0.02364 	-0.04950 	0.05930 	0.00122 	0.02586	0.03316
Replication56	 0.00528	0.99559	0.96468 	0.96757 	0.97651 	0.96617 	0.97474 	0.98943 	0.94477 	0.95365 	0.97369 	0.94472 	0.96550 	0.97065 	-0.07273 	-0.15580 	-0.10276 	0.26167 	0.03562 	0.35375 	-0.15874 	-0.13744 	0.03439 	-0.25426 	0.20395 	0.01980 	-0.02407 	-0.05156 	-0.03400 	-0.13473 	0.01179 	0.34836 	-0.05253 	-0.04548 	0.02032 	-0.08414 	0.06749 	0.00112 	0.02746	0.02258
Replication57	 -1.40320	0.99518	0.95262 	0.96044 	0.97081 	0.95758 	0.96708 	0.98691 	0.95070 	0.95783 	0.97282 	0.95348 	0.96678 	0.97021 	-0.16891 	-0.14616 	-0.18241 	0.29233 	0.02527 	0.39691 	-0.14549 	-0.13789 	0.03569 	-0.12204 	0.14594 	0.02078 	-0.05594 	-0.04841 	-0.06041 	-0.14051 	0.00837 	0.39103 	-0.04818 	-0.04567 	0.02033 	-0.04042 	0.04833 	0.00038 	0.01403	0.02890
Replication58	 0.01059	0.99500	0.94767 	0.95890 	0.97110 	0.95478 	0.96448 	0.98614 	0.93941 	0.95052 	0.97044 	0.94362 	0.96428 	0.96718 	-0.20426 	-0.12114 	-0.11189 	0.30429 	0.01062 	0.41009 	-0.22059 	-0.16165 	0.03776 	-0.18919 	0.24986 	0.02195 	-0.06767 	-0.04013 	-0.03707 	-0.14435 	0.00352 	0.40400 	-0.07308 	-0.05355 	0.02184 	-0.06268 	0.08278 	0.00081 	0.02587	0.03441
Replication59	 -1.54133	0.99669	0.97285 	0.97200 	0.97997 	0.97266 	0.97838 	0.99312 	0.97246 	0.97714 	0.98607 	0.97330 	0.99074 	0.98385 	-0.04872 	-0.20708 	-0.20112 	0.20289 	0.00000 	0.29005 	-0.12823 	-0.08909 	0.02331 	-0.14868 	0.29265 	0.01396 	-0.01609 	-0.06837 	-0.06641 	-0.09475 	0.00000 	0.28601 	-0.04234 	-0.02942 	0.01274 	-0.04909 	0.09663 	-0.00006 	0.00006	0.02885
Replication60	 0.00889	0.99464	0.95174 	0.95799 	0.96882 	0.95511 	0.96407 	0.98496 	0.94111 	0.94713 	0.96682 	0.94158 	0.95440 	0.96390 	-0.12134 	-0.14738 	-0.13695 	0.32038 	0.00000 	0.43055 	-0.10797 	-0.19052 	0.04108 	-0.15498 	0.07049 	0.02361 	-0.04023 	-0.04886 	-0.04540 	-0.16139 	0.00000 	0.42400 	-0.03580 	-0.06316 	0.02398 	-0.05138 	0.02337 	0.00090 	0.02696	0.02602
Replication61	 -1.37340	0.99581	0.96525 	0.97048 	0.97777 	0.96798 	0.97468 	0.99059 	0.95325 	0.96071 	0.97672 	0.95572 	0.96915 	0.97423 	-0.09990 	-0.09607 	-0.12637 	0.24897 	0.00000 	0.33367 	-0.14529 	-0.14141 	0.03175 	-0.13618 	0.13075 	0.01837 	-0.03304 	-0.03178 	-0.04180 	-0.12728 	0.00000 	0.32855 	-0.04806 	-0.04677 	0.01839 	-0.04504 	0.04325 	0.00064 	0.01829	0.01706
Replication62	 0.00246	0.99524	0.94754 	0.95971 	0.97319 	0.95553 	0.96539 	0.98735 	0.94931 	0.95698 	0.97360 	0.94882 	0.96815 	0.97084 	-0.22538 	-0.13195 	-0.09665 	0.29248 	0.01025 	0.38931 	-0.13937 	-0.10225 	0.03500 	-0.23830 	0.20584 	0.02048 	-0.07463 	-0.04369 	-0.03201 	-0.13473 	0.00339 	0.38350 	-0.04615 	-0.03386 	0.01984 	-0.07891 	0.06816 	0.00034 	0.01945	0.03126
Replication63	 -1.39010	0.99525	0.95054 	0.96235 	0.97258 	0.95783 	0.96643 	0.98759 	0.95238 	0.95813 	0.97365 	0.95670 	0.96751 	0.97103 	-0.21174 	-0.08317 	-0.14733 	0.28865 	0.00000 	0.38524 	-0.14237 	-0.21044 	0.03495 	-0.04844 	0.12994 	0.02040 	-0.07011 	-0.02754 	-0.04878 	-0.13757 	0.00000 	0.37944 	-0.04714 	-0.06968 	0.01982 	-0.01604 	0.04303 	0.00031 	0.01570	0.02573
Replication64	 0.00289	0.99536	0.95947 	0.96482 	0.97174 	0.96231 	0.96947 	0.98769 	0.94711 	0.95659 	0.97301 	0.95188 	0.96697 	0.97018 	-0.11392 	-0.10761 	-0.20158 	0.27747 	0.00000 	0.38343 	-0.19210 	-0.14348 	0.03527 	-0.12258 	0.18134 	0.02041 	-0.03772 	-0.03563 	-0.06674 	-0.13934 	0.00000 	0.37777 	-0.06360 	-0.04750 	0.02047 	-0.04058 	0.06003 	0.00076 	0.01663	0.02794
Replication65	 -1.46620	0.99664	0.97120 	0.97470 	0.98234 	0.97345 	0.97932 	0.99376 	0.96865 	0.97199 	0.98507 	0.96935 	0.98817 	0.98248 	-0.09226 	-0.13255 	-0.13704 	0.20381 	0.00000 	0.27916 	-0.12319 	-0.19897 	0.02413 	-0.13447 	0.30531 	0.01443 	-0.03046 	-0.04377 	-0.04525 	-0.09795 	0.00000 	0.27506 	-0.04068 	-0.06570 	0.01342 	-0.04440 	0.10082 	0.00020 	0.00837	0.02128
Replication66	 0.00385	0.99530	0.95253 	0.96330 	0.97236 	0.95914 	0.96788 	0.98758 	0.94615 	0.95691 	0.97294 	0.95028 	0.96543 	0.97029 	-0.19777 	-0.08149 	-0.15954 	0.28453 	0.01491 	0.38541 	-0.19364 	-0.08724 	0.03541 	-0.16055 	0.15760 	0.02049 	-0.06548 	-0.02698 	-0.05282 	-0.13723 	0.00494 	0.37968 	-0.06411 	-0.02889 	0.02044 	-0.05316 	0.05218 	0.00062 	0.01811	0.02917
Replication67	 -1.50407	0.99614	0.96556 	0.96656 	0.97831 	0.96661 	0.97399 	0.99131 	0.97129 	0.97173 	0.98233 	0.96789 	0.98283 	0.98015 	-0.07548 	-0.23641 	-0.14263 	0.23596 	0.00000 	0.32133 	-0.03576 	-0.13648 	0.02699 	-0.16571 	0.19640 	0.01609 	-0.02495 	-0.07814 	-0.04715 	-0.11030 	0.00000 	0.31662 	-0.01182 	-0.04511 	0.01470 	-0.05477 	0.06492 	-0.00023 	0.00431	0.02377
Replication68	 -1.41994	0.99538	0.95454 	0.96102 	0.97259 	0.95890 	0.96849 	0.98783 	0.95546 	0.96064 	0.97499 	0.95475 	0.97095 	0.97241 	-0.15530 	-0.18020 	-0.16320 	0.28130 	0.02750 	0.38115 	-0.10581 	-0.12039 	0.03373 	-0.18705 	0.18085 	0.01976 	-0.05141 	-0.05965 	-0.05402 	-0.13329 	0.00910 	0.37552 	-0.03503 	-0.03986 	0.01902 	-0.06192 	0.05987 	0.00022 	0.01235	0.02855
Replication69	 -1.43886	0.99624	0.95652 	0.96851 	0.98207 	0.96468 	0.97305 	0.99241 	0.96455 	0.97123 	0.98315 	0.96679 	0.98117 	0.98108 	-0.22204 	-0.12214 	-0.03876 	0.23427 	0.00000 	0.30250 	-0.14324 	-0.10000 	0.02622 	-0.13401 	0.19271 	0.01564 	-0.07338 	-0.04037 	-0.01281 	-0.10300 	0.00000 	0.29792 	-0.04734 	-0.03305 	0.01424 	-0.04429 	0.06368 	-0.00026 	0.01113	0.02136
Replication70	 -1.51618	0.99648	0.96751 	0.97033 	0.97956 	0.96983 	0.97768 	0.99253 	0.96623 	0.97463 	0.98436 	0.97258 	0.98625 	0.98220 	-0.10940 	-0.19016 	-0.17644 	0.21619 	0.03380 	0.30024 	-0.20014 	-0.09997 	0.02493 	-0.05931 	0.24820 	0.01484 	-0.03614 	-0.06281 	-0.05828 	-0.09986 	0.01116 	0.29595 	-0.06611 	-0.03302 	0.01371 	-0.01959 	0.08199 	-0.00006 	0.00277	0.02693
Replication71	 0.00008	0.99541	0.95486 	0.96297 	0.97282 	0.95988 	0.96796 	0.98791 	0.94992 	0.95851 	0.97449 	0.95272 	0.97060 	0.97167 	-0.16240 	-0.12322 	-0.16033 	0.27878 	0.00000 	0.37970 	-0.17695 	-0.13087 	0.03407 	-0.16853 	0.22552 	0.01991 	-0.05376 	-0.04079 	-0.05307 	-0.13362 	0.00000 	0.37410 	-0.05857 	-0.04332 	0.01943 	-0.05579 	0.07465 	0.00047 	0.01568	0.02972
Replication72	 -1.46705	0.99686	0.96673 	0.97611 	0.98603 	0.97300 	0.97960 	0.99522 	0.97032 	0.97613 	0.98762 	0.97404 	0.98919 	0.98547 	-0.17703 	-0.09117 	-0.06094 	0.19460 	0.00000 	0.25413 	-0.15897 	-0.15528 	0.02187 	-0.08613 	0.25440 	0.01317 	-0.05843 	-0.03009 	-0.02012 	-0.08744 	0.00000 	0.25030 	-0.05247 	-0.05125 	0.01186 	-0.02843 	0.08397 	-0.00013 	0.00864	0.01777
Replication73	 -1.40903	0.99635	0.95791 	0.97081 	0.98411 	0.96658 	0.97523 	0.99330 	0.96643 	0.97031 	0.98362 	0.96544 	0.98095 	0.98147 	-0.22858 	-0.10106 	-0.00790 	0.22672 	0.01109 	0.28719 	-0.09122 	-0.13837 	0.02569 	-0.16967 	0.18541 	0.01530 	-0.07552 	-0.03339 	-0.00261 	-0.10097 	0.00366 	0.28274 	-0.03014 	-0.04572 	0.01406 	-0.05606 	0.06126 	-0.00014 	0.01460	0.01718
Replication74	 -1.43420	0.99582	0.95159 	0.96261 	0.97723 	0.95927 	0.96837 	0.98987 	0.96028 	0.96686 	0.98002 	0.96385 	0.98043 	0.97751 	-0.21954 	-0.16413 	-0.08348 	0.26113 	0.00000 	0.34602 	-0.16758 	-0.15860 	0.02925 	-0.10962 	0.25982 	0.01748 	-0.07261 	-0.05429 	-0.02761 	-0.11421 	0.00000 	0.34092 	-0.05543 	-0.05246 	0.01592 	-0.03626 	0.08594 	-0.00021 	0.01077	0.02972
Replication75	 0.00042	0.99538	0.95473 	0.96372 	0.97375 	0.96020 	0.96839 	0.98819 	0.94958 	0.95874 	0.97413 	0.95349 	0.96671 	0.97162 	-0.16919 	-0.10872 	-0.13633 	0.27961 	0.00000 	0.37497 	-0.17185 	-0.11119 	0.03439 	-0.12974 	0.13486 	0.01998 	-0.05601 	-0.03599 	-0.04513 	-0.13539 	0.00000 	0.36933 	-0.05689 	-0.03681 	0.01966 	-0.04295 	0.04464 	0.00042 	0.01680	0.02488
Replication76	 0.00600	0.99542	0.94400 	0.95536 	0.97037 	0.95221 	0.96199 	0.98674 	0.95755 	0.96596 	0.97729 	0.96309 	0.98066 	0.97463 	-0.24735 	-0.19489 	-0.17852 	0.28921 	0.00000 	0.39962 	-0.20703 	-0.12021 	0.03194 	-0.09763 	0.31084 	0.01909 	-0.08188 	-0.06451 	-0.05909 	-0.12185 	0.00000 	0.39404 	-0.06853 	-0.03979 	0.01735 	-0.03232 	0.10289 	-0.00029 	0.00508	0.04602
Replication77	 0.02086	0.99432	0.94941 	0.95618 	0.96413 	0.95278 	0.96137 	0.98279 	0.92914 	0.94172 	0.96256 	0.93459 	0.94798 	0.95941 	-0.12614 	-0.10634 	-0.20546 	0.33772 	0.00000 	0.46773 	-0.20915 	-0.12847 	0.04478 	-0.14933 	0.07952 	0.02546 	-0.04185 	-0.03528 	-0.06816 	-0.17201 	0.00000 	0.46080 	-0.06938 	-0.04262 	0.02669 	-0.04954 	0.02638 	0.00143 	0.03033	0.03647
Replication78	 -1.35114	0.99587	0.96033 	0.96722 	0.98080 	0.96484 	0.97318 	0.99117 	0.95360 	0.96279 	0.97857 	0.95549 	0.97128 	0.97625 	-0.13422 	-0.16829 	-0.01362 	0.25065 	0.00000 	0.32377 	-0.16152 	-0.08600 	0.03026 	-0.19201 	0.15389 	0.01770 	-0.04439 	-0.05566 	-0.00451 	-0.11985 	0.00000 	0.31873 	-0.05342 	-0.02844 	0.01710 	-0.06350 	0.05089 	0.00024 	0.02061	0.01720
Replication79	 0.01515	0.99416	0.93485 	0.94661 	0.96349 	0.94269 	0.95432 	0.98166 	0.93599 	0.94481 	0.96488 	0.93993 	0.95888 	0.96143 	-0.23047 	-0.20304 	-0.13720 	0.35961 	0.00191 	0.48704 	-0.19361 	-0.21344 	0.04330 	-0.14757 	0.23314 	0.02527 	-0.07648 	-0.06738 	-0.04553 	-0.16467 	0.00064 	0.47991 	-0.06425 	-0.07083 	0.02469 	-0.04897 	0.07737 	0.00056 	0.02493	0.04504
Replication80	 -1.48583	0.99592	0.95826 	0.96613 	0.97669 	0.96346 	0.97123 	0.99035 	0.96283 	0.96922 	0.98016 	0.96701 	0.97805 	0.97803 	-0.16915 	-0.13935 	-0.15078 	0.25073 	0.00000 	0.33775 	-0.14763 	-0.11893 	0.02899 	-0.06487 	0.16215 	0.01714 	-0.05594 	-0.04608 	-0.04986 	-0.11596 	0.00000 	0.33277 	-0.04882 	-0.03933 	0.01597 	-0.02145 	0.05362 	-0.00014 	0.00604	0.02478
Replication81	 -1.44290	0.99568	0.95869 	0.96688 	0.97384 	0.96357 	0.97065 	0.98914 	0.96090 	0.96268 	0.97693 	0.95845 	0.97511 	0.97423 	-0.16209 	-0.08039 	-0.20504 	0.26103 	0.00000 	0.35852 	-0.06416 	-0.18119 	0.03179 	-0.17285 	0.20592 	0.01864 	-0.05363 	-0.02660 	-0.06784 	-0.12656 	0.00000 	0.35325 	-0.02123 	-0.05995 	0.01803 	-0.05719 	0.06813 	0.00038 	0.01018	0.02680
Replication82	 -1.45725	0.99683	0.97423 	0.97727 	0.98482 	0.97626 	0.98290 	0.99500 	0.96735 	0.97346 	0.98613 	0.97018 	0.98672 	0.98381 	-0.08581 	-0.13556 	-0.11068 	0.19128 	0.02676 	0.25782 	-0.15682 	-0.15034 	0.02304 	-0.12027 	0.25666 	0.01367 	-0.02832 	-0.04475 	-0.03654 	-0.09357 	0.00883 	0.25395 	-0.05176 	-0.04962 	0.01292 	-0.03970 	0.08472 	0.00025 	0.00976	0.01641
Replication83	 0.01221	0.99446	0.94573 	0.95439 	0.96640 	0.95087 	0.96054 	0.98363 	0.93779 	0.94555 	0.96577 	0.93855 	0.95595 	0.96256 	-0.16549 	-0.14868 	-0.15215 	0.33439 	0.00000 	0.45331 	-0.14363 	-0.17243 	0.04215 	-0.19843 	0.15312 	0.02434 	-0.05489 	-0.04931 	-0.05046 	-0.16315 	0.00000 	0.44655 	-0.04764 	-0.05719 	0.02449 	-0.06581 	0.05078 	0.00089 	0.02650	0.03428
Replication84	 0.00254	0.99528	0.95429 	0.96237 	0.97351 	0.95924 	0.96776 	0.98777 	0.94746 	0.95658 	0.97315 	0.94915 	0.96522 	0.97051 	-0.15595 	-0.13420 	-0.11668 	0.28532 	0.00064 	0.38213 	-0.15900 	-0.09432 	0.03528 	-0.19540 	0.15141 	0.02048 	-0.05163 	-0.04444 	-0.03863 	-0.13831 	0.00021 	0.37637 	-0.05265 	-0.03123 	0.02024 	-0.06470 	0.05013 	0.00051 	0.01973	0.02589
Replication85	 -1.37722	0.99573	0.95795 	0.96547 	0.97804 	0.96284 	0.97118 	0.99013 	0.95616 	0.96146 	0.97796 	0.95905 	0.97519 	0.97520 	-0.14993 	-0.15676 	-0.07079 	0.26006 	0.00000 	0.34162 	-0.14813 	-0.23219 	0.03094 	-0.10129 	0.22570 	0.01829 	-0.04960 	-0.05186 	-0.02342 	-0.12346 	0.00000 	0.33640 	-0.04900 	-0.07681 	0.01733 	-0.03351 	0.07466 	0.00021 	0.01751	0.02095
Replication86	 -1.50256	0.99578	0.95563 	0.96073 	0.97048 	0.95949 	0.96747 	0.98790 	0.96036 	0.96750 	0.97899 	0.96484 	0.98584 	0.97603 	-0.15654 	-0.19384 	-0.26716 	0.26279 	0.00847 	0.37968 	-0.20263 	-0.14928 	0.03010 	-0.11757 	0.39014 	0.01797 	-0.05178 	-0.06412 	-0.08837 	-0.11650 	0.00280 	0.37453 	-0.06703 	-0.04938 	0.01663 	-0.03889 	0.12905 	0.00009 	0.00213	0.04704
Replication87	 0.00968	0.99450	0.94661 	0.95443 	0.96648 	0.95127 	0.96087 	0.98383 	0.94032 	0.94781 	0.96650 	0.94176 	0.95650 	0.96351 	-0.15706 	-0.16100 	-0.16231 	0.33194 	0.00000 	0.44985 	-0.13782 	-0.16041 	0.04153 	-0.16600 	0.12051 	0.02399 	-0.05208 	-0.05339 	-0.05383 	-0.16185 	0.00000 	0.44314 	-0.04571 	-0.05320 	0.02401 	-0.05505 	0.03996 	0.00072 	0.02323	0.03273
Replication88	 0.00999	0.99462	0.94991 	0.95507 	0.96482 	0.95285 	0.96159 	0.98366 	0.94001 	0.94862 	0.96722 	0.94243 	0.96167 	0.96389 	-0.12547 	-0.16850 	-0.23114 	0.32417 	0.00000 	0.45272 	-0.17715 	-0.16501 	0.04080 	-0.18225 	0.22787 	0.02363 	-0.04160 	-0.05587 	-0.07663 	-0.15865 	0.00000 	0.44616 	-0.05873 	-0.05471 	0.02366 	-0.06043 	0.07555 	0.00088 	0.01966	0.03963
Replication89	 0.00642	0.99495	0.95253 	0.95962 	0.97085 	0.95671 	0.96552 	0.98626 	0.94358 	0.95183 	0.97029 	0.94754 	0.96207 	0.96735 	-0.14048 	-0.14823 	-0.13331 	0.30369 	0.00000 	0.40819 	-0.17121 	-0.19088 	0.03796 	-0.11798 	0.15268 	0.02201 	-0.04654 	-0.04911 	-0.04417 	-0.14934 	0.00000 	0.40203 	-0.05673 	-0.06324 	0.02188 	-0.03909 	0.05059 	0.00066 	0.02244	0.02693
Replication90	 -1.42947	0.99590	0.95776 	0.96779 	0.97728 	0.96424 	0.97277 	0.99053 	0.96144 	0.96491 	0.97924 	0.96158 	0.97784 	0.97663 	-0.19486 	-0.09739 	-0.13979 	0.25014 	0.02345 	0.33462 	-0.10469 	-0.19020 	0.02970 	-0.13750 	0.22083 	0.01754 	-0.06444 	-0.03221 	-0.04623 	-0.11761 	0.00775 	0.32963 	-0.03462 	-0.06290 	0.01665 	-0.04547 	0.07303 	0.00021 	0.01185	0.02379
Replication91	 -1.47169	0.99557	0.95067 	0.96069 	0.97166 	0.95760 	0.96721 	0.98790 	0.95948 	0.96487 	0.97737 	0.96146 	0.97920 	0.97465 	-0.22018 	-0.14778 	-0.21071 	0.27463 	0.02877 	0.37971 	-0.14610 	-0.14913 	0.03164 	-0.13306 	0.27960 	0.01876 	-0.07286 	-0.04890 	-0.06973 	-0.12287 	0.00952 	0.37431 	-0.04835 	-0.04935 	0.01753 	-0.04403 	0.09252 	0.00003 	0.00616	0.03782
Replication92	 0.00037	0.99541	0.95799 	0.96426 	0.97375 	0.96166 	0.96948 	0.98827 	0.94963 	0.95687 	0.97411 	0.95178 	0.96905 	0.97121 	-0.12806 	-0.13079 	-0.14457 	0.27604 	0.00000 	0.37361 	-0.15727 	-0.17373 	0.03435 	-0.15769 	0.20664 	0.02002 	-0.04239 	-0.04330 	-0.04786 	-0.13603 	0.00000 	0.36801 	-0.05206 	-0.05751 	0.01972 	-0.05220 	0.06840 	0.00060 	0.01854	0.02540
Replication93	 -1.49026	0.99638	0.97008 	0.97214 	0.97895 	0.97131 	0.97719 	0.99224 	0.96550 	0.97114 	0.98278 	0.96669 	0.98371 	0.98039 	-0.07658 	-0.14584 	-0.18885 	0.21845 	0.00000 	0.30518 	-0.13629 	-0.11057 	0.02627 	-0.15424 	0.25257 	0.01553 	-0.02530 	-0.04818 	-0.06239 	-0.10640 	0.00000 	0.30077 	-0.04503 	-0.03653 	0.01474 	-0.05096 	0.08344 	0.00022 	0.00563	0.02438
Replication94	 -1.54451	0.99694	0.97326 	0.97744 	0.98337 	0.97597 	0.98119 	0.99499 	0.97943 	0.98018 	0.98809 	0.97869 	0.99032 	0.98625 	-0.10844 	-0.10490 	-0.17759 	0.18665 	0.00000 	0.25798 	-0.05382 	-0.13085 	0.02138 	-0.09038 	0.18648 	0.01279 	-0.03579 	-0.03462 	-0.05861 	-0.08809 	0.00000 	0.25425 	-0.01776 	-0.04318 	0.01163 	-0.02983 	0.06154 	-0.00016 	0.00069	0.01938
Replication95	 -1.41691	0.99569	0.95905 	0.96476 	0.97395 	0.96285 	0.97174 	0.98900 	0.95658 	0.96143 	0.97700 	0.95682 	0.97708 	0.97401 	-0.14246 	-0.15576 	-0.18850 	0.26167 	0.03539 	0.36091 	-0.13368 	-0.18627 	0.03173 	-0.17747 	0.28822 	0.01868 	-0.04713 	-0.05153 	-0.06236 	-0.12510 	0.01171 	0.35565 	-0.04423 	-0.06163 	0.01800 	-0.05871 	0.09535 	0.00045 	0.01246	0.03047
Replication96	 0.01321	0.99507	0.95327 	0.96285 	0.97379 	0.95884 	0.96750 	0.98726 	0.93679 	0.95024 	0.96987 	0.94339 	0.95636 	0.96715 	-0.15983 	-0.09870 	-0.06883 	0.29531 	0.00000 	0.39094 	-0.22776 	-0.11274 	0.03808 	-0.13601 	0.08811 	0.02182 	-0.05294 	-0.03270 	-0.02280 	-0.14714 	0.00000 	0.38493 	-0.07545 	-0.03734 	0.02238 	-0.04505 	0.02919 	0.00096 	0.03039	0.02404
Replication97	 -1.38154	0.99548	0.95786 	0.96401 	0.97370 	0.96166 	0.97006 	0.98844 	0.95578 	0.95792 	0.97513 	0.95330 	0.97296 	0.97207 	-0.13544 	-0.14418 	-0.15895 	0.27287 	0.01442 	0.37065 	-0.08018 	-0.22861 	0.03347 	-0.19293 	0.24571 	0.01964 	-0.04483 	-0.04772 	-0.05261 	-0.13286 	0.00477 	0.36514 	-0.02654 	-0.07566 	0.01907 	-0.06386 	0.08132 	0.00052 	0.01648	0.02675
Replication98	 -1.40885	0.99649	0.96909 	0.97463 	0.98247 	0.97261 	0.97979 	0.99341 	0.96050 	0.96830 	0.98280 	0.96088 	0.98105 	0.98029 	-0.11912 	-0.11091 	-0.10637 	0.21167 	0.02579 	0.28525 	-0.15592 	-0.08994 	0.02609 	-0.22636 	0.25886 	0.01532 	-0.03935 	-0.03663 	-0.03514 	-0.10338 	0.00852 	0.28097 	-0.05150 	-0.02971 	0.01490 	-0.07477 	0.08551 	0.00047 	0.01435	0.01989
Replication99	 -1.46111	0.99528	0.95202 	0.96109 	0.96989 	0.95766 	0.96577 	0.98694 	0.95622 	0.96171 	0.97414 	0.95677 	0.96988 	0.97172 	-0.18688 	-0.11057 	-0.22732 	0.28767 	0.00000 	0.39638 	-0.10800 	-0.09464 	0.03454 	-0.14740 	0.14385 	0.02016 	-0.06188 	-0.03661 	-0.07527 	-0.13609 	0.00000 	0.39062 	-0.03576 	-0.03134 	0.01950 	-0.04881 	0.04763 	0.00019 	0.00779	0.03219
Replication100	 -1.52972	0.99762	0.97780 	0.97833 	0.98899 	0.97918 	0.98536 	0.99767 	0.98063 	0.98857 	0.99435 	0.98549 	1.00103 	0.99271 	-0.07598 	-0.22590 	-0.09630 	0.15167 	0.01734 	0.21185 	-0.19109 	-0.02658 	0.01559 	-0.09850 	0.30668 	0.00964 	-0.02504 	-0.07445 	-0.03174 	-0.06242 	0.00571 	0.20894 	-0.06298 	-0.00876 	0.00799 	-0.03246 	0.10107 	-0.00045 	0.00157	0.02543
Replication101	 0.01185	0.99419	0.94179 	0.94963 	0.96362 	0.94666 	0.95722 	0.98213 	0.94279 	0.94508 	0.96440 	0.93815 	0.95525 	0.96122 	-0.16646 	-0.19812 	-0.17021 	0.35272 	0.00178 	0.47912 	-0.04327 	-0.19588 	0.04362 	-0.23252 	0.12754 	0.02527 	-0.05524 	-0.06574 	-0.05648 	-0.16927 	0.00059 	0.47203 	-0.01436 	-0.06500 	0.02509 	-0.07716 	0.04232 	0.00067 	0.02358	0.03744
Replication102	 0.00848	0.99451	0.94867 	0.95599 	0.96587 	0.95274 	0.96175 	0.98384 	0.94328 	0.94714 	0.96611 	0.94152 	0.95614 	0.96304 	-0.14515 	-0.13398 	-0.19458 	0.32962 	0.00000 	0.44978 	-0.07603 	-0.19832 	0.04183 	-0.17971 	0.10524 	0.02411 	-0.04814 	-0.04443 	-0.06453 	-0.16380 	0.00000 	0.44307 	-0.02521 	-0.06577 	0.02431 	-0.05960 	0.03490 	0.00085 	0.02280	0.03167
Replication103	 0.01419	0.99457	0.94248 	0.95424 	0.96572 	0.94979 	0.95946 	0.98362 	0.93581 	0.94891 	0.96700 	0.94350 	0.95884 	0.96393 	-0.21780 	-0.11592 	-0.18178 	0.33106 	0.00000 	0.45344 	-0.24818 	-0.12782 	0.04105 	-0.11448 	0.17856 	0.02374 	-0.07222 	-0.03844 	-0.06028 	-0.15667 	0.00000 	0.44681 	-0.08229 	-0.04238 	0.02374 	-0.03796 	0.05921 	0.00075 	0.02188	0.04028
Replication104	 0.00725	0.99494	0.95188 	0.95801 	0.97054 	0.95565 	0.96477 	0.98599 	0.94275 	0.95200 	0.97041 	0.94635 	0.96321 	0.96741 	-0.13266 	-0.18230 	-0.12685 	0.30592 	0.00000 	0.41270 	-0.18453 	-0.16265 	0.03789 	-0.15476 	0.18733 	0.02203 	-0.04395 	-0.06040 	-0.04203 	-0.14852 	0.00000 	0.40653 	-0.06114 	-0.05389 	0.02176 	-0.05128 	0.06207 	0.00061 	0.02214	0.02976
Replication105	 -1.41518	0.99582	0.96005 	0.96529 	0.97666 	0.96355 	0.97140 	0.98995 	0.95751 	0.96347 	0.97875 	0.96086 	0.97876 	0.97592 	-0.12558 	-0.17599 	-0.12444 	0.25513 	0.00000 	0.34467 	-0.16654 	-0.20983 	0.03021 	-0.10996 	0.27749 	0.01791 	-0.04154 	-0.05821 	-0.04116 	-0.12059 	0.00000 	0.33956 	-0.05508 	-0.06940 	0.01688 	-0.03637 	0.09178 	0.00021 	0.01308	0.02607
Replication106	 -1.46204	0.99581	0.95866 	0.96589 	0.97619 	0.96336 	0.97138 	0.99001 	0.96382 	0.96610 	0.97901 	0.96432 	0.97733 	0.97659 	-0.15709 	-0.14153 	-0.15141 	0.25587 	0.00679 	0.34371 	-0.08526 	-0.19664 	0.03003 	-0.09246 	0.17885 	0.01776 	-0.05196 	-0.04681 	-0.05008 	-0.12078 	0.00225 	0.33859 	-0.02820 	-0.06504 	0.01666 	-0.03058 	0.05916 	0.00001 	0.00860	0.02320
Replication107	 -1.43763	0.99647	0.97113 	0.97482 	0.98129 	0.97328 	0.97947 	0.99314 	0.96149 	0.96891 	0.98271 	0.96438 	0.98185 	0.98020 	-0.08992 	-0.11132 	-0.14512 	0.21176 	0.01166 	0.28982 	-0.17009 	-0.13388 	0.02619 	-0.14561 	0.25254 	0.01539 	-0.02970 	-0.03677 	-0.04794 	-0.10540 	0.00385 	0.28551 	-0.05619 	-0.04422 	0.01493 	-0.04810 	0.08342 	0.00045 	0.01141	0.01984
Replication108	 -1.40911	0.99616	0.96319 	0.97021 	0.97884 	0.96764 	0.97449 	0.99144 	0.95764 	0.96540 	0.98074 	0.96066 	0.98166 	0.97787 	-0.14299 	-0.11002 	-0.13308 	0.23369 	0.00000 	0.31905 	-0.18966 	-0.16466 	0.02816 	-0.16434 	0.32082 	0.01666 	-0.04726 	-0.03637 	-0.04399 	-0.11100 	0.00000 	0.31436 	-0.06269 	-0.05442 	0.01593 	-0.05432 	0.10604 	0.00042 	0.01364	0.02670
Replication109	 -1.49290	0.99567	0.95146 	0.95948 	0.97461 	0.95736 	0.96665 	0.98884 	0.96862 	0.96856 	0.97962 	0.96720 	0.98116 	0.97726 	-0.18986 	-0.21828 	-0.13127 	0.27085 	0.00000 	0.36372 	-0.05079 	-0.19685 	0.02979 	-0.10288 	0.21236 	0.01788 	-0.06282 	-0.07222 	-0.04343 	-0.11840 	0.00000 	0.35843 	-0.01680 	-0.06513 	0.01598 	-0.03404 	0.07026 	-0.00047 	0.00467	0.03136
Replication110	 -1.41990	0.99591	0.95810 	0.96738 	0.97703 	0.96404 	0.97161 	0.99036 	0.95964 	0.96417 	0.97938 	0.96187 	0.98016 	0.97651 	-0.17960 	-0.10332 	-0.13821 	0.25017 	0.00000 	0.33767 	-0.14571 	-0.22713 	0.02959 	-0.11434 	0.28589 	0.01756 	-0.05939 	-0.03417 	-0.04570 	-0.11706 	0.00000 	0.33268 	-0.04819 	-0.07511 	0.01655 	-0.03781 	0.09454 	0.00025 	0.01255	0.02659
Replication111	 0.00961	0.99472	0.94499 	0.95460 	0.96870 	0.95117 	0.96118 	0.98476 	0.94039 	0.95020 	0.96894 	0.94409 	0.96200 	0.96585 	-0.18799 	-0.17182 	-0.12097 	0.32233 	0.00000 	0.43390 	-0.19376 	-0.15753 	0.03935 	-0.16651 	0.20316 	0.02291 	-0.06231 	-0.05695 	-0.04010 	-0.15193 	0.00000 	0.42746 	-0.06423 	-0.05222 	0.02251 	-0.05519 	0.06734 	0.00056 	0.02308	0.03493
Replication112	 0.00277	0.99494	0.94764 	0.95512 	0.97065 	0.95273 	0.96275 	0.98582 	0.94723 	0.95399 	0.97164 	0.94801 	0.96733 	0.96862 	-0.16437 	-0.21862 	-0.10342 	0.31012 	0.00000 	0.41567 	-0.14735 	-0.17136 	0.03696 	-0.19156 	0.23195 	0.02171 	-0.05446 	-0.07244 	-0.03427 	-0.14425 	0.00000 	0.40949 	-0.04882 	-0.05678 	0.02083 	-0.06347 	0.07685 	0.00029 	0.01973	0.03299
Replication113	 -1.40235	0.99538	0.95653 	0.96227 	0.97140 	0.96003 	0.96783 	0.98746 	0.95069 	0.95845 	0.97423 	0.95263 	0.97180 	0.97128 	-0.13271 	-0.14586 	-0.19635 	0.27977 	0.00000 	0.38733 	-0.16741 	-0.13723 	0.03431 	-0.18091 	0.25275 	0.02007 	-0.04393 	-0.04829 	-0.06500 	-0.13504 	0.00000 	0.38169 	-0.05542 	-0.04543 	0.01959 	-0.05989 	0.08367 	0.00052 	0.01376	0.03247
Replication114	 -1.47647	0.99604	0.96327 	0.96749 	0.97722 	0.96611 	0.97342 	0.99082 	0.96367 	0.96832 	0.98085 	0.96769 	0.98158 	0.97834 	-0.11545 	-0.16886 	-0.16320 	0.24139 	0.00376 	0.32960 	-0.14719 	-0.20289 	0.02828 	-0.05143 	0.23617 	0.01680 	-0.03817 	-0.05583 	-0.05395 	-0.11427 	0.00124 	0.32476 	-0.04866 	-0.06708 	0.01565 	-0.01700 	0.07808 	0.00003 	0.00698	0.02482
Replication115	 -1.52199	0.99638	0.96376 	0.97096 	0.97743 	0.96858 	0.97580 	0.99179 	0.96585 	0.97320 	0.98326 	0.97255 	0.98624 	0.98090 	-0.16804 	-0.10121 	-0.22656 	0.22241 	0.02563 	0.31292 	-0.19679 	-0.14298 	0.02591 	-0.03149 	0.26664 	0.01539 	-0.05552 	-0.03344 	-0.07485 	-0.10244 	0.00847 	0.30851 	-0.06502 	-0.04724 	0.01438 	-0.01040 	0.08809 	0.00008 	0.00182	0.03062
Replication116	 -1.37980	0.99609	0.97170 	0.97423 	0.97828 	0.97251 	0.97788 	0.99149 	0.95442 	0.96159 	0.97816 	0.95603 	0.97364 	0.97538 	-0.05598 	-0.07927 	-0.17373 	0.22972 	0.00000 	0.31814 	-0.15295 	-0.15589 	0.03022 	-0.17225 	0.21189 	0.01747 	-0.01851 	-0.02621 	-0.05743 	-0.12115 	0.00000 	0.31337 	-0.05056 	-0.05153 	0.01776 	-0.05694 	0.07004 	0.00093 	0.01736	0.01978
Replication117	 0.02097	0.99441	0.94837 	0.95453 	0.96647 	0.95181 	0.96128 	0.98339 	0.92903 	0.94200 	0.96417 	0.93397 	0.95213 	0.96080 	-0.12317 	-0.16991 	-0.13318 	0.33511 	0.00000 	0.45745 	-0.22752 	-0.14673 	0.04343 	-0.19012 	0.16252 	0.02490 	-0.04085 	-0.05636 	-0.04418 	-0.16659 	0.00000 	0.45064 	-0.07546 	-0.04867 	0.02563 	-0.06306 	0.05391 	0.00125 	0.03279	0.03625
Replication118	 0.00845	0.99466	0.94155 	0.95196 	0.96662 	0.94854 	0.95936 	0.98413 	0.95013 	0.95418 	0.96983 	0.95052 	0.96536 	0.96697 	-0.21732 	-0.18930 	-0.17056 	0.32887 	0.01046 	0.44461 	-0.10371 	-0.18959 	0.03878 	-0.13342 	0.17283 	0.02274 	-0.07205 	-0.06276 	-0.05654 	-0.15087 	0.00347 	0.43810 	-0.03438 	-0.06285 	0.02175 	-0.04423 	0.05730 	0.00013 	0.01440	0.03706
Replication119	 -1.47006	0.99677	0.96861 	0.97733 	0.98444 	0.97409 	0.98001 	0.99476 	0.97006 	0.97418 	0.98621 	0.97168 	0.98708 	0.98395 	-0.16141 	-0.05636 	-0.10898 	0.19696 	0.00000 	0.26195 	-0.12351 	-0.16672 	0.02307 	-0.10958 	0.23924 	0.01376 	-0.05329 	-0.01861 	-0.03598 	-0.09296 	0.00000 	0.25801 	-0.04077 	-0.05504 	0.01278 	-0.03618 	0.07898 	0.00009 	0.00840	0.01704
Replication120	 0.00055	0.99522	0.95840 	0.96249 	0.96978 	0.96062 	0.96877 	0.98681 	0.94945 	0.95485 	0.97209 	0.95053 	0.96835 	0.96897 	-0.10695 	-0.14087 	-0.23015 	0.28610 	0.01960 	0.39860 	-0.13497 	-0.20284 	0.03618 	-0.15417 	0.22442 	0.02102 	-0.03542 	-0.04665 	-0.07622 	-0.14308 	0.00649 	0.39277 	-0.04470 	-0.06717 	0.02094 	-0.05105 	0.07432 	0.00079 	0.01597	0.03104
Replication121	 0.01105	0.99476	0.94845 	0.95769 	0.96870 	0.95397 	0.96308 	0.98506 	0.93895 	0.94925 	0.96824 	0.94254 	0.95903 	0.96521 	-0.17188 	-0.12489 	-0.14833 	0.31641 	0.00000 	0.42873 	-0.18907 	-0.13913 	0.03982 	-0.17068 	0.16029 	0.02300 	-0.05697 	-0.04140 	-0.04916 	-0.15413 	0.00000 	0.42233 	-0.06267 	-0.04612 	0.02311 	-0.05657 	0.05313 	0.00082 	0.02426	0.03238
Replication122	 0.00200	0.99544	0.95500 	0.96537 	0.97427 	0.96121 	0.96909 	0.98839 	0.94879 	0.95493 	0.97386 	0.94800 	0.96936 	0.97071 	-0.18068 	-0.07132 	-0.12918 	0.27552 	0.00000 	0.37158 	-0.13486 	-0.18415 	0.03450 	-0.22835 	0.24917 	0.02010 	-0.05981 	-0.02361 	-0.04276 	-0.13423 	0.00000 	0.36601 	-0.04464 	-0.06095 	0.01995 	-0.07558 	0.08248 	0.00079 	0.02235	0.02766
Replication123	 0.00584	0.99484	0.94900 	0.95837 	0.96789 	0.95459 	0.96346 	0.98521 	0.94416 	0.95256 	0.96943 	0.94865 	0.96198 	0.96655 	-0.18053 	-0.11003 	-0.19843 	0.31193 	0.00363 	0.42609 	-0.17282 	-0.16711 	0.03879 	-0.10193 	0.14582 	0.02247 	-0.05983 	-0.03647 	-0.06576 	-0.15147 	0.00120 	0.41980 	-0.05727 	-0.05538 	0.02234 	-0.03378 	0.04832 	0.00063 	0.01789	0.03234
Replication124	 -1.48508	0.99661	0.96712 	0.97217 	0.98126 	0.97068 	0.97710 	0.99319 	0.96824 	0.97376 	0.98545 	0.96967 	0.99002 	0.98293 	-0.12704 	-0.14703 	-0.14307 	0.20906 	0.00000 	0.28888 	-0.15431 	-0.13466 	0.02389 	-0.16256 	0.33831 	0.01437 	-0.04195 	-0.04855 	-0.04725 	-0.09517 	0.00000 	0.28475 	-0.05096 	-0.04447 	0.01310 	-0.05368 	0.11172 	0.00003 	0.00584	0.02756
Replication125	 0.00112	0.99507	0.95289 	0.95967 	0.97015 	0.95718 	0.96720 	0.98647 	0.94888 	0.95597 	0.97152 	0.95044 	0.96378 	0.96890 	-0.15508 	-0.16139 	-0.18260 	0.29781 	0.03680 	0.40449 	-0.13114 	-0.12134 	0.03685 	-0.15080 	0.12102 	0.02136 	-0.05137 	-0.05346 	-0.06049 	-0.14483 	0.01219 	0.39847 	-0.04344 	-0.04019 	0.02114 	-0.04995 	0.04009 	0.00049 	0.01597	0.02864
Replication126	 -1.46026	0.99561	0.95146 	0.96036 	0.97590 	0.95777 	0.96722 	0.98911 	0.96215 	0.96710 	0.97872 	0.96626 	0.97609 	0.97657 	-0.19277 	-0.20339 	-0.08995 	0.27271 	0.00000 	0.35916 	-0.13085 	-0.16592 	0.03056 	-0.03491 	0.14567 	0.01817 	-0.06379 	-0.06730 	-0.02976 	-0.12145 	0.00000 	0.35381 	-0.04330 	-0.05490 	0.01657 	-0.01155 	0.04820 	-0.00040 	0.00849	0.02613
Replication127	 -1.37508	0.99564	0.95909 	0.96548 	0.97834 	0.96313 	0.97154 	0.99006 	0.95287 	0.96257 	0.97663 	0.95707 	0.96609 	0.97465 	-0.12923 	-0.16780 	-0.05044 	0.26354 	0.00000 	0.34291 	-0.15994 	-0.06646 	0.03209 	-0.11228 	0.04714 	0.01862 	-0.04276 	-0.05552 	-0.01669 	-0.12780 	0.00000 	0.33760 	-0.05292 	-0.02199 	0.01820 	-0.03715 	0.01560 	0.00017 	0.01815	0.01674
Replication128	 -1.46171	0.99650	0.96971 	0.97301 	0.98115 	0.97185 	0.97799 	0.99303 	0.96295 	0.97117 	0.98377 	0.96756 	0.98487 	0.98132 	-0.09159 	-0.14470 	-0.13934 	0.21245 	0.00000 	0.29177 	-0.19512 	-0.12889 	0.02534 	-0.11654 	0.28025 	0.01503 	-0.03025 	-0.04780 	-0.04603 	-0.10196 	0.00000 	0.28750 	-0.06445 	-0.04257 	0.01418 	-0.03849 	0.09257 	0.00021 	0.00866	0.02291
Replication129	 -1.53397	0.99691	0.96651 	0.97430 	0.98213 	0.97195 	0.97796 	0.99417 	0.97070 	0.98079 	0.98819 	0.97738 	0.99263 	0.98624 	-0.17429 	-0.10378 	-0.17213 	0.19363 	0.00000 	0.27194 	-0.22420 	-0.02671 	0.02135 	-0.08918 	0.28995 	0.01285 	-0.05752 	-0.03425 	-0.05681 	-0.08343 	0.00000 	0.26817 	-0.07399 	-0.00881 	0.01152 	-0.02943 	0.09569 	-0.00021 	0.00059	0.03091
Replication130	 -1.41719	0.99602	0.96665 	0.96896 	0.97733 	0.96798 	0.97462 	0.99075 	0.95546 	0.96442 	0.97923 	0.95909 	0.97789 	0.97651 	-0.07523 	-0.16162 	-0.15629 	0.23962 	0.00000 	0.33095 	-0.19438 	-0.12517 	0.02953 	-0.15985 	0.26804 	0.01733 	-0.02487 	-0.05343 	-0.05167 	-0.11793 	0.00000 	0.32609 	-0.06427 	-0.04139 	0.01684 	-0.05285 	0.08862 	0.00048 	0.01292	0.02561
Replication131	 -1.44816	0.99592	0.95839 	0.96589 	0.97847 	0.96347 	0.97167 	0.99076 	0.96296 	0.96765 	0.98030 	0.96383 	0.97797 	0.97804 	-0.16003 	-0.16545 	-0.09384 	0.25046 	0.00000 	0.33076 	-0.11183 	-0.13676 	0.02887 	-0.13128 	0.18213 	0.01712 	-0.05292 	-0.05471 	-0.03103 	-0.11570 	0.00000 	0.32579 	-0.03698 	-0.04522 	0.01587 	-0.04341 	0.06023 	-0.00013 	0.01015	0.02177
Replication132	 -1.43797	0.99701	0.97901 	0.98088 	0.98650 	0.98018 	0.98711 	0.99609 	0.96807 	0.97300 	0.98665 	0.97005 	0.98630 	0.98428 	-0.06485 	-0.11911 	-0.11493 	0.17746 	0.05482 	0.23912 	-0.13735 	-0.18129 	0.02236 	-0.11897 	0.24169 	0.01317 	-0.02140 	-0.03930 	-0.03792 	-0.09110 	0.01809 	0.23547 	-0.04532 	-0.05982 	0.01282 	-0.03926 	0.07975 	0.00051 	0.01211	0.01251
Replication133	 -1.43321	0.99632	0.96629 	0.97333 	0.98126 	0.97058 	0.97706 	0.99274 	0.96188 	0.96842 	0.98207 	0.96456 	0.97974 	0.97970 	-0.13561 	-0.08911 	-0.11358 	0.22241 	0.00000 	0.29669 	-0.15073 	-0.14374 	0.02691 	-0.12423 	0.20723 	0.01585 	-0.04481 	-0.02945 	-0.03753 	-0.10823 	0.00000 	0.29220 	-0.04981 	-0.04750 	0.01517 	-0.04105 	0.06847 	0.00026 	0.01207	0.01773
Replication134	 -1.48999	0.99529	0.95000 	0.95796 	0.96811 	0.95546 	0.96482 	0.98630 	0.96018 	0.96276 	0.97505 	0.96044 	0.97678 	0.97225 	-0.19366 	-0.16563 	-0.26324 	0.29058 	0.02231 	0.40721 	-0.10000 	-0.18249 	0.03384 	-0.11866 	0.25381 	0.02001 	-0.06412 	-0.05484 	-0.08716 	-0.13263 	0.00739 	0.40146 	-0.03311 	-0.06042 	0.01882 	-0.03929 	0.08404 	0.00006 	0.00408	0.04019
Replication135	 -1.44958	0.99589	0.96062 	0.96731 	0.97712 	0.96487 	0.97234 	0.99046 	0.95948 	0.96633 	0.97928 	0.96358 	0.97647 	0.97693 	-0.14345 	-0.13433 	-0.14081 	0.24978 	0.00000 	0.33597 	-0.15826 	-0.14379 	0.02969 	-0.08348 	0.18113 	0.01748 	-0.04744 	-0.04442 	-0.04657 	-0.11907 	0.00000 	0.33096 	-0.05234 	-0.04755 	0.01660 	-0.02761 	0.05990 	0.00010 	0.00993	0.02256
Replication136	 -1.46885	0.99593	0.95700 	0.96779 	0.97627 	0.96385 	0.97124 	0.99031 	0.96427 	0.96744 	0.97971 	0.96308 	0.97865 	0.97731 	-0.20459 	-0.07327 	-0.17134 	0.24970 	0.00000 	0.33836 	-0.08385 	-0.13378 	0.02931 	-0.16193 	0.20166 	0.01731 	-0.06765 	-0.02423 	-0.05666 	-0.11603 	0.00000 	0.33339 	-0.02773 	-0.04424 	0.01633 	-0.05355 	0.06669 	0.00007 	0.00759	0.02639
Replication137	 0.00381	0.99519	0.95645 	0.96496 	0.97313 	0.96124 	0.96982 	0.98777 	0.94619 	0.95420 	0.97125 	0.95063 	0.95878 	0.96878 	-0.15229 	-0.08097 	-0.14043 	0.28639 	0.01898 	0.38225 	-0.14595 	-0.16137 	0.03686 	-0.07242 	0.03035 	0.02113 	-0.05043 	-0.02681 	-0.04651 	-0.14518 	0.00628 	0.37639 	-0.04833 	-0.05344 	0.02154 	-0.02398 	0.01005 	0.00079 	0.02252	0.02036
Replication138	 -1.38051	0.99566	0.96018 	0.96634 	0.97552 	0.96386 	0.97133 	0.98937 	0.95381 	0.95964 	0.97638 	0.95425 	0.97352 	0.97347 	-0.12748 	-0.12722 	-0.14094 	0.26161 	0.00000 	0.35461 	-0.13786 	-0.17751 	0.03224 	-0.18482 	0.24524 	0.01889 	-0.04218 	-0.04209 	-0.04663 	-0.12798 	0.00000 	0.34931 	-0.04561 	-0.05873 	0.01841 	-0.06115 	0.08114 	0.00053 	0.01676	0.02502
Replication139	 -1.51958	0.99603	0.95988 	0.96529 	0.97503 	0.96371 	0.97104 	0.99005 	0.96784 	0.97084 	0.98133 	0.96749 	0.98488 	0.97886 	-0.14598 	-0.16986 	-0.20888 	0.24547 	0.00000 	0.34274 	-0.10136 	-0.13518 	0.02793 	-0.14749 	0.27775 	0.01669 	-0.04827 	-0.05616 	-0.06906 	-0.11139 	0.00000 	0.33790 	-0.03351 	-0.04469 	0.01526 	-0.04876 	0.09183 	-0.00013 	0.00182	0.03302
Replication140	 -1.50598	0.99641	0.96629 	0.97199 	0.97838 	0.96992 	0.97594 	0.99211 	0.96750 	0.97227 	0.98336 	0.96825 	0.98631 	0.98090 	-0.13421 	-0.10329 	-0.20582 	0.21917 	0.00000 	0.30736 	-0.13022 	-0.12147 	0.02579 	-0.15470 	0.28574 	0.01533 	-0.04434 	-0.03412 	-0.06800 	-0.10310 	0.00000 	0.30298 	-0.04302 	-0.04013 	0.01435 	-0.05111 	0.09440 	0.00014 	0.00368	0.02806
Replication141	 0.00358	0.99509	0.95505 	0.96288 	0.96920 	0.95941 	0.96744 	0.98642 	0.94642 	0.95457 	0.97062 	0.94936 	0.96217 	0.96791 	-0.15329 	-0.07815 	-0.22924 	0.29354 	0.01356 	0.40536 	-0.15144 	-0.12587 	0.03749 	-0.13299 	0.11604 	0.02157 	-0.05078 	-0.02589 	-0.07593 	-0.14701 	0.00449 	0.39938 	-0.05016 	-0.04169 	0.02185 	-0.04405 	0.03844 	0.00081 	0.01659	0.02946
Replication142	 -1.48020	0.99529	0.95011 	0.95865 	0.96980 	0.95580 	0.96450 	0.98677 	0.95905 	0.96362 	0.97513 	0.95802 	0.97298 	0.97272 	-0.19078 	-0.15873 	-0.21494 	0.28974 	0.00000 	0.39923 	-0.09236 	-0.07933 	0.03377 	-0.17881 	0.17788 	0.01986 	-0.06317 	-0.05255 	-0.07117 	-0.13276 	0.00000 	0.39349 	-0.03058 	-0.02627 	0.01877 	-0.05920 	0.05889 	-0.00005 	0.00554	0.03541
Replication143	 -1.53705	0.99685	0.97287 	0.97621 	0.98303 	0.97509 	0.98057 	0.99462 	0.97748 	0.97793 	0.98747 	0.97819 	0.99096 	0.98533 	-0.09655 	-0.12750 	-0.16589 	0.19179 	0.00000 	0.26437 	-0.07443 	-0.20263 	0.02199 	-0.05378 	0.23078 	0.01321 	-0.03187 	-0.04208 	-0.05476 	-0.09070 	0.00000 	0.26053 	-0.02457 	-0.06688 	0.01196 	-0.01775 	0.07618 	-0.00010 	0.00138	0.01996
Replication144	 -1.41079	0.99592	0.96360 	0.96908 	0.97712 	0.96682 	0.97369 	0.99052 	0.95695 	0.96343 	0.97836 	0.95674 	0.97525 	0.97574 	-0.11699 	-0.11699 	-0.14922 	0.24594 	0.00000 	0.33492 	-0.13161 	-0.11376 	0.03034 	-0.20873 	0.22214 	0.01775 	-0.03869 	-0.03869 	-0.04935 	-0.12089 	0.00000 	0.32993 	-0.04352 	-0.03762 	0.01732 	-0.06902 	0.07346 	0.00046 	0.01380	0.02340
Replication145	 0.00728	0.99473	0.94272 	0.95423 	0.96794 	0.95017 	0.96026 	0.98468 	0.94459 	0.95368 	0.96973 	0.94963 	0.96278 	0.96698 	-0.22108 	-0.15162 	-0.14972 	0.32325 	0.00000 	0.43521 	-0.18302 	-0.14622 	0.03874 	-0.09981 	0.14903 	0.02259 	-0.07328 	-0.05026 	-0.04963 	-0.14998 	0.00000 	0.42878 	-0.06067 	-0.04847 	0.02194 	-0.03308 	0.04940 	0.00028 	0.01736	0.03504
Replication146	 -1.45904	0.99641	0.97021 	0.97366 	0.98060 	0.97221 	0.97814 	0.99281 	0.96337 	0.96977 	0.98271 	0.96640 	0.98218 	0.98029 	-0.08787 	-0.12140 	-0.15170 	0.21603 	0.00000 	0.29556 	-0.15697 	-0.14586 	0.02628 	-0.11620 	0.23586 	0.01550 	-0.02903 	-0.04011 	-0.05012 	-0.10658 	0.00000 	0.29118 	-0.05186 	-0.04819 	0.01483 	-0.03839 	0.07792 	0.00029 	0.00923	0.01995
Replication147	 -1.43891	0.99741	0.97989 	0.98379 	0.98909 	0.98240 	0.98774 	0.99754 	0.96823 	0.97685 	0.98997 	0.97290 	0.99317 	0.98751 	-0.08837 	-0.08238 	-0.09463 	0.15640 	0.02408 	0.21422 	-0.21370 	-0.14168 	0.01923 	-0.13703 	0.34390 	0.01147 	-0.02914 	-0.02716 	-0.03120 	-0.07647 	0.00794 	0.21106 	-0.07046 	-0.04671 	0.01096 	-0.04518 	0.11339 	0.00049 	0.01151	0.01752
Replication148	 0.00049	0.99595	0.94951 	0.95905 	0.97546 	0.95688 	0.96630 	0.98934 	0.96605 	0.97165 	0.98214 	0.96834 	0.98850 	0.97959 	-0.22353 	-0.22972 	-0.12447 	0.25887 	0.00000 	0.35492 	-0.16352 	-0.12962 	0.02745 	-0.14129 	0.35826 	0.01666 	-0.07391 	-0.07596 	-0.04116 	-0.10502 	0.00000 	0.34997 	-0.05407 	-0.04286 	0.01453 	-0.04672 	0.11847 	-0.00049 	0.00401	0.04277
Replication149	 0.00568	0.99482	0.94432 	0.95280 	0.96785 	0.95014 	0.96032 	0.98476 	0.94956 	0.95635 	0.97109 	0.94920 	0.96651 	0.96838 	-0.18973 	-0.21348 	-0.15760 	0.31932 	0.00000 	0.43377 	-0.12544 	-0.09078 	0.03757 	-0.21042 	0.18836 	0.02203 	-0.06288 	-0.07075 	-0.05223 	-0.14595 	0.00000 	0.42745 	-0.04157 	-0.03009 	0.02106 	-0.06974 	0.06243 	0.00010 	0.01361	0.03782
Replication150	 0.01065	0.99477	0.95555 	0.96107 	0.96966 	0.95820 	0.96649 	0.98559 	0.93935 	0.94581 	0.96695 	0.94014 	0.95480 	0.96382 	-0.10225 	-0.11756 	-0.14798 	0.31001 	0.00359 	0.41968 	-0.12292 	-0.21446 	0.04077 	-0.16327 	0.10072 	0.02335 	-0.03389 	-0.03897 	-0.04905 	-0.15999 	0.00119 	0.41330 	-0.04074 	-0.07108 	0.02409 	-0.05412 	0.03338 	0.00120 	0.02968	0.02532
Replication151	 -1.44467	0.99565	0.95768 	0.96359 	0.97534 	0.96175 	0.97118 	0.98933 	0.95870 	0.96455 	0.97752 	0.96166 	0.97346 	0.97521 	-0.14659 	-0.18582 	-0.14136 	0.26524 	0.03052 	0.35532 	-0.13287 	-0.14305 	0.03140 	-0.08867 	0.14775 	0.01846 	-0.04850 	-0.06148 	-0.04677 	-0.12549 	0.01010 	0.35001 	-0.04396 	-0.04733 	0.01753 	-0.02934 	0.04889 	0.00004 	0.01031	0.02369
Replication152	 -1.41794	0.99534	0.95399 	0.96065 	0.97183 	0.95829 	0.96674 	0.98744 	0.95115 	0.96020 	0.97466 	0.95576 	0.97129 	0.97199 	-0.15130 	-0.16695 	-0.17027 	0.28392 	0.00000 	0.38781 	-0.19012 	-0.12368 	0.03404 	-0.12144 	0.21031 	0.01996 	-0.05009 	-0.05527 	-0.05637 	-0.13417 	0.00000 	0.38213 	-0.06294 	-0.04095 	0.01920 	-0.04021 	0.06963 	0.00025 	0.01228	0.03121
Replication153	 -1.40927	0.99557	0.95635 	0.96457 	0.97367 	0.96145 	0.96918 	0.98861 	0.95332 	0.96068 	0.97605 	0.95643 	0.97394 	0.97322 	-0.16489 	-0.11173 	-0.17156 	0.26925 	0.00000 	0.36774 	-0.17090 	-0.16233 	0.03264 	-0.13814 	0.24415 	0.01915 	-0.05457 	-0.03697 	-0.05677 	-0.12863 	0.00000 	0.36233 	-0.05655 	-0.05372 	0.01852 	-0.04571 	0.08079 	0.00040 	0.01338	0.02911
Replication154	 0.00191	0.99579	0.96612 	0.97038 	0.97846 	0.96823 	0.97505 	0.99063 	0.94809 	0.95923 	0.97605 	0.95436 	0.96643 	0.97359 	-0.08182 	-0.11334 	-0.09640 	0.24970 	0.00000 	0.33301 	-0.20695 	-0.12563 	0.03229 	-0.10100 	0.11354 	0.01860 	-0.02706 	-0.03749 	-0.03189 	-0.12874 	0.00000 	0.32786 	-0.06845 	-0.04155 	0.01886 	-0.03341 	0.03755 	0.00076 	0.02200	0.01645
Replication155	 0.00093	0.99516	0.95121 	0.95994 	0.97150 	0.95671 	0.96554 	0.98685 	0.94907 	0.95569 	0.97270 	0.94937 	0.96813 	0.96976 	-0.17303 	-0.14241 	-0.14366 	0.29445 	0.00000 	0.39800 	-0.13854 	-0.15269 	0.03581 	-0.19853 	0.21761 	0.02094 	-0.05731 	-0.04716 	-0.04758 	-0.14010 	0.00000 	0.39209 	-0.04588 	-0.05057 	0.02039 	-0.06575 	0.07207 	0.00046 	0.01795	0.03065
Replication156	 -1.47045	0.99629	0.95876 	0.96676 	0.98084 	0.96461 	0.97287 	0.99210 	0.96949 	0.97234 	0.98417 	0.96963 	0.98730 	0.98177 	-0.17734 	-0.18751 	-0.07443 	0.23231 	0.00000 	0.30775 	-0.10767 	-0.17647 	0.02538 	-0.13414 	0.28423 	0.01535 	-0.05860 	-0.06196 	-0.02460 	-0.10086 	0.00000 	0.30322 	-0.03558 	-0.05831 	0.01355 	-0.04433 	0.09392 	-0.00035 	0.00746	0.02611
Replication157	 0.01467	0.99451	0.95442 	0.95631 	0.96532 	0.95501 	0.96416 	0.98366 	0.93533 	0.94487 	0.96490 	0.93880 	0.95358 	0.96172 	-0.06913 	-0.18650 	-0.21231 	0.32601 	0.01938 	0.45270 	-0.17405 	-0.16585 	0.04272 	-0.15194 	0.12064 	0.02444 	-0.02292 	-0.06185 	-0.07040 	-0.16674 	0.00643 	0.44600 	-0.05772 	-0.05500 	0.02523 	-0.05039 	0.04001 	0.00122 	0.02612	0.03386
Replication158	 0.00645	0.99507	0.95287 	0.96312 	0.97233 	0.95889 	0.96809 	0.98710 	0.94355 	0.95120 	0.97034 	0.94707 	0.96001 	0.96746 	-0.17888 	-0.07917 	-0.12871 	0.29546 	0.02170 	0.39375 	-0.15474 	-0.20341 	0.03774 	-0.11065 	0.11056 	0.02175 	-0.05926 	-0.02623 	-0.04264 	-0.14743 	0.00719 	0.38773 	-0.05126 	-0.06738 	0.02202 	-0.03665 	0.03662 	0.00087 	0.02540	0.02359
Replication159	 0.00215	0.99503	0.94785 	0.95908 	0.97080 	0.95492 	0.96435 	0.98641 	0.94838 	0.95593 	0.97175 	0.95207 	0.96430 	0.96912 	-0.20934 	-0.11753 	-0.14390 	0.30313 	0.00585 	0.40553 	-0.15340 	-0.15485 	0.03675 	-0.10196 	0.12548 	0.02139 	-0.06935 	-0.03894 	-0.04767 	-0.14361 	0.00194 	0.39946 	-0.05082 	-0.05130 	0.02089 	-0.03378 	0.04157 	0.00034 	0.01715	0.02874
Replication160	 -1.50125	0.99677	0.96862 	0.97456 	0.98278 	0.97271 	0.97918 	0.99412 	0.96780 	0.97644 	0.98651 	0.97211 	0.98868 	0.98437 	-0.13876 	-0.12191 	-0.13937 	0.19893 	0.00967 	0.27294 	-0.19204 	-0.06613 	0.02284 	-0.12859 	0.27331 	0.01364 	-0.04581 	-0.04024 	-0.04601 	-0.09094 	0.00319 	0.26900 	-0.06340 	-0.02183 	0.01255 	-0.04245 	0.09023 	-0.00002 	0.00454	0.02428
Replication161	 0.00997	0.99480	0.94003 	0.95210 	0.96597 	0.94820 	0.95840 	0.98426 	0.95519 	0.95854 	0.97156 	0.95332 	0.96945 	0.96888 	-0.24786 	-0.16706 	-0.20840 	0.32276 	0.00000 	0.44244 	-0.07910 	-0.12392 	0.03724 	-0.18255 	0.19295 	0.02193 	-0.08215 	-0.05537 	-0.06907 	-0.14377 	0.00000 	0.43610 	-0.02621 	-0.04107 	0.02068 	-0.06050 	0.06395 	-0.00006 	0.00843	0.04252
Replication162	 -1.50121	0.99653	0.96734 	0.97310 	0.98190 	0.97114 	0.97760 	0.99341 	0.96783 	0.97474 	0.98481 	0.97249 	0.98415 	0.98283 	-0.13069 	-0.12627 	-0.12924 	0.21186 	0.00000 	0.28510 	-0.16077 	-0.10487 	0.02450 	-0.06527 	0.18612 	0.01455 	-0.04317 	-0.04170 	-0.04268 	-0.09931 	0.00000 	0.28087 	-0.05310 	-0.03464 	0.01346 	-0.02156 	0.06147 	-0.00011 	0.00502	0.01952
Replication163	 0.00566	0.99514	0.95043 	0.96055 	0.97274 	0.95676 	0.96580 	0.98701 	0.94434 	0.95226 	0.97186 	0.94496 	0.96619 	0.96868 	-0.18370 	-0.12635 	-0.09704 	0.29532 	0.00000 	0.39519 	-0.16182 	-0.17325 	0.03648 	-0.22364 	0.24234 	0.02127 	-0.06084 	-0.04185 	-0.03214 	-0.14112 	0.00000 	0.38926 	-0.05360 	-0.05738 	0.02099 	-0.07407 	0.08027 	0.00070 	0.02481	0.03021
Replication164	 0.02906	0.99333	0.93509 	0.94203 	0.95638 	0.93905 	0.95047 	0.97768 	0.92094 	0.93111 	0.95509 	0.92322 	0.93988 	0.95140 	-0.14702 	-0.21429 	-0.19019 	0.40229 	0.00000 	0.55546 	-0.17077 	-0.18642 	0.05200 	-0.19682 	0.10315 	0.02970 	-0.04887 	-0.07123 	-0.06322 	-0.19682 	0.00000 	0.54732 	-0.05676 	-0.06197 	0.03073 	-0.06542 	0.03429 	0.00146 	0.03711	0.04952
Replication165	 -1.43623	0.99618	0.96487 	0.97094 	0.98054 	0.96879 	0.97668 	0.99219 	0.96063 	0.96824 	0.98117 	0.96439 	0.97691 	0.97900 	-0.13229 	-0.13410 	-0.10583 	0.23109 	0.02189 	0.30621 	-0.15808 	-0.11366 	0.02780 	-0.10401 	0.15645 	0.01632 	-0.04372 	-0.04432 	-0.03498 	-0.11173 	0.00724 	0.30156 	-0.05225 	-0.03757 	0.01563 	-0.03438 	0.05171 	0.00016 	0.01180	0.01735
Replication166	 -1.48101	0.99702	0.97527 	0.97854 	0.98588 	0.97742 	0.98277 	0.99569 	0.97049 	0.97668 	0.98802 	0.97266 	0.99010 	0.98581 	-0.08515 	-0.12355 	-0.10856 	0.18111 	0.00000 	0.24598 	-0.15439 	-0.11632 	0.02131 	-0.14251 	0.27658 	0.01274 	-0.02810 	-0.04077 	-0.03582 	-0.08674 	0.00000 	0.24234 	-0.05094 	-0.03838 	0.01180 	-0.04702 	0.09126 	0.00012 	0.00723	0.01774
Replication167	 0.01414	0.99446	0.94112 	0.95253 	0.96776 	0.94852 	0.96025 	0.98387 	0.93586 	0.94770 	0.96630 	0.94234 	0.95370 	0.96354 	-0.21587 	-0.17149 	-0.09956 	0.33784 	0.02561 	0.44927 	-0.20801 	-0.13138 	0.04175 	-0.10343 	0.07797 	0.02408 	-0.07159 	-0.05688 	-0.03302 	-0.15978 	0.00849 	0.44251 	-0.06899 	-0.04357 	0.02409 	-0.03430 	0.02586 	0.00062 	0.02680	0.03344
Replication168	 -1.48946	0.99679	0.97110 	0.97604 	0.98337 	0.97431 	0.98005 	0.99443 	0.96996 	0.97508 	0.98645 	0.97164 	0.98902 	0.98414 	-0.11453 	-0.11172 	-0.13593 	0.19584 	0.00000 	0.26758 	-0.14071 	-0.13591 	0.02286 	-0.13506 	0.27998 	0.01367 	-0.03781 	-0.03688 	-0.04487 	-0.09248 	0.00000 	0.26366 	-0.04645 	-0.04486 	0.01263 	-0.04459 	0.09243 	0.00008 	0.00607	0.02085
Replication169	 0.01024	0.99450	0.94386 	0.95111 	0.96396 	0.94855 	0.95844 	0.98295 	0.93976 	0.95200 	0.96730 	0.94543 	0.95967 	0.96453 	-0.16925 	-0.19932 	-0.21330 	0.33592 	0.00000 	0.46484 	-0.21556 	-0.05990 	0.04094 	-0.14360 	0.15092 	0.02372 	-0.05613 	-0.06610 	-0.07074 	-0.15796 	0.00000 	0.45813 	-0.07149 	-0.01986 	0.02341 	-0.04762 	0.05005 	0.00045 	0.01542	0.04214
Replication170	 0.00270	0.99495	0.95443 	0.95837 	0.96724 	0.95661 	0.96473 	0.98532 	0.94730 	0.95404 	0.97045 	0.95041 	0.96622 	0.96741 	-0.10890 	-0.16828 	-0.23802 	0.30426 	0.00047 	0.42426 	-0.15770 	-0.18680 	0.03786 	-0.11843 	0.20358 	0.02202 	-0.03608 	-0.05576 	-0.07886 	-0.14962 	0.00016 	0.41809 	-0.05225 	-0.06189 	0.02174 	-0.03924 	0.06745 	0.00063 	0.01433	0.03437
Replication171	 0.00981	0.99457	0.94540 	0.95489 	0.96733 	0.95120 	0.96093 	0.98415 	0.94019 	0.94700 	0.96720 	0.94184 	0.95976 	0.96389 	-0.17970 	-0.14646 	-0.14520 	0.32893 	0.00000 	0.44432 	-0.15009 	-0.22085 	0.04090 	-0.16394 	0.19347 	0.02375 	-0.05959 	-0.04856 	-0.04815 	-0.15863 	0.00000 	0.43770 	-0.04977 	-0.07323 	0.02359 	-0.05436 	0.06415 	0.00077 	0.02513	0.03392
Replication172	 0.00557	0.99515	0.95682 	0.96252 	0.96954 	0.95987 	0.96733 	0.98650 	0.94443 	0.95361 	0.97117 	0.94868 	0.96577 	0.96809 	-0.12125 	-0.10986 	-0.21877 	0.29032 	0.00000 	0.40390 	-0.19275 	-0.16546 	0.03698 	-0.13916 	0.21268 	0.02140 	-0.04016 	-0.03638 	-0.07246 	-0.14514 	0.00000 	0.39798 	-0.06384 	-0.05480 	0.02152 	-0.04609 	0.07044 	0.00088 	0.01804	0.03196
Replication173	 -1.31717	0.99589	0.96884 	0.97421 	0.97872 	0.97125 	0.97706 	0.99114 	0.95152 	0.95709 	0.97593 	0.95099 	0.96768 	0.97310 	-0.08514 	-0.04075 	-0.12728 	0.24061 	0.00000 	0.32430 	-0.11257 	-0.18787 	0.03222 	-0.19118 	0.15352 	0.01850 	-0.02816 	-0.01347 	-0.04209 	-0.12837 	0.00000 	0.31928 	-0.03723 	-0.06213 	0.01912 	-0.06323 	0.05077 	0.00111 	0.02436	0.01561
Replication174	 0.01305	0.99457	0.94817 	0.95649 	0.96371 	0.95282 	0.96117 	0.98328 	0.93695 	0.94697 	0.96587 	0.94007 	0.95860 	0.96254 	-0.16310 	-0.09446 	-0.25922 	0.32683 	0.00000 	0.45915 	-0.19081 	-0.14073 	0.04191 	-0.18607 	0.20341 	0.02412 	-0.05408 	-0.03132 	-0.08595 	-0.16122 	0.00000 	0.45251 	-0.06327 	-0.04666 	0.02459 	-0.06170 	0.06745 	0.00111 	0.02103	0.04145
Replication175	 -1.49911	0.99670	0.96383 	0.97075 	0.98081 	0.96894 	0.97585 	0.99336 	0.98082 	0.98191 	0.98770 	0.97974 	0.99171 	0.98600 	-0.17212 	-0.15373 	-0.17184 	0.20742 	0.00280 	0.28594 	-0.05392 	-0.07945 	0.02205 	-0.10662 	0.20177 	0.01335 	-0.05683 	-0.05076 	-0.05674 	-0.08849 	0.00092 	0.28192 	-0.01780 	-0.02623 	0.01155 	-0.03520 	0.06662 	-0.00059 	0.00434	0.02837
Replication176	 -1.42080	0.99553	0.95718 	0.96423 	0.97388 	0.96154 	0.96950 	0.98865 	0.95486 	0.96137 	0.97592 	0.95749 	0.97203 	0.97332 	-0.14891 	-0.13251 	-0.16400 	0.27083 	0.00305 	0.36703 	-0.14586 	-0.15164 	0.03280 	-0.12136 	0.18389 	0.01921 	-0.04928 	-0.04385 	-0.05427 	-0.13047 	0.00101 	0.36157 	-0.04827 	-0.05018 	0.01855 	-0.04016 	0.06086 	0.00029 	0.01253	0.02578
Replication177	 0.03169	0.99315	0.92998 	0.94089 	0.95466 	0.93638 	0.94811 	0.97672 	0.91831 	0.92825 	0.95333 	0.92130 	0.93797 	0.94944 	-0.20003 	-0.16326 	-0.20149 	0.41420 	0.00000 	0.57198 	-0.17665 	-0.22353 	0.05361 	-0.17589 	0.10998 	0.03059 	-0.06652 	-0.05429 	-0.06700 	-0.20098 	0.00000 	0.56362 	-0.05874 	-0.07433 	0.03178 	-0.05849 	0.03657 	0.00160 	0.03949	0.05322
Replication178	 -1.46049	0.99582	0.95681 	0.96378 	0.97651 	0.96187 	0.97194 	0.98998 	0.96075 	0.96725 	0.97940 	0.96543 	0.97741 	0.97712 	-0.17082 	-0.19493 	-0.13129 	0.25739 	0.04250 	0.34411 	-0.15843 	-0.15031 	0.02972 	-0.05853 	0.18154 	0.01759 	-0.05650 	-0.06447 	-0.04343 	-0.11800 	0.01406 	0.33901 	-0.05240 	-0.04971 	0.01639 	-0.01936 	0.06004 	-0.00011 	0.00852	0.02552
Replication179	 0.00449	0.99493	0.95406 	0.95539 	0.96841 	0.95516 	0.96525 	0.98536 	0.94551 	0.95436 	0.97066 	0.94741 	0.96515 	0.96777 	-0.08619 	-0.26590 	-0.18120 	0.30692 	0.02681 	0.42353 	-0.16694 	-0.10659 	0.03772 	-0.19311 	0.19954 	0.02195 	-0.02856 	-0.08810 	-0.06004 	-0.14809 	0.00888 	0.41735 	-0.05531 	-0.03532 	0.02157 	-0.06398 	0.06612 	0.00050 	0.01653	0.03500
Replication180	 -1.48391	0.99606	0.96432 	0.96860 	0.97516 	0.96696 	0.97331 	0.99033 	0.96507 	0.96758 	0.98022 	0.96249 	0.98262 	0.97749 	-0.11479 	-0.12706 	-0.22937 	0.23934 	0.00000 	0.33804 	-0.08441 	-0.14570 	0.02872 	-0.20590 	0.28977 	0.01698 	-0.03795 	-0.04201 	-0.07583 	-0.11468 	0.00000 	0.33323 	-0.02791 	-0.04817 	0.01616 	-0.06807 	0.09580 	0.00030 	0.00562	0.03087
Replication181	 -1.43599	0.99606	0.96334 	0.97097 	0.97835 	0.96792 	0.97460 	0.99135 	0.96496 	0.96563 	0.98010 	0.96209 	0.97890 	0.97746 	-0.14706 	-0.08102 	-0.15175 	0.23774 	0.00000 	0.32067 	-0.05242 	-0.21030 	0.02881 	-0.16480 	0.21467 	0.01698 	-0.04862 	-0.02679 	-0.05017 	-0.11585 	0.00000 	0.31586 	-0.01733 	-0.06952 	0.01625 	-0.05448 	0.07097 	0.00032 	0.01150	0.02064
Replication182	 -1.41255	0.99585	0.96187 	0.96588 	0.97756 	0.96464 	0.97309 	0.99035 	0.95788 	0.96399 	0.97882 	0.95919 	0.97666 	0.97621 	-0.10961 	-0.19543 	-0.11116 	0.25181 	0.01627 	0.33781 	-0.14199 	-0.15256 	0.03010 	-0.16066 	0.23131 	0.01775 	-0.03625 	-0.06463 	-0.03676 	-0.12046 	0.00538 	0.33275 	-0.04696 	-0.05046 	0.01688 	-0.05314 	0.07650 	0.00021 	0.01365	0.02307
Replication183	 -1.42166	0.99606	0.96211 	0.97099 	0.98020 	0.96756 	0.97477 	0.99184 	0.96156 	0.96633 	0.98030 	0.96465 	0.97583 	0.97800 	-0.16157 	-0.08578 	-0.09637 	0.23832 	0.00000 	0.31227 	-0.12423 	-0.19273 	0.02866 	-0.06349 	0.14153 	0.01684 	-0.05341 	-0.02836 	-0.03186 	-0.11540 	0.00000 	0.30747 	-0.04107 	-0.06372 	0.01610 	-0.02099 	0.04679 	0.00017 	0.01345	0.01572
Replication184	 0.03375	0.99320	0.92814 	0.93968 	0.95487 	0.93522 	0.94733 	0.97675 	0.91625 	0.93043 	0.95410 	0.92255 	0.93871 	0.95041 	-0.21588 	-0.18185 	-0.19003 	0.41356 	0.00000 	0.57156 	-0.23833 	-0.15194 	0.05295 	-0.16691 	0.11418 	0.03023 	-0.07178 	-0.06046 	-0.06318 	-0.19697 	0.00000 	0.56326 	-0.07924 	-0.05052 	0.03128 	-0.05550 	0.03796 	0.00145 	0.03754	0.05631
Replication185	 0.00530	0.99516	0.95371 	0.96177 	0.97027 	0.95847 	0.96655 	0.98655 	0.94713 	0.95213 	0.97150 	0.94470 	0.96842 	0.96807 	-0.15662 	-0.10525 	-0.18600 	0.29175 	0.00281 	0.40304 	-0.11868 	-0.19560 	0.03671 	-0.25805 	0.28565 	0.02138 	-0.05187 	-0.03486 	-0.06160 	-0.14249 	0.00093 	0.39714 	-0.03931 	-0.06478 	0.02130 	-0.08546 	0.09460 	0.00091 	0.02114	0.03451
Replication186	 0.01637	0.99394	0.93743 	0.94648 	0.96050 	0.94310 	0.95398 	0.98052 	0.93363 	0.94201 	0.96220 	0.93712 	0.95395 	0.95874 	-0.18785 	-0.19283 	-0.19955 	0.36893 	0.00000 	0.50676 	-0.17542 	-0.20790 	0.04567 	-0.14078 	0.18113 	0.02645 	-0.06237 	-0.06402 	-0.06625 	-0.17517 	0.00000 	0.49937 	-0.05824 	-0.06902 	0.02636 	-0.04674 	0.06013 	0.00080 	0.02460	0.04485
Replication187	 -1.37839	0.99551	0.95427 	0.96111 	0.97439 	0.95904 	0.96860 	0.98839 	0.95266 	0.95944 	0.97618 	0.95534 	0.97563 	0.97314 	-0.15795 	-0.19608 	-0.11646 	0.27549 	0.01930 	0.37153 	-0.17469 	-0.20313 	0.03264 	-0.15144 	0.29790 	0.01930 	-0.05228 	-0.06490 	-0.03854 	-0.12790 	0.00639 	0.36604 	-0.05782 	-0.06723 	0.01832 	-0.05012 	0.09859 	0.00029 	0.01640	0.03085
Replication188	 -1.50415	0.99561	0.95111 	0.96131 	0.97330 	0.95802 	0.96670 	0.98854 	0.96623 	0.96823 	0.97841 	0.96557 	0.97728 	0.97625 	-0.21423 	-0.14663 	-0.17634 	0.27243 	0.00000 	0.36879 	-0.06348 	-0.12970 	0.03080 	-0.10980 	0.15350 	0.01826 	-0.07089 	-0.04852 	-0.05835 	-0.12189 	0.00000 	0.36344 	-0.02100 	-0.04292 	0.01680 	-0.03633 	0.05079 	-0.00032 	0.00359	0.03080
Replication189	 -1.41136	0.99553	0.95150 	0.96160 	0.97401 	0.95823 	0.96701 	0.98836 	0.95408 	0.96209 	0.97665 	0.95674 	0.97514 	0.97394 	-0.20133 	-0.14390 	-0.13138 	0.27559 	0.00000 	0.37190 	-0.17449 	-0.12490 	0.03225 	-0.16488 	0.25498 	0.01904 	-0.06663 	-0.04762 	-0.04348 	-0.12565 	0.00000 	0.36645 	-0.05775 	-0.04134 	0.01800 	-0.05457 	0.08438 	0.00013 	0.01289	0.03195
Replication190	 0.01922	0.99439	0.94747 	0.95336 	0.96522 	0.95092 	0.96110 	0.98299 	0.93078 	0.94312 	0.96414 	0.93353 	0.95273 	0.96085 	-0.13060 	-0.18429 	-0.16339 	0.33741 	0.01663 	0.46424 	-0.20394 	-0.10372 	0.04349 	-0.23593 	0.16483 	0.02494 	-0.04332 	-0.06113 	-0.05419 	-0.16630 	0.00552 	0.45740 	-0.06765 	-0.03440 	0.02561 	-0.07826 	0.05467 	0.00120 	0.02968	0.03914
Replication191	 -1.38795	0.99559	0.95906 	0.96637 	0.97255 	0.96334 	0.97069 	0.98843 	0.95180 	0.95798 	0.97518 	0.95397 	0.97461 	0.97194 	-0.14866 	-0.08250 	-0.21807 	0.26553 	0.01159 	0.37067 	-0.16619 	-0.21612 	0.03326 	-0.15488 	0.30122 	0.01945 	-0.04919 	-0.02730 	-0.07216 	-0.13039 	0.00383 	0.36529 	-0.05499 	-0.07151 	0.01921 	-0.05125 	0.09968 	0.00079 	0.01529	0.03199
Replication192	 -1.46746	0.99621	0.96098 	0.97039 	0.98001 	0.96705 	0.97431 	0.99205 	0.96641 	0.97032 	0.98220 	0.96664 	0.98064 	0.98001 	-0.18114 	-0.09633 	-0.11825 	0.23246 	0.00000 	0.30863 	-0.09861 	-0.13260 	0.02699 	-0.13303 	0.18420 	0.01600 	-0.05987 	-0.03184 	-0.03908 	-0.10807 	0.00000 	0.30401 	-0.03259 	-0.04382 	0.01490 	-0.04396 	0.06088 	-0.00005 	0.00832	0.02049
Replication193	 -1.44033	0.99561	0.95640 	0.96375 	0.97382 	0.96112 	0.96903 	0.98871 	0.95386 	0.96374 	0.97677 	0.95862 	0.97329 	0.97434 	-0.15907 	-0.13982 	-0.16970 	0.26787 	0.00000 	0.36590 	-0.19427 	-0.07703 	0.03203 	-0.12862 	0.19413 	0.01877 	-0.05263 	-0.04627 	-0.05615 	-0.12630 	0.00000 	0.36055 	-0.06428 	-0.02549 	0.01804 	-0.04256 	0.06424 	0.00019 	0.01019	0.02933
Replication194	 -1.38604	0.99563	0.96002 	0.96539 	0.97635 	0.96333 	0.97123 	0.98951 	0.95141 	0.96098 	0.97648 	0.95818 	0.97091 	0.97393 	-0.11785 	-0.15964 	-0.10889 	0.26373 	0.00000 	0.35223 	-0.20563 	-0.16294 	0.03222 	-0.06454 	0.16899 	0.01883 	-0.03899 	-0.05282 	-0.03603 	-0.12855 	0.00000 	0.34690 	-0.06804 	-0.05391 	0.01829 	-0.02136 	0.05591 	0.00034 	0.01651	0.02175
Replication195	 -1.37161	0.99597	0.97028 	0.97258 	0.97660 	0.97097 	0.97645 	0.99065 	0.95184 	0.95980 	0.97706 	0.95442 	0.97359 	0.97408 	-0.05600 	-0.08667 	-0.19253 	0.23746 	0.00000 	0.33255 	-0.17634 	-0.17071 	0.03124 	-0.16937 	0.25011 	0.01808 	-0.01852 	-0.02866 	-0.06366 	-0.12441 	0.00000 	0.32763 	-0.05831 	-0.05645 	0.01839 	-0.05600 	0.08270 	0.00102 	0.01781	0.02374
Replication196	 -1.42871	0.99532	0.95403 	0.95955 	0.97291 	0.95777 	0.96673 	0.98768 	0.95362 	0.96184 	0.97507 	0.95838 	0.96951 	0.97275 	-0.13749 	-0.20888 	-0.13348 	0.28568 	0.00000 	0.38367 	-0.16606 	-0.11418 	0.03377 	-0.08288 	0.13166 	0.01980 	-0.04552 	-0.06916 	-0.04419 	-0.13442 	0.00000 	0.37796 	-0.05498 	-0.03780 	0.01886 	-0.02744 	0.04359 	0.00000 	0.01161	0.02690
Replication197	 0.00001	0.99565	0.96351 	0.96792 	0.97776 	0.96599 	0.97434 	0.99009 	0.94999 	0.95886 	0.97540 	0.95354 	0.96523 	0.97302 	-0.09534 	-0.14743 	-0.08822 	0.25910 	0.02222 	0.34229 	-0.15868 	-0.12569 	0.03300 	-0.12621 	0.08749 	0.01904 	-0.03154 	-0.04878 	-0.02919 	-0.13165 	0.00735 	0.33698 	-0.05250 	-0.04159 	0.01913 	-0.04176 	0.02895 	0.00062 	0.02157	0.01602
Replication198	 0.00758	0.99488	0.95102 	0.95851 	0.96814 	0.95542 	0.96397 	0.98526 	0.94242 	0.95114 	0.96931 	0.94362 	0.96271 	0.96620 	-0.15171 	-0.13108 	-0.19028 	0.30887 	0.00000 	0.42530 	-0.16377 	-0.12941 	0.03881 	-0.21343 	0.20460 	0.02248 	-0.05027 	-0.04344 	-0.06305 	-0.15081 	0.00000 	0.41906 	-0.05427 	-0.04288 	0.02250 	-0.07072 	0.06780 	0.00081 	0.02039	0.03471
Replication199	 -1.49216	0.99558	0.95409 	0.96064 	0.97239 	0.95866 	0.96708 	0.98818 	0.96304 	0.96614 	0.97794 	0.96479 	0.97929 	0.97538 	-0.16362 	-0.18768 	-0.19455 	0.27292 	0.00000 	0.37508 	-0.11255 	-0.18697 	0.03120 	-0.08298 	0.23517 	0.01856 	-0.05415 	-0.06211 	-0.06438 	-0.12423 	0.00000 	0.36968 	-0.03724 	-0.06187 	0.01710 	-0.02746 	0.07782 	-0.00016 	0.00458	0.03301
Replication200	 0.01503	0.99453	0.95205 	0.95866 	0.96741 	0.95536 	0.96404 	0.98428 	0.93497 	0.94304 	0.96457 	0.93575 	0.95056 	0.96142 	-0.11880 	-0.11117 	-0.15841 	0.32491 	0.00365 	0.44219 	-0.13385 	-0.17384 	0.04295 	-0.19093 	0.08052 	0.02450 	-0.03940 	-0.03687 	-0.05253 	-0.16667 	0.00121 	0.43551 	-0.04439 	-0.05765 	0.02550 	-0.06331 	0.02670 	0.00133 	0.03171	0.02944
Replication201	 0.03581	0.99298	0.92962 	0.93936 	0.95275 	0.93524 	0.94738 	0.97579 	0.91419 	0.92792 	0.95131 	0.92163 	0.93136 	0.94783 	-0.18753 	-0.17615 	-0.22416 	0.42323 	0.00958 	0.58791 	-0.21879 	-0.15861 	0.05540 	-0.10287 	0.00000 	0.03137 	-0.06238 	-0.05859 	-0.07456 	-0.20671 	0.00319 	0.57935 	-0.07278 	-0.05276 	0.03304 	-0.03422 	0.00000 	0.00168 	0.03937	0.05525
Replication202	 0.01168	0.99460	0.95017 	0.95451 	0.96693 	0.95270 	0.96206 	0.98407 	0.93832 	0.94722 	0.96705 	0.94034 	0.95918 	0.96379 	-0.10923 	-0.20651 	-0.15898 	0.32560 	0.00000 	0.44569 	-0.17242 	-0.16670 	0.04097 	-0.19485 	0.19729 	0.02372 	-0.03622 	-0.06847 	-0.05271 	-0.15966 	0.00000 	0.43909 	-0.05717 	-0.05527 	0.02374 	-0.06460 	0.06542 	0.00085 	0.02459	0.03499
Replication203	 -1.53815	0.99584	0.95417 	0.96471 	0.97382 	0.96115 	0.96917 	0.98943 	0.96925 	0.97144 	0.97990 	0.96872 	0.97897 	0.97793 	-0.21913 	-0.10395 	-0.21938 	0.25736 	0.00713 	0.35358 	-0.05958 	-0.09303 	0.02930 	-0.10335 	0.13390 	0.01732 	-0.07247 	-0.03438 	-0.07256 	-0.11589 	0.00236 	0.34851 	-0.01971 	-0.03077 	0.01605 	-0.03418 	0.04429 	-0.00027 	0.00017	0.03097
Replication204	 -1.42927	0.99626	0.96464 	0.97096 	0.97950 	0.96868 	0.97537 	0.99191 	0.96009 	0.96727 	0.98179 	0.96381 	0.98325 	0.97902 	-0.13445 	-0.11680 	-0.13620 	0.22781 	0.00000 	0.31093 	-0.18700 	-0.17783 	0.02722 	-0.12982 	0.31170 	0.01615 	-0.04443 	-0.03860 	-0.04501 	-0.10813 	0.00000 	0.30636 	-0.06180 	-0.05877 	0.01529 	-0.04290 	0.10300 	0.00032 	0.01171	0.02535
Replication205	 0.04212	0.99295	0.93317 	0.94149 	0.95305 	0.93746 	0.94855 	0.97566 	0.90788 	0.92011 	0.94918 	0.91115 	0.93010 	0.94487 	-0.14823 	-0.15070 	-0.20629 	0.42141 	0.00000 	0.59024 	-0.20281 	-0.23235 	0.05705 	-0.21552 	0.10630 	0.03222 	-0.04931 	-0.05013 	-0.06862 	-0.21132 	0.00000 	0.58164 	-0.06747 	-0.07729 	0.03459 	-0.07170 	0.03536 	0.00240 	0.05132	0.05816
Replication206	 0.00839	0.99496	0.95475 	0.96054 	0.97091 	0.95796 	0.96643 	0.98633 	0.94161 	0.95120 	0.96980 	0.94653 	0.96005 	0.96691 	-0.11754 	-0.14716 	-0.13817 	0.30155 	0.00000 	0.40688 	-0.18616 	-0.17153 	0.03832 	-0.11297 	0.12833 	0.02211 	-0.03894 	-0.04876 	-0.04578 	-0.15083 	0.00000 	0.40074 	-0.06168 	-0.05683 	0.02226 	-0.03743 	0.04252 	0.00079 	0.02365	0.02605
Replication207	 0.00256	0.99564	0.94744 	0.95803 	0.97329 	0.95515 	0.96466 	0.98807 	0.95801 	0.96675 	0.97875 	0.96139 	0.98154 	0.97613 	-0.22999 	-0.19757 	-0.13700 	0.27538 	0.00000 	0.37689 	-0.19659 	-0.08559 	0.03050 	-0.16870 	0.32192 	0.01824 	-0.07610 	-0.06537 	-0.04533 	-0.11651 	0.00000 	0.37157 	-0.06505 	-0.02832 	0.01659 	-0.05582 	0.10652 	-0.00023 	0.00750	0.04194
Replication208	 -1.43289	0.99548	0.95726 	0.96379 	0.97456 	0.96129 	0.96944 	0.98879 	0.95852 	0.96260 	0.97588 	0.96045 	0.96913 	0.97366 	-0.14006 	-0.15021 	-0.14036 	0.27343 	0.00000 	0.36458 	-0.09362 	-0.16382 	0.03290 	-0.06790 	0.07765 	0.01922 	-0.04636 	-0.04972 	-0.04646 	-0.13235 	0.00000 	0.35906 	-0.03099 	-0.05422 	0.01850 	-0.02247 	0.02570 	0.00010 	0.01180	0.02080
Replication209	 0.04751	0.99285	0.93324 	0.94211 	0.95420 	0.93770 	0.94903 	0.97552 	0.90249 	0.91346 	0.94683 	0.90382 	0.92498 	0.94212 	-0.14092 	-0.13793 	-0.14507 	0.42563 	0.00179 	0.59262 	-0.18196 	-0.29849 	0.05898 	-0.24764 	0.10438 	0.03317 	-0.04689 	-0.04589 	-0.04827 	-0.21623 	0.00060 	0.58390 	-0.06054 	-0.09931 	0.03620 	-0.08240 	0.03473 	0.00292 	0.06457	0.05880
Replication210	 -1.45457	0.99601	0.96113 	0.96610 	0.97666 	0.96459 	0.97205 	0.99041 	0.96259 	0.96682 	0.98070 	0.96491 	0.98410 	0.97784 	-0.12925 	-0.17528 	-0.15789 	0.24490 	0.00000 	0.33676 	-0.14924 	-0.22031 	0.02843 	-0.11127 	0.32485 	0.01699 	-0.04273 	-0.05795 	-0.05220 	-0.11338 	0.00000 	0.33189 	-0.04934 	-0.07284 	0.01572 	-0.03679 	0.10740 	0.00010 	0.00869	0.02988
Replication211	 0.03159	0.99347	0.93016 	0.94229 	0.95837 	0.93777 	0.95005 	0.97840 	0.91841 	0.93276 	0.95677 	0.92676 	0.94288 	0.95307 	-0.22276 	-0.18246 	-0.14531 	0.39764 	0.00576 	0.54323 	-0.26229 	-0.19786 	0.05050 	-0.12165 	0.14425 	0.02895 	-0.07402 	-0.06063 	-0.04829 	-0.18845 	0.00192 	0.53526 	-0.08716 	-0.06575 	0.02970 	-0.04043 	0.04794 	0.00132 	0.03801	0.05141
Replication212	 -1.44999	0.99662	0.96860 	0.97382 	0.98334 	0.97223 	0.97968 	0.99393 	0.96656 	0.97193 	0.98506 	0.96860 	0.98656 	0.98260 	-0.12432 	-0.14479 	-0.09892 	0.20654 	0.02445 	0.27629 	-0.14884 	-0.16736 	0.02418 	-0.13328 	0.28178 	0.01444 	-0.04106 	-0.04781 	-0.03267 	-0.09716 	0.00807 	0.27216 	-0.04915 	-0.05527 	0.01340 	-0.04401 	0.09305 	0.00013 	0.01017	0.01969
Replication213	 0.00557	0.99537	0.95998 	0.96534 	0.97478 	0.96288 	0.97059 	0.98843 	0.94443 	0.95364 	0.97281 	0.94709 	0.96465 	0.96986 	-0.10371 	-0.12910 	-0.10903 	0.27597 	0.00000 	0.37092 	-0.17727 	-0.15976 	0.03540 	-0.18009 	0.18111 	0.02046 	-0.03433 	-0.04274 	-0.03609 	-0.13951 	0.00000 	0.36527 	-0.05868 	-0.05289 	0.02065 	-0.05962 	0.05996 	0.00088 	0.02490	0.02289
Replication214	 -1.48134	0.99624	0.96718 	0.96917 	0.97882 	0.96865 	0.97569 	0.99174 	0.96378 	0.97048 	0.98221 	0.96731 	0.98246 	0.97988 	-0.08302 	-0.19158 	-0.15382 	0.22881 	0.00660 	0.31390 	-0.16198 	-0.12530 	0.02693 	-0.10639 	0.23645 	0.01597 	-0.02744 	-0.06331 	-0.05084 	-0.10906 	0.00218 	0.30931 	-0.05353 	-0.04141 	0.01494 	-0.03516 	0.07814 	0.00004 	0.00658	0.02387
Replication215	 0.01009	0.99509	0.95837 	0.96224 	0.96912 	0.96017 	0.96749 	0.98610 	0.93991 	0.95054 	0.96968 	0.94209 	0.96286 	0.96644 	-0.09034 	-0.12568 	-0.21088 	0.29282 	0.00000 	0.41083 	-0.19494 	-0.11816 	0.03821 	-0.22998 	0.22871 	0.02198 	-0.02992 	-0.04163 	-0.06985 	-0.14850 	0.00000 	0.40483 	-0.06457 	-0.03914 	0.02254 	-0.07618 	0.07576 	0.00118 	0.02257	0.03451
Replication216	 0.01102	0.99461	0.94184 	0.95354 	0.96859 	0.94938 	0.95989 	0.98441 	0.93898 	0.94890 	0.96813 	0.94336 	0.96006 	0.96505 	-0.21572 	-0.16025 	-0.09920 	0.32968 	0.00000 	0.43994 	-0.19633 	-0.17216 	0.04013 	-0.14613 	0.18187 	0.02335 	-0.07152 	-0.05313 	-0.03289 	-0.15412 	0.00000 	0.43336 	-0.06509 	-0.05708 	0.02296 	-0.04845 	0.06030 	0.00055 	0.02518	0.03487
Replication217	 0.01187	0.99496	0.95719 	0.96403 	0.97215 	0.96060 	0.96844 	0.98675 	0.93813 	0.94790 	0.96797 	0.93978 	0.95227 	0.96524 	-0.11277 	-0.08572 	-0.11456 	0.29763 	0.00000 	0.39975 	-0.14506 	-0.11451 	0.03969 	-0.18907 	0.03339 	0.02255 	-0.03736 	-0.02840 	-0.03795 	-0.15455 	0.00000 	0.39361 	-0.04806 	-0.03794 	0.02364 	-0.06264 	0.01106 	0.00124 	0.03133	0.02265
Replication218	 -1.44284	0.99679	0.96999 	0.97516 	0.98618 	0.97360 	0.98024 	0.99505 	0.96983 	0.97408 	0.98682 	0.96883 	0.98770 	0.98456 	-0.11465 	-0.15290 	-0.04116 	0.19672 	0.00000 	0.25711 	-0.10997 	-0.13205 	0.02257 	-0.19317 	0.26519 	0.01355 	-0.03785 	-0.05047 	-0.01359 	-0.09129 	0.00000 	0.25319 	-0.03630 	-0.04359 	0.01235 	-0.06377 	0.08754 	-0.00002 	0.01125	0.01620
Replication219	 0.00637	0.99502	0.95621 	0.96028 	0.96968 	0.95837 	0.96646 	0.98610 	0.94363 	0.95106 	0.97038 	0.94678 	0.96537 	0.96707 	-0.09860 	-0.16112 	-0.18090 	0.29839 	0.00000 	0.41085 	-0.17511 	-0.22513 	0.03779 	-0.14224 	0.23566 	0.02195 	-0.03266 	-0.05338 	-0.05993 	-0.14886 	0.00000 	0.40478 	-0.05801 	-0.07458 	0.02191 	-0.04712 	0.07807 	0.00087 	0.02153	0.03107
Replication220	 -1.48368	0.99646	0.95787 	0.97053 	0.98274 	0.96652 	0.97488 	0.99325 	0.97363 	0.97510 	0.98515 	0.97136 	0.98470 	0.98325 	-0.23781 	-0.10138 	-0.06928 	0.22205 	0.01186 	0.28804 	-0.04893 	-0.11825 	0.02437 	-0.14902 	0.17036 	0.01461 	-0.07856 	-0.03349 	-0.02289 	-0.09613 	0.00392 	0.28372 	-0.01616 	-0.03906 	0.01307 	-0.04923 	0.05628 	-0.00039 	0.00662	0.02109
Replication221	 -1.45844	0.99692	0.97620 	0.97988 	0.98539 	0.97826 	0.98324 	0.99547 	0.96846 	0.97378 	0.98649 	0.97016 	0.98677 	0.98418 	-0.08048 	-0.08511 	-0.11983 	0.18433 	0.00000 	0.24976 	-0.13859 	-0.14951 	0.02262 	-0.13467 	0.24790 	0.01338 	-0.02656 	-0.02809 	-0.03955 	-0.09241 	0.00000 	0.24600 	-0.04574 	-0.04934 	0.01280 	-0.04445 	0.08181 	0.00034 	0.00980	0.01482
Replication222	 -1.37400	0.99606	0.96829 	0.96904 	0.97842 	0.96870 	0.97540 	0.99099 	0.95227 	0.96266 	0.97911 	0.95570 	0.97766 	0.97621 	-0.04919 	-0.18962 	-0.12179 	0.23664 	0.00000 	0.32670 	-0.21573 	-0.11871 	0.02955 	-0.20415 	0.30626 	0.01732 	-0.01626 	-0.06269 	-0.04026 	-0.11703 	0.00000 	0.32190 	-0.07132 	-0.03925 	0.01699 	-0.06749 	0.10125 	0.00065 	0.01729	0.02649
Replication223	 0.01607	0.99402	0.93917 	0.94909 	0.96243 	0.94519 	0.95580 	0.98133 	0.93393 	0.94098 	0.96235 	0.93579 	0.95244 	0.95889 	-0.18914 	-0.16209 	-0.17018 	0.36231 	0.00000 	0.49278 	-0.14729 	-0.22901 	0.04543 	-0.15613 	0.15537 	0.02624 	-0.06278 	-0.05380 	-0.05649 	-0.17460 	0.00000 	0.48548 	-0.04889 	-0.07602 	0.02637 	-0.05183 	0.05157 	0.00093 	0.02828	0.03994
Replication224	 -1.43622	0.99582	0.96736 	0.96898 	0.97398 	0.96800 	0.97515 	0.98964 	0.95646 	0.96229 	0.97678 	0.95803 	0.97382 	0.97407 	-0.06986 	-0.13308 	-0.24040 	0.24862 	0.02984 	0.35000 	-0.13494 	-0.15163 	0.03170 	-0.14133 	0.20361 	0.01840 	-0.02311 	-0.04402 	-0.07951 	-0.12698 	0.00987 	0.34489 	-0.04463 	-0.05015 	0.01836 	-0.04674 	0.06735 	0.00070 	0.01094	0.02602
Replication225	 -1.41491	0.99576	0.95882 	0.96437 	0.97433 	0.96249 	0.97009 	0.98906 	0.95756 	0.96240 	0.97778 	0.95521 	0.97930 	0.97475 	-0.13448 	-0.16088 	-0.17190 	0.25926 	0.00000 	0.35994 	-0.12137 	-0.14271 	0.03103 	-0.25798 	0.33307 	0.01835 	-0.04449 	-0.05322 	-0.05686 	-0.12167 	0.00000 	0.35477 	-0.04015 	-0.04721 	0.01751 	-0.08534 	0.11018 	0.00039 	0.01232	0.03391
Replication226	 -1.42640	0.99581	0.95938 	0.96684 	0.97479 	0.96400 	0.97114 	0.98952 	0.95643 	0.96314 	0.97791 	0.95761 	0.97776 	0.97505 	-0.15471 	-0.10475 	-0.18593 	0.25468 	0.00000 	0.35207 	-0.15698 	-0.14035 	0.03085 	-0.18649 	0.28495 	0.01815 	-0.05117 	-0.03465 	-0.06150 	-0.12146 	0.00000 	0.34696 	-0.05192 	-0.04642 	0.01750 	-0.06168 	0.09425 	0.00043 	0.01151	0.03033
Replication227	 0.00572	0.99454	0.94455 	0.95339 	0.96668 	0.95009 	0.96008 	0.98395 	0.94428 	0.95014 	0.96773 	0.94485 	0.95958 	0.96480 	-0.17908 	-0.17272 	-0.15844 	0.33171 	0.00000 	0.44778 	-0.11703 	-0.17148 	0.04054 	-0.15926 	0.13445 	0.02356 	-0.05938 	-0.05727 	-0.05254 	-0.15821 	0.00000 	0.44113 	-0.03881 	-0.05686 	0.02315 	-0.05281 	0.04458 	0.00047 	0.02004	0.03344
Replication228	 0.00165	0.99536	0.95452 	0.96364 	0.97345 	0.96005 	0.96819 	0.98793 	0.94893 	0.95481 	0.97358 	0.94835 	0.96974 	0.97039 	-0.16806 	-0.10321 	-0.13323 	0.28069 	0.00000 	0.37942 	-0.13549 	-0.19339 	0.03484 	-0.21906 	0.25848 	0.02035 	-0.05564 	-0.03417 	-0.04411 	-0.13602 	0.00000 	0.37375 	-0.04485 	-0.06402 	0.02005 	-0.07252 	0.08557 	0.00071 	0.02135	0.02875
Replication229	 0.00060	0.99521	0.94980 	0.95805 	0.97179 	0.95535 	0.96470 	0.98691 	0.94940 	0.95875 	0.97391 	0.95346 	0.97000 	0.97121 	-0.17678 	-0.18606 	-0.12949 	0.29436 	0.00000 	0.39693 	-0.19021 	-0.11847 	0.03483 	-0.14471 	0.21395 	0.02045 	-0.05854 	-0.06161 	-0.04288 	-0.13608 	0.00000 	0.39108 	-0.06299 	-0.03923 	0.01955 	-0.04792 	0.07085 	0.00017 	0.01480	0.03239
Replication230	 -1.42925	0.99526	0.95066 	0.95703 	0.96890 	0.95517 	0.96447 	0.98620 	0.95262 	0.95939 	0.97445 	0.95683 	0.97697 	0.97126 	-0.16590 	-0.20129 	-0.21763 	0.29238 	0.01298 	0.40897 	-0.19130 	-0.20706 	0.03434 	-0.11302 	0.33722 	0.02034 	-0.05493 	-0.06665 	-0.07206 	-0.13359 	0.00430 	0.40318 	-0.06334 	-0.06856 	0.01922 	-0.03742 	0.11166 	0.00026 	0.01004	0.04206
Replication231	 0.00574	0.99527	0.95690 	0.96123 	0.97112 	0.95948 	0.96746 	0.98699 	0.94426 	0.95575 	0.97270 	0.94864 	0.96813 	0.96971 	-0.10932 	-0.16963 	-0.17551 	0.28554 	0.00000 	0.39544 	-0.22096 	-0.10277 	0.03564 	-0.18705 	0.24577 	0.02072 	-0.03620 	-0.05617 	-0.05812 	-0.13923 	0.00000 	0.38967 	-0.07316 	-0.03403 	0.02056 	-0.06194 	0.08138 	0.00070 	0.01787	0.03347
Replication232	 -1.36199	0.99575	0.96402 	0.96960 	0.97558 	0.96696 	0.97342 	0.98972 	0.95053 	0.95851 	0.97581 	0.95133 	0.97127 	0.97287 	-0.10845 	-0.08084 	-0.16962 	0.25295 	0.00000 	0.34854 	-0.15941 	-0.13466 	0.03253 	-0.21586 	0.23464 	0.01885 	-0.03588 	-0.02674 	-0.05611 	-0.12829 	0.00000 	0.34336 	-0.05273 	-0.04455 	0.01899 	-0.07141 	0.07762 	0.00088 	0.01867	0.02515
Replication233	 0.03028	0.99451	0.95939 	0.96236 	0.96925 	0.95996 	0.96876 	0.98455 	0.91972 	0.93339 	0.96053 	0.92401 	0.93864 	0.95707 	-0.04278 	-0.10621 	-0.10022 	0.31879 	0.03017 	0.43761 	-0.20703 	-0.17567 	0.04602 	-0.19933 	0.02495 	0.02568 	-0.01419 	-0.03522 	-0.03323 	-0.17388 	0.01001 	0.43092 	-0.06866 	-0.05826 	0.02853 	-0.06610 	0.00827 	0.00246 	0.05199	0.03065
Replication234	 0.01123	0.99512	0.95981 	0.96516 	0.97397 	0.96236 	0.97010 	0.98763 	0.93877 	0.94904 	0.96949 	0.94204 	0.95522 	0.96669 	-0.09067 	-0.10960 	-0.09172 	0.28809 	0.00000 	0.38473 	-0.17016 	-0.14450 	0.03830 	-0.16262 	0.06784 	0.02184 	-0.03003 	-0.03630 	-0.03038 	-0.15011 	0.00000 	0.37877 	-0.05636 	-0.04786 	0.02275 	-0.05386 	0.02247 	0.00119 	0.03154	0.02028
Replication235	 -1.50483	0.99606	0.95172 	0.96438 	0.97721 	0.96057 	0.96952 	0.99058 	0.96998 	0.97257 	0.98249 	0.97059 	0.98511 	0.98026 	-0.25345 	-0.13121 	-0.13679 	0.24842 	0.01001 	0.33378 	-0.09636 	-0.14909 	0.02700 	-0.10278 	0.23762 	0.01624 	-0.08379 	-0.04338 	-0.04522 	-0.10525 	0.00331 	0.32898 	-0.03186 	-0.04929 	0.01445 	-0.03398 	0.07856 	-0.00043 	0.00340	0.03210
Replication236	 -1.45091	0.99550	0.95734 	0.96183 	0.97070 	0.96024 	0.96782 	0.98758 	0.95825 	0.96128 	0.97607 	0.95966 	0.97881 	0.97294 	-0.12563 	-0.16762 	-0.23715 	0.27396 	0.00000 	0.38531 	-0.12941 	-0.24605 	0.03273 	-0.11163 	0.31457 	0.01937 	-0.04158 	-0.05548 	-0.07849 	-0.12983 	0.00000 	0.37983 	-0.04283 	-0.08143 	0.01840 	-0.03695 	0.10411 	0.00034 	0.00844	0.03607
Replication237	 -1.51271	0.99644	0.96078 	0.96807 	0.97726 	0.96604 	0.97294 	0.99159 	0.97194 	0.97694 	0.98503 	0.97442 	0.99131 	0.98277 	-0.17910 	-0.14438 	-0.21381 	0.22362 	0.00000 	0.31625 	-0.14692 	-0.09931 	0.02449 	-0.11097 	0.31319 	0.01478 	-0.05916 	-0.04770 	-0.07063 	-0.09629 	0.00000 	0.31190 	-0.04853 	-0.03281 	0.01313 	-0.03666 	0.10346 	-0.00030 	0.00217	0.03641
Replication238	 0.01771	0.99431	0.95463 	0.95598 	0.96360 	0.95448 	0.96262 	0.98266 	0.93229 	0.94019 	0.96223 	0.93270 	0.94927 	0.95881 	-0.04771 	-0.16284 	-0.22316 	0.33585 	0.00000 	0.46997 	-0.13613 	-0.18363 	0.04506 	-0.20419 	0.11215 	0.02565 	-0.01583 	-0.05402 	-0.07403 	-0.17504 	0.00000 	0.46303 	-0.04516 	-0.06092 	0.02692 	-0.06774 	0.03721 	0.00157 	0.03101	0.03598
Replication239	 -1.54971	0.99803	0.98012 	0.98693 	0.99358 	0.98489 	0.98926 	1.00032 	0.99206 	0.99119 	0.99723 	0.98909 	1.00307 	0.99572 	-0.14088 	-0.06753 	-0.07463 	0.12479 	0.00000 	0.16629 	-0.02717 	-0.11222 	0.01276 	-0.12974 	0.23976 	0.00796 	-0.04639 	-0.02224 	-0.02457 	-0.05208 	0.00000 	0.16389 	-0.00895 	-0.03695 	0.00648 	-0.04272 	0.07895 	-0.00037 	0.00060	0.01504
Replication240	 -1.45396	0.99593	0.95751 	0.96793 	0.97762 	0.96418 	0.97198 	0.99070 	0.96099 	0.96762 	0.97970 	0.96360 	0.97596 	0.97753 	-0.19714 	-0.09038 	-0.13314 	0.24893 	0.00394 	0.33186 	-0.13702 	-0.10159 	0.02931 	-0.11411 	0.15156 	0.01723 	-0.06519 	-0.02989 	-0.04403 	-0.11621 	0.00130 	0.32690 	-0.04531 	-0.03359 	0.01635 	-0.03773 	0.05012 	0.00003 	0.00946	0.02275
Replication241	 -1.51508	0.99690	0.97119 	0.97628 	0.98405 	0.97463 	0.98040 	0.99489 	0.97449 	0.97758 	0.98787 	0.97684 	0.99179 	0.98565 	-0.12108 	-0.11891 	-0.13574 	0.19055 	0.00000 	0.25969 	-0.12318 	-0.18347 	0.02162 	-0.07053 	0.27154 	0.01304 	-0.03996 	-0.03925 	-0.04480 	-0.08811 	0.00000 	0.25590 	-0.04065 	-0.06055 	0.01173 	-0.02328 	0.08962 	-0.00009 	0.00352	0.02055
Replication242	 -1.48745	0.99630	0.96712 	0.97260 	0.97856 	0.97037 	0.97635 	0.99203 	0.96633 	0.97016 	0.98203 	0.96638 	0.98192 	0.97966 	-0.12196 	-0.09121 	-0.19229 	0.22371 	0.00000 	0.30890 	-0.10319 	-0.13594 	0.02697 	-0.14325 	0.21844 	0.01590 	-0.04030 	-0.03014 	-0.06354 	-0.10895 	0.00000 	0.30438 	-0.03410 	-0.04492 	0.01517 	-0.04734 	0.07218 	0.00022 	0.00609	0.02267
Replication243	 -1.37530	0.99639	0.96811 	0.97443 	0.98332 	0.97193 	0.97848 	0.99339 	0.96056 	0.96556 	0.98231 	0.96227 	0.98111 	0.97953 	-0.11707 	-0.10165 	-0.06277 	0.21728 	0.00000 	0.28561 	-0.14573 	-0.23183 	0.02662 	-0.13822 	0.27027 	0.01574 	-0.03868 	-0.03358 	-0.02074 	-0.10702 	0.00000 	0.28120 	-0.04815 	-0.07659 	0.01511 	-0.04567 	0.08929 	0.00046 	0.01824	0.01564
Replication244	 -1.48899	0.99623	0.96460 	0.97031 	0.97954 	0.96830 	0.97521 	0.99206 	0.96970 	0.97083 	0.98257 	0.97013 	0.98258 	0.98028 	-0.13075 	-0.13644 	-0.14246 	0.22951 	0.00000 	0.30845 	-0.07416 	-0.20921 	0.02667 	-0.07107 	0.18980 	0.01587 	-0.04321 	-0.04509 	-0.04708 	-0.10873 	0.00000 	0.30385 	-0.02451 	-0.06914 	0.01467 	-0.02349 	0.06273 	-0.00007 	0.00621	0.01992
Replication245	 0.00941	0.99470	0.94218 	0.95461 	0.96750 	0.95011 	0.96005 	0.98439 	0.94059 	0.95058 	0.96877 	0.94503 	0.96270 	0.96565 	-0.22931 	-0.12741 	-0.15166 	0.32479 	0.00000 	0.44016 	-0.20228 	-0.15813 	0.03951 	-0.15073 	0.21330 	0.02301 	-0.07601 	-0.04223 	-0.05028 	-0.15134 	0.00000 	0.43369 	-0.06705 	-0.05242 	0.02261 	-0.04997 	0.07071 	0.00057 	0.02126	0.03828
Replication246	 -1.47412	0.99657	0.96579 	0.97285 	0.98149 	0.97062 	0.97801 	0.99325 	0.96439 	0.97313 	0.98469 	0.96879 	0.98637 	0.98236 	-0.15713 	-0.11953 	-0.13819 	0.21085 	0.02321 	0.28784 	-0.19776 	-0.09346 	0.02453 	-0.13243 	0.28466 	0.01460 	-0.05189 	-0.03948 	-0.04564 	-0.09681 	0.00766 	0.28366 	-0.06531 	-0.03087 	0.01361 	-0.04374 	0.09401 	0.00010 	0.00717	0.02531
Replication247	 -1.47540	0.99686	0.97468 	0.97718 	0.98555 	0.97631 	0.98204 	0.99526 	0.96960 	0.97546 	0.98685 	0.97241 	0.98657 	0.98478 	-0.07231 	-0.14501 	-0.09129 	0.19000 	0.00000 	0.25350 	-0.14378 	-0.12780 	0.02245 	-0.10487 	0.21390 	0.01336 	-0.02387 	-0.04786 	-0.03013 	-0.09242 	0.00000 	0.24967 	-0.04746 	-0.04218 	0.01243 	-0.03462 	0.07060 	0.00005 	0.00815	0.01421
Replication248	 0.02214	0.99383	0.93728 	0.94651 	0.96225 	0.94297 	0.95432 	0.98057 	0.92786 	0.93691 	0.96034 	0.93023 	0.94833 	0.95674 	-0.17715 	-0.19994 	-0.12162 	0.37421 	0.00000 	0.50593 	-0.17208 	-0.22026 	0.04725 	-0.18371 	0.15513 	0.02722 	-0.05883 	-0.06640 	-0.04039 	-0.18008 	0.00000 	0.49840 	-0.05714 	-0.07314 	0.02757 	-0.06101 	0.05151 	0.00110 	0.03497	0.04159
Replication249	 0.00313	0.99519	0.94687 	0.95614 	0.96947 	0.95339 	0.96382 	0.98627 	0.95632 	0.96100 	0.97454 	0.95746 	0.97455 	0.97176 	-0.21119 	-0.19162 	-0.19238 	0.29778 	0.02483 	0.40784 	-0.12796 	-0.16477 	0.03437 	-0.13747 	0.24885 	0.02034 	-0.06994 	-0.06346 	-0.06371 	-0.13383 	0.00822 	0.40198 	-0.04238 	-0.05457 	0.01905 	-0.04553 	0.08241 	-0.00001 	0.00862	0.03825