
Replication	FitnessValue	Frequency	Bus1	Bus2	Bus3	Bus4	Bus5	Bus6	Bus7	Bus8	Bus9	Bus10	Bus11	Bus12	Bus1_P	Bus2_P	Bus3_P	Bus4_P	Bus5_P	Bus6_P	Bus7_P	Bus8_P	Bus9_P	Bus10_P	Bus11_P	Bus12_P	Bus1_Q	Bus2_Q	Bus3_Q	Bus4_Q	Bus5_Q	Bus6_Q	Bus7_Q	Bus8_Q	Bus9_Q	Bus10_Q	Bus11_Q	Bus12_Q	PLoss	QLoss
Replication0	 0.06274	0.97181	0.92394 	0.93906 	0.94406 	0.93694 	0.93868 	0.95081 	0.90745 	0.91424 	0.94329 	0.88726 	0.92753 	0.94070 	-0.24825 	0.00000 	0.00000 	0.08960 	0.00000 	0.25399 	0.00000 	0.00000 	0.25232 	-0.72407 	0.23167 	0.17714 	-0.08615 	0.00000 	0.00000 	0.01701 	0.00000 	0.18566 	0.00000 	0.00000 	0.02306 	-0.25127 	0.08040 	0.09789 	0.03240	0.06660
Replication1	 0.21909	0.93005	0.79791 	0.78073 	0.81349 	0.80148 	0.80771 	0.83798 	0.73279 	0.74892 	0.82194 	0.73091 	0.77249 	0.81580 	0.00000 	-0.84007 	-0.09241 	0.24218 	0.02943 	0.72365 	-0.21135 	-0.63010 	0.67262 	-0.38536 	0.10986 	0.48372 	0.00000 	-0.31699 	-0.03487 	0.06207 	0.01110 	0.55409 	-0.07975 	-0.23776 	0.10374 	-0.14541 	0.04146 	0.28707 	0.10217	0.24474
Replication2	 0.03725	0.97140	0.92864 	0.92583 	0.91275 	0.93047 	0.92648 	0.93645 	0.92299 	0.93237 	0.93832 	0.93135 	0.93966 	0.93699 	-0.08035 	-0.06064 	-0.68154 	0.09484 	0.00000 	0.30783 	-0.19332 	-0.03423 	0.26426 	0.00000 	0.16575 	0.18509 	-0.02791 	-0.02106 	-0.23671 	0.02120 	0.00000 	0.23850 	-0.06714 	-0.01189 	0.03167 	0.00000 	0.05757 	0.10468 	0.03232	0.08890
Replication3	 0.01071	0.98429	0.95743 	0.96129 	0.96812 	0.96250 	0.96453 	0.97374 	0.94210 	0.96404 	0.97431 	0.96065 	0.97556 	0.97299 	-0.11949 	-0.14205 	-0.06345 	0.05488 	0.00000 	0.15371 	-0.42602 	0.00000 	0.13755 	0.00000 	0.30974 	0.09553 	-0.04044 	-0.04808 	-0.02148 	0.01442 	0.00000 	0.11563 	-0.14419 	0.00000 	0.00977 	0.00000 	0.10484 	0.05136 	0.00040	0.04183
Replication4	 0.11824	0.96119	0.92349 	0.92588 	0.92034 	0.92844 	0.92543 	0.93043 	0.84133 	0.85812 	0.91197 	0.83176 	0.88055 	0.90708 	-0.03297 	0.00000 	-0.06955 	0.10946 	0.00000 	0.34255 	-0.20120 	-0.32672 	0.36014 	-0.63734 	0.27789 	0.25879 	-0.01169 	0.00000 	-0.02466 	0.00954 	0.00000 	0.24848 	-0.07132 	-0.11582 	0.04454 	-0.22593 	0.09851 	0.14969 	0.08106	0.10133
Replication5	 0.02875	0.97918	0.96228 	0.96128 	0.95366 	0.96349 	0.96087 	0.96463 	0.92125 	0.94394 	0.96045 	0.93659 	0.95504 	0.95855 	-0.02276 	0.00000 	-0.28738 	0.06073 	0.00000 	0.19373 	-0.40120 	-0.02130 	0.18692 	-0.10629 	0.26848 	0.13135 	-0.00778 	0.00000 	-0.09827 	0.00714 	0.00000 	0.14327 	-0.13719 	-0.00728 	0.01765 	-0.03634 	0.09180 	0.07284 	0.00228	0.04583
Replication6	 0.08465	0.95858	0.86535 	0.86824 	0.86956 	0.87495 	0.87585 	0.89959 	0.90102 	0.89536 	0.90571 	0.89938 	0.91171 	0.90366 	-0.24538 	-0.29482 	-0.69113 	0.15185 	0.01555 	0.46027 	0.00000 	-0.31024 	0.38369 	0.00000 	0.22700 	0.26926 	-0.08744 	-0.10506 	-0.24628 	0.04520 	0.00554 	0.35986 	0.00000 	-0.11055 	0.04685 	0.00000 	0.08089 	0.15282 	0.03395	0.14183
Replication7	 0.01687	0.97813	0.94150 	0.93325 	0.95182 	0.94098 	0.94533 	0.95876 	0.94101 	0.95387 	0.96177 	0.94991 	0.96144 	0.96097 	0.00000 	-0.47975 	-0.02534 	0.07851 	0.00000 	0.21682 	-0.24187 	0.00000 	0.18848 	-0.06250 	0.19007 	0.12805 	0.00000 	-0.16440 	-0.00868 	0.02220 	0.00000 	0.16381 	-0.08288 	0.00000 	0.01063 	-0.02142 	0.06513 	0.06657 	0.00754	0.05097
Replication8	 0.13051	0.95141	0.81949 	0.84886 	0.87542 	0.84790 	0.85630 	0.89195 	0.85263 	0.85796 	0.88937 	0.83728 	0.86738 	0.88698 	-0.51414 	-0.28026 	-0.06137 	0.18081 	0.00594 	0.49733 	0.00000 	-0.12888 	0.44657 	-0.51879 	0.08500 	0.31243 	-0.18586 	-0.10131 	-0.02219 	0.05571 	0.00215 	0.37955 	0.00000 	-0.04659 	0.05144 	-0.18754 	0.03073 	0.17584 	0.02464	0.15192
Replication9	 0.02604	0.97375	0.93260 	0.92396 	0.94113 	0.93221 	0.93605 	0.95017 	0.93359 	0.93948 	0.95236 	0.94039 	0.95347 	0.95087 	0.00000 	-0.47720 	-0.07854 	0.09055 	0.00000 	0.25402 	-0.17667 	-0.23430 	0.22571 	0.00000 	0.23494 	0.15424 	0.00000 	-0.16496 	-0.02715 	0.02296 	0.00000 	0.19040 	-0.06107 	-0.08099 	0.01224 	0.00000 	0.08121 	0.08045 	0.00726	0.05309
Replication10	 0.15106	0.95895	0.79894 	0.84781 	0.86232 	0.83969 	0.84753 	0.88966 	0.87930 	0.88873 	0.89766 	0.88249 	0.89720 	0.89638 	-0.77883 	0.00000 	-0.48829 	0.17710 	0.02097 	0.49671 	-0.15663 	0.00000 	0.39878 	-0.14364 	0.18367 	0.28317 	-0.27733 	0.00000 	-0.17387 	0.07141 	0.00747 	0.39721 	-0.05577 	0.00000 	0.06496 	-0.05115 	0.06540 	0.16777 	0.00699	0.21611
Replication11	 0.04593	0.97116	0.94728 	0.94351 	0.93269 	0.94751 	0.94431 	0.94808 	0.90407 	0.92184 	0.94157 	0.90958 	0.92797 	0.93970 	0.00000 	-0.02721 	-0.39823 	0.08272 	0.01648 	0.26492 	-0.25649 	0.00000 	0.25851 	-0.24845 	0.12750 	0.18004 	0.00000 	-0.00946 	-0.13838 	0.00847 	0.00573 	0.19502 	-0.08912 	0.00000 	0.02400 	-0.08633 	0.04430 	0.09897 	0.00023	0.05320
Replication12	 0.17543	0.93905	0.80468 	0.82716 	0.85089 	0.82985 	0.83697 	0.86859 	0.77457 	0.79002 	0.85458 	0.77905 	0.81838 	0.84889 	-0.40173 	-0.32318 	0.00000 	0.20990 	0.02595 	0.59907 	-0.27019 	-0.68088 	0.56866 	-0.27479 	0.22696 	0.40540 	-0.14887 	-0.11977 	0.00000 	0.05296 	0.00961 	0.45132 	-0.10013 	-0.25232 	0.07297 	-0.10183 	0.08411 	0.23405 	0.08516	0.18211
Replication13	 0.05115	0.97065	0.91573 	0.90222 	0.89885 	0.91277 	0.91081 	0.92552 	0.93733 	0.93409 	0.93333 	0.93638 	0.94344 	0.93227 	0.00000 	-0.36071 	-0.72190 	0.10872 	0.00000 	0.34934 	0.00000 	-0.07678 	0.27761 	0.00000 	0.18819 	0.19553 	0.00000 	-0.12547 	-0.25111 	0.03314 	0.00000 	0.27818 	0.00000 	-0.02671 	0.03889 	0.00000 	0.06546 	0.11300 	0.04000	0.12539
Replication14	 0.00883	0.98617	0.98499 	0.98542 	0.98407 	0.98613 	0.98535 	0.98647 	0.94597 	0.96632 	0.98020 	0.96150 	0.96647 	0.97939 	0.00000 	0.00000 	0.00000 	0.03522 	0.00000 	0.10414 	-0.33911 	0.00000 	0.11775 	0.00000 	0.01831 	0.08019 	0.00000 	0.00000 	0.00000 	-0.00039 	0.00000 	0.07061 	-0.11435 	0.00000 	0.00526 	0.00000 	0.00618 	0.04131 	0.01650	0.00862
Replication15	 0.02891	0.97642	0.95945 	0.95701 	0.94778 	0.95984 	0.95659 	0.95991 	0.92316 	0.93566 	0.95445 	0.92109 	0.94651 	0.95244 	0.00000 	0.00000 	-0.31736 	0.06695 	0.00000 	0.21463 	-0.17545 	0.00000 	0.21056 	-0.37190 	0.22793 	0.14738 	0.00000 	0.00000 	-0.10912 	0.00623 	0.00000 	0.15747 	-0.06033 	0.00000 	0.01877 	-0.12788 	0.07837 	0.08109 	0.00273	0.04460
Replication16	 0.10577	0.95341	0.86304 	0.84491 	0.85807 	0.86135 	0.86432 	0.88681 	0.84423 	0.87290 	0.88969 	0.86720 	0.88037 	0.88780 	0.00000 	-0.66083 	-0.55264 	0.16842 	0.03292 	0.51398 	-0.45089 	0.00000 	0.43777 	0.00000 	0.18875 	0.30800 	0.00000 	-0.23794 	-0.19898 	0.04847 	0.01185 	0.40105 	-0.16235 	0.00000 	0.05890 	0.00000 	0.06796 	0.17703 	0.01452	0.16600
Replication17	 0.10655	0.97040	0.84345 	0.86809 	0.89079 	0.86805 	0.87585 	0.91297 	0.93561 	0.93245 	0.92806 	0.93291 	0.94419 	0.92741 	-0.54594 	-0.32184 	-0.40351 	0.14167 	0.00000 	0.39625 	0.00000 	0.00000 	0.28952 	-0.06215 	0.27801 	0.20551 	-0.18999 	-0.11200 	-0.14043 	0.06545 	0.00000 	0.32449 	0.00000 	0.00000 	0.04877 	-0.02163 	0.09675 	0.12229 	0.02248	0.19370
Replication18	 0.06795	0.96227	0.92507 	0.91910 	0.91548 	0.92564 	0.92547 	0.93154 	0.89252 	0.89402 	0.92309 	0.88205 	0.90548 	0.92047 	0.00000 	-0.18813 	-0.32642 	0.11013 	0.04915 	0.33715 	0.00000 	-0.27015 	0.33282 	-0.35721 	0.09098 	0.23072 	0.00000 	-0.06655 	-0.11546 	0.01297 	0.01738 	0.24568 	0.00000 	-0.09556 	0.02595 	-0.12635 	0.03218 	0.12464 	0.00904	0.05488
Replication19	 0.05747	0.97064	0.93973 	0.93618 	0.94384 	0.94122 	0.94227 	0.95059 	0.89253 	0.91514 	0.94290 	0.89636 	0.92525 	0.94063 	0.00000 	-0.24783 	0.00000 	0.08797 	0.00000 	0.25622 	-0.30981 	0.00000 	0.25787 	-0.40370 	0.20739 	0.17892 	0.00000 	-0.08620 	0.00000 	0.01239 	0.00000 	0.18507 	-0.10776 	0.00000 	0.01914 	-0.14042 	0.07214 	0.09639 	0.02702	0.05074
Replication20	 0.05624	0.96389	0.91455 	0.91696 	0.90424 	0.91997 	0.91609 	0.92675 	0.90297 	0.90072 	0.92322 	0.89376 	0.91967 	0.92034 	-0.12556 	0.00000 	-0.57827 	0.11217 	0.00000 	0.35294 	0.00000 	-0.30504 	0.32597 	-0.28491 	0.26164 	0.22870 	-0.04427 	0.00000 	-0.20388 	0.01919 	0.00000 	0.26541 	0.00000 	-0.10755 	0.03228 	-0.10045 	0.09225 	0.12718 	0.01236	0.08014
Replication21	 0.00357	0.99143	0.98557 	0.98173 	0.97223 	0.98413 	0.98130 	0.98362 	0.98942 	0.98786 	0.98661 	0.98708 	0.99509 	0.98591 	0.00000 	0.00000 	-0.41051 	0.02991 	0.00000 	0.10837 	0.00000 	0.00000 	0.08311 	-0.07087 	0.17750 	0.05985 	0.00000 	0.00000 	-0.13697 	0.00784 	0.00000 	0.08760 	0.00000 	0.00000 	0.01343 	-0.02365 	0.05923 	0.03576 	0.02263	0.04324
Replication22	 0.02036	0.97853	0.94953 	0.95756 	0.95691 	0.95706 	0.95820 	0.96522 	0.93724 	0.94480 	0.96175 	0.92964 	0.95659 	0.95996 	-0.16490 	0.00000 	-0.15689 	0.06627 	0.02573 	0.19235 	-0.08956 	0.00000 	0.18691 	-0.42889 	0.24387 	0.12949 	-0.05646 	0.00000 	-0.05372 	0.01098 	0.00881 	0.14030 	-0.03067 	0.00000 	0.01228 	-0.14685 	0.08350 	0.06913 	0.00437	0.03731
Replication23	 0.00952	0.98548	0.96911 	0.96409 	0.97493 	0.96883 	0.97282 	0.97867 	0.96874 	0.96915 	0.97925 	0.95959 	0.98144 	0.97803 	0.00000 	-0.30094 	0.00000 	0.04873 	0.03720 	0.13395 	0.00000 	-0.04237 	0.12251 	-0.33459 	0.25202 	0.08386 	0.00000 	-0.10162 	0.00000 	0.01134 	0.01256 	0.09875 	0.00000 	-0.01431 	0.00442 	-0.11298 	0.08510 	0.04304 	0.00037	0.02631
Replication24	 0.21796	0.94504	0.87105 	0.86745 	0.84695 	0.87493 	0.86621 	0.87400 	0.73204 	0.77273 	0.84810 	0.73861 	0.79451 	0.84101 	0.00000 	0.00000 	-0.47362 	0.16930 	0.00000 	0.57170 	-0.45053 	-0.31277 	0.55765 	-0.59425 	0.24075 	0.41262 	0.00000 	0.00000 	-0.17342 	0.02779 	0.00000 	0.43848 	-0.16496 	-0.11452 	0.11070 	-0.21758 	0.08815 	0.25812 	0.12083	0.25275
Replication25	 0.25856	0.93427	0.83914 	0.83490 	0.83388 	0.84531 	0.84113 	0.85466 	0.69144 	0.71926 	0.82168 	0.70613 	0.75468 	0.81236 	0.00000 	-0.24989 	-0.09803 	0.20478 	0.00000 	0.65660 	-0.40677 	-0.96918 	0.65600 	-0.25254 	0.17375 	0.48461 	0.00000 	-0.09350 	-0.03668 	0.03552 	0.00000 	0.49726 	-0.15220 	-0.36263 	0.12142 	-0.09449 	0.06501 	0.29982 	0.19933	0.27953
Replication26	 -1.43664	1.00051	0.97709 	0.99049 	0.99982 	0.98708 	0.99101 	1.00130 	1.01414 	1.01343 	1.00864 	1.01533 	1.02409 	1.00828 	-0.26223 	-0.03117 	0.00000 	0.01607 	0.00000 	0.03168 	-0.05399 	0.00000 	0.00073 	0.00000 	0.28666 	0.00269 	-0.08592 	-0.01021 	0.00000 	0.01738 	0.00000 	0.03292 	-0.01769 	0.00000 	0.00488 	0.00000 	0.09393 	0.00413 	0.00956	0.03940
Replication27	 0.09982	0.96203	0.93124 	0.93056 	0.92269 	0.93390 	0.93033 	0.93463 	0.85018 	0.87392 	0.91918 	0.87148 	0.89392 	0.91504 	0.00000 	-0.00820 	-0.17557 	0.10441 	0.00000 	0.32597 	-0.44774 	-0.54001 	0.34187 	0.00000 	0.21108 	0.24183 	0.00000 	-0.00290 	-0.06213 	0.00663 	0.00000 	0.23392 	-0.15845 	-0.19111 	0.03306 	0.00000 	0.07470 	0.13508 	0.05363	0.06879
Replication28	 0.03149	0.97583	0.95636 	0.95440 	0.95940 	0.95779 	0.95844 	0.96446 	0.91851 	0.93443 	0.95818 	0.92842 	0.94775 	0.95606 	-0.00331 	-0.16825 	0.00000 	0.06921 	0.00000 	0.19844 	-0.30137 	-0.21494 	0.20524 	-0.12453 	0.21796 	0.14102 	-0.00114 	-0.05792 	0.00000 	0.00698 	0.00000 	0.13985 	-0.10375 	-0.07399 	0.00868 	-0.04287 	0.07503 	0.07307 	0.01945	0.02393
Replication29	 0.14086	0.96246	0.80914 	0.86259 	0.88704 	0.85210 	0.86205 	0.90374 	0.85873 	0.88754 	0.90725 	0.88007 	0.89943 	0.90537 	-0.79056 	0.00000 	-0.12276 	0.16352 	0.00599 	0.44013 	-0.46992 	-0.03419 	0.36473 	-0.06507 	0.27298 	0.26039 	-0.27953 	0.00000 	-0.04341 	0.06687 	0.00212 	0.34913 	-0.16616 	-0.01209 	0.05945 	-0.02301 	0.09652 	0.15487 	0.02524	0.20478
Replication30	 0.06000	0.96613	0.89000 	0.91158 	0.91499 	0.90862 	0.91084 	0.93144 	0.90567 	0.91809 	0.93136 	0.91590 	0.92258 	0.93013 	-0.39792 	0.00000 	-0.31392 	0.11756 	0.00000 	0.33282 	-0.22173 	-0.10153 	0.30005 	0.00000 	0.06552 	0.20610 	-0.13967 	0.00000 	-0.11019 	0.03036 	0.00000 	0.25072 	-0.07783 	-0.03564 	0.02462 	0.00000 	0.02300 	0.11089 	0.01306	0.07627
Replication31	 -1.52473	1.00326	1.01040 	1.00903 	1.01245 	1.00987 	1.01086 	1.01234 	1.02047 	1.01641 	1.01586 	1.01928 	1.02821 	1.01518 	0.00000 	-0.07959 	0.00000 	-0.00411 	0.00000 	-0.01266 	0.00000 	-0.12282 	-0.02537 	0.00000 	0.25607 	-0.01488 	0.00000 	-0.02594 	0.00000 	0.00430 	0.00000 	-0.00475 	0.00000 	-0.04002 	0.00117 	0.00000 	0.08345 	-0.00570 	0.00336	0.01250
Replication32	 0.07482	0.96165	0.87518 	0.87569 	0.89196 	0.88336 	0.88741 	0.91228 	0.88877 	0.90710 	0.91714 	0.90376 	0.91338 	0.91598 	-0.19822 	-0.45634 	-0.34938 	0.14177 	0.00000 	0.40942 	-0.31620 	0.00000 	0.34762 	0.00000 	0.15986 	0.24049 	-0.07020 	-0.16162 	-0.12374 	0.04302 	0.00000 	0.31646 	-0.11199 	0.00000 	0.03573 	0.00000 	0.05662 	0.13267 	0.02097	0.11697
Replication33	 0.04313	0.96568	0.90687 	0.90994 	0.91350 	0.91393 	0.91477 	0.93085 	0.91949 	0.91169 	0.93136 	0.91721 	0.93426 	0.92869 	-0.16385 	-0.20958 	-0.35639 	0.11427 	0.00000 	0.33554 	0.00000 	-0.52427 	0.30188 	0.00000 	0.27944 	0.20961 	-0.05756 	-0.07363 	-0.12521 	0.02590 	0.00000 	0.25235 	0.00000 	-0.18418 	0.02277 	0.00000 	0.09817 	0.11313 	0.01334	0.07174
Replication34	 0.10980	0.95174	0.87410 	0.88240 	0.86995 	0.88513 	0.88128 	0.89759 	0.85253 	0.85549 	0.89008 	0.84020 	0.87422 	0.88635 	-0.21863 	0.00000 	-0.61369 	0.15323 	0.00000 	0.47598 	-0.03298 	-0.29708 	0.44379 	-0.44019 	0.21937 	0.31321 	-0.07898 	0.00000 	-0.22171 	0.02896 	0.00000 	0.35899 	-0.01191 	-0.10733 	0.05129 	-0.15903 	0.07925 	0.17754 	0.00302	0.11708
Replication35	 0.10161	0.95967	0.92657 	0.92518 	0.92060 	0.92944 	0.92854 	0.93140 	0.84839 	0.86121 	0.91428 	0.85820 	0.89009 	0.90922 	0.00000 	-0.07307 	-0.10796 	0.11070 	0.04578 	0.34081 	-0.30686 	-0.72893 	0.36157 	-0.12103 	0.29133 	0.25670 	0.00000 	-0.02598 	-0.03839 	0.00685 	0.01628 	0.24304 	-0.10911 	-0.25919 	0.03359 	-0.04303 	0.10359 	0.14332 	0.06903	0.07097
Replication36	 0.13949	0.95534	0.81051 	0.82599 	0.86280 	0.83248 	0.84281 	0.88383 	0.84180 	0.87334 	0.89104 	0.86664 	0.88523 	0.88923 	-0.42792 	-0.59459 	-0.17805 	0.18701 	0.00825 	0.52274 	-0.50523 	0.00000 	0.42716 	-0.02574 	0.29148 	0.30245 	-0.15348 	-0.21326 	-0.06386 	0.07201 	0.00296 	0.41447 	-0.18121 	0.00000 	0.06394 	-0.00923 	0.10455 	0.17689 	0.00756	0.21376
Replication37	 0.07367	0.96647	0.94476 	0.94599 	0.94234 	0.94798 	0.94576 	0.94871 	0.88901 	0.88456 	0.93305 	0.87633 	0.91416 	0.92837 	0.00000 	0.00000 	0.00000 	0.08842 	0.00000 	0.26827 	0.00000 	-0.71438 	0.29519 	-0.37129 	0.29129 	0.20913 	0.00000 	0.00000 	0.00000 	0.00208 	0.00000 	0.18698 	0.00000 	-0.25058 	0.02248 	-0.13023 	0.10217 	0.11486 	0.06663	0.04776
Replication38	 0.10673	0.95054	0.87197 	0.87336 	0.88016 	0.88013 	0.88190 	0.90022 	0.84630 	0.85393 	0.89276 	0.84327 	0.87467 	0.88900 	-0.14776 	-0.30500 	-0.29823 	0.15842 	0.02071 	0.46766 	-0.14458 	-0.40852 	0.44312 	-0.30804 	0.22934 	0.30964 	-0.05351 	-0.11045 	-0.10800 	0.03108 	0.00750 	0.34777 	-0.05236 	-0.14794 	0.04090 	-0.11155 	0.08305 	0.17060 	0.01675	0.09710
Replication39	 0.01395	0.98105	0.95230 	0.95990 	0.95869 	0.95935 	0.95949 	0.96826 	0.96247 	0.95666 	0.96849 	0.96078 	0.97347 	0.96669 	-0.16808 	0.00000 	-0.22860 	0.06134 	0.00000 	0.17800 	0.00000 	-0.36775 	0.16273 	0.00000 	0.24022 	0.11258 	-0.05726 	0.00000 	-0.07788 	0.01256 	0.00000 	0.13208 	0.00000 	-0.12528 	0.00865 	0.00000 	0.08183 	0.05931 	0.00957	0.03401
Replication40	 0.03130	0.96952	0.92279 	0.92698 	0.92186 	0.92930 	0.92852 	0.93978 	0.91870 	0.92237 	0.93917 	0.92455 	0.94095 	0.93680 	-0.15922 	-0.06442 	-0.44604 	0.09811 	0.01474 	0.29773 	-0.16317 	-0.33916 	0.27011 	0.00000 	0.28741 	0.18811 	-0.05551 	-0.02246 	-0.15550 	0.01964 	0.00514 	0.22386 	-0.05689 	-0.11824 	0.02227 	0.00000 	0.10020 	0.10244 	0.01581	0.06495
Replication41	 0.13911	0.94465	0.83595 	0.83354 	0.85266 	0.84475 	0.84842 	0.87678 	0.81089 	0.84048 	0.87243 	0.83386 	0.84352 	0.87006 	-0.16082 	-0.54237 	-0.30322 	0.19181 	0.00000 	0.56187 	-0.42319 	-0.17823 	0.50901 	0.00000 	0.00000 	0.35551 	-0.05893 	-0.19874 	-0.11111 	0.04930 	0.00000 	0.42772 	-0.15507 	-0.06531 	0.05892 	0.00000 	0.00000 	0.19992 	0.01038	0.14670
Replication42	 0.00831	0.98669	0.96256 	0.97239 	0.97517 	0.97063 	0.97216 	0.98064 	0.97712 	0.97203 	0.98177 	0.97405 	0.98907 	0.98019 	-0.19012 	0.00000 	-0.09940 	0.04586 	0.00092 	0.12518 	0.00000 	-0.29985 	0.11240 	-0.05859 	0.28127 	0.07787 	-0.06404 	0.00000 	-0.03348 	0.01159 	0.00031 	0.09292 	0.00000 	-0.10100 	0.00415 	-0.01973 	0.09475 	0.04046 	0.00445	0.02592
Replication43	 0.04446	0.96879	0.94456 	0.94217 	0.93611 	0.94576 	0.94316 	0.94819 	0.90554 	0.90953 	0.94005 	0.91219 	0.93141 	0.93681 	0.00000 	-0.05499 	-0.24945 	0.08704 	0.00000 	0.26737 	-0.18416 	-0.56142 	0.27128 	0.00000 	0.25099 	0.18911 	0.00000 	-0.01920 	-0.08709 	0.00669 	0.00000 	0.19173 	-0.06429 	-0.19601 	0.01750 	0.00000 	0.08763 	0.10139 	0.01577	0.03835
Replication44	 0.14007	0.95307	0.87254 	0.89289 	0.89770 	0.89118 	0.89227 	0.90935 	0.81602 	0.83816 	0.89204 	0.80993 	0.85164 	0.88773 	-0.30672 	0.00000 	0.00000 	0.14710 	0.00000 	0.43069 	-0.23128 	-0.22790 	0.43429 	-0.59795 	0.12208 	0.30860 	-0.11051 	0.00000 	0.00000 	0.02628 	0.00000 	0.31694 	-0.08333 	-0.08211 	0.05267 	-0.21544 	0.04399 	0.17668 	0.07890	0.12516
Replication45	 0.11487	0.95243	0.86781 	0.87107 	0.89174 	0.87782 	0.88239 	0.90461 	0.83513 	0.85532 	0.89621 	0.83547 	0.86992 	0.89288 	-0.16326 	-0.42785 	0.00000 	0.15767 	0.00000 	0.44908 	-0.26080 	-0.20004 	0.42828 	-0.43108 	0.18749 	0.29928 	-0.05890 	-0.15435 	0.00000 	0.03520 	0.00000 	0.33378 	-0.09409 	-0.07217 	0.04147 	-0.15552 	0.06764 	0.16556 	0.03876	0.10864
Replication46	 0.16054	0.95042	0.88020 	0.87280 	0.87547 	0.88250 	0.88095 	0.89502 	0.78946 	0.83220 	0.88084 	0.80875 	0.84355 	0.87666 	-0.00304 	-0.32347 	-0.25694 	0.15684 	0.00000 	0.48712 	-0.53935 	-0.09751 	0.46818 	-0.35557 	0.18442 	0.33429 	-0.00110 	-0.11717 	-0.09307 	0.02920 	0.00000 	0.36695 	-0.19536 	-0.03532 	0.06502 	-0.12879 	0.06680 	0.19492 	0.05498	0.15208
Replication47	 0.08584	0.96467	0.93316 	0.93030 	0.91764 	0.93446 	0.93023 	0.93414 	0.88248 	0.88981 	0.92242 	0.86416 	0.89882 	0.91950 	0.00000 	0.00000 	-0.37299 	0.10060 	0.01334 	0.32458 	0.00000 	-0.05153 	0.32445 	-0.64914 	0.10582 	0.22926 	0.00000 	0.00000 	-0.13130 	0.00962 	0.00470 	0.23893 	0.00000 	-0.01814 	0.03710 	-0.22851 	0.03725 	0.12992 	0.02438	0.07957
Replication48	 0.08328	0.95949	0.89838 	0.88812 	0.89819 	0.89851 	0.89973 	0.91593 	0.88322 	0.88659 	0.91311 	0.86672 	0.90262 	0.91038 	0.00000 	-0.45049 	-0.28311 	0.13350 	0.00000 	0.39849 	0.00000 	-0.10843 	0.36473 	-0.55725 	0.25123 	0.25464 	0.00000 	-0.16024 	-0.10070 	0.02918 	0.00000 	0.30029 	0.00000 	-0.03857 	0.03526 	-0.19821 	0.08936 	0.14075 	0.00330	0.09711
Replication49	 0.00302	0.99198	0.98962 	0.98851 	0.99098 	0.99000 	0.99039 	0.99287 	0.95899 	0.98088 	0.99131 	0.97743 	0.99191 	0.99003 	0.00000 	-0.08199 	0.00000 	0.02492 	0.00000 	0.07334 	-0.43167 	0.00000 	0.07117 	0.00000 	0.30324 	0.05090 	0.00000 	-0.02733 	0.00000 	0.00427 	0.00000 	0.05390 	-0.14388 	0.00000 	0.00596 	0.00000 	0.10107 	0.02836 	0.00992	0.02237
Replication50	 0.13923	0.95162	0.88126 	0.89772 	0.90038 	0.89696 	0.89718 	0.91158 	0.81077 	0.83540 	0.89292 	0.83268 	0.85491 	0.88813 	-0.24418 	0.00000 	0.00000 	0.14475 	0.00000 	0.42417 	-0.43469 	-0.66960 	0.43838 	0.00000 	0.11376 	0.30985 	-0.08824 	0.00000 	0.00000 	0.02019 	0.00000 	0.30691 	-0.15707 	-0.24196 	0.04496 	0.00000 	0.04111 	0.17385 	0.08244	0.09975
Replication51	 0.08512	0.95461	0.87417 	0.88712 	0.87900 	0.88811 	0.88607 	0.90468 	0.87416 	0.87240 	0.90036 	0.86488 	0.89022 	0.89722 	-0.28754 	0.00000 	-0.56775 	0.14736 	0.00000 	0.44617 	0.00000 	-0.35769 	0.41090 	-0.28152 	0.19416 	0.28761 	-0.10328 	0.00000 	-0.20393 	0.03048 	0.00000 	0.33614 	0.00000 	-0.12848 	0.04174 	-0.10112 	0.06974 	0.16000 	0.00829	0.10130
Replication52	 0.04109	0.97722	0.96334 	0.96258 	0.96052 	0.96476 	0.96345 	0.96662 	0.90891 	0.93499 	0.95825 	0.92628 	0.94200 	0.95638 	0.00000 	-0.04351 	-0.07111 	0.06233 	0.00000 	0.18874 	-0.42690 	-0.06719 	0.19946 	-0.10158 	0.14479 	0.13844 	0.00000 	-0.01494 	-0.02441 	0.00367 	0.00000 	0.13351 	-0.14655 	-0.02306 	0.01417 	-0.03487 	0.04970 	0.07439 	0.02346	0.03160
Replication53	 0.19021	0.94066	0.75979 	0.79516 	0.81455 	0.79561 	0.80229 	0.84729 	0.76884 	0.80836 	0.84575 	0.80078 	0.82110 	0.84224 	-0.61468 	-0.25553 	-0.44722 	0.23281 	0.01765 	0.67622 	-0.56584 	-0.20504 	0.58034 	0.00000 	0.19567 	0.41633 	-0.22705 	-0.09439 	-0.16520 	0.08001 	0.00652 	0.53237 	-0.20901 	-0.07574 	0.09774 	0.00000 	0.07228 	0.24950 	0.03070	0.26702
Replication54	 0.13892	0.94635	0.85572 	0.85818 	0.87832 	0.86587 	0.86990 	0.89260 	0.82767 	0.82841 	0.88079 	0.81108 	0.85100 	0.87629 	-0.14815 	-0.43595 	0.00000 	0.17422 	0.00000 	0.50103 	0.00000 	-0.52814 	0.48487 	-0.49863 	0.16682 	0.34078 	-0.05410 	-0.15921 	0.00000 	0.03608 	0.00000 	0.37097 	0.00000 	-0.19287 	0.04853 	-0.18210 	0.06092 	0.18994 	0.05685	0.11816
Replication55	 0.05845	0.97081	0.92975 	0.93374 	0.93055 	0.93572 	0.93459 	0.94446 	0.89155 	0.91940 	0.94021 	0.90879 	0.93089 	0.93800 	-0.12683 	-0.05583 	-0.29691 	0.09177 	0.00000 	0.27879 	-0.45334 	0.00000 	0.26274 	-0.15869 	0.27794 	0.18391 	-0.04410 	-0.01941 	-0.10324 	0.01661 	0.00000 	0.20803 	-0.15764 	0.00000 	0.02535 	-0.05518 	0.09665 	0.10185 	0.00356	0.06891
Replication56	 0.10950	0.96534	0.84050 	0.87327 	0.89180 	0.86957 	0.87740 	0.91226 	0.91401 	0.91572 	0.92123 	0.91694 	0.92646 	0.92016 	-0.60355 	-0.16198 	-0.33942 	0.14707 	0.01516 	0.40503 	-0.08676 	-0.13216 	0.32417 	-0.00395 	0.19283 	0.22701 	-0.21218 	-0.05694 	-0.11932 	0.05783 	0.00533 	0.32101 	-0.03050 	-0.04646 	0.04230 	-0.00139 	0.06779 	0.12957 	0.01657	0.15703
Replication57	 -1.39622	0.99882	0.97892 	0.98100 	0.99458 	0.98250 	0.98673 	0.99668 	1.01442 	1.01116 	1.00509 	1.01346 	1.02068 	1.00489 	-0.11968 	-0.24596 	0.00000 	0.02159 	0.00000 	0.05090 	0.00000 	0.00000 	0.01494 	0.00000 	0.25310 	0.01181 	-0.03935 	-0.08087 	0.00000 	0.01854 	0.00000 	0.04804 	0.00000 	0.00000 	0.00533 	0.00000 	0.08321 	0.00849 	0.01330	0.04339
Replication58	 0.00983	0.98517	0.95777 	0.94947 	0.95802 	0.95605 	0.95793 	0.96830 	0.97815 	0.97548 	0.97485 	0.97779 	0.98578 	0.97414 	0.00000 	-0.35268 	-0.24268 	0.05845 	0.00000 	0.17284 	-0.01545 	-0.08813 	0.13285 	0.00000 	0.21959 	0.09200 	0.00000 	-0.11916 	-0.08199 	0.02027 	0.00000 	0.13690 	-0.00522 	-0.02978 	0.01226 	0.00000 	0.07420 	0.05032 	0.02320	0.05779
Replication59	 0.02052	0.98130	0.96321 	0.96870 	0.96907 	0.96845 	0.96850 	0.97372 	0.94425 	0.94848 	0.96821 	0.92948 	0.95978 	0.96635 	-0.09597 	0.00000 	-0.03401 	0.05439 	0.00000 	0.15743 	0.00000 	0.00000 	0.16232 	-0.55423 	0.21471 	0.11292 	-0.03268 	0.00000 	-0.01158 	0.00623 	0.00000 	0.11209 	0.00000 	0.00000 	0.01021 	-0.18872 	0.07311 	0.06034 	0.01756	0.02901
Replication60	 0.15895	0.95051	0.84874 	0.85455 	0.87736 	0.86156 	0.86652 	0.89200 	0.79105 	0.83721 	0.88231 	0.81675 	0.84751 	0.87872 	-0.20967 	-0.44799 	0.00000 	0.17201 	0.00000 	0.49824 	-0.60109 	-0.07595 	0.46481 	-0.26268 	0.18903 	0.33009 	-0.07593 	-0.16224 	0.00000 	0.04458 	0.00000 	0.37828 	-0.21769 	-0.02751 	0.06234 	-0.09513 	0.06846 	0.19097 	0.05680	0.16613
Replication61	 0.16556	0.95046	0.89760 	0.89548 	0.88074 	0.90093 	0.89465 	0.90088 	0.78444 	0.81915 	0.87963 	0.80594 	0.83873 	0.87415 	0.00000 	0.00000 	-0.34551 	0.14335 	0.00000 	0.46532 	-0.50705 	-0.47814 	0.47054 	-0.19158 	0.18604 	0.33923 	0.00000 	0.00000 	-0.12514 	0.01580 	0.00000 	0.34524 	-0.18365 	-0.17318 	0.06768 	-0.06939 	0.06738 	0.19997 	0.08220	0.14471
Replication62	 0.01337	0.98163	0.96009 	0.95999 	0.96610 	0.96262 	0.96414 	0.97209 	0.96056 	0.96259 	0.97137 	0.95440 	0.96645 	0.97065 	-0.05871 	-0.17643 	-0.07506 	0.05822 	0.00000 	0.16305 	0.00000 	0.00000 	0.15444 	-0.24255 	0.06790 	0.10391 	-0.01998 	-0.06004 	-0.02554 	0.01092 	0.00000 	0.11852 	0.00000 	0.00000 	0.00505 	-0.08253 	0.02311 	0.05227 	0.00523	0.02177
Replication63	 0.01464	0.98036	0.95285 	0.96402 	0.96835 	0.96209 	0.96381 	0.97258 	0.94119 	0.95059 	0.96913 	0.95086 	0.96580 	0.96724 	-0.18935 	0.00000 	0.00000 	0.06023 	0.00000 	0.16278 	-0.24321 	-0.29795 	0.16420 	0.00000 	0.24226 	0.11247 	-0.06459 	0.00000 	0.00000 	0.00968 	0.00000 	0.11518 	-0.08297 	-0.10164 	0.00451 	0.00000 	0.08265 	0.05727 	0.01144	0.02008
Replication64	 0.07931	0.96751	0.94155 	0.94046 	0.93219 	0.94352 	0.94003 	0.94368 	0.87069 	0.89695 	0.93071 	0.87509 	0.90383 	0.92798 	0.00000 	0.00000 	-0.20240 	0.09033 	0.00000 	0.28568 	-0.32878 	0.00000 	0.29577 	-0.43627 	0.12378 	0.20843 	0.00000 	0.00000 	-0.07084 	0.00668 	0.00000 	0.20692 	-0.11508 	0.00000 	0.03155 	-0.15271 	0.04333 	0.11709 	0.03655	0.06692
Replication65	 0.03299	0.97331	0.92799 	0.91701 	0.92757 	0.92635 	0.92874 	0.94287 	0.94623 	0.94327 	0.94793 	0.94537 	0.95178 	0.94700 	0.00000 	-0.45519 	-0.32290 	0.09538 	0.00879 	0.28168 	0.00000 	-0.16106 	0.23664 	0.00000 	0.12872 	0.16253 	0.00000 	-0.15749 	-0.11172 	0.02667 	0.00304 	0.21699 	0.00000 	-0.05572 	0.01961 	0.00000 	0.04454 	0.08750 	0.02541	0.07342
Replication66	 -1.49910	1.00161	1.00608 	1.00394 	1.00720 	1.00535 	1.00662 	1.00830 	1.01668 	1.01215 	1.01209 	1.01535 	1.02532 	1.01127 	0.00000 	-0.10183 	-0.03818 	0.00133 	0.00964 	0.00437 	0.00000 	-0.14587 	-0.01083 	0.00000 	0.28069 	-0.00478 	0.00000 	-0.03329 	-0.01248 	0.00546 	0.00315 	0.00826 	0.00000 	-0.04769 	0.00223 	0.00000 	0.09177 	-0.00026 	0.00547	0.01714
Replication67	 0.04464	0.97436	0.93888 	0.95013 	0.95339 	0.94876 	0.94984 	0.95908 	0.90878 	0.92544 	0.95167 	0.90536 	0.93718 	0.94940 	-0.18542 	0.00000 	0.00000 	0.07769 	0.00000 	0.22018 	-0.21239 	0.00000 	0.22465 	-0.48914 	0.23520 	0.15629 	-0.06402 	0.00000 	0.00000 	0.01167 	0.00000 	0.15803 	-0.07333 	0.00000 	0.01614 	-0.16888 	0.08121 	0.08421 	0.02706	0.04502
Replication68	 0.17590	0.95388	0.80371 	0.84164 	0.86784 	0.83813 	0.84613 	0.88403 	0.77410 	0.83674 	0.87764 	0.82210 	0.84272 	0.87439 	-0.59529 	-0.19017 	0.00000 	0.18476 	0.00000 	0.52373 	-0.82707 	0.00000 	0.46073 	0.00000 	0.18025 	0.33394 	-0.21413 	-0.06841 	0.00000 	0.06602 	0.00000 	0.41195 	-0.29751 	0.00000 	0.08570 	0.00000 	0.06484 	0.20430 	0.07088	0.25276
Replication69	 0.04631	0.96548	0.90807 	0.91551 	0.93060 	0.91796 	0.92208 	0.93911 	0.91134 	0.91217 	0.93528 	0.90369 	0.92116 	0.93353 	-0.19161 	-0.26440 	0.00000 	0.11158 	0.00000 	0.30513 	0.00000 	-0.24275 	0.29460 	-0.26654 	0.06261 	0.20028 	-0.06734 	-0.09292 	0.00000 	0.02271 	0.00000 	0.22146 	0.00000 	-0.08531 	0.01388 	-0.09368 	0.02200 	0.10324 	0.00890	0.04403
Replication70	 0.12671	0.95850	0.91551 	0.91299 	0.89936 	0.91778 	0.91225 	0.91761 	0.82329 	0.85702 	0.90112 	0.82914 	0.86501 	0.89737 	0.00000 	0.00000 	-0.35616 	0.12071 	0.00000 	0.39345 	-0.39201 	-0.00741 	0.39350 	-0.51521 	0.13241 	0.28186 	0.00000 	0.00000 	-0.12694 	0.01385 	0.00000 	0.29285 	-0.13971 	-0.00264 	0.05599 	-0.18362 	0.04719 	0.16518 	0.05115	0.12214
Replication71	 0.07790	0.96355	0.87210 	0.89677 	0.90945 	0.89413 	0.90016 	0.92451 	0.91074 	0.90348 	0.92545 	0.90785 	0.92561 	0.92285 	-0.45278 	-0.11064 	-0.20319 	0.13146 	0.02689 	0.36167 	0.00000 	-0.53184 	0.32273 	-0.02663 	0.25674 	0.22419 	-0.15975 	-0.03903 	-0.07169 	0.03760 	0.00949 	0.27331 	0.00000 	-0.18764 	0.02630 	-0.00940 	0.09058 	0.12172 	0.00138	0.09151
Replication72	 0.07635	0.96565	0.92347 	0.91708 	0.92597 	0.92445 	0.92691 	0.93646 	0.87365 	0.89992 	0.92920 	0.88116 	0.91041 	0.92672 	0.00000 	-0.34060 	-0.09026 	0.10664 	0.03178 	0.31476 	-0.36368 	0.00000 	0.30647 	-0.37365 	0.21838 	0.21355 	0.00000 	-0.11966 	-0.03171 	0.01819 	0.01116 	0.23149 	-0.12778 	0.00000 	0.02711 	-0.13128 	0.07673 	0.11699 	0.02337	0.07125
Replication73	 0.01565	0.98368	0.95794 	0.96826 	0.97271 	0.96660 	0.96902 	0.97653 	0.93435 	0.95948 	0.97358 	0.95467 	0.96699 	0.97230 	-0.18554 	-0.01262 	0.00000 	0.05267 	0.01719 	0.14408 	-0.45114 	0.00000 	0.14152 	0.00000 	0.20789 	0.09774 	-0.06288 	-0.00428 	0.00000 	0.01066 	0.00583 	0.10453 	-0.15288 	0.00000 	0.00883 	0.00000 	0.07045 	0.05187 	0.01179	0.03213
Replication74	 0.00265	0.99235	0.97609 	0.96979 	0.97745 	0.97460 	0.97643 	0.98407 	0.99371 	0.99130 	0.99058 	0.98799 	1.00561 	0.98967 	0.00000 	-0.28269 	-0.16183 	0.03568 	0.00000 	0.10560 	0.00000 	0.00000 	0.07122 	-0.18788 	0.35230 	0.05111 	0.00000 	-0.09415 	-0.05390 	0.01598 	0.00000 	0.08705 	0.00000 	0.00000 	0.00897 	-0.06258 	0.11734 	0.02959 	0.01650	0.04830
Replication75	 0.00058	0.99442	0.98923 	0.98869 	0.98346 	0.98974 	0.98837 	0.99129 	0.99829 	0.99332 	0.99469 	0.99683 	1.00775 	0.99351 	-0.03909 	0.00000 	-0.28150 	0.02197 	0.00000 	0.07625 	0.00000 	-0.17831 	0.05432 	0.00000 	0.29007 	0.04057 	-0.01297 	0.00000 	-0.09337 	0.00759 	0.00000 	0.06271 	0.00000 	-0.05914 	0.00891 	0.00000 	0.09621 	0.02487 	0.01573	0.03482
Replication76	 0.03610	0.97268	0.96009 	0.96112 	0.95854 	0.96253 	0.96099 	0.96333 	0.91934 	0.91612 	0.95147 	0.91390 	0.93652 	0.94823 	0.00000 	0.00000 	0.00000 	0.06980 	0.00000 	0.20643 	-0.02115 	-0.60242 	0.23191 	-0.17638 	0.17157 	0.16098 	0.00000 	0.00000 	0.00000 	-0.00054 	0.00000 	0.14021 	-0.00733 	-0.20869 	0.00974 	-0.06110 	0.05944 	0.08417 	0.04073	0.01589
Replication77	 0.26503	0.93715	0.82464 	0.83063 	0.81137 	0.83710 	0.82924 	0.84505 	0.70565 	0.73203 	0.81756 	0.68497 	0.75407 	0.80949 	-0.16112 	0.00000 	-0.54550 	0.20705 	0.00613 	0.68878 	-0.18371 	-0.31808 	0.65278 	-0.86145 	0.16975 	0.48626 	-0.05994 	0.00000 	-0.20292 	0.04523 	0.00228 	0.53644 	-0.06834 	-0.11832 	0.14166 	-0.32045 	0.06315 	0.30958 	0.14090	0.32836
Replication78	 0.01730	0.97770	0.94905 	0.95297 	0.94747 	0.95392 	0.95247 	0.96010 	0.94523 	0.94724 	0.95871 	0.93558 	0.95631 	0.95727 	-0.11931 	0.00000 	-0.32929 	0.06963 	0.00000 	0.21236 	0.00000 	0.00000 	0.19655 	-0.35854 	0.18104 	0.13600 	-0.04092 	0.00000 	-0.11294 	0.01220 	0.00000 	0.15830 	0.00000 	0.00000 	0.01518 	-0.12297 	0.06209 	0.07330 	0.01157	0.04425
Replication79	 0.08887	0.96128	0.91102 	0.91969 	0.92067 	0.92065 	0.92053 	0.93203 	0.86113 	0.88394 	0.92097 	0.87858 	0.89809 	0.91781 	-0.16371 	-0.05091 	-0.11599 	0.11503 	0.00000 	0.33649 	-0.39798 	-0.36587 	0.34120 	-0.05879 	0.15683 	0.23738 	-0.05802 	-0.01804 	-0.04111 	0.01534 	0.00000 	0.24264 	-0.14105 	-0.12967 	0.02633 	-0.02084 	0.05558 	0.12853 	0.03368	0.05969
Replication80	 0.05774	0.96313	0.90527 	0.89402 	0.90282 	0.90448 	0.90561 	0.92177 	0.89226 	0.90538 	0.92274 	0.89828 	0.91981 	0.92066 	0.00000 	-0.45354 	-0.36590 	0.12445 	0.00056 	0.37238 	-0.24162 	-0.11234 	0.33003 	-0.17190 	0.27488 	0.22912 	0.00000 	-0.16015 	-0.12920 	0.02952 	0.00020 	0.28301 	-0.08532 	-0.03967 	0.03020 	-0.06070 	0.09706 	0.12548 	0.01389	0.09044
Replication81	 0.12154	0.94762	0.85757 	0.85745 	0.88122 	0.86634 	0.87139 	0.89532 	0.82846 	0.83944 	0.88663 	0.84082 	0.86368 	0.88246 	-0.13095 	-0.51192 	0.00000 	0.17224 	0.00000 	0.48942 	-0.27702 	-0.69209 	0.46764 	0.00000 	0.19888 	0.32673 	-0.04770 	-0.18647 	0.00000 	0.03737 	0.00000 	0.36245 	-0.10091 	-0.25210 	0.04165 	0.00000 	0.07245 	0.17947 	0.04294	0.10619
Replication82	 0.06979	0.96340	0.93058 	0.92752 	0.92894 	0.93240 	0.93161 	0.93925 	0.88021 	0.89624 	0.92847 	0.89378 	0.90430 	0.92603 	0.00000 	-0.17122 	-0.11071 	0.10374 	0.00000 	0.30712 	-0.28881 	-0.36862 	0.31712 	0.00000 	0.01899 	0.21809 	0.00000 	-0.06043 	-0.03907 	0.00950 	0.00000 	0.21840 	-0.10193 	-0.13009 	0.01946 	0.00000 	0.00670 	0.11520 	0.02570	0.03774
Replication83	 0.12637	0.95791	0.82363 	0.85002 	0.88430 	0.85062 	0.86074 	0.89885 	0.86978 	0.87579 	0.90148 	0.85119 	0.89206 	0.89909 	-0.50363 	-0.40449 	0.00000 	0.17047 	0.00000 	0.46384 	-0.01468 	-0.00764 	0.39515 	-0.64783 	0.29264 	0.27927 	-0.17971 	-0.14433 	0.00000 	0.06209 	0.00000 	0.36181 	-0.00524 	-0.00273 	0.05285 	-0.23116 	0.10442 	0.16094 	0.02309	0.17894
Replication84	 0.05880	0.97990	0.89120 	0.92787 	0.94724 	0.91941 	0.92741 	0.95451 	0.95154 	0.95496 	0.96059 	0.94869 	0.96559 	0.95979 	-0.59823 	0.00000 	0.00000 	0.09197 	0.00000 	0.23044 	-0.07069 	0.00000 	0.18371 	-0.20817 	0.24343 	0.12789 	-0.20427 	0.00000 	0.00000 	0.04022 	0.00000 	0.18172 	-0.02414 	0.00000 	0.02027 	-0.07108 	0.08312 	0.07139 	0.00034	0.09724
Replication85	 0.14241	0.94625	0.86143 	0.87543 	0.87461 	0.87679 	0.87595 	0.89390 	0.82112 	0.82498 	0.87846 	0.80759 	0.84478 	0.87374 	-0.25380 	-0.04922 	-0.24413 	0.16638 	0.00000 	0.49632 	-0.03796 	-0.50853 	0.49006 	-0.47021 	0.11877 	0.34595 	-0.09270 	-0.01798 	-0.08917 	0.02799 	0.00000 	0.36604 	-0.01386 	-0.18575 	0.05297 	-0.17175 	0.04338 	0.19486 	0.05362	0.11403
Replication86	 0.00193	0.99307	0.97541 	0.97814 	0.98167 	0.97893 	0.98034 	0.98796 	0.99855 	0.99665 	0.99320 	0.99799 	1.00218 	0.99295 	-0.11456 	-0.10373 	-0.17206 	0.03159 	0.00000 	0.09027 	0.00000 	0.00000 	0.06285 	0.00000 	0.14334 	0.04358 	-0.03810 	-0.03450 	-0.05722 	0.01375 	0.00000 	0.07347 	0.00000 	0.00000 	0.00650 	0.00000 	0.04767 	0.02411 	0.01872	0.03568
Replication87	 0.02673	0.97702	0.93809 	0.95268 	0.95845 	0.95012 	0.95240 	0.96378 	0.93643 	0.94078 	0.95956 	0.92327 	0.94930 	0.95800 	-0.24599 	0.00000 	0.00000 	0.07327 	0.00000 	0.19952 	0.00000 	0.00000 	0.19754 	-0.49598 	0.14987 	0.13550 	-0.08448 	0.00000 	0.00000 	0.01410 	0.00000 	0.14382 	0.00000 	0.00000 	0.01068 	-0.17033 	0.05147 	0.07090 	0.01373	0.03616
Replication88	 0.16777	0.94640	0.78223 	0.81056 	0.83343 	0.81269 	0.82028 	0.86366 	0.82746 	0.84568 	0.86815 	0.83462 	0.85734 	0.86587 	-0.56329 	-0.34824 	-0.44360 	0.21295 	0.01432 	0.60846 	-0.26718 	-0.07543 	0.51074 	-0.21465 	0.20433 	0.36137 	-0.20569 	-0.12716 	-0.16198 	0.07495 	0.00523 	0.47854 	-0.09756 	-0.02755 	0.07485 	-0.07838 	0.07461 	0.21069 	0.00022	0.22055
Replication89	 0.05593	0.96756	0.92060 	0.91956 	0.92392 	0.92462 	0.92594 	0.93755 	0.89407 	0.91154 	0.93412 	0.89471 	0.92540 	0.93178 	-0.08566 	-0.23707 	-0.23600 	0.10405 	0.01833 	0.30840 	-0.25160 	0.00000 	0.28852 	-0.40012 	0.29366 	0.20083 	-0.02998 	-0.08297 	-0.08260 	0.02053 	0.00642 	0.22977 	-0.08806 	0.00000 	0.02473 	-0.14004 	0.10278 	0.10964 	0.00334	0.07022
Replication90	 0.12486	0.95154	0.82514 	0.86019 	0.88369 	0.85614 	0.86386 	0.89782 	0.85382 	0.85608 	0.89240 	0.84153 	0.86839 	0.88963 	-0.55140 	-0.15499 	0.00000 	0.17464 	0.00000 	0.47537 	0.00000 	-0.32157 	0.43979 	-0.40157 	0.06765 	0.30700 	-0.19928 	-0.05602 	0.00000 	0.04987 	0.00000 	0.35791 	0.00000 	-0.11622 	0.04571 	-0.14513 	0.02445 	0.17077 	0.03491	0.13206
Replication91	 0.00907	0.98822	0.94093 	0.95124 	0.94944 	0.95050 	0.95115 	0.96532 	0.98722 	0.98301 	0.97552 	0.98598 	0.99530 	0.97479 	-0.28058 	-0.02776 	-0.48596 	0.05858 	0.00000 	0.18022 	0.00000 	0.00000 	0.11909 	0.00000 	0.31735 	0.08644 	-0.09423 	-0.00932 	-0.16320 	0.02824 	0.00000 	0.15166 	0.00000 	0.00000 	0.02327 	0.00000 	0.10657 	0.05332 	0.03263	0.09631
Replication92	 0.12097	0.95788	0.82903 	0.87181 	0.89452 	0.86428 	0.87258 	0.90751 	0.84894 	0.87448 	0.90471 	0.87034 	0.88672 	0.90228 	-0.64252 	-0.05151 	0.00000 	0.16054 	0.00000 	0.43169 	-0.43363 	-0.26206 	0.38860 	0.00000 	0.16960 	0.27297 	-0.22928 	-0.01838 	0.00000 	0.05209 	0.00000 	0.32959 	-0.15474 	-0.09352 	0.04606 	0.00000 	0.06052 	0.15456 	0.03369	0.14690
Replication93	 0.02865	0.97988	0.96731 	0.97047 	0.96964 	0.97094 	0.97086 	0.97345 	0.93632 	0.94024 	0.96512 	0.92135 	0.95259 	0.96292 	-0.04753 	0.00000 	0.00000 	0.05440 	0.01385 	0.16013 	0.00000 	-0.08978 	0.17444 	-0.55286 	0.19449 	0.12171 	-0.01623 	0.00000 	0.00000 	0.00260 	0.00473 	0.11137 	0.00000 	-0.03066 	0.01082 	-0.18879 	0.06641 	0.06515 	0.02884	0.02541
Replication94	 0.00809	0.98691	0.96347 	0.95674 	0.97297 	0.96266 	0.96669 	0.97720 	0.98256 	0.97924 	0.98200 	0.98159 	0.98885 	0.98139 	0.00000 	-0.40588 	0.00000 	0.05139 	0.00000 	0.13770 	0.00000 	-0.15144 	0.11102 	0.00000 	0.17149 	0.07518 	0.00000 	-0.13666 	0.00000 	0.01769 	0.00000 	0.10597 	0.00000 	-0.05099 	0.00456 	0.00000 	0.05774 	0.03838 	0.01054	0.03670
Replication95	 0.07382	0.95757	0.87754 	0.89143 	0.88421 	0.89194 	0.89043 	0.90947 	0.88558 	0.88460 	0.90731 	0.87618 	0.90065 	0.90459 	-0.30774 	0.00000 	-0.57584 	0.14075 	0.00113 	0.42479 	0.00000 	-0.26053 	0.38450 	-0.29633 	0.20554 	0.26882 	-0.10989 	0.00000 	-0.20562 	0.03150 	0.00040 	0.32194 	0.00000 	-0.09303 	0.03945 	-0.10581 	0.07339 	0.14954 	0.01491	0.10190
Replication96	 0.01691	0.97809	0.94050 	0.95048 	0.94992 	0.94956 	0.95000 	0.96081 	0.94831 	0.94907 	0.96065 	0.93894 	0.96081 	0.95913 	-0.21081 	0.00000 	-0.24485 	0.07230 	0.00000 	0.20926 	0.00000 	-0.04802 	0.19097 	-0.33757 	0.22733 	0.13175 	-0.07224 	0.00000 	-0.08391 	0.01589 	0.00000 	0.15615 	0.00000 	-0.01645 	0.01278 	-0.11568 	0.07790 	0.07015 	0.00964	0.04458
Replication97	 0.01411	0.98089	0.94595 	0.93695 	0.95148 	0.94468 	0.94817 	0.96083 	0.96283 	0.96106 	0.96656 	0.96409 	0.97711 	0.96528 	0.00000 	-0.44770 	-0.15122 	0.07225 	0.00330 	0.20580 	-0.06447 	-0.21755 	0.16738 	0.00000 	0.30052 	0.11561 	0.00000 	-0.15257 	-0.05153 	0.02305 	0.00112 	0.15947 	-0.02197 	-0.07414 	0.01197 	0.00000 	0.10241 	0.06188 	0.01609	0.05970
Replication98	 0.05615	0.96974	0.91265 	0.91769 	0.93451 	0.92112 	0.92559 	0.94271 	0.89385 	0.92248 	0.94094 	0.91657 	0.92851 	0.93952 	-0.17243 	-0.31729 	0.00000 	0.10380 	0.00000 	0.28658 	-0.47337 	-0.02176 	0.26561 	0.00000 	0.15548 	0.18240 	-0.06009 	-0.11057 	0.00000 	0.02588 	0.00000 	0.21322 	-0.16496 	-0.00758 	0.01950 	0.00000 	0.05418 	0.09732 	0.00901	0.06690
Replication99	 0.07899	0.95925	0.87101 	0.87909 	0.89975 	0.88381 	0.88947 	0.91522 	0.89865 	0.89805 	0.91652 	0.89307 	0.90751 	0.91492 	-0.26511 	-0.40197 	-0.15808 	0.14453 	0.00000 	0.40139 	0.00000 	-0.23592 	0.35866 	-0.18034 	0.08289 	0.24596 	-0.09434 	-0.14305 	-0.05626 	0.03960 	0.00000 	0.30261 	0.00000 	-0.08396 	0.02726 	-0.06418 	0.02950 	0.13140 	0.00799	0.08861
Replication100	 0.06953	0.96275	0.90579 	0.89586 	0.90919 	0.90586 	0.90812 	0.92413 	0.88958 	0.89978 	0.92227 	0.88047 	0.91179 	0.92011 	0.00000 	-0.47497 	-0.20420 	0.12393 	0.00000 	0.36405 	-0.10333 	0.00000 	0.33255 	-0.49421 	0.22686 	0.23074 	0.00000 	-0.16784 	-0.07216 	0.02802 	0.00000 	0.27376 	-0.03652 	0.00000 	0.02963 	-0.17464 	0.08017 	0.12603 	0.00142	0.08644
Replication101	 0.21973	0.93798	0.82998 	0.84236 	0.83770 	0.84632 	0.84415 	0.86284 	0.75713 	0.76245 	0.83977 	0.73027 	0.78980 	0.83261 	-0.24016 	-0.07578 	-0.30872 	0.19925 	0.01819 	0.62173 	0.00000 	-0.57069 	0.60354 	-0.74444 	0.17174 	0.43921 	-0.08919 	-0.02814 	-0.11465 	0.03957 	0.00675 	0.47140 	0.00000 	-0.21194 	0.09920 	-0.27646 	0.06378 	0.26487 	0.11385	0.22518
Replication102	 0.13969	0.95747	0.81031 	0.85447 	0.88547 	0.84806 	0.85873 	0.89986 	0.87351 	0.87502 	0.90138 	0.86038 	0.89052 	0.89911 	-0.68235 	-0.17368 	0.00000 	0.17289 	0.00188 	0.46062 	0.00000 	-0.20158 	0.39713 	-0.43081 	0.20332 	0.27984 	-0.24369 	-0.06203 	0.00000 	0.06340 	0.00067 	0.35753 	0.00000 	-0.07199 	0.05129 	-0.15386 	0.07261 	0.16029 	0.02725	0.17423
Replication103	 0.22166	0.94350	0.72834 	0.78578 	0.83178 	0.78004 	0.79419 	0.85314 	0.81673 	0.81229 	0.85346 	0.81034 	0.83238 	0.85014 	-0.80462 	-0.30284 	0.00000 	0.24050 	0.00000 	0.65103 	0.00000 	-0.61764 	0.55283 	-0.15337 	0.09946 	0.39666 	-0.29552 	-0.11123 	0.00000 	0.09504 	0.00000 	0.51409 	0.00000 	-0.22685 	0.09339 	-0.05633 	0.03653 	0.23784 	0.06202	0.28696
Replication104	 0.10333	0.96029	0.93009 	0.93198 	0.92756 	0.93437 	0.93187 	0.93546 	0.85245 	0.86352 	0.91561 	0.84667 	0.87927 	0.91143 	-0.01140 	0.00000 	0.00000 	0.10630 	0.00482 	0.32498 	-0.14403 	-0.46549 	0.35630 	-0.42451 	0.08086 	0.25143 	-0.00405 	0.00000 	0.00000 	0.00405 	0.00171 	0.22873 	-0.05115 	-0.16531 	0.03336 	-0.15076 	0.02872 	0.13980 	0.07927	0.06511
Replication105	 0.14557	0.95229	0.89329 	0.89687 	0.88617 	0.90039 	0.89605 	0.90577 	0.80443 	0.83995 	0.88876 	0.82567 	0.85110 	0.88460 	-0.09651 	0.00000 	-0.34061 	0.14138 	0.00000 	0.44493 	-0.49582 	-0.28268 	0.44424 	-0.18481 	0.10774 	0.31591 	-0.03483 	0.00000 	-0.12291 	0.01855 	0.00000 	0.32929 	-0.17892 	-0.10201 	0.05628 	-0.06669 	0.03888 	0.18180 	0.05377	0.11943
Replication106	 0.07792	0.97459	0.87208 	0.89914 	0.92225 	0.89617 	0.90441 	0.93559 	0.94561 	0.94465 	0.94589 	0.94671 	0.95591 	0.94518 	-0.52636 	-0.22529 	-0.15953 	0.11576 	0.00000 	0.30717 	-0.04917 	-0.10486 	0.23565 	0.00000 	0.22757 	0.16434 	-0.18165 	-0.07775 	-0.05505 	0.05034 	0.00000 	0.24558 	-0.01697 	-0.03619 	0.02902 	0.00000 	0.07854 	0.09291 	0.01472	0.12877
Replication107	 0.00458	0.99042	0.95717 	0.97042 	0.97436 	0.96769 	0.97002 	0.98161 	0.99182 	0.99014 	0.98710 	0.99133 	0.99503 	0.98686 	-0.27151 	0.00000 	-0.17855 	0.04320 	0.00000 	0.11705 	0.00000 	0.00000 	0.08622 	0.00000 	0.12548 	0.05938 	-0.09078 	0.00000 	-0.05970 	0.01854 	0.00000 	0.09383 	0.00000 	0.00000 	0.00832 	0.00000 	0.04195 	0.03245 	0.01873	0.04461
Replication108	 0.10004	0.95417	0.88521 	0.87946 	0.87254 	0.88831 	0.88822 	0.90046 	0.84996 	0.86708 	0.89615 	0.86623 	0.88696 	0.89272 	-0.08283 	-0.25032 	-0.63802 	0.14778 	0.06922 	0.46237 	-0.35119 	-0.36627 	0.42135 	0.00000 	0.28424 	0.29716 	-0.02978 	-0.08999 	-0.22938 	0.02978 	0.02488 	0.35127 	-0.12626 	-0.13168 	0.04864 	0.00000 	0.10219 	0.16832 	0.00651	0.11802
Replication109	 0.10342	0.95250	0.87214 	0.85654 	0.84658 	0.87006 	0.86550 	0.88417 	0.87293 	0.87182 	0.88649 	0.87408 	0.88385 	0.88421 	0.00000 	-0.36620 	-0.90994 	0.16325 	0.00000 	0.52491 	-0.04729 	-0.29126 	0.44809 	0.00000 	0.12848 	0.31639 	0.00000 	-0.13209 	-0.32823 	0.04094 	0.00000 	0.40976 	-0.01706 	-0.10506 	0.06180 	0.00000 	0.04635 	0.18286 	0.03356	0.15926
Replication110	 0.00012	0.99488	0.99685 	0.99830 	0.99844 	0.99826 	0.99824 	0.99953 	0.96991 	0.98893 	0.99788 	0.98591 	0.99920 	0.99673 	-0.02385 	0.00000 	0.00000 	0.01515 	0.00000 	0.04510 	-0.38423 	0.00000 	0.04581 	-0.00455 	0.28271 	0.03352 	-0.00790 	0.00000 	0.00000 	0.00198 	0.00000 	0.03270 	-0.12732 	0.00000 	0.00421 	-0.00151 	0.09368 	0.01914 	0.00965	0.01498
Replication111	 0.05895	0.96770	0.89105 	0.91035 	0.92023 	0.90873 	0.91315 	0.93402 	0.89875 	0.92093 	0.93441 	0.91632 	0.92517 	0.93325 	-0.37825 	-0.10823 	-0.20418 	0.11546 	0.01456 	0.32134 	-0.36867 	0.00000 	0.28737 	0.00000 	0.11644 	0.19771 	-0.13235 	-0.03787 	-0.07144 	0.03230 	0.00510 	0.24305 	-0.12900 	0.00000 	0.02470 	0.00000 	0.04074 	0.10691 	0.00646	0.08214
Replication112	 0.21150	0.93357	0.79653 	0.79893 	0.81514 	0.81048 	0.81266 	0.84485 	0.73850 	0.77448 	0.83296 	0.75944 	0.79190 	0.82781 	-0.21656 	-0.49133 	-0.34196 	0.23108 	0.00000 	0.69388 	-0.47374 	-0.38763 	0.63555 	-0.20465 	0.15945 	0.45494 	-0.08114 	-0.18409 	-0.12813 	0.06004 	0.00000 	0.53286 	-0.17750 	-0.14524 	0.09533 	-0.07668 	0.05974 	0.26819 	0.05903	0.22339
Replication113	 0.03259	0.97170	0.93068 	0.93198 	0.91952 	0.93473 	0.93115 	0.94063 	0.91741 	0.93220 	0.94054 	0.92953 	0.93729 	0.93926 	-0.11786 	0.00000 	-0.59634 	0.09134 	0.00000 	0.29192 	-0.26593 	0.00000 	0.25844 	0.00000 	0.13248 	0.18016 	-0.04091 	0.00000 	-0.20699 	0.01848 	0.00000 	0.22333 	-0.09230 	0.00000 	0.02831 	0.00000 	0.04598 	0.10061 	0.02579	0.07651
Replication114	 0.01728	0.99528	0.93272 	0.96229 	0.97908 	0.95470 	0.96190 	0.98304 	1.00350 	1.00001 	0.99353 	1.00247 	1.01016 	0.99335 	-0.52012 	0.00000 	0.00000 	0.04642 	0.00000 	0.10585 	0.00000 	0.00000 	0.05317 	0.00000 	0.26685 	0.03968 	-0.17222 	0.00000 	0.00000 	0.03427 	0.00000 	0.09442 	0.00000 	0.00000 	0.01482 	0.00000 	0.08836 	0.02642 	0.00816	0.08607
Replication115	 0.04652	0.97792	0.90348 	0.93200 	0.94433 	0.92602 	0.93216 	0.95357 	0.93203 	0.94827 	0.95726 	0.94635 	0.96024 	0.95603 	-0.49117 	0.00000 	-0.10125 	0.08969 	0.01684 	0.23635 	-0.33208 	-0.04620 	0.19863 	0.00000 	0.28827 	0.13813 	-0.16838 	0.00000 	-0.03471 	0.03284 	0.00577 	0.18283 	-0.11384 	-0.01584 	0.01908 	0.00000 	0.09882 	0.07606 	0.00279	0.08265
Replication116	 0.14734	0.94237	0.82327 	0.82741 	0.85181 	0.83692 	0.84316 	0.87335 	0.80266 	0.82354 	0.86701 	0.81263 	0.84028 	0.86329 	-0.23502 	-0.53608 	-0.17629 	0.20046 	0.01930 	0.57737 	-0.31800 	-0.36224 	0.52949 	-0.20920 	0.16899 	0.37216 	-0.08651 	-0.19734 	-0.06489 	0.05208 	0.00710 	0.43768 	-0.11706 	-0.13335 	0.06083 	-0.07701 	0.06221 	0.21015 	0.03094	0.15388
Replication117	 0.11201	0.95658	0.91173 	0.91770 	0.91372 	0.91938 	0.91724 	0.92519 	0.83799 	0.85822 	0.90772 	0.85380 	0.87411 	0.90363 	-0.09540 	0.00000 	-0.09711 	0.12200 	0.00000 	0.36761 	-0.35897 	-0.56451 	0.38766 	-0.05683 	0.08584 	0.27211 	-0.03413 	0.00000 	-0.03474 	0.01022 	0.00000 	0.26237 	-0.12843 	-0.20197 	0.03459 	-0.02033 	0.03071 	0.15006 	0.06241	0.06835
Replication118	 0.04803	0.98587	0.90197 	0.93636 	0.95338 	0.92836 	0.93619 	0.96185 	0.97557 	0.97318 	0.97162 	0.97095 	0.98581 	0.97098 	-0.59243 	0.00000 	-0.09509 	0.07775 	0.00930 	0.19596 	0.00000 	0.00000 	0.13669 	-0.14402 	0.30584 	0.09729 	-0.19989 	0.00000 	-0.03209 	0.04137 	0.00314 	0.16171 	0.00000 	0.00000 	0.02177 	-0.04859 	0.10319 	0.05757 	0.00871	0.10818
Replication119	 0.01095	0.98405	0.94554 	0.94714 	0.95020 	0.95012 	0.95274 	0.96374 	0.97649 	0.97439 	0.97070 	0.97588 	0.98049 	0.97028 	-0.15769 	-0.19271 	-0.37074 	0.06422 	0.03485 	0.19114 	0.00000 	0.00000 	0.14598 	0.00000 	0.15377 	0.10125 	-0.05340 	-0.06526 	-0.12554 	0.02315 	0.01180 	0.15248 	0.00000 	0.00000 	0.01627 	0.00000 	0.05207 	0.05641 	0.02992	0.06799
Replication120	 0.11902	0.96139	0.83098 	0.86945 	0.88140 	0.86340 	0.86907 	0.90474 	0.90550 	0.90194 	0.91134 	0.90446 	0.91216 	0.90999 	-0.65083 	-0.02465 	-0.42513 	0.15665 	0.00000 	0.43772 	0.00000 	-0.24207 	0.36063 	0.00000 	0.11945 	0.25274 	-0.23062 	-0.00873 	-0.15064 	0.05725 	0.00000 	0.34413 	0.00000 	-0.08578 	0.04666 	0.00000 	0.04233 	0.14421 	0.01548	0.15879
Replication121	 0.01590	0.98138	0.93410 	0.95089 	0.95576 	0.94783 	0.95089 	0.96472 	0.94572 	0.95810 	0.96705 	0.95175 	0.97196 	0.96562 	-0.31877 	0.00000 	-0.16679 	0.06933 	0.01190 	0.19074 	-0.24745 	0.00000 	0.16438 	-0.16467 	0.33945 	0.11424 	-0.10852 	0.00000 	-0.05678 	0.02138 	0.00405 	0.14560 	-0.08424 	0.00000 	0.01294 	-0.05606 	0.11556 	0.06189 	0.00764	0.05583
Replication122	 0.19515	0.94309	0.78106 	0.82883 	0.84656 	0.82190 	0.82783 	0.86610 	0.78141 	0.79043 	0.85181 	0.75485 	0.80816 	0.84666 	-0.65780 	0.00000 	-0.05663 	0.21049 	0.00000 	0.60341 	0.00000 	-0.29579 	0.55794 	-0.79148 	0.12449 	0.40414 	-0.24180 	0.00000 	-0.02082 	0.06396 	0.00000 	0.46546 	0.00000 	-0.10873 	0.09512 	-0.29094 	0.04576 	0.24415 	0.09878	0.25217
Replication123	 -1.38181	0.99577	0.97335 	0.97033 	0.98714 	0.97447 	0.97972 	0.99005 	1.00707 	1.00411 	0.99860 	1.00620 	1.01273 	0.99845 	-0.06473 	-0.37024 	0.00000 	0.03137 	0.01375 	0.07923 	0.00000 	0.00000 	0.04073 	0.00000 	0.22673 	0.02887 	-0.02141 	-0.12247 	0.00000 	0.02048 	0.00455 	0.06898 	0.00000 	0.00000 	0.00633 	0.00000 	0.07500 	0.01698 	0.01428	0.04843
Replication124	 0.01962	0.97851	0.96624 	0.96462 	0.95759 	0.96684 	0.96430 	0.96705 	0.93038 	0.94357 	0.96140 	0.93407 	0.95279 	0.95965 	0.00000 	0.00000 	-0.23287 	0.05915 	0.00000 	0.18557 	-0.21613 	-0.06274 	0.18769 	-0.22397 	0.17808 	0.13013 	0.00000 	0.00000 	-0.07974 	0.00382 	0.00000 	0.13348 	-0.07400 	-0.02148 	0.01293 	-0.07669 	0.06098 	0.06972 	0.00491	0.02900
Replication125	 0.07897	0.96990	0.87103 	0.87740 	0.91494 	0.88399 	0.89435 	0.92619 	0.92769 	0.93220 	0.93631 	0.93252 	0.94063 	0.93581 	-0.29156 	-0.63702 	0.00000 	0.13069 	0.00000 	0.34775 	-0.12167 	-0.07409 	0.27451 	0.00000 	0.17217 	0.18953 	-0.10157 	-0.22191 	0.00000 	0.05318 	0.00000 	0.27478 	-0.04239 	-0.02581 	0.02970 	0.00000 	0.05998 	0.10491 	0.00970	0.13087
Replication126	 0.00114	0.99460	0.94886 	0.97240 	0.98514 	0.96644 	0.97353 	0.98823 	1.00106 	0.99881 	0.99542 	0.99929 	1.00696 	0.99519 	-0.42655 	0.00000 	0.00000 	0.03873 	0.03748 	0.08739 	0.00000 	0.00000 	0.05203 	-0.04254 	0.20810 	0.03698 	-0.14143 	0.00000 	0.00000 	0.02484 	0.01243 	0.07431 	0.00000 	0.00000 	0.00815 	-0.01410 	0.06900 	0.02181 	0.00837	0.05501
Replication127	 0.04060	0.96855	0.91993 	0.90940 	0.91558 	0.91866 	0.91934 	0.93353 	0.91957 	0.92558 	0.93643 	0.92628 	0.93844 	0.93482 	0.00000 	-0.39997 	-0.39342 	0.10712 	0.00000 	0.32211 	-0.16937 	-0.18649 	0.27973 	0.00000 	0.22440 	0.19340 	0.00000 	-0.13971 	-0.13742 	0.02615 	0.00000 	0.24588 	-0.05916 	-0.06514 	0.02399 	0.00000 	0.07838 	0.10500 	0.02249	0.07797
Replication128	 0.04126	0.97501	0.94270 	0.95010 	0.95476 	0.95025 	0.95147 	0.96035 	0.90874 	0.92973 	0.95387 	0.91343 	0.94064 	0.95179 	-0.13910 	-0.06541 	0.00000 	0.07576 	0.00000 	0.21469 	-0.30797 	0.00000 	0.21746 	-0.35948 	0.23601 	0.15063 	-0.04796 	-0.02255 	0.00000 	0.01142 	0.00000 	0.15412 	-0.10619 	0.00000 	0.01425 	-0.12395 	0.08138 	0.08039 	0.02261	0.04091
Replication129	 0.06417	0.96677	0.89937 	0.89357 	0.92006 	0.90291 	0.90916 	0.93013 	0.88583 	0.91474 	0.93149 	0.90893 	0.92186 	0.93016 	-0.07515 	-0.59251 	0.00000 	0.12090 	0.00000 	0.33689 	-0.47798 	0.00000 	0.29715 	0.00000 	0.19099 	0.20515 	-0.02634 	-0.20770 	0.00000 	0.03535 	0.00000 	0.25635 	-0.16755 	0.00000 	0.02695 	0.00000 	0.06695 	0.11175 	0.00545	0.09576
Replication130	 0.01368	0.98132	0.93951 	0.95071 	0.94990 	0.94947 	0.95029 	0.96243 	0.95172 	0.96089 	0.96584 	0.95751 	0.97271 	0.96463 	-0.25047 	0.00000 	-0.32442 	0.06821 	0.00380 	0.19933 	-0.20158 	0.00000 	0.16712 	-0.09186 	0.29421 	0.11630 	-0.08528 	0.00000 	-0.11046 	0.02011 	0.00129 	0.15404 	-0.06863 	0.00000 	0.01518 	-0.03128 	0.10018 	0.06378 	0.01935	0.05893
Replication131	 0.00021	0.99479	1.00069 	1.00091 	1.00048 	1.00115 	1.00090 	1.00134 	0.99039 	0.99156 	0.99933 	0.98316 	0.99914 	0.99846 	0.00000 	0.00000 	0.00000 	0.01316 	0.00018 	0.03849 	0.00000 	0.00000 	0.04321 	-0.28198 	0.16335 	0.03022 	0.00000 	0.00000 	0.00000 	-0.00025 	0.00006 	0.02586 	0.00000 	0.00000 	0.00083 	-0.09346 	0.05414 	0.01557 	0.00663	0.00275
Replication132	 0.14246	0.94955	0.87535 	0.86483 	0.86296 	0.87605 	0.87339 	0.88925 	0.80754 	0.84271 	0.88060 	0.82698 	0.85528 	0.87698 	0.00000 	-0.34188 	-0.49909 	0.16268 	0.00000 	0.50960 	-0.48904 	-0.11766 	0.47225 	-0.22791 	0.21460 	0.33490 	0.00000 	-0.12405 	-0.18110 	0.03277 	0.00000 	0.38730 	-0.17745 	-0.04269 	0.06195 	-0.08270 	0.07787 	0.19307 	0.01845	0.14497
Replication133	 0.14598	0.94631	0.86554 	0.85503 	0.86908 	0.86753 	0.86958 	0.88804 	0.81418 	0.82676 	0.87664 	0.80402 	0.84708 	0.87218 	0.00000 	-0.51578 	-0.17854 	0.17307 	0.01359 	0.51804 	-0.14235 	-0.33342 	0.49361 	-0.54448 	0.21479 	0.34898 	0.00000 	-0.18837 	-0.06521 	0.03482 	0.00496 	0.38788 	-0.05199 	-0.12177 	0.05695 	-0.19886 	0.07845 	0.19803 	0.04752	0.13490
Replication134	 0.08713	0.95838	0.88916 	0.88338 	0.89446 	0.89245 	0.89432 	0.91295 	0.86287 	0.88716 	0.91101 	0.88329 	0.89916 	0.90868 	-0.07068 	-0.42592 	-0.29356 	0.13934 	0.00000 	0.41089 	-0.42171 	-0.18005 	0.37357 	0.00000 	0.20686 	0.25957 	-0.02520 	-0.15183 	-0.10465 	0.03217 	0.00000 	0.31000 	-0.15034 	-0.06418 	0.03509 	0.00000 	0.07374 	0.14257 	0.00168	0.09737
Replication135	 0.12203	0.94666	0.87521 	0.88231 	0.87614 	0.88552 	0.88280 	0.89703 	0.83523 	0.82797 	0.88195 	0.82834 	0.85576 	0.87674 	-0.16043 	-0.04848 	-0.33822 	0.15948 	0.00000 	0.48421 	0.00000 	-0.87155 	0.48119 	-0.14726 	0.14718 	0.33943 	-0.05855 	-0.01769 	-0.12344 	0.02215 	0.00000 	0.35493 	0.00000 	-0.31808 	0.04744 	-0.05374 	0.05372 	0.18949 	0.04556	0.09622
Replication136	 0.14767	0.95722	0.89646 	0.90866 	0.90912 	0.90884 	0.90811 	0.91928 	0.80233 	0.84403 	0.90076 	0.83709 	0.86422 	0.89579 	-0.18276 	0.00000 	0.00000 	0.12887 	0.00000 	0.38877 	-0.65659 	-0.50553 	0.39942 	0.00000 	0.23214 	0.28677 	-0.06530 	0.00000 	0.00000 	0.01873 	0.00000 	0.28508 	-0.23461 	-0.18063 	0.05155 	0.00000 	0.08295 	0.16652 	0.09111	0.12428
Replication137	 0.03174	0.97065	0.94939 	0.94685 	0.94225 	0.95035 	0.94843 	0.95322 	0.92339 	0.92149 	0.94581 	0.91826 	0.93347 	0.94357 	0.00000 	-0.07031 	-0.22352 	0.08130 	0.00394 	0.24646 	0.00000 	-0.37863 	0.25184 	-0.15826 	0.08218 	0.17308 	0.00000 	-0.02445 	-0.07775 	0.00573 	0.00137 	0.17531 	0.00000 	-0.13170 	0.01315 	-0.05505 	0.02858 	0.09057 	0.00809	0.02578
Replication138	 0.08687	0.97153	0.86313 	0.88554 	0.91738 	0.88547 	0.89550 	0.92900 	0.92930 	0.93319 	0.93877 	0.92662 	0.94601 	0.93787 	-0.47473 	-0.39179 	-0.03690 	0.12750 	0.00000 	0.33532 	-0.08497 	0.00000 	0.26278 	-0.21722 	0.29058 	0.18317 	-0.16484 	-0.13604 	-0.01281 	0.05420 	0.00000 	0.26631 	-0.02951 	0.00000 	0.03127 	-0.07542 	0.10090 	0.10314 	0.00628	0.13720
Replication139	 0.04946	0.96228	0.91558 	0.90768 	0.91216 	0.91576 	0.91581 	0.92838 	0.90660 	0.90054 	0.92506 	0.90484 	0.91796 	0.92247 	0.00000 	-0.32687 	-0.29879 	0.11732 	0.00000 	0.34884 	0.00000 	-0.54108 	0.32869 	0.00000 	0.14051 	0.22673 	0.00000 	-0.11562 	-0.10569 	0.02020 	0.00000 	0.25741 	0.00000 	-0.19139 	0.02194 	0.00000 	0.04970 	0.12069 	0.00465	0.05724
Replication140	 0.08426	0.95983	0.86574 	0.88049 	0.90175 	0.88275 	0.88943 	0.91623 	0.89619 	0.89846 	0.91695 	0.88776 	0.90503 	0.91553 	-0.34475 	-0.33665 	-0.11900 	0.14455 	0.00885 	0.39696 	0.00000 	-0.11435 	0.35542 	-0.29982 	0.06158 	0.24394 	-0.12254 	-0.11966 	-0.04230 	0.04112 	0.00314 	0.29959 	0.00000 	-0.04065 	0.02873 	-0.10657 	0.02189 	0.13101 	0.00328	0.09374
Replication141	 0.12476	0.95112	0.82524 	0.83595 	0.87427 	0.84323 	0.85324 	0.88997 	0.85692 	0.86594 	0.89125 	0.85645 	0.87334 	0.88954 	-0.33154 	-0.61860 	0.00000 	0.18459 	0.00000 	0.50505 	-0.12150 	-0.18958 	0.44387 	-0.22027 	0.05231 	0.30775 	-0.11992 	-0.22376 	0.00000 	0.05873 	0.00000 	0.38656 	-0.04395 	-0.06857 	0.04635 	-0.07968 	0.01892 	0.17034 	0.01209	0.14502
Replication142	 0.12494	0.95475	0.82506 	0.85224 	0.88140 	0.85221 	0.86229 	0.89670 	0.85934 	0.86664 	0.89552 	0.84068 	0.87628 	0.89325 	-0.50268 	-0.33674 	-0.03201 	0.17337 	0.02908 	0.47563 	0.00000 	0.00000 	0.42032 	-0.63823 	0.14116 	0.29529 	-0.18051 	-0.12092 	-0.01149 	0.05686 	0.01044 	0.36594 	0.00000 	0.00000 	0.05230 	-0.22918 	0.05069 	0.16808 	0.02518	0.16219
Replication143	 0.13210	0.94544	0.83356 	0.84703 	0.84242 	0.85051 	0.84908 	0.87521 	0.81790 	0.83927 	0.87121 	0.83435 	0.85460 	0.86780 	-0.33363 	-0.12039 	-0.66202 	0.18659 	0.00000 	0.56673 	-0.36032 	-0.29025 	0.50832 	-0.05777 	0.19958 	0.35887 	-0.12206 	-0.04405 	-0.24220 	0.04612 	0.00000 	0.43449 	-0.13183 	-0.10619 	0.06464 	-0.02113 	0.07302 	0.20550 	0.00428	0.15631
Replication144	 0.03509	0.96966	0.94593 	0.94385 	0.94875 	0.94770 	0.94816 	0.95484 	0.91968 	0.91632 	0.94616 	0.91491 	0.93139 	0.94362 	0.00000 	-0.17691 	0.00000 	0.08450 	0.00000 	0.24161 	0.00000 	-0.51446 	0.25511 	-0.13066 	0.09091 	0.17436 	0.00000 	-0.06166 	0.00000 	0.00640 	0.00000 	0.16808 	0.00000 	-0.17930 	0.00842 	-0.04554 	0.03168 	0.08908 	0.02445	0.01717
Replication145	 0.05291	0.97704	0.89709 	0.89855 	0.93283 	0.90562 	0.91501 	0.94201 	0.95686 	0.95190 	0.95344 	0.95541 	0.96630 	0.95270 	-0.21604 	-0.63311 	0.00000 	0.10571 	0.00000 	0.28034 	0.00000 	-0.17724 	0.21012 	0.00000 	0.27216 	0.14599 	-0.07419 	-0.21742 	0.00000 	0.04659 	0.00000 	0.22467 	0.00000 	-0.06087 	0.02338 	0.00000 	0.09347 	0.08144 	0.01206	0.11706
Replication146	 0.04302	0.96814	0.90698 	0.91415 	0.93248 	0.91720 	0.92357 	0.94091 	0.91821 	0.91769 	0.93975 	0.90763 	0.93442 	0.93761 	-0.21162 	-0.32698 	0.00000 	0.10872 	0.02984 	0.29523 	0.00000 	-0.23972 	0.27457 	-0.35286 	0.24186 	0.18845 	-0.07398 	-0.11431 	0.00000 	0.02668 	0.01043 	0.21800 	0.00000 	-0.08380 	0.01545 	-0.12336 	0.08455 	0.09887 	0.00749	0.05853
Replication147	 0.00546	0.98954	0.98832 	0.98732 	0.98347 	0.98849 	0.98715 	0.98856 	0.97558 	0.97695 	0.98652 	0.96659 	0.98664 	0.98530 	-0.00024 	0.00000 	-0.14019 	0.02916 	0.00000 	0.09230 	0.00000 	0.00000 	0.09100 	-0.34224 	0.20709 	0.06372 	-0.00008 	0.00000 	-0.04696 	0.00223 	0.00000 	0.06694 	0.00000 	0.00000 	0.00593 	-0.11463 	0.06936 	0.03432 	0.00060	0.01712
Replication148	 0.15388	0.94575	0.79612 	0.80286 	0.84348 	0.81404 	0.82389 	0.86608 	0.82423 	0.84102 	0.86866 	0.82043 	0.84879 	0.86657 	-0.32413 	-0.72398 	-0.14147 	0.21280 	0.00000 	0.60029 	-0.17335 	0.00000 	0.51233 	-0.43263 	0.12543 	0.36090 	-0.11851 	-0.26471 	-0.05173 	0.07312 	0.00000 	0.46878 	-0.06338 	0.00000 	0.07114 	-0.15818 	0.04586 	0.20839 	0.01620	0.21079
Replication149	 0.19729	0.94344	0.86145 	0.85467 	0.83977 	0.86443 	0.85758 	0.87036 	0.75271 	0.79115 	0.85189 	0.76155 	0.80979 	0.84606 	-0.01283 	-0.14863 	-0.57652 	0.17902 	0.00000 	0.58718 	-0.44642 	-0.20318 	0.55636 	-0.51719 	0.24742 	0.40484 	-0.00471 	-0.05459 	-0.21177 	0.03338 	0.00000 	0.45007 	-0.16398 	-0.07463 	0.09637 	-0.18998 	0.09089 	0.24583 	0.07005	0.21685
Replication150	 0.21343	0.96319	0.73657 	0.78835 	0.85142 	0.78600 	0.80466 	0.87143 	0.88618 	0.88484 	0.88936 	0.88165 	0.89468 	0.88896 	-0.83590 	-0.56535 	0.00000 	0.21081 	0.00000 	0.55928 	0.00000 	-0.06387 	0.39872 	-0.13665 	0.17930 	0.29195 	-0.29513 	-0.19961 	0.00000 	0.11602 	0.00000 	0.47004 	0.00000 	-0.02255 	0.09933 	-0.04825 	0.06331 	0.18846 	0.03828	0.37160
Replication151	 0.04728	0.97022	0.92063 	0.93600 	0.94003 	0.93389 	0.93559 	0.94886 	0.91466 	0.92131 	0.94310 	0.90272 	0.92657 	0.94146 	-0.26559 	0.00000 	-0.08272 	0.09386 	0.00000 	0.26317 	-0.01907 	0.00000 	0.25918 	-0.48338 	0.06945 	0.17787 	-0.09246 	0.00000 	-0.02880 	0.01719 	0.00000 	0.19099 	-0.00664 	0.00000 	0.01699 	-0.16828 	0.02418 	0.09415 	0.01276	0.04730
Replication152	 0.00074	0.99426	0.99967 	1.00000 	0.99960 	1.00023 	0.99998 	1.00052 	0.98851 	0.98685 	0.99869 	0.99009 	1.00431 	0.99701 	0.00000 	0.00000 	0.00000 	0.01451 	0.00000 	0.04218 	-0.07729 	-0.34086 	0.04668 	0.00000 	0.29023 	0.03384 	0.00000 	0.00000 	0.00000 	-0.00026 	0.00000 	0.02826 	-0.02565 	-0.11309 	0.00001 	0.00000 	0.09630 	0.01770 	0.00928	0.00328
Replication153	 0.16256	0.96099	0.91973 	0.92047 	0.91367 	0.92392 	0.91994 	0.92357 	0.78744 	0.84096 	0.90045 	0.81613 	0.85160 	0.89559 	0.00000 	0.00000 	-0.02591 	0.11302 	0.00000 	0.36830 	-0.68131 	-0.15939 	0.38473 	-0.32446 	0.15699 	0.28189 	0.00000 	0.00000 	-0.00919 	0.01258 	0.00000 	0.27374 	-0.24161 	-0.05652 	0.06750 	-0.11506 	0.05567 	0.17223 	0.11385	0.15933
Replication154	 -1.42545	0.99636	0.99938 	0.99747 	0.99293 	0.99860 	0.99727 	0.99831 	1.00255 	1.00162 	1.00004 	1.00228 	1.00429 	0.99980 	0.00000 	0.00000 	-0.20322 	0.01301 	0.00000 	0.04784 	0.00000 	0.00000 	0.03536 	0.00000 	0.06892 	0.02536 	0.00000 	0.00000 	-0.06714 	0.00363 	0.00000 	0.03901 	0.00000 	0.00000 	0.00574 	0.00000 	0.02277 	0.01512 	0.01273	0.01913
Replication155	 0.14106	0.94675	0.80894 	0.82449 	0.85908 	0.83056 	0.83974 	0.87874 	0.85345 	0.84822 	0.87967 	0.84995 	0.86606 	0.87691 	-0.39066 	-0.54625 	-0.10625 	0.19946 	0.00000 	0.55205 	0.00000 	-0.56281 	0.48553 	-0.06300 	0.10595 	0.33896 	-0.14255 	-0.19933 	-0.03877 	0.06236 	0.00000 	0.42297 	0.00000 	-0.20537 	0.05249 	-0.02299 	0.03866 	0.18927 	0.01297	0.15676
Replication156	 0.08953	0.95542	0.88291 	0.89311 	0.89171 	0.89499 	0.89448 	0.91172 	0.87249 	0.87288 	0.90508 	0.86047 	0.88944 	0.90191 	-0.23538 	-0.08146 	-0.36991 	0.14130 	0.00000 	0.41905 	0.00000 	-0.32575 	0.39785 	-0.38596 	0.16931 	0.27716 	-0.08441 	-0.02921 	-0.13265 	0.02651 	0.00000 	0.31098 	0.00000 	-0.11682 	0.03529 	-0.13841 	0.06072 	0.15183 	0.00621	0.08383
Replication157	 0.14302	0.96011	0.80698 	0.82916 	0.87614 	0.83351 	0.84674 	0.89252 	0.87314 	0.89109 	0.90302 	0.88449 	0.90223 	0.90192 	-0.50746 	-0.63093 	-0.01410 	0.18011 	0.00000 	0.48467 	-0.30448 	0.00000 	0.38301 	-0.11041 	0.25850 	0.27056 	-0.18028 	-0.22414 	-0.00501 	0.07741 	0.00000 	0.38798 	-0.10817 	0.00000 	0.05862 	-0.03922 	0.09183 	0.15842 	0.00946	0.21745
Replication158	 0.03887	0.96899	0.92919 	0.92858 	0.93000 	0.93300 	0.93498 	0.94360 	0.92040 	0.91938 	0.94040 	0.91113 	0.93535 	0.93808 	-0.08899 	-0.19103 	-0.27497 	0.09609 	0.04917 	0.28417 	0.00000 	-0.25185 	0.26975 	-0.30513 	0.22327 	0.18631 	-0.03106 	-0.06667 	-0.09596 	0.01626 	0.01716 	0.20901 	0.00000 	-0.08789 	0.01758 	-0.10649 	0.07792 	0.09914 	0.00319	0.04900
Replication159	 0.10575	0.95381	0.86957 	0.85567 	0.88409 	0.87019 	0.87587 	0.90002 	0.84425 	0.87005 	0.89799 	0.85795 	0.87834 	0.89584 	0.00000 	-0.72965 	-0.08962 	0.16147 	0.00000 	0.46444 	-0.37288 	-0.08395 	0.41903 	-0.18689 	0.14085 	0.29147 	0.00000 	-0.26251 	-0.03224 	0.04253 	0.00000 	0.35247 	-0.13415 	-0.03020 	0.04339 	-0.06724 	0.05067 	0.16162 	0.01428	0.12437
Replication160	 0.19092	0.94948	0.86205 	0.85149 	0.86540 	0.86439 	0.86610 	0.88401 	0.75908 	0.81622 	0.86991 	0.78734 	0.82716 	0.86531 	0.00000 	-0.51685 	-0.13919 	0.17127 	0.01635 	0.52916 	-0.68133 	0.00000 	0.49461 	-0.38277 	0.22827 	0.35815 	0.00000 	-0.18757 	-0.05051 	0.04119 	0.00593 	0.40669 	-0.24726 	0.00000 	0.08373 	-0.13891 	0.08284 	0.21612 	0.07767	0.21225
Replication161	 0.00532	0.98968	0.98116 	0.98394 	0.98243 	0.98401 	0.98373 	0.98760 	0.98062 	0.97824 	0.98751 	0.97408 	0.99363 	0.98599 	-0.06994 	0.00000 	-0.13313 	0.03225 	0.00000 	0.09570 	0.00000 	-0.15662 	0.08840 	-0.21569 	0.29408 	0.06215 	-0.02342 	0.00000 	-0.04458 	0.00567 	0.00000 	0.07068 	0.00000 	-0.05244 	0.00446 	-0.07222 	0.09847 	0.03313 	0.00281	0.01974
Replication162	 0.06476	0.97955	0.88524 	0.91306 	0.93306 	0.90893 	0.91678 	0.94553 	0.95960 	0.95994 	0.95667 	0.96128 	0.96865 	0.95632 	-0.53529 	-0.16193 	-0.18021 	0.10006 	0.00496 	0.26423 	-0.05721 	0.00000 	0.19323 	0.00000 	0.21958 	0.13528 	-0.18291 	-0.05533 	-0.06158 	0.04741 	0.00169 	0.21466 	-0.01955 	0.00000 	0.02693 	0.00000 	0.07503 	0.07779 	0.01730	0.12415
Replication163	 0.04135	0.97029	0.93467 	0.92853 	0.90865 	0.93390 	0.92767 	0.93418 	0.91354 	0.92200 	0.93331 	0.91289 	0.93302 	0.93137 	-0.01375 	0.00000 	-0.75756 	0.09377 	0.00218 	0.31761 	-0.13921 	0.00000 	0.27911 	-0.24606 	0.24023 	0.19780 	-0.00479 	0.00000 	-0.26370 	0.01727 	0.00076 	0.24559 	-0.04846 	0.00000 	0.03748 	-0.08565 	0.08362 	0.11427 	0.02588	0.09640
Replication164	 0.01731	0.98118	0.97548 	0.97505 	0.97085 	0.97660 	0.97630 	0.97601 	0.93269 	0.94609 	0.96808 	0.93323 	0.95677 	0.96610 	0.00000 	0.00000 	-0.08276 	0.04859 	0.03676 	0.14906 	-0.20482 	-0.07565 	0.16306 	-0.32339 	0.19694 	0.11357 	0.00000 	0.00000 	-0.02819 	0.00013 	0.01252 	0.10344 	-0.06976 	-0.02577 	0.01000 	-0.11014 	0.06707 	0.06066 	0.02137	0.01997
Replication165	 0.13184	0.95680	0.02141	0.18125
Replication166	 0.27310	0.93240	0.81816 	0.84458 	0.86288 	0.84491 	0.85118 	0.88965 	0.88224 	0.89220 	0.89812 	0.89027 	0.89473 	0.89737 	-0.54478 	-0.27435 	-0.46536 	0.17606 	0.00000 	0.49933 	-0.16723 	0.00000 	0.40660 	0.00000 	0.06407 	0.28425 	-0.19483 	-0.09811 	-0.16642 	0.06483 	0.00000 	0.39461 	-0.05980 	0.00000 	0.05527 	0.00000 	0.02291 	0.16280 	0.12673	0.37694
Replication167	 0.10803	0.95715	0.75318 	0.78757 	0.78569 	0.78764 	0.78616 	0.82264 	0.67690 	0.72236 	0.80211 	0.68022 	0.74139 	0.79471 	-0.52957 	-0.01581 	-0.49031 	0.24925 	0.00000 	0.77778 	-0.42443 	-0.20643 	0.70398 	-0.66266 	0.20267 	0.52226 	-0.19889 	-0.00594 	-0.18414 	0.07520 	0.00000 	0.61392 	-0.15940 	-0.07753 	0.15424 	-0.24887 	0.07612 	0.33223 	0.04258	0.08084
Replication168	 0.12178	0.94393	0.91877 	0.91669 	0.90416 	0.92108 	0.91606 	0.92141 	0.84197 	0.86122 	0.90583 	0.85021 	0.87737 	0.90182 	0.00000 	0.00000 	-0.33610 	0.12004 	0.00000 	0.38096 	-0.30781 	-0.39916 	0.38927 	-0.23114 	0.15161 	0.27491 	0.00000 	0.00000 	-0.12011 	0.00971 	0.00000 	0.27709 	-0.11000 	-0.14265 	0.04078 	-0.08260 	0.05418 	0.15445 	0.00660	0.14931
Replication169	 0.09459	0.97187	0.84467 	0.82822 	0.84635 	0.84488 	0.84735 	0.87342 	0.83853 	0.83486 	0.87117 	0.82866 	0.85827 	0.86741 	0.00000 	-0.68046 	-0.40632 	0.19265 	0.00000 	0.57521 	0.00000 	-0.50697 	0.51457 	-0.26920 	0.22534 	0.36179 	0.00000 	-0.24971 	-0.14911 	0.04827 	0.00000 	0.43929 	0.00000 	-0.18604 	0.05855 	-0.09879 	0.08269 	0.20416 	0.00360	0.14202
Replication170	 0.01190	0.98310	0.85541 	0.89085 	0.91703 	0.88537 	0.89486 	0.92957 	0.93233 	0.93242 	0.93823 	0.92457 	0.94346 	0.93736 	-0.61600 	-0.17487 	-0.08601 	0.12714 	0.00000 	0.33279 	0.00000 	0.00000 	0.26251 	-0.26936 	0.23652 	0.18369 	-0.21374 	-0.06068 	-0.02984 	0.05471 	0.00000 	0.26461 	0.00000 	0.00000 	0.03376 	-0.09346 	0.08207 	0.10461 	0.01514	0.02939
Replication171	 0.01890	0.97610	0.96913 	0.96482 	0.96206 	0.96844 	0.96762 	0.97215 	0.96833 	0.96568 	0.97233 	0.96756 	0.97329 	0.97133 	0.00000 	-0.11403 	-0.27929 	0.05208 	0.00874 	0.16105 	0.00000 	-0.18888 	0.14649 	0.00000 	0.09820 	0.10051 	0.00000 	-0.03869 	-0.09476 	0.00856 	0.00297 	0.12008 	0.00000 	-0.06408 	0.00902 	0.00000 	0.03332 	0.05298 	0.00764	0.03304
Replication172	 0.04351	0.96704	0.93911 	0.94929 	0.94977 	0.94834 	0.94901 	0.95974 	0.94020 	0.94592 	0.95791 	0.93920 	0.95116 	0.95682 	-0.20604 	-0.00587 	-0.19695 	0.07575 	0.00008 	0.21564 	-0.08385 	-0.05509 	0.20470 	-0.17856 	0.08341 	0.13914 	-0.07089 	-0.00202 	-0.06776 	0.01422 	0.00003 	0.15771 	-0.02885 	-0.01896 	0.01035 	-0.06143 	0.02870 	0.07195 	0.02156	0.08355
Replication173	 0.05403	0.96606	0.91699 	0.90649 	0.91069 	0.91579 	0.91585 	0.92984 	0.91171 	0.92003 	0.93174 	0.91041 	0.93034 	0.93017 	0.00000 	-0.37869 	-0.42649 	0.11117 	0.00000 	0.33767 	-0.12993 	0.00000 	0.29558 	-0.25646 	0.22083 	0.20476 	0.00000 	-0.13268 	-0.14943 	0.02629 	0.00000 	0.25777 	-0.04552 	0.00000 	0.02751 	-0.08985 	0.07737 	0.11209 	0.00440	0.06702
Replication174	 0.01601	0.98332	0.89597 	0.90595 	0.92564 	0.90833 	0.91393 	0.93492 	0.89974 	0.91535 	0.93378 	0.90329 	0.92060 	0.93250 	-0.25052 	-0.31741 	0.00000 	0.11787 	0.00000 	0.31999 	-0.21531 	0.00000 	0.29534 	-0.25097 	0.10392 	0.20150 	-0.08794 	-0.11143 	0.00000 	0.03048 	0.00000 	0.23771 	-0.07559 	0.00000 	0.01932 	-0.08810 	0.03648 	0.10609 	0.02619	0.08004
Replication175	 0.14518	0.94937	0.94487 	0.93399 	0.94775 	0.94267 	0.94581 	0.95969 	0.97538 	0.97207 	0.96875 	0.97441 	0.98168 	0.96824 	0.00000 	-0.48001 	-0.25921 	0.07060 	0.00000 	0.20707 	0.00000 	-0.04514 	0.15297 	0.00000 	0.22120 	0.10632 	0.00000 	-0.16278 	-0.08791 	0.02765 	0.00000 	0.16664 	0.00000 	-0.01531 	0.01731 	0.00000 	0.07502 	0.05943 	0.04464	0.12188
Replication176	 0.09326	0.95915	0.88431 	0.87913 	0.87708 	0.88734 	0.88478 	0.89751 	0.80482 	0.83570 	0.88303 	0.81741 	0.84774 	0.87899 	-0.01922 	-0.23486 	-0.31538 	0.15466 	0.00000 	0.47913 	-0.40879 	-0.23064 	0.46793 	-0.31068 	0.13134 	0.33115 	-0.00698 	-0.08525 	-0.11448 	0.02431 	0.00000 	0.35641 	-0.14838 	-0.08372 	0.05623 	-0.11277 	0.04768 	0.18883 	0.02227	0.08471
Replication177	 0.12806	0.95282	0.89744 	0.90165 	0.90612 	0.90554 	0.90610 	0.92103 	0.87479 	0.87825 	0.91333 	0.85674 	0.89642 	0.90996 	-0.14532 	-0.19008 	-0.20112 	0.12880 	0.00000 	0.37996 	0.00000 	-0.21299 	0.36565 	-0.59936 	0.24079 	0.25595 	-0.05172 	-0.06766 	-0.07159 	0.02362 	0.00000 	0.28094 	0.00000 	-0.07581 	0.03344 	-0.21334 	0.08571 	0.14111 	0.04015	0.12306
Replication178	 0.06411	0.96050	0.86115 	0.88178 	0.88626 	0.88093 	0.88381 	0.90369 	0.82194 	0.84996 	0.89312 	0.83273 	0.86704 	0.88922 	-0.36288 	-0.05393 	-0.20887 	0.15491 	0.03188 	0.45204 	-0.40022 	-0.22955 	0.43311 	-0.32846 	0.24613 	0.30601 	-0.13081 	-0.01944 	-0.07530 	0.03342 	0.01149 	0.33766 	-0.14427 	-0.08275 	0.04938 	-0.11841 	0.08873 	0.17336 	0.00507	0.08155
Replication179	 0.05357	0.97963	0.88696 	0.89157 	0.90315 	0.89651 	0.90052 	0.91985 	0.88589 	0.89608 	0.91905 	0.89323 	0.91320 	0.91659 	-0.20498 	-0.31885 	-0.25499 	0.13365 	0.02427 	0.38268 	-0.22860 	-0.29415 	0.34837 	-0.08768 	0.25431 	0.24090 	-0.07277 	-0.11319 	-0.09052 	0.03194 	0.00862 	0.28692 	-0.08115 	-0.10442 	0.02711 	-0.03112 	0.09027 	0.12984 	0.00952	0.09851
Replication180	 0.13558	0.95167	0.89643 	0.91837 	0.94393 	0.91627 	0.92489 	0.95173 	0.96033 	0.95929 	0.96069 	0.95534 	0.96909 	0.96020 	-0.44374 	-0.27014 	0.00000 	0.09460 	0.00000 	0.24110 	0.00000 	0.00000 	0.18459 	-0.16884 	0.22544 	0.12746 	-0.15160 	-0.09229 	0.00000 	0.04216 	0.00000 	0.19173 	0.00000 	0.00000 	0.01896 	-0.05768 	0.07702 	0.07021 	0.00255	0.16426
Replication181	 0.10437	0.95969	0.81442 	0.85203 	0.85917 	0.84701 	0.85085 	0.88630 	0.86647 	0.86221 	0.88762 	0.85944 	0.88288 	0.88463 	-0.61878 	0.00000 	-0.48248 	0.18113 	0.00000 	0.51799 	0.00000 	-0.41716 	0.44912 	-0.18495 	0.23586 	0.31673 	-0.22357 	0.00000 	-0.17433 	0.05669 	0.00000 	0.40084 	0.00000 	-0.15073 	0.05610 	-0.06683 	0.08522 	0.18086 	0.04121	0.08860
Replication182	 0.12712	0.95603	0.92106 	0.91830 	0.90806 	0.92306 	0.91893 	0.92458 	0.86229 	0.86728 	0.91083 	0.84563 	0.88810 	0.90660 	0.00000 	-0.03995 	-0.31939 	0.11532 	0.00497 	0.36609 	-0.03567 	-0.32611 	0.36861 	-0.59666 	0.24214 	0.26186 	0.00000 	-0.01421 	-0.11356 	0.01154 	0.00177 	0.26839 	-0.01268 	-0.11595 	0.04081 	-0.21215 	0.08609 	0.14855 	0.02667	0.21731
Replication183	 0.09326	0.95786	0.82288 	0.82352 	0.84750 	0.83512 	0.84098 	0.87880 	0.88110 	0.88956 	0.89188 	0.88903 	0.89851 	0.89088 	-0.29490 	-0.63852 	-0.57323 	0.18419 	0.00000 	0.54055 	-0.17774 	0.00000 	0.42259 	0.00000 	0.21221 	0.29819 	-0.10562 	-0.22870 	-0.20531 	0.07099 	0.00000 	0.43398 	-0.06366 	0.00000 	0.06504 	0.00000 	0.07601 	0.17460 	0.01158	0.10524
Replication184	 0.12949	0.94656	0.85674 	0.87974 	0.89786 	0.87875 	0.88458 	0.91241 	0.86362 	0.88390 	0.91041 	0.88111 	0.89649 	0.90811 	-0.42430 	-0.20225 	-0.10633 	0.15001 	0.00000 	0.41351 	-0.36708 	-0.26508 	0.37692 	0.00000 	0.17476 	0.26143 	-0.15142 	-0.07218 	-0.03794 	0.04150 	0.00000 	0.31136 	-0.13100 	-0.09460 	0.03420 	0.00000 	0.06236 	0.14296 	0.01941	0.11329
Replication185	 0.13403	0.95034	0.86352 	0.87402 	0.86351 	0.87640 	0.87294 	0.89011 	0.82051 	0.83549 	0.87859 	0.83289 	0.85292 	0.87448 	-0.23298 	0.00000 	-0.52754 	0.16626 	0.00000 	0.51005 	-0.28638 	-0.52111 	0.48853 	-0.04792 	0.12644 	0.34406 	-0.08505 	0.00000 	-0.19257 	0.02868 	0.00000 	0.38052 	-0.10454 	-0.19022 	0.05397 	-0.01749 	0.04615 	0.19384 	0.01960	0.17959
Replication186	 0.10997	0.96135	0.82550 	0.84643 	0.86040 	0.84818 	0.85228 	0.88382 	0.83754 	0.84688 	0.88092 	0.81597 	0.86291 	0.87755 	-0.42528 	-0.24154 	-0.31656 	0.18198 	0.00161 	0.52881 	-0.02743 	-0.00276 	0.46835 	-0.74498 	0.26473 	0.33265 	-0.15407 	-0.08750 	-0.11468 	0.05413 	0.00058 	0.40845 	-0.00994 	-0.00100 	0.06454 	-0.26989 	0.09590 	0.19306 	0.03261	0.10441
Replication187	 0.02623	0.97753	0.91916 	0.91513 	0.90640 	0.92067 	0.91672 	0.92374 	0.84003 	0.87503 	0.91168 	0.85330 	0.88511 	0.90838 	0.00000 	-0.08653 	-0.34343 	0.11493 	0.00000 	0.36723 	-0.46472 	0.00000 	0.36012 	-0.37860 	0.20761 	0.25601 	0.00000 	-0.03066 	-0.12170 	0.01541 	0.00000 	0.27353 	-0.16468 	0.00000 	0.04578 	-0.13417 	0.07357 	0.14734 	0.00062	0.04055
Replication188	 0.14352	0.95410	0.95797 	0.95436 	0.95128 	0.95810 	0.95659 	0.96186 	0.92377 	0.94248 	0.95862 	0.93991 	0.95408 	0.95680 	0.00000 	-0.10414 	-0.24744 	0.06680 	0.00000 	0.20603 	-0.36625 	-0.12832 	0.19744 	0.00000 	0.23810 	0.13716 	0.00000 	-0.03573 	-0.08489 	0.00893 	0.00000 	0.15156 	-0.12565 	-0.04402 	0.01468 	0.00000 	0.08169 	0.07399 	0.00015	0.20560
Replication189	 0.18847	0.94504	0.80648 	0.82165 	0.85971 	0.82870 	0.84020 	0.88172 	0.87150 	0.87434 	0.88996 	0.85878 	0.88596 	0.88839 	-0.43614 	-0.62336 	-0.20422 	0.19136 	0.02517 	0.53207 	0.00000 	-0.00663 	0.43443 	-0.42843 	0.20974 	0.30586 	-0.15682 	-0.22414 	-0.07343 	0.07318 	0.00905 	0.42080 	0.00000 	-0.00238 	0.06114 	-0.15405 	0.07541 	0.17683 	0.12379	0.16132
Replication190	 0.07182	0.96957	0.86812 	0.87572 	0.87827 	0.87978 	0.88105 	0.89182 	0.76153 	0.79497 	0.86615 	0.77475 	0.80738 	0.86063 	-0.14605 	-0.13339 	0.00000 	0.16576 	0.05438 	0.50554 	-0.41216 	-0.48250 	0.52040 	-0.32453 	0.00266 	0.37369 	-0.05348 	-0.04884 	0.00000 	0.02425 	0.01991 	0.37231 	-0.15091 	-0.17667 	0.07343 	-0.11883 	0.00097 	0.21918 	0.01057	0.08650
Replication191	 0.00177	0.99323	0.87818 	0.91316 	0.93015 	0.90583 	0.91279 	0.93902 	0.91781 	0.92159 	0.93916 	0.91045 	0.93166 	0.93769 	-0.55358 	0.00000 	0.00000 	0.11518 	0.00266 	0.30050 	-0.03968 	-0.09964 	0.26996 	-0.32656 	0.15546 	0.18627 	-0.19297 	0.00000 	0.00000 	0.03682 	0.00093 	0.22673 	-0.01383 	-0.03474 	0.02247 	-0.11383 	0.05419 	0.10072 	0.00306	0.00946
Replication192	 0.01719	0.97781	0.98842 	0.99316 	0.99518 	0.99223 	0.99308 	0.99668 	0.97908 	0.98909 	0.99611 	0.98507 	0.99796 	0.99522 	-0.08541 	0.00000 	0.00000 	0.02168 	0.00000 	0.05767 	-0.20577 	-0.00848 	0.05620 	-0.09425 	0.22256 	0.03885 	-0.02840 	0.00000 	0.00000 	0.00425 	0.00000 	0.04126 	-0.06841 	-0.00282 	0.00112 	-0.03133 	0.07400 	0.01981 	0.00702	0.03156
Replication193	 0.06233	0.96889	0.96243 	0.95941 	0.95142 	0.96242 	0.95970 	0.96345 	0.94703 	0.94508 	0.96011 	0.94181 	0.95738 	0.95830 	0.00000 	-0.02619 	-0.32970 	0.06328 	0.00132 	0.19979 	0.00000 	-0.24181 	0.19320 	-0.16530 	0.16461 	0.13378 	0.00000 	-0.00898 	-0.11305 	0.00614 	0.00045 	0.14600 	0.00000 	-0.08291 	0.01274 	-0.05668 	0.05644 	0.07140 	0.00433	0.10170
Replication194	 0.01650	0.98451	0.90130 	0.88767 	0.92070 	0.90065 	0.90830 	0.93095 	0.92169 	0.92573 	0.93660 	0.91487 	0.93596 	0.93557 	0.00000 	-0.76946 	0.00000 	0.11983 	0.00000 	0.33132 	-0.04691 	0.00000 	0.27801 	-0.31911 	0.21055 	0.19144 	0.00000 	-0.26859 	0.00000 	0.03972 	0.00000 	0.25590 	-0.01637 	0.00000 	0.02498 	-0.11139 	0.07350 	0.10397 	0.02170	0.07753
Replication195	 0.19521	0.94840	0.94457 	0.93350 	0.95377 	0.94258 	0.94750 	0.96277 	0.97871 	0.97642 	0.97219 	0.97804 	0.98307 	0.97203 	0.00000 	-0.56007 	-0.13162 	0.06912 	0.00000 	0.19420 	0.00000 	0.00000 	0.14102 	0.00000 	0.16854 	0.09711 	0.00000 	-0.18948 	-0.04453 	0.02924 	0.00000 	0.15666 	0.00000 	0.00000 	0.01505 	0.00000 	0.05702 	0.05357 	0.03892	0.26092
Replication196	 0.02065	0.97435	0.75479 	0.79989 	0.84516 	0.79764 	0.81117 	0.86527 	0.81727 	0.84043 	0.86842 	0.83073 	0.84712 	0.86657 	-0.71172 	-0.40379 	-0.01820 	0.22136 	0.00000 	0.60005 	-0.32748 	-0.13107 	0.50204 	-0.13081 	0.08138 	0.35717 	-0.25885 	-0.14686 	-0.00662 	0.08850 	0.00000 	0.47497 	-0.11910 	-0.04767 	0.08242 	-0.04758 	0.02960 	0.21211 	0.00305	0.02414
Replication197	 0.09202	0.96637	0.94484 	0.94601 	0.95171 	0.94893 	0.95151 	0.95940 	0.93547 	0.93730 	0.95578 	0.93184 	0.94834 	0.95408 	-0.08384 	-0.17985 	-0.08961 	0.07758 	0.03135 	0.21903 	-0.04805 	-0.22840 	0.21623 	-0.19435 	0.13594 	0.14702 	-0.02895 	-0.06210 	-0.03094 	0.01153 	0.01082 	0.15685 	-0.01659 	-0.07886 	0.00762 	-0.06710 	0.04694 	0.07491 	0.03541	0.08530
Replication198	 0.00188	0.99312	0.91023 	0.91888 	0.92843 	0.92046 	0.92277 	0.93697 	0.85798 	0.89783 	0.92882 	0.88325 	0.90590 	0.92635 	-0.18419 	-0.16627 	0.00000 	0.10863 	0.00000 	0.31202 	-0.58608 	0.00000 	0.30433 	-0.16509 	0.19878 	0.21328 	-0.06462 	-0.05833 	0.00000 	0.02203 	0.00000 	0.23049 	-0.20562 	0.00000 	0.03081 	-0.05792 	0.06974 	0.11873 	0.00328	0.00780
Replication199	 0.18340	0.94471	0.99662 	0.99632 	0.99456 	0.99691 	0.99624 	0.99702 	0.97599 	0.98787 	0.99514 	0.98449 	0.99422 	0.99431 	0.00000 	0.00000 	-0.05641 	0.01841 	0.00000 	0.05654 	-0.23275 	0.00000 	0.05866 	-0.04889 	0.16692 	0.04080 	0.00000 	0.00000 	-0.01876 	0.00069 	0.00000 	0.03986 	-0.07740 	0.00000 	0.00270 	-0.01626 	0.05551 	0.02146 	0.12209	0.16579
Replication200	 0.04539	0.97126	0.86222 	0.87170 	0.87563 	0.87508 	0.87444 	0.88958 	0.77675 	0.79190 	0.86601 	0.76660 	0.81759 	0.85957 	-0.16388 	-0.12505 	0.00000 	0.16961 	0.00000 	0.51425 	-0.17829 	-0.59087 	0.52201 	-0.57976 	0.17784 	0.37624 	-0.06004 	-0.04582 	0.00000 	0.02726 	0.00000 	0.38024 	-0.06532 	-0.21649 	0.07241 	-0.21242 	0.06516 	0.22082 	0.00165	0.04710
Replication201	 0.01470	0.98030	0.93998 	0.93344 	0.93786 	0.93993 	0.94226 	0.94899 	0.90461 	0.92720 	0.94484 	0.92252 	0.93158 	0.94342 	0.00000 	-0.28113 	-0.19164 	0.08812 	0.04981 	0.26142 	-0.37882 	-0.06152 	0.25136 	0.00000 	0.09152 	0.17253 	0.00000 	-0.09767 	-0.06658 	0.01411 	0.01731 	0.19175 	-0.13161 	-0.02137 	0.01762 	0.00000 	0.03180 	0.09173 	0.00342	0.02068
Replication202	 0.06886	0.96810	0.95653 	0.96155 	0.96578 	0.96206 	0.96338 	0.97124 	0.94438 	0.95417 	0.96856 	0.94658 	0.96307 	0.96723 	-0.11534 	-0.08124 	-0.05004 	0.06034 	0.00132 	0.16782 	-0.16949 	-0.06634 	0.16566 	-0.19443 	0.17258 	0.11258 	-0.03935 	-0.02772 	-0.01707 	0.00961 	0.00045 	0.12006 	-0.05783 	-0.02263 	0.00543 	-0.06634 	0.05888 	0.05719 	0.00569	0.08909
Replication203	 0.17439	0.94769	0.92243 	0.92340 	0.91489 	0.92685 	0.92401 	0.93414 	0.88114 	0.91215 	0.93071 	0.90616 	0.92142 	0.92858 	-0.10459 	-0.05395 	-0.47579 	0.10173 	0.00000 	0.32042 	-0.51729 	-0.01328 	0.29336 	0.00000 	0.23729 	0.20641 	-0.03657 	-0.01886 	-0.16634 	0.01960 	0.00000 	0.24310 	-0.18085 	-0.00464 	0.03396 	0.00000 	0.08296 	0.11674 	0.12340	0.15453
Replication204	 0.13178	0.95337	0.89055 	0.88945 	0.88339 	0.89519 	0.89116 	0.89827 	0.78877 	0.79841 	0.87293 	0.77561 	0.82695 	0.86621 	0.00000 	-0.08252 	-0.10574 	0.15110 	0.00329 	0.47836 	-0.12442 	-0.67677 	0.49563 	-0.57202 	0.19762 	0.35888 	0.00000 	-0.03006 	-0.03851 	0.01642 	0.00120 	0.35156 	-0.04531 	-0.24648 	0.07025 	-0.20833 	0.07197 	0.21183 	0.05752	0.11069
Replication205	 0.01472	0.98028	0.88764 	0.88031 	0.89648 	0.89014 	0.89254 	0.90853 	0.81822 	0.84822 	0.89694 	0.84038 	0.87086 	0.89258 	0.00000 	-0.46173 	0.00000 	0.14748 	0.00000 	0.43336 	-0.50160 	-0.46171 	0.42298 	-0.10728 	0.28744 	0.29857 	0.00000 	-0.16626 	0.00000 	0.02741 	0.00000 	0.32033 	-0.18062 	-0.16625 	0.04375 	-0.03863 	0.10350 	0.16748 	0.01033	0.04252
Replication206	 0.10324	0.95576	0.96594 	0.96268 	0.95244 	0.96557 	0.96222 	0.96550 	0.95085 	0.95122 	0.96338 	0.94188 	0.96336 	0.96166 	0.00000 	0.00000 	-0.38945 	0.05779 	0.00000 	0.18917 	0.00000 	-0.07401 	0.17640 	-0.32116 	0.22728 	0.12364 	0.00000 	0.00000 	-0.13288 	0.00703 	0.00000 	0.14138 	0.00000 	-0.02525 	0.01606 	-0.10958 	0.07755 	0.06822 	0.01084	0.12573
Replication207	 0.01062	0.98438	0.84676 	0.85770 	0.88972 	0.86321 	0.87176 	0.90343 	0.86797 	0.88037 	0.90366 	0.86253 	0.88573 	0.90211 	-0.31319 	-0.52054 	0.00000 	0.16405 	0.00000 	0.44943 	-0.11860 	0.00000 	0.39940 	-0.40531 	0.07929 	0.27630 	-0.11224 	-0.18654 	0.00000 	0.05013 	0.00000 	0.34218 	-0.04250 	0.00000 	0.03960 	-0.14525 	0.02841 	0.15193 	0.00566	0.04213
Replication208	 0.00192	0.99308	0.95809 	0.95140 	0.96751 	0.95754 	0.96144 	0.97226 	0.95918 	0.96895 	0.97595 	0.96879 	0.98213 	0.97487 	0.00000 	-0.40718 	0.00000 	0.05838 	0.00000 	0.15910 	-0.24259 	-0.09645 	0.13380 	0.00000 	0.29761 	0.09167 	0.00000 	-0.13779 	0.00000 	0.01817 	0.00000 	0.12124 	-0.08210 	-0.03264 	0.00677 	0.00000 	0.10071 	0.04777 	0.01168	0.03568
Replication209	 0.08663	0.95973	0.97700 	0.97065 	0.98538 	0.97581 	0.98014 	0.98832 	0.99735 	0.99608 	0.99435 	0.99540 	1.00413 	0.99405 	0.00000 	-0.37125 	0.00000 	0.03385 	0.01393 	0.08889 	-0.01056 	0.00000 	0.06043 	-0.07014 	0.20178 	0.04139 	0.00000 	-0.12347 	0.00000 	0.01603 	0.00463 	0.07212 	-0.00351 	0.00000 	0.00416 	-0.02333 	0.06711 	0.02193 	0.03165	0.07898
Replication210	 0.06485	0.97333	0.88150 	0.90132 	0.91435 	0.89988 	0.90421 	0.92455 	0.87875 	0.88211 	0.91691 	0.86337 	0.89643 	0.91403 	-0.34110 	-0.11843 	0.00000 	0.13219 	0.00573 	0.36617 	0.00000 	-0.24303 	0.35590 	-0.52048 	0.14764 	0.24705 	-0.12127 	-0.04211 	0.00000 	0.02849 	0.00204 	0.26855 	0.00000 	-0.08641 	0.02839 	-0.18505 	0.05249 	0.13384 	0.02503	0.11871
Replication211	 0.02005	0.97495	0.88515 	0.91025 	0.91542 	0.90645 	0.90975 	0.93449 	0.93133 	0.94038 	0.94228 	0.94002 	0.95129 	0.94123 	-0.48629 	-0.01586 	-0.43300 	0.10988 	0.00000 	0.31275 	-0.20984 	0.00000 	0.24822 	0.00000 	0.27516 	0.17395 	-0.16824 	-0.00549 	-0.14981 	0.04122 	0.00000 	0.24811 	-0.07260 	0.00000 	0.03134 	0.00000 	0.09520 	0.09898 	0.01123	0.02976
Replication212	 0.17488	0.94695	0.93660 	0.94906 	0.95394 	0.94741 	0.94930 	0.96056 	0.93775 	0.93418 	0.95684 	0.93026 	0.95385 	0.95441 	-0.21985 	-0.02164 	-0.04568 	0.07791 	0.00000 	0.21398 	0.00000 	-0.38890 	0.21158 	-0.22548 	0.26382 	0.14551 	-0.07582 	-0.00746 	-0.01575 	0.01342 	0.00000 	0.15327 	0.00000 	-0.13411 	0.00790 	-0.07776 	0.09098 	0.07511 	0.05289	0.19858
Replication213	 0.06984	0.96587	0.84695 	0.84883 	0.85439 	0.85686 	0.85665 	0.87830 	0.77512 	0.81650 	0.86660 	0.78383 	0.83213 	0.86193 	-0.16212 	-0.31291 	-0.32725 	0.18002 	0.00000 	0.55344 	-0.47455 	0.00000 	0.51169 	-0.57449 	0.29063 	0.36842 	-0.05913 	-0.11413 	-0.11936 	0.04343 	0.00000 	0.42485 	-0.17309 	0.00000 	0.08028 	-0.20954 	0.10601 	0.21929 	0.02646	0.05271
Replication214	 0.00358	0.99142	0.92668 	0.93362 	0.93090 	0.93433 	0.93318 	0.94169 	0.88016 	0.90037 	0.93099 	0.88243 	0.90644 	0.92865 	-0.13008 	0.00000 	-0.14792 	0.09914 	0.00000 	0.29507 	-0.25380 	-0.05572 	0.30185 	-0.37325 	0.08175 	0.20942 	-0.04568 	0.00000 	-0.05195 	0.01127 	0.00000 	0.21234 	-0.08913 	-0.01957 	0.02431 	-0.13108 	0.02871 	0.11348 	0.00594	0.01912
Replication215	 0.10605	0.97862	0.98724 	0.98514 	0.98971 	0.98735 	0.98893 	0.99178 	0.97518 	0.98093 	0.99132 	0.97037 	0.99571 	0.98988 	0.00000 	-0.13693 	0.00000 	0.02757 	0.01540 	0.07807 	-0.10648 	0.00000 	0.07345 	-0.34337 	0.34623 	0.05200 	0.00000 	-0.04569 	0.00000 	0.00547 	0.00514 	0.05726 	-0.03553 	0.00000 	0.00364 	-0.11458 	0.11553 	0.02787 	0.00245	0.18765
Replication216	 0.01104	0.98396	0.84395 	0.88749 	0.92299 	0.87990 	0.89253 	0.93365 	0.95210 	0.95097 	0.94737 	0.95232 	0.95761 	0.94741 	-0.73282 	-0.21226 	0.00000 	0.12245 	0.00000 	0.30949 	-0.01972 	0.00000 	0.21622 	0.00000 	0.16481 	0.15428 	-0.25087 	-0.07266 	0.00000 	0.06739 	0.00000 	0.25766 	-0.00675 	0.00000 	0.04231 	0.00000 	0.05642 	0.09416 	0.02169	0.04221
Replication217	 0.01678	0.97822	0.96415 	0.96518 	0.95798 	0.96660 	0.96469 	0.97053 	0.96309 	0.96935 	0.97195 	0.96862 	0.97390 	0.97123 	-0.08261 	0.00000 	-0.38527 	0.05230 	0.00000 	0.16602 	-0.13414 	0.00000 	0.14375 	0.00000 	0.11878 	0.09947 	-0.02798 	0.00000 	-0.13049 	0.01101 	0.00000 	0.12714 	-0.04543 	0.00000 	0.01334 	0.00000 	0.04023 	0.05439 	0.00874	0.01466
Replication218	 0.21165	0.95460	0.96040 	0.95752 	0.96444 	0.96123 	0.96254 	0.96908 	0.94597 	0.94715 	0.96512 	0.94053 	0.95782 	0.96355 	0.00000 	-0.20675 	0.00000 	0.06362 	0.00000 	0.17837 	-0.02706 	-0.20696 	0.18120 	-0.23193 	0.13546 	0.12279 	0.00000 	-0.07083 	0.00000 	0.00754 	0.00000 	0.12557 	-0.00927 	-0.07091 	0.00406 	-0.07946 	0.04641 	0.06155 	0.07772	0.27254
Replication219	 0.11046	0.96107	0.87777 	0.86983 	0.85553 	0.87942 	0.87273 	0.88371 	0.73835 	0.81646 	0.86803 	0.79822 	0.82589 	0.86288 	0.00000 	-0.15241 	-0.55782 	0.15371 	0.00000 	0.52405 	-0.97525 	-0.00989 	0.47763 	0.00000 	0.26195 	0.35577 	0.00000 	-0.05475 	-0.20037 	0.03682 	0.00000 	0.41400 	-0.35031 	-0.00355 	0.10845 	0.00000 	0.09409 	0.22815 	0.06841	0.08079
Replication220	 0.01277	0.98720	0.92146 	0.92637 	0.92258 	0.92808 	0.92619 	0.93243 	0.83954 	0.86617 	0.91557 	0.85232 	0.88584 	0.91122 	-0.07614 	0.00000 	-0.06550 	0.10988 	0.00604 	0.33527 	-0.41878 	-0.39419 	0.35320 	-0.27188 	0.23977 	0.25075 	-0.02700 	0.00000 	-0.02323 	0.00965 	0.00214 	0.24091 	-0.14849 	-0.13977 	0.03664 	-0.09640 	0.08501 	0.14132 	0.01234	0.05203
Replication221	 0.03859	0.97322	0.93723 	0.95832 	0.96924 	0.95362 	0.95856 	0.97510 	0.98217 	0.98124 	0.98059 	0.98044 	0.98602 	0.98037 	-0.38649 	-0.01866 	-0.06433 	0.05762 	0.00395 	0.14515 	0.00000 	0.00000 	0.11278 	-0.05423 	0.11507 	0.07680 	-0.13006 	-0.00628 	-0.02165 	0.02465 	0.00133 	0.11411 	0.00000 	0.00000 	0.00865 	-0.01825 	0.03872 	0.04081 	0.00640	0.04368
Replication222	 0.20859	0.95058	0.91141 	0.93573 	0.94704 	0.93075 	0.93538 	0.95382 	0.93895 	0.93440 	0.95244 	0.93763 	0.94748 	0.95076 	-0.39938 	0.00000 	0.00000 	0.09230 	0.00000 	0.24111 	0.00000 	-0.42155 	0.22772 	0.00000 	0.11100 	0.15521 	-0.13821 	0.00000 	0.00000 	0.02334 	0.00000 	0.17619 	0.00000 	-0.14588 	0.00991 	0.00000 	0.03841 	0.07991 	0.13525	0.22392
Replication223	 0.07126	0.96184	0.88962 	0.88828 	0.87421 	0.89401 	0.88786 	0.89292 	0.74141 	0.79147 	0.86611 	0.76483 	0.81196 	0.85935 	0.00000 	0.00000 	-0.24258 	0.14824 	0.01147 	0.49475 	-0.61527 	-0.36544 	0.49796 	-0.39658 	0.23427 	0.36843 	0.00000 	0.00000 	-0.08784 	0.02100 	0.00415 	0.37495 	-0.22279 	-0.13233 	0.09606 	-0.14361 	0.08483 	0.22950 	0.03352	0.12880
Replication224	 0.13951	0.94442	0.88831 	0.89449 	0.87874 	0.89746 	0.89321 	0.90992 	0.89980 	0.90132 	0.91173 	0.89059 	0.91093 	0.90987 	-0.23342 	0.00000 	-0.82640 	0.13123 	0.00000 	0.41794 	0.00000 	0.00000 	0.35801 	-0.31918 	0.18595 	0.25235 	-0.08264 	0.00000 	-0.29257 	0.03298 	0.00000 	0.32544 	0.00000 	0.00000 	0.04768 	-0.11300 	0.06583 	0.14507 	0.01646	0.17232
Replication225	 0.14517	0.95053	0.81244 	0.82252 	0.84757 	0.83026 	0.83633 	0.87160 	0.81049 	0.83445 	0.87004 	0.83157 	0.85215 	0.86671 	-0.32440 	-0.50248 	-0.25769 	0.20268 	0.00000 	0.58136 	-0.41536 	-0.36696 	0.51488 	0.00000 	0.22195 	0.36248 	-0.11893 	-0.18421 	-0.09447 	0.05958 	0.00000 	0.44664 	-0.15227 	-0.13453 	0.06290 	0.00000 	0.08137 	0.20623 	0.00828	0.16607
Replication226	 0.02421	0.98751	0.86125 	0.86032 	0.85637 	0.86849 	0.86733 	0.88578 	0.80483 	0.84811 	0.87989 	0.83818 	0.85735 	0.87668 	-0.15177 	-0.25184 	-0.59937 	0.16692 	0.02661 	0.52129 	-0.62393 	-0.06410 	0.46972 	-0.02098 	0.20162 	0.33410 	-0.05496 	-0.09120 	-0.21706 	0.03956 	0.00964 	0.40138 	-0.22595 	-0.02321 	0.06743 	-0.00760 	0.07301 	0.19504 	0.00753	0.06843
Replication227	 0.11774	0.95899	0.92579 	0.95321 	0.96764 	0.94661 	0.95282 	0.97298 	0.98062 	0.97930 	0.97973 	0.97623 	0.98894 	0.97922 	-0.47582 	0.00000 	-0.01989 	0.06232 	0.00000 	0.15264 	0.00000 	0.00000 	0.11325 	-0.14820 	0.22952 	0.07864 	-0.16002 	0.00000 	-0.00669 	0.03017 	0.00000 	0.12237 	0.00000 	0.00000 	0.01170 	-0.04984 	0.07719 	0.04354 	0.07479	0.08959
Replication228	 0.13172	0.95285	0.91733 	0.91565 	0.91788 	0.92063 	0.91954 	0.92706 	0.83226 	0.85785 	0.91025 	0.84141 	0.87976 	0.90562 	0.00000 	-0.16288 	0.00000 	0.11800 	0.00000 	0.35773 	-0.39228 	-0.40604 	0.37268 	-0.34754 	0.27032 	0.26479 	0.00000 	-0.05800 	0.00000 	0.01240 	0.00000 	0.25831 	-0.13967 	-0.14457 	0.03913 	-0.12374 	0.09625 	0.14949 	0.03700	0.14361
Replication229	 0.08962	0.95593	0.81828 	0.85999 	0.88422 	0.85358 	0.86204 	0.89838 	0.84484 	0.85820 	0.89429 	0.85784 	0.87531 	0.89129 	-0.62658 	-0.09720 	0.00000 	0.17481 	0.00000 	0.47171 	-0.28201 	-0.48869 	0.43054 	0.00000 	0.15257 	0.30185 	-0.22586 	-0.03503 	0.00000 	0.05342 	0.00000 	0.35743 	-0.10165 	-0.17615 	0.04714 	0.00000 	0.05499 	0.16932 	0.03138	0.08450
Replication230	 0.13418	0.95170	0.87182 	0.88595 	0.90384 	0.88770 	0.89260 	0.91532 	0.86876 	0.86992 	0.90885 	0.86038 	0.89384 	0.90523 	-0.28671 	-0.26360 	0.00000 	0.14596 	0.00000 	0.40507 	-0.06168 	-0.49090 	0.38796 	-0.33881 	0.26423 	0.26986 	-0.10271 	-0.09443 	0.00000 	0.03250 	0.00000 	0.29825 	-0.02210 	-0.17586 	0.02960 	-0.12138 	0.09466 	0.14598 	0.01978	0.18710
Replication231	 0.05405	0.97257	0.81582 	0.82758 	0.84886 	0.83452 	0.84043 	0.87795 	0.87228 	0.87292 	0.88577 	0.86354 	0.88403 	0.88410 	-0.38982 	-0.47760 	-0.48869 	0.19021 	0.00302 	0.54898 	0.00000 	-0.07255 	0.45283 	-0.28515 	0.18126 	0.31774 	-0.14084 	-0.17255 	-0.17656 	0.06584 	0.00109 	0.43190 	0.00000 	-0.02621 	0.06002 	-0.10302 	0.06549 	0.18195 	0.01897	0.05929
Replication232	 0.06368	0.96357	0.93485 	0.94329 	0.94229 	0.94315 	0.94285 	0.95192 	0.91231 	0.91967 	0.94537 	0.89595 	0.93350 	0.94285 	-0.16101 	0.00000 	-0.14660 	0.08408 	0.00000 	0.24895 	-0.03475 	0.00000 	0.24494 	-0.64594 	0.25747 	0.17182 	-0.05579 	0.00000 	-0.05080 	0.01346 	0.00000 	0.18247 	-0.01204 	0.00000 	0.02189 	-0.22382 	0.08921 	0.09471 	0.00155	0.07500
Replication233	 0.31636	0.93463	0.92216 	0.92157 	0.90795 	0.92532 	0.92079 	0.92883 	0.88806 	0.89551 	0.92246 	0.88632 	0.91385 	0.91937 	-0.06386 	0.00000 	-0.52663 	0.10868 	0.00000 	0.34561 	-0.14871 	-0.26851 	0.32883 	-0.27803 	0.27000 	0.23108 	-0.02253 	0.00000 	-0.18580 	0.01487 	0.00000 	0.25729 	-0.05247 	-0.09473 	0.03254 	-0.09809 	0.09526 	0.12865 	0.21126	0.42549
Replication234	 0.09839	0.96649	0.79268 	0.80985 	0.79872 	0.81403 	0.80806 	0.82973 	0.63364 	0.69263 	0.79615 	0.65039 	0.71207 	0.78676 	-0.28569 	0.00000 	-0.34183 	0.22714 	0.00000 	0.74874 	-0.54708 	-0.38871 	0.70724 	-0.57178 	0.12833 	0.53490 	-0.10682 	0.00000 	-0.12780 	0.05881 	0.00000 	0.59028 	-0.20454 	-0.14533 	0.17559 	-0.21378 	0.04798 	0.35112 	0.06524	0.08657
Replication235	 0.01379	0.98121	0.93035 	0.93567 	0.93335 	0.93687 	0.93528 	0.94142 	0.87525 	0.88126 	0.92665 	0.85161 	0.90185 	0.92247 	-0.08058 	0.00000 	-0.03003 	0.09650 	0.00000 	0.29533 	0.00000 	-0.22588 	0.30831 	-0.79060 	0.27138 	0.22081 	-0.02826 	0.00000 	-0.01053 	0.01021 	0.00000 	0.21410 	0.00000 	-0.07923 	0.03579 	-0.27730 	0.09518 	0.12661 	0.00228	0.02156
Replication236	 0.01919	0.98031	0.96801 	0.96516 	0.96405 	0.96817 	0.96739 	0.97195 	0.95889 	0.95500 	0.96978 	0.95476 	0.97056 	0.96794 	0.00000 	-0.10113 	-0.17763 	0.05471 	0.00000 	0.16410 	0.00000 	-0.32120 	0.15941 	-0.10854 	0.21814 	0.10987 	0.00000 	-0.03444 	-0.06049 	0.00633 	0.00000 	0.11855 	0.00000 	-0.10939 	0.00661 	-0.03696 	0.07429 	0.05705 	0.01940	0.01880
Replication237	 0.01672	0.97828	0.96944 	0.96845 	0.97020 	0.97067 	0.97084 	0.97406 	0.93081 	0.94742 	0.96731 	0.93418 	0.95428 	0.96576 	0.00000 	-0.09079 	0.00000 	0.05404 	0.00736 	0.15733 	-0.24159 	0.00000 	0.16820 	-0.29504 	0.14441 	0.11547 	0.00000 	-0.03098 	0.00000 	0.00334 	0.00251 	0.10960 	-0.08242 	0.00000 	0.00804 	-0.10066 	0.04927 	0.06011 	0.00179	0.04414
Replication238	 0.09197	0.96069	0.94707 	0.94043 	0.95604 	0.94703 	0.95094 	0.96188 	0.93473 	0.94849 	0.96258 	0.94274 	0.96284 	0.96101 	0.00000 	-0.40740 	0.00000 	0.07390 	0.00874 	0.20503 	-0.27489 	-0.08827 	0.18620 	-0.13844 	0.30917 	0.12774 	0.00000 	-0.13956 	0.00000 	0.01798 	0.00300 	0.15239 	-0.09417 	-0.03024 	0.00957 	-0.04742 	0.10591 	0.06669 	0.05383	0.06558
Replication239	 0.04419	0.96527	0.90978 	0.92214 	0.92277 	0.92174 	0.92320 	0.93253 	0.85803 	0.87307 	0.91869 	0.86266 	0.89561 	0.91455 	-0.20232 	0.00000 	-0.05269 	0.11500 	0.03669 	0.33538 	-0.27613 	-0.48102 	0.34829 	-0.27201 	0.25798 	0.24467 	-0.07179 	0.00000 	-0.01870 	0.01379 	0.01302 	0.24010 	-0.09798 	-0.17069 	0.02864 	-0.09652 	0.09154 	0.13417 	0.00362	0.06424
Replication240	 0.09018	0.95376	0.90581 	0.90726 	0.91920 	0.91235 	0.91529 	0.93261 	0.91089 	0.91000 	0.93240 	0.91387 	0.93231 	0.92976 	-0.14060 	-0.32303 	-0.18445 	0.11595 	0.00000 	0.32953 	-0.10956 	-0.49321 	0.30140 	0.00000 	0.29229 	0.20806 	-0.04944 	-0.11358 	-0.06485 	0.02653 	0.00000 	0.24535 	-0.03852 	-0.17341 	0.01896 	0.00000 	0.10277 	0.11043 	0.01749	0.07134
Replication241	 0.18486	0.94114	0.89113 	0.88417 	0.89619 	0.89346 	0.89522 	0.91164 	0.85982 	0.86838 	0.90434 	0.86919 	0.88550 	0.90116 	-0.02184 	-0.42303 	-0.16392 	0.14455 	0.00000 	0.42134 	-0.21714 	-0.53832 	0.40609 	0.00000 	0.12878 	0.28098 	-0.00786 	-0.15221 	-0.05898 	0.02550 	0.00000 	0.30927 	-0.07813 	-0.19369 	0.03009 	0.00000 	0.04634 	0.15101 	0.02168	0.24754
Replication242	 0.03705	0.96948	0.02259	0.07142
Replication243	 0.07701	0.96374	0.76514 	0.80538 	0.81633 	0.80278 	0.80693 	0.85097 	0.78761 	0.81261 	0.84999 	0.81010 	0.83429 	0.84599 	-0.65334 	-0.10286 	-0.55134 	0.22695 	0.00000 	0.66197 	-0.43383 	-0.39062 	0.56961 	0.00000 	0.28695 	0.40821 	-0.24110 	-0.03796 	-0.20346 	0.07541 	0.00000 	0.51930 	-0.16009 	-0.14415 	0.09096 	0.00000 	0.10589 	0.24275 	0.02902	0.12702
Replication244	 0.09569	0.95804	0.91295 	0.92289 	0.91847 	0.92330 	0.92263 	0.93742 	0.93060 	0.92604 	0.93867 	0.92962 	0.94133 	0.93672 	-0.24641 	-0.02022 	-0.47142 	0.10255 	0.00000 	0.30655 	-0.01228 	-0.34181 	0.27133 	0.00000 	0.20081 	0.18832 	-0.08591 	-0.00705 	-0.16436 	0.02396 	0.00000 	0.23257 	-0.00428 	-0.11917 	0.02313 	0.00000 	0.07001 	0.10252 	0.00844	0.08738
Replication245	 0.02155	0.97584	0.87299 	0.88057 	0.88984 	0.88525 	0.88919 	0.91340 	0.90849 	0.91317 	0.92026 	0.90603 	0.92513 	0.91883 	-0.29896 	-0.31474 	-0.49878 	0.13769 	0.02466 	0.40272 	-0.08911 	0.00000 	0.33266 	-0.21832 	0.26126 	0.23190 	-0.10544 	-0.11100 	-0.17591 	0.04434 	0.00870 	0.31484 	-0.03143 	0.00000 	0.03781 	-0.07700 	0.09214 	0.12997 	0.02878	0.07170
Replication246	 0.13150	0.95107	0.90367 	0.89562 	0.89802 	0.90430 	0.90342 	0.91635 	0.85431 	0.88078 	0.90953 	0.86802 	0.88879 	0.90704 	0.00000 	-0.31469 	-0.32398 	0.13113 	0.00000 	0.39867 	-0.38369 	-0.07774 	0.37800 	-0.20093 	0.13837 	0.26330 	0.00000 	-0.11226 	-0.11557 	0.02309 	0.00000 	0.29695 	-0.13688 	-0.02773 	0.03676 	-0.07168 	0.04936 	0.14534 	0.00841	0.16908
Replication247	 0.19383	0.93953	0.94463 	0.94269 	0.92845 	0.94610 	0.94239 	0.94896 	0.93692 	0.94438 	0.94986 	0.94372 	0.95106 	0.94865 	-0.06917 	0.00000 	-0.62339 	0.07772 	0.01205 	0.25598 	-0.16183 	-0.04506 	0.22236 	0.00000 	0.14687 	0.15570 	-0.02381 	0.00000 	-0.21460 	0.01552 	0.00415 	0.19742 	-0.05571 	-0.01551 	0.02590 	0.00000 	0.05056 	0.08779 	0.07491	0.20593