
 Replication 	 FitnessValue 	 Frequency	Bus1	Bus2	Bus3	Bus4	Bus5	Bus6
Replication0	 0.04177	0.99634	0.99155 	0.99383 	0.99296 	0.99419 	0.99657 	0.99434 
Replication1	 0.04271	0.99630	0.99189 	0.99367 	0.99234 	0.99421 	0.99644 	0.99394 
Replication2	 0.04233	0.99633	0.99121 	0.99379 	0.99306 	0.99405 	0.99651 	0.99438 
Replication3	 0.01119	0.99750	0.99744 	0.99902 	0.99846 	0.99925 	1.00088 	0.99937 
Replication4	 0.03369	0.99662	0.99293 	0.99509 	0.99433 	0.99540 	0.99762 	0.99559 
Replication5	 0.03819	0.99646	0.99225 	0.99438 	0.99349 	0.99475 	0.99703 	0.99485 
Replication6	 0.03287	0.99664	0.99397 	0.99520 	0.99366 	0.99581 	0.99771 	0.99525 
Replication7	 0.02360	0.99696	0.99517 	0.99664 	0.99558 	0.99707 	0.99891 	0.99688 
Replication8	 0.03358	0.99662	0.99293 	0.99515 	0.99432 	0.99543 	0.99763 	0.99560 
Replication9	 0.03777	0.99648	0.99236 	0.99445 	0.99353 	0.99483 	0.99709 	0.99489 
Replication10	 0.02897	0.99677	0.99435 	0.99581 	0.99458 	0.99630 	0.99822 	0.99600 
Replication11	 0.01111	0.99748	0.99654 	0.99903 	0.99879 	0.99894 	1.00076 	0.99955 
Replication12	 0.02452	0.99694	0.99433 	0.99652 	0.99605 	0.99672 	0.99881 	0.99709 
Replication13	 0.01273	0.99741	0.99747 	0.99865 	0.99769 	0.99904 	1.00058 	0.99881 
Replication14	 0.06028	0.99567	0.98830 	0.99093 	0.98945 	0.99136 	0.99408 	0.99127 
Replication15	 0.02515	0.99692	0.99421 	0.99642 	0.99595 	0.99662 	0.99873 	0.99700 
Replication16	 0.03673	0.99651	0.99276 	0.99460 	0.99349 	0.99505 	0.99722 	0.99493 
Replication17	 0.03966	0.99641	0.99196 	0.99416 	0.99328 	0.99452 	0.99685 	0.99465 
Replication18	 0.01090	0.99750	0.99793 	0.99974 	0.99704 	0.99974 	1.00081 	0.99873 
Replication19	 0.01386	0.99733	0.99678 	0.99825 	0.99747 	0.99857 	1.00025 	0.99854 
Replication20	 0.02207	0.99703	0.99569 	0.99724 	0.99529 	0.99756 	0.99912 	0.99688 
Replication21	 0.03807	0.99647	0.99201 	0.99441 	0.99375 	0.99469 	0.99706 	0.99501 
Replication22	 0.01907	0.99712	0.99582 	0.99735 	0.99647 	0.99771 	0.99950 	0.99764 
Replication23	 0.02161	0.99704	0.99524 	0.99709 	0.99603 	0.99735 	0.99917 	0.99727 
Replication24	 0.01967	0.99710	0.99583 	0.99726 	0.99626 	0.99766 	0.99942 	0.99749 
Replication25	 0.02359	0.99697	0.99486 	0.99665 	0.99586 	0.99697 	0.99892 	0.99703 
Replication26	 0.04073	0.99636	0.99243 	0.99397 	0.99249 	0.99457 	0.99669 	0.99413 
Replication27	 0.02466	0.99694	0.99402 	0.99651 	0.99629 	0.99662 	0.99880 	0.99723 
Replication28	 0.03816	0.99646	0.99269 	0.99438 	0.99309 	0.99489 	0.99703 	0.99462 
Replication29	 0.01730	0.99720	0.99576 	0.99785 	0.99690 	0.99796 	0.99974 	0.99804 
Replication30	 0.02036	0.99707	0.99615 	0.99715 	0.99577 	0.99770 	0.99933 	0.99717 
Replication31	 0.03232	0.99666	0.99363 	0.99529 	0.99414 	0.99575 	0.99778 	0.99555 
Replication32	 0.01267	0.99809	1.00038 	1.00202 	1.00080 	1.00197 	1.00304 	1.00176 
Replication33	 0.04410	0.99627	0.99081 	0.99361 	0.99277 	0.99380 	0.99629 	0.99414 
Replication34	 0.04272	0.99631	0.99132 	0.99369 	0.99286 	0.99403 	0.99645 	0.99424 
Replication35	 0.04660	0.99617	0.99098 	0.99307 	0.99190 	0.99355 	0.99595 	0.99347 
Replication36	 0.01356	0.99735	0.99659 	0.99832 	0.99778 	0.99855 	1.00031 	0.99874 
Replication37	 0.04950	0.99607	0.99013 	0.99264 	0.99175 	0.99300 	0.99558 	0.99322 
Replication38	 0.02162	0.99704	0.99511 	0.99696 	0.99627 	0.99724 	0.99917 	0.99738 
Replication39	 0.01311	0.99742	0.99704 	0.99923 	0.99733 	0.99916 	1.00054 	0.99872 
Replication40	 0.02711	0.99686	0.99351 	0.99613 	0.99596 	0.99622 	0.99849 	0.99690 
Replication41	 0.01942	0.99711	0.99577 	0.99730 	0.99639 	0.99766 	0.99945 	0.99758 
Replication42	 0.03058	0.99672	0.99391 	0.99556 	0.99445 	0.99601 	0.99801 	0.99583 
Replication43	 0.02366	0.99697	0.99465 	0.99665 	0.99603 	0.99690 	0.99891 	0.99713 
Replication44	 0.01979	0.99710	0.99603 	0.99724 	0.99606 	0.99771 	0.99941 	0.99737 
Replication45	 0.01317	0.99806	0.99925 	1.00233 	1.00076 	1.00172 	1.00285 	1.00177 
Replication46	 0.01317	0.99739	0.99738 	0.99856 	0.99759 	0.99895 	1.00051 	0.99871 
Replication47	 0.01940	0.99711	0.99591 	0.99730 	0.99628 	0.99771 	0.99946 	0.99752 
Replication48	 0.04690	0.99616	0.99082 	0.99303 	0.99196 	0.99347 	0.99591 	0.99348 
Replication49	 0.03614	0.99653	0.99286 	0.99470 	0.99359 	0.99514 	0.99729 	0.99503 
Replication50	 0.00743	0.99780	0.99936 	1.00036 	0.99955 	1.00069 	1.00200 	1.00050 
Replication51	 0.02338	0.99699	0.99448 	0.99702 	0.99597 	0.99703 	0.99896 	0.99719 
Replication52	 0.01003	0.99789	0.99898 	1.00147 	0.99969 	1.00113 	1.00225 	1.00088 
Replication53	 0.01474	0.99729	0.99636 	0.99814 	0.99740 	0.99835 	1.00010 	0.99845 
Replication54	 0.03247	0.99666	0.99372 	0.99558 	0.99371 	0.99592 	0.99777 	0.99538 
Replication55	 0.02214	0.99703	0.99474 	0.99689 	0.99645 	0.99708 	0.99911 	0.99745 
Replication56	 0.02096	0.99706	0.99525 	0.99706 	0.99637 	0.99735 	0.99926 	0.99747 
Replication57	 0.03042	0.99673	0.99357 	0.99559 	0.99480 	0.99591 	0.99804 	0.99604 
Replication58	 0.01784	0.99716	0.99670 	0.99755 	0.99610 	0.99812 	0.99966 	0.99751 
Replication59	 0.02391	0.99696	0.99451 	0.99661 	0.99608 	0.99684 	0.99888 	0.99714 
Replication60	 0.01510	0.99728	0.99598 	0.99800 	0.99765 	0.99816 	1.00004 	0.99855 
Replication61	 0.04796	0.99612	0.99056 	0.99287 	0.99185 	0.99329 	0.99578 	0.99336 
Replication62	 0.02791	0.99682	0.99384 	0.99599 	0.99538 	0.99624 	0.99836 	0.99651 
Replication63	 0.01452	0.99732	0.99633 	0.99874 	0.99700 	0.99864 	1.00015 	0.99837 
Replication64	 0.01443	0.99732	0.99621 	0.99871 	0.99721 	0.99859 	1.00017 	0.99848 
Replication65	 0.03651	0.99653	0.99241 	0.99491 	0.99364 	0.99509 	0.99726 	0.99509 
Replication66	 0.04338	0.99627	0.99186 	0.99356 	0.99215 	0.99413 	0.99635 	0.99379 
Replication67	 0.02721	0.99684	0.99474 	0.99608 	0.99480 	0.99659 	0.99844 	0.99622 
Replication68	 0.02067	0.99709	0.99501 	0.99759 	0.99623 	0.99753 	0.99931 	0.99752 
Replication69	 0.02539	0.99691	0.99463 	0.99669 	0.99518 	0.99688 	0.99869 	0.99662 
Replication70	 0.01567	0.99730	0.99609 	0.99924 	0.99613 	0.99877 	0.99999 	0.99796 
Replication71	 0.03488	0.99657	0.99328 	0.99489 	0.99363 	0.99539 	0.99745 	0.99512 
Replication72	 0.00914	0.99756	0.99860 	0.99929 	0.99801 	0.99979 	1.00111 	0.99923 
Replication73	 0.02340	0.99699	0.99516 	0.99730 	0.99508 	0.99739 	0.99895 	0.99675 
Replication74	 0.01052	0.99799	0.99980 	1.00119 	1.00085 	1.00133 	1.00269 	1.00155 
Replication75	 0.01990	0.99709	0.99565 	0.99722 	0.99634 	0.99758 	0.99939 	0.99752 
Replication76	 0.04137	0.99635	0.99190 	0.99388 	0.99277 	0.99434 	0.99662 	0.99426 
Replication77	 0.00983	0.99774	0.99869 	1.00100 	0.99822 	1.00072 	1.00165 	0.99983 
Replication78	 0.03634	0.99652	0.99295 	0.99466 	0.99345 	0.99515 	0.99726 	0.99493 
Replication79	 0.03128	0.99670	0.99381 	0.99569 	0.99410 	0.99602 	0.99792 	0.99564 
Replication80	 0.01884	0.99714	0.99555 	0.99740 	0.99678 	0.99765 	0.99954 	0.99783 
Replication81	 0.02738	0.99684	0.99420 	0.99606 	0.99522 	0.99640 	0.99843 	0.99645 
Replication82	 0.01730	0.99721	0.99581 	0.99841 	0.99633 	0.99825 	0.99975 	0.99785 
Replication83	 0.04302	0.99629	0.99183 	0.99369 	0.99223 	0.99419 	0.99640 	0.99387 
Replication84	 0.02262	0.99699	0.99585 	0.99680 	0.99531 	0.99739 	0.99904 	0.99678 
Replication85	 0.01576	0.99725	0.99592 	0.99788 	0.99746 	0.99807 	0.99994 	0.99840 
Replication86	 0.01405	0.99732	0.99678 	0.99833 	0.99727 	0.99860 	1.00021 	0.99844 
Replication87	 0.04701	0.99615	0.99093 	0.99301 	0.99182 	0.99349 	0.99589 	0.99340 
Replication88	 0.01768	0.99719	0.99579 	0.99807 	0.99649 	0.99807 	0.99969 	0.99784 
Replication89	 0.02095	0.99706	0.99536 	0.99706 	0.99627 	0.99739 	0.99926 	0.99742 
Replication90	 0.02386	0.99697	0.99579 	0.99709 	0.99453 	0.99748 	0.99889 	0.99638 
Replication91	 0.02273	0.99700	0.99509 	0.99678 	0.99593 	0.99713 	0.99903 	0.99712 
Replication92	 0.06108	0.99564	0.98786 	0.99068 	0.98970 	0.99108 	0.99397 	0.99133 
Replication93	 0.03091	0.99674	0.99358 	0.99625 	0.99396 	0.99622 	0.99799 	0.99571 
Replication94	 0.01599	0.99723	0.99689 	0.99784 	0.99652 	0.99836 	0.99990 	0.99785 
Replication95	 0.02206	0.99702	0.99499 	0.99689 	0.99625 	0.99716 	0.99912 	0.99734 
Replication96	 0.02230	0.99702	0.99538 	0.99711 	0.99557 	0.99739 	0.99909 	0.99700 
Replication97	 0.03141	0.99669	0.99383 	0.99543 	0.99426 	0.99590 	0.99790 	0.99567 
Replication98	 0.02099	0.99843	1.00110 	1.00410 	1.00219 	1.00337 	1.00416 	1.00322 
Replication99	 0.03508	0.99656	0.99364 	0.99485 	0.99324 	0.99549 	0.99742 	0.99488 
Replication100	 0.01163	0.99750	0.99709 	0.99952 	0.99802 	0.99936 	1.00081 	0.99922 
Replication101	 0.02642	0.99688	0.99452 	0.99670 	0.99480 	0.99683 	0.99856 	0.99638 
Replication102	 0.01435	0.99732	0.99666 	0.99876 	0.99680 	0.99876 	1.00018 	0.99826 
Replication103	 0.01630	0.99722	0.99610 	0.99779 	0.99712 	0.99807 	0.99987 	0.99817 
Replication104	 0.03687	0.99650	0.99306 	0.99457 	0.99317 	0.99513 	0.99719 	0.99474 
Replication105	 0.00693	0.99770	0.99894 	0.99992 	0.99901 	1.00028 	1.00163 	1.00003 
Replication106	 0.03175	0.99668	0.99395 	0.99537 	0.99403 	0.99591 	0.99785 	0.99553 
Replication107	 0.05120	0.99599	0.98971 	0.99224 	0.99129 	0.99263 	0.99526 	0.99281 
Replication108	 0.03269	0.99664	0.99427 	0.99522 	0.99346 	0.99592 	0.99773 	0.99515 
Replication109	 0.03370	0.99661	0.99363 	0.99507 	0.99369 	0.99562 	0.99760 	0.99522 
Replication110	 0.01029	0.99753	0.99708 	0.99967 	0.99822 	0.99944 	1.00091 	0.99940 
Replication111	 0.03440	0.99658	0.99351 	0.99496 	0.99357 	0.99551 	0.99751 	0.99511 
Replication112	 0.02026	0.99708	0.99678 	0.99717 	0.99527 	0.99792 	0.99935 	0.99690 
Replication113	 0.03234	0.99666	0.99359 	0.99528 	0.99417 	0.99573 	0.99778 	0.99557 
Replication114	 0.03768	0.99649	0.99177 	0.99449 	0.99411 	0.99466 	0.99712 	0.99524 
Replication115	 0.01972	0.99710	0.99561 	0.99725 	0.99644 	0.99758 	0.99942 	0.99759 
Replication116	 0.00719	0.99770	0.99818 	0.99989 	0.99958 	1.00001 	1.00160 	1.00034 
Replication117	 0.03852	0.99645	0.99251 	0.99432 	0.99314 	0.99480 	0.99698 	0.99463 
Replication118	 0.04494	0.99623	0.99098 	0.99334 	0.99245 	0.99371 	0.99617 	0.99387 
Replication119	 0.02232	0.99701	0.99525 	0.99685 	0.99592 	0.99722 	0.99908 	0.99714 
Replication120	 0.01959	0.99710	0.99634 	0.99727 	0.99585 	0.99783 	0.99943 	0.99726 
Replication121	 0.01239	0.99806	0.99970 	1.00200 	1.00088 	1.00172 	1.00290 	1.00178 
Replication122	 0.00845	0.99760	0.99763 	0.99944 	0.99916 	0.99956 	1.00123 	0.99993 
Replication123	 0.03421	0.99659	0.99412 	0.99499 	0.99311 	0.99573 	0.99754 	0.99486 
Replication124	 0.06890	0.99536	0.98688 	0.98944 	0.98801 	0.99001 	0.99295 	0.98992 
Replication125	 0.02218	0.99702	0.99495 	0.99688 	0.99624 	0.99714 	0.99910 	0.99733 
Replication126	 0.04586	0.99619	0.99125 	0.99318 	0.99190 	0.99370 	0.99604 	0.99351 
Replication127	 0.01891	0.99714	0.99532 	0.99739 	0.99697 	0.99757 	0.99953 	0.99794 
Replication128	 0.04970	0.99606	0.99086 	0.99265 	0.99094 	0.99324 	0.99554 	0.99276 
Replication129	 0.03045	0.99673	0.99368 	0.99558 	0.99470 	0.99594 	0.99803 	0.99598 
Replication130	 0.01816	0.99715	0.99672 	0.99750 	0.99598 	0.99809 	0.99962 	0.99742 
Replication131	 0.03251	0.99665	0.99398 	0.99525 	0.99377 	0.99584 	0.99776 	0.99533 
Replication132	 0.06037	0.99566	0.98844 	0.99078 	0.98942 	0.99133 	0.99406 	0.99122 
Replication133	 0.03272	0.99665	0.99418 	0.99536 	0.99339 	0.99596 	0.99773 	0.99514 
Replication134	 0.03642	0.99652	0.99299 	0.99465 	0.99338 	0.99516 	0.99725 	0.99489 
Replication135	 0.02881	0.99678	0.99461 	0.99601 	0.99423 	0.99648 	0.99824 	0.99585 
Replication136	 0.02177	0.99703	0.99500 	0.99694 	0.99633 	0.99719 	0.99916 	0.99741 
Replication137	 0.01724	0.99719	0.99622 	0.99764 	0.99671 	0.99802 	0.99974 	0.99788 
Replication138	 0.02349	0.99701	0.99381 	0.99734 	0.99629 	0.99697 	0.99898 	0.99744 
Replication139	 0.04290	0.99629	0.99213 	0.99363 	0.99206 	0.99426 	0.99641 	0.99376 
Replication140	 0.01732	0.99828	1.00055 	1.00311 	1.00186 	1.00264 	1.00367 	1.00272 
Replication141	 0.02037	0.99708	0.99537 	0.99716 	0.99645 	0.99745 	0.99933 	0.99755 
Replication142	 0.01210	0.99802	0.99923 	1.00229 	1.00021 	1.00167 	1.00268 	1.00143 
Replication143	 0.03800	0.99648	0.99191 	0.99456 	0.99374 	0.99473 	0.99707 	0.99503 
Replication144	 0.06111	0.99564	0.98769 	0.99068 	0.98985 	0.99103 	0.99397 	0.99142 
Replication145	 0.02970	0.99676	0.99369 	0.99570 	0.99494 	0.99602 	0.99813 	0.99616 
Replication146	 0.03220	0.99669	0.99264 	0.99551 	0.99494 	0.99554 	0.99783 	0.99606 
Replication147	 0.01302	0.99743	0.99651 	0.99905 	0.99809 	0.99891 	1.00057 	0.99911 
Replication148	 0.03226	0.99890	1.00326 	1.00650 	1.00417 	1.00549 	1.00586 	1.00518 
Replication149	 0.01790	0.99717	0.99568 	0.99764 	0.99689 	0.99783 	0.99966 	0.99797 
Replication150	 0.04181	0.99636	0.99102 	0.99405 	0.99326 	0.99412 	0.99659 	0.99456 
Replication151	 0.01544	0.99821	1.00062 	1.00325 	1.00057 	1.00269 	1.00337 	1.00197 
Replication152	 0.01185	0.99800	0.99909 	1.00153 	1.00097 	1.00126 	1.00265 	1.00168 
Replication153	 0.03309	0.99663	0.99431 	0.99516 	0.99330 	0.99590 	0.99768 	0.99504 
Replication154	 0.03486	0.99658	0.99278 	0.99490 	0.99408 	0.99524 	0.99746 	0.99538 
Replication155	 0.01676	0.99720	0.99654 	0.99771 	0.99658 	0.99817 	0.99980 	0.99784 
Replication156	 0.02445	0.99693	0.99533 	0.99651 	0.99517 	0.99705 	0.99880 	0.99659 
Replication157	 0.02541	0.99690	0.99554 	0.99644 	0.99462 	0.99706 	0.99868 	0.99625 
Replication158	 0.00915	0.99780	0.99827 	1.00090 	0.99955 	1.00057 	1.00190 	1.00061 
Replication159	 0.02057	0.99708	0.99516 	0.99713 	0.99657 	0.99736 	0.99931 	0.99761 
Replication160	 0.04508	0.99622	0.99148 	0.99330 	0.99194 	0.99385 	0.99614 	0.99357 
Replication161	 0.02594	0.99862	1.00261 	1.00494 	1.00266 	1.00437 	1.00488 	1.00380 
Replication162	 0.01771	0.99717	0.99681 	0.99757 	0.99605 	0.99817 	0.99968 	0.99748 
Replication163	 0.01122	0.99749	0.99720 	0.99973 	0.99747 	0.99949 	1.00075 	0.99896 
Replication164	 0.02924	0.99677	0.99435 	0.99576 	0.99449 	0.99627 	0.99818 	0.99593 
Replication165	 0.02707	0.99685	0.99401 	0.99612 	0.99550 	0.99637 	0.99847 	0.99663 
Replication166	 0.03967	0.99640	0.99260 	0.99421 	0.99262 	0.99475 	0.99683 	0.99429 
Replication167	 0.01392	0.99736	0.99716 	0.99842 	0.99748 	0.99879 	1.00038 	0.99860 
Replication168	 0.01997	0.99709	0.99566 	0.99721 	0.99632 	0.99757 	0.99938 	0.99750 
Replication169	 0.01268	0.99744	0.99668 	0.99912 	0.99805 	0.99901 	1.00062 	0.99912 
Replication170	 0.01998	0.99709	0.99586 	0.99736 	0.99600 	0.99771 	0.99938 	0.99736 
Replication171	 0.04638	0.99619	0.99045 	0.99313 	0.99248 	0.99341 	0.99599 	0.99381 
Replication172	 0.01343	0.99811	0.99978 	1.00202 	1.00144 	1.00178 	1.00307 	1.00213 
Replication173	 0.01927	0.99712	0.99587 	0.99732 	0.99636 	0.99771 	0.99947 	0.99757 
Replication174	 0.03769	0.99648	0.99250 	0.99446 	0.99342 	0.99488 	0.99710 	0.99484 
Replication175	 0.02008	0.99711	0.99474 	0.99723 	0.99713 	0.99728 	0.99939 	0.99796 
Replication176	 0.01991	0.99710	0.99544 	0.99723 	0.99653 	0.99751 	0.99939 	0.99763 
Replication177	 0.00919	0.99776	0.99795 	1.00083 	0.99936 	1.00041 	1.00175 	1.00045 
Replication178	 0.03537	0.99655	0.99321 	0.99481 	0.99353 	0.99532 	0.99739 	0.99503 
Replication179	 0.03507	0.99657	0.99276 	0.99487 	0.99403 	0.99521 	0.99744 	0.99534 
Replication180	 0.02903	0.99677	0.99485 	0.99580 	0.99412 	0.99646 	0.99821 	0.99574 
Replication181	 0.06223	0.99559	0.98824 	0.99049 	0.98900 	0.99109 	0.99382 	0.99087 
Replication182	 0.02616	0.99688	0.99451 	0.99625 	0.99534 	0.99662 	0.99858 	0.99659 
Replication183	 0.02257	0.99701	0.99562 	0.99709 	0.99526 	0.99745 	0.99905 	0.99682 
Replication184	 0.02558	0.99690	0.99424 	0.99640 	0.99573 	0.99661 	0.99867 	0.99686 
Replication185	 0.01190	0.99747	0.99719 	0.99921 	0.99797 	0.99924 	1.00074 	0.99912 
Replication186	 0.01964	0.99837	1.00133 	1.00330 	1.00228 	1.00304 	1.00402 	1.00306 
Replication187	 0.02321	0.99851	1.00223 	1.00409 	1.00254 	1.00379 	1.00452 	1.00348 
Replication188	 0.01593	0.99724	0.99642 	0.99799 	0.99682 	0.99827 	0.99991 	0.99805 
Replication189	 0.03008	0.99674	0.99375 	0.99564 	0.99476 	0.99600 	0.99808 	0.99603 
Replication190	 0.01034	0.99753	0.99714 	0.99975 	0.99806 	0.99950 	1.00090 	0.99932 
Replication191	 0.02662	0.99864	1.00303 	1.00505 	1.00255 	1.00458 	1.00498 	1.00378 
Replication192	 0.03367	0.99664	0.99233 	0.99512 	0.99491 	0.99522 	0.99764 	0.99592 
Replication193	 0.01431	0.99734	0.99559 	0.99861 	0.99797 	0.99835 	1.00020 	0.99889 
Replication194	 0.02258	0.99700	0.99589 	0.99680 	0.99529 	0.99740 	0.99904 	0.99677 
Replication195	 0.00953	0.99778	0.99884 	1.00111 	0.99864 	1.00085 	1.00184 	1.00013 
Replication196	 0.02141	0.99706	0.99448 	0.99702 	0.99693 	0.99708 	0.99922 	0.99778 
Replication197	 0.00948	0.99756	0.99841 	0.99989 	0.99743 	1.00001 	1.00107 	0.99903 
Replication198	 0.02350	0.99697	0.99524 	0.99666 	0.99555 	0.99711 	0.99892 	0.99686 
Replication199	 0.02702	0.99685	0.99439 	0.99611 	0.99517 	0.99650 	0.99847 	0.99645 
Replication200	 0.01339	0.99739	0.99731 	0.99858 	0.99750 	0.99893 	1.00047 	0.99866 
Replication201	 0.02641	0.99687	0.99419 	0.99622 	0.99555 	0.99649 	0.99856 	0.99669 
Replication202	 0.01317	0.99736	0.99671 	0.99841 	0.99784 	0.99864 	1.00037 	0.99881 
Replication203	 0.01256	0.99740	0.99662 	0.99855 	0.99820 	0.99869 	1.00049 	0.99906 
Replication204	 0.03105	0.99670	0.99409 	0.99548 	0.99413 	0.99602 	0.99795 	0.99562 
Replication205	 0.03602	0.99653	0.99293 	0.99471 	0.99357 	0.99517 	0.99731 	0.99502 
Replication206	 0.01519	0.99728	0.99616 	0.99834 	0.99710 	0.99837 	1.00002 	0.99831 
Replication207	 0.03403	0.99660	0.99332 	0.99502 	0.99386 	0.99549 	0.99756 	0.99530 
Replication208	 0.03121	0.99670	0.99347 	0.99547 	0.99464 	0.99581 	0.99793 	0.99590 
Replication209	 0.02368	0.99853	1.00206 	1.00466 	1.00221 	1.00401 	1.00454 	1.00342 
Replication210	 0.03988	0.99642	0.99171 	0.99451 	0.99307 	0.99461 	0.99683 	0.99461 
Replication211	 0.04597	0.99620	0.99070 	0.99318 	0.99237 	0.99352 	0.99604 	0.99377 
Replication212	 0.03413	0.99661	0.99277 	0.99502 	0.99433 	0.99531 	0.99756 	0.99556 
Replication213	 0.03191	0.99668	0.99331 	0.99536 	0.99456 	0.99569 	0.99784 	0.99582 
Replication214	 0.03974	0.99640	0.99234 	0.99413 	0.99290 	0.99463 	0.99683 	0.99443 
Replication215	 0.04782	0.99613	0.99051 	0.99289 	0.99194 	0.99328 	0.99580 	0.99342 
Replication216	 0.03452	0.99658	0.99316 	0.99495 	0.99385 	0.99539 	0.99750 	0.99526 
Replication217	 0.01960	0.99710	0.99606 	0.99727 	0.99609 	0.99774 	0.99943 	0.99739 
Replication218	 0.04149	0.99634	0.99212 	0.99386 	0.99253 	0.99440 	0.99660 	0.99411 
Replication219	 0.02971	0.99676	0.99352 	0.99571 	0.99509 	0.99597 	0.99813 	0.99624 
Replication220	 0.02212	0.99702	0.99523 	0.99688 	0.99600 	0.99723 	0.99911 	0.99720 
Replication221	 0.01013	0.99793	0.99909 	1.00103 	1.00064 	1.00098 	1.00242 	1.00134 
Replication222	 0.03177	0.99668	0.99382 	0.99537 	0.99415 	0.99586 	0.99785 	0.99559 
Replication223	 0.01510	0.99727	0.99618 	0.99803 	0.99742 	0.99824 	1.00003 	0.99843 
Replication224	 0.01844	0.99715	0.99605 	0.99745 	0.99646 	0.99785 	0.99958 	0.99767 
Replication225	 0.01526	0.99730	0.99704 	0.99836 	0.99681 	0.99868 	1.00016 	0.99817 
Replication226	 0.03482	0.99657	0.99395 	0.99489 	0.99305 	0.99562 	0.99746 	0.99480 
Replication227	 0.01477	0.99731	0.99622 	0.99878 	0.99692 	0.99862 	1.00011 	0.99832 
Replication228	 0.02455	0.99693	0.99514 	0.99650 	0.99531 	0.99697 	0.99879 	0.99666 
Replication229	 0.01975	0.99710	0.99577 	0.99725 	0.99629 	0.99763 	0.99941 	0.99750 
Replication230	 0.01148	0.99805	1.00011 	1.00216 	1.00018 	1.00192 	1.00284 	1.00141 
Replication231	 0.04121	0.99635	0.99259 	0.99389 	0.99219 	0.99457 	0.99663 	0.99394 
Replication232	 0.02475	0.99692	0.99522 	0.99646 	0.99517 	0.99698 	0.99876 	0.99657 
Replication233	 0.03332	0.99894	1.00430 	1.00655 	1.00387 	1.00587 	1.00603 	1.00505 
Replication234	 0.01182	0.99746	0.99754 	0.99890 	0.99795 	0.99920 	1.00073 	0.99904 
Replication235	 0.01087	0.99798	0.99946 	1.00197 	0.99994 	1.00158 	1.00257 	1.00118 
Replication236	 0.01079	0.99800	0.99967 	1.00142 	1.00070 	1.00140 	1.00268 	1.00151 
Replication237	 0.01985	0.99709	0.99644 	0.99723 	0.99569 	0.99784 	0.99940 	0.99715 
Replication238	 0.01285	0.99810	1.00045 	1.00225 	1.00055 	1.00210 	1.00305 	1.00168 
Replication239	 0.01828	0.99715	0.99652 	0.99748 	0.99612 	0.99802 	0.99960 	0.99749 
Replication240	 0.01627	0.99723	0.99601 	0.99780 	0.99721 	0.99805 	0.99987 	0.99822 
Replication241	 0.02731	0.99867	1.00275 	1.00563 	1.00239 	1.00477 	1.00502 	1.00383 
Replication242	 0.04762	0.99613	0.99092 	0.99291 	0.99163 	0.99343 	0.99581 	0.99325 
Replication243	 0.02713	0.99685	0.99405 	0.99610 	0.99544 	0.99638 	0.99846 	0.99659 
Replication244	 0.02152	0.99704	0.99561 	0.99727 	0.99558 	0.99756 	0.99919 	0.99706 
Replication245	 0.01507	0.99729	0.99571 	0.99845 	0.99750 	0.99829 	1.00006 	0.99857 
Replication246	 0.02942	0.99677	0.99343 	0.99576 	0.99527 	0.99597 	0.99817 	0.99637 
Replication247	 0.03554	0.99654	0.99382 	0.99478 	0.99294 	0.99551 	0.99736 	0.99469 
Replication248	 0.03557	0.99654	0.99332 	0.99478 	0.99337 	0.99534 	0.99736 	0.99493 
Replication249	 0.01035	0.99796	0.99996 	1.00181 	0.99951 	1.00166 	1.00253 	1.00090 
Replication250	 0.04261	0.99630	0.99199 	0.99368 	0.99228 	0.99425 	0.99645 	0.99391 
Replication251	 0.02107	0.99705	0.99560 	0.99704 	0.99602 	0.99745 	0.99924 	0.99727 
Replication252	 0.02710	0.99684	0.99441 	0.99610 	0.99513 	0.99650 	0.99846 	0.99642 
Replication253	 0.01787	0.99717	0.99563 	0.99755 	0.99703 	0.99777 	0.99966 	0.99803 
Replication254	 0.03796	0.99647	0.99202 	0.99443 	0.99378 	0.99470 	0.99707 	0.99503 
Replication255	 0.01336	0.99739	0.99726 	0.99853 	0.99761 	0.99889 	1.00047 	0.99872 
Replication256	 0.04253	0.99630	0.99255 	0.99369 	0.99181 	0.99443 	0.99646 	0.99364 
Replication257	 0.01314	0.99737	0.99654 	0.99842 	0.99801 	0.99859 	1.00038 	0.99891 
Replication258	 0.01817	0.99716	0.99575 	0.99750 	0.99682 	0.99778 	0.99962 	0.99789 
Replication259	 0.02907	0.99677	0.99433 	0.99579 	0.99457 	0.99628 	0.99820 	0.99598 
Replication260	 0.01183	0.99800	0.99910 	1.00209 	1.00028 	1.00152 	1.00262 	1.00141 
Replication261	 0.03225	0.99666	0.99360 	0.99530 	0.99419 	0.99575 	0.99779 	0.99558 
Replication262	 0.01562	0.99725	0.99639 	0.99815 	0.99684 	0.99835 	0.99996 	0.99811 
Replication263	 0.01518	0.99730	0.99715 	0.99815 	0.99696 	0.99863 	1.00017 	0.99821 
Replication264	 0.02778	0.99683	0.99414 	0.99623 	0.99493 	0.99646 	0.99838 	0.99632 
Replication265	 0.02615	0.99687	0.99493 	0.99625 	0.99497 	0.99676 	0.99858 	0.99638 
Replication266	 0.02996	0.99674	0.99470 	0.99565 	0.99396 	0.99632 	0.99809 	0.99559 
Replication267	 0.00833	0.99767	0.99825 	1.00030 	0.99858 	1.00021 	1.00146 	0.99984 
Replication268	 0.03762	0.99650	0.99242 	0.99510 	0.99294 	0.99516 	0.99712 	0.99472 
Replication269	 0.02331	0.99851	1.00186 	1.00437 	1.00253 	1.00380 	1.00451 	1.00353 
Replication270	 0.02290	0.99701	0.99440 	0.99721 	0.99611 	0.99710 	0.99903 	0.99732 
Replication271	 0.02094	0.99706	0.99551 	0.99706 	0.99614 	0.99743 	0.99926 	0.99734 
Replication272	 0.01447	0.99734	0.99797 	0.99831 	0.99656 	0.99899 	1.00029 	0.99804 
Replication273	 0.04486	0.99623	0.99136 	0.99334 	0.99213 	0.99383 	0.99617 	0.99369 
Replication274	 0.02189	0.99703	0.99530 	0.99691 	0.99601 	0.99728 	0.99914 	0.99722 
Replication275	 0.01492	0.99727	0.99686 	0.99802 	0.99693 	0.99846 	1.00005 	0.99815 
Replication276	 0.02912	0.99874	1.00390 	1.00570 	1.00238 	1.00522 	1.00531 	1.00389 
Replication277	 0.03550	0.99655	0.99306 	0.99479 	0.99362 	0.99527 	0.99737 	0.99508 
Replication278	 0.02764	0.99683	0.99415 	0.99602 	0.99518 	0.99636 	0.99839 	0.99642 
Replication279	 0.01441	0.99816	1.00092 	1.00193 	1.00139 	1.00215 	1.00330 	1.00213 
Replication280	 0.01196	0.99745	0.99798 	0.99881 	0.99758 	0.99930 	1.00071 	0.99880 
Replication281	 0.01776	0.99717	0.99584 	0.99756 	0.99687 	0.99785 	0.99967 	0.99795 
Replication282	 0.02776	0.99682	0.99449 	0.99600 	0.99484 	0.99646 	0.99837 	0.99622 
Replication283	 0.02214	0.99701	0.99566 	0.99687 	0.99563 	0.99737 	0.99910 	0.99699 
Replication284	 0.04200	0.99632	0.99209 	0.99378 	0.99239 	0.99433 	0.99653 	0.99401 
Replication285	 0.04468	0.99622	0.99215 	0.99335 	0.99147 	0.99410 	0.99618 	0.99333 
Replication286	 0.01695	0.99722	0.99596 	0.99823 	0.99653 	0.99822 	0.99979 	0.99792 
Replication287	 0.03282	0.99665	0.99329 	0.99521 	0.99428 	0.99559 	0.99772 	0.99561 
Replication288	 0.02942	0.99677	0.99395 	0.99599 	0.99456 	0.99625 	0.99817 	0.99602 
Replication289	 0.02844	0.99679	0.99471 	0.99589 	0.99444 	0.99647 	0.99828 	0.99595 
Replication290	 0.04034	0.99639	0.99192 	0.99405 	0.99309 	0.99444 	0.99676 	0.99450 
Replication291	 0.03911	0.99643	0.99226 	0.99424 	0.99318 	0.99467 	0.99691 	0.99462 
Replication292	 0.03206	0.99667	0.99362 	0.99533 	0.99423 	0.99577 	0.99782 	0.99562 
Replication293	 0.01242	0.99745	0.99718 	0.99923 	0.99763 	0.99923 	1.00065 	0.99891 
Replication294	 0.01398	0.99733	0.99671 	0.99853 	0.99720 	0.99867 	1.00023 	0.99845 
Replication295	 0.01548	0.99821	1.00025 	1.00292 	1.00133 	1.00241 	1.00340 	1.00233 
Replication296	 0.04123	0.99636	0.99167 	0.99391 	0.99302 	0.99428 	0.99664 	0.99441 
Replication297	 0.01998	0.99710	0.99535 	0.99722 	0.99659 	0.99748 	0.99939 	0.99766 
Replication298	 0.01919	0.99713	0.99538 	0.99735 	0.99683 	0.99756 	0.99949 	0.99784 
Replication299	 0.02860	0.99679	0.99389 	0.99587 	0.99511 	0.99619 	0.99827 	0.99632 
Replication300	 0.02202	0.99702	0.99570 	0.99689 	0.99562 	0.99740 	0.99912 	0.99699 
Replication301	 0.02205	0.99702	0.99525 	0.99689 	0.99601 	0.99725 	0.99911 	0.99721 
Replication302	 0.04061	0.99637	0.99214 	0.99400 	0.99280 	0.99449 	0.99672 	0.99432 
Replication303	 0.03086	0.99671	0.99393 	0.99551 	0.99434 	0.99598 	0.99797 	0.99575 
Replication304	 0.01272	0.99739	0.99655 	0.99851 	0.99820 	0.99865 	1.00046 	0.99905 
Replication305	 0.02212	0.99701	0.99603 	0.99688 	0.99531 	0.99750 	0.99911 	0.99681 
Replication306	 0.03787	0.99646	0.99303 	0.99442 	0.99288 	0.99503 	0.99706 	0.99452 
Replication307	 0.02313	0.99698	0.99538 	0.99672 	0.99555 	0.99718 	0.99897 	0.99689 
Replication308	 0.01737	0.99719	0.99599 	0.99762 	0.99687 	0.99793 	0.99972 	0.99796 
Replication309	 0.01919	0.99835	1.00168 	1.00373 	1.00120 	1.00335 	1.00392 	1.00253 
Replication310	 0.03856	0.99645	0.99246 	0.99444 	0.99306 	0.99484 	0.99698 	0.99461 
Replication311	 0.03247	0.99666	0.99349 	0.99527 	0.99422 	0.99569 	0.99777 	0.99559 
Replication312	 0.02233	0.99703	0.99429 	0.99701 	0.99668 	0.99699 	0.99911 	0.99761 
Replication313	 0.03096	0.99672	0.99348 	0.99592 	0.99433 	0.99603 	0.99798 	0.99584 
Replication314	 0.00850	0.99760	0.99829 	0.99972 	0.99828 	0.99991 	1.00123 	0.99950 
Replication315	 0.03353	0.99662	0.99325 	0.99510 	0.99409 	0.99551 	0.99763 	0.99546 
Replication316	 0.01451	0.99734	0.99729 	0.99852 	0.99689 	0.99887 	1.00028 	0.99827 
Replication317	 0.02852	0.99872	1.00284 	1.00544 	1.00327 	1.00474 	1.00523 	1.00432 
Replication318	 0.01763	0.99718	0.99598 	0.99758 	0.99679 	0.99790 	0.99969 	0.99791 
Replication319	 0.01402	0.99815	1.00054 	1.00264 	1.00064 	1.00234 	1.00320 	1.00184 
Replication320	 0.02941	0.99676	0.99408 	0.99574 	0.99468 	0.99617 	0.99816 	0.99603 
Replication321	 0.01159	0.99747	0.99771 	0.99889 	0.99797 	0.99926 	1.00078 	0.99905 
Replication322	 0.03690	0.99650	0.99275 	0.99458 	0.99344 	0.99504 	0.99719 	0.99490 
Replication323	 0.03006	0.99674	0.99364 	0.99565 	0.99486 	0.99597 	0.99808 	0.99609 
Replication324	 0.03832	0.99645	0.99321 	0.99438 	0.99255 	0.99506 	0.99700 	0.99431 
Replication325	 0.03984	0.99640	0.99257 	0.99419 	0.99257 	0.99474 	0.99681 	0.99425 
Replication326	 0.01238	0.99742	0.99637 	0.99891 	0.99822 	0.99879 	1.00053 	0.99916 
Replication327	 0.05107	0.99602	0.99005 	0.99245 	0.99125 	0.99286 	0.99538 	0.99286 
Replication328	 0.04464	0.99623	0.99160 	0.99337 	0.99197 	0.99393 	0.99619 	0.99362 
Replication329	 0.03122	0.99671	0.99308 	0.99548 	0.99500 	0.99569 	0.99794 	0.99611 
Replication330	 0.01104	0.99798	0.99931 	1.00195 	1.00009 	1.00152 	1.00257 	1.00126 
Replication331	 0.01936	0.99713	0.99590 	0.99786 	0.99579 	0.99798 	0.99947 	0.99737 
Replication332	 0.04271	0.99630	0.99178 	0.99367 	0.99244 	0.99417 	0.99645 	0.99400 
Replication333	 0.00747	0.99768	0.99793 	1.00004 	0.99934 	0.99999 	1.00152 	1.00022 
Replication334	 0.01143	0.99749	0.99763 	0.99941 	0.99772 	0.99949 	1.00083 	0.99903 
Replication335	 0.01635	0.99723	0.99590 	0.99812 	0.99696 	0.99816 	0.99987 	0.99816 
Replication336	 0.02745	0.99685	0.99420 	0.99651 	0.99478 	0.99661 	0.99843 	0.99630 
Replication337	 0.05732	0.99576	0.98926 	0.99126 	0.98969 	0.99189 	0.99446 	0.99155 
Replication338	 0.00974	0.99787	0.99872 	1.00130 	0.99983 	1.00095 	1.00219 	1.00090 
Replication339	 0.01530	0.99730	0.99714 	0.99813 	0.99692 	0.99861 	1.00015 	0.99818 
Replication340	 0.01381	0.99736	0.99736 	0.99843 	0.99734 	0.99886 	1.00040 	0.99853 
Replication341	 0.02394	0.99695	0.99534 	0.99659 	0.99532 	0.99710 	0.99887 	0.99671 
Replication342	 0.02587	0.99689	0.99470 	0.99629 	0.99527 	0.99671 	0.99862 	0.99656 
Replication343	 0.02096	0.99842	1.00067 	1.00385 	1.00281 	1.00311 	1.00416 	1.00351 
Replication344	 0.04537	0.99620	0.99158 	0.99325 	0.99175 	0.99385 	0.99610 	0.99345 
Replication345	 0.02692	0.99686	0.99405 	0.99614 	0.99551 	0.99640 	0.99849 	0.99665 
Replication346	 0.03465	0.99659	0.99276 	0.99506 	0.99406 	0.99531 	0.99749 	0.99540 
Replication347	 0.00941	0.99755	0.99891 	0.99943 	0.99747 	0.99995 	1.00107 	0.99895 
Replication348	 0.03131	0.99670	0.99355 	0.99549 	0.99449 	0.99584 	0.99792 	0.99582 
Replication349	 0.01375	0.99733	0.99679 	0.99828 	0.99751 	0.99859 	1.00027 	0.99857 
Replication350	 0.05355	0.99590	0.98932 	0.99186 	0.99086 	0.99228 	0.99495 	0.99243 
Replication351	 0.03320	0.99664	0.99308 	0.99516 	0.99435 	0.99549 	0.99768 	0.99562 
Replication352	 0.01897	0.99714	0.99519 	0.99761 	0.99687 	0.99763 	0.99953 	0.99793 
Replication353	 0.03785	0.99647	0.99238 	0.99443 	0.99347 	0.99483 	0.99708 	0.99486 
Replication354	 0.05584	0.99584	0.98970 	0.99163 	0.99006 	0.99226 	0.99475 	0.99189 
Replication355	 0.03431	0.99660	0.99302 	0.99503 	0.99400 	0.99539 	0.99753 	0.99537 
Replication356	 0.03309	0.99663	0.99358 	0.99519 	0.99391 	0.99567 	0.99768 	0.99539 
Replication357	 0.01222	0.99745	0.99735 	0.99919 	0.99763 	0.99926 	1.00068 	0.99891 
Replication358	 0.01261	0.99741	0.99613 	0.99885 	0.99835 	0.99868 	1.00050 	0.99922 
Replication359	 0.03265	0.99664	0.99390 	0.99523 	0.99379 	0.99580 	0.99774 	0.99534 
Replication360	 0.03551	0.99657	0.99224 	0.99515 	0.99406 	0.99517 	0.99740 	0.99541 
Replication361	 0.02031	0.99710	0.99548 	0.99775 	0.99581 	0.99777 	0.99935 	0.99733 
Replication362	 0.01893	0.99713	0.99623 	0.99737 	0.99615 	0.99786 	0.99952 	0.99747 
Replication363	 0.03852	0.99645	0.99245 	0.99433 	0.99319 	0.99479 	0.99699 	0.99466 
Replication364	 0.01377	0.99737	0.99708 	0.99845 	0.99761 	0.99879 	1.00041 	0.99869 
Replication365	 0.04024	0.99639	0.99215 	0.99406 	0.99291 	0.99452 	0.99676 	0.99440 
Replication366	 0.03156	0.99670	0.99303 	0.99543 	0.99494 	0.99564 	0.99790 	0.99606 
Replication367	 0.02354	0.99697	0.99473 	0.99666 	0.99599 	0.99694 	0.99893 	0.99711 
Replication368	 0.03320	0.99664	0.99300 	0.99516 	0.99443 	0.99547 	0.99768 	0.99567 
Replication369	 0.04933	0.99606	0.98976 	0.99254 	0.99186 	0.99283 	0.99551 	0.99325 
Replication370	 0.02293	0.99701	0.99426 	0.99693 	0.99651 	0.99692 	0.99903 	0.99748 
Replication371	 0.00956	0.99756	0.99786 	0.99987 	0.99783 	0.99981 	1.00104 	0.99925 
Replication372	 0.00913	0.99795	1.00020 	1.00109 	1.00010 	1.00139 	1.00255 	1.00108 
Replication373	 0.04320	0.99628	0.99194 	0.99359 	0.99213 	0.99417 	0.99638 	0.99379 
Replication374	 0.01844	0.99714	0.99608 	0.99745 	0.99644 	0.99786 	0.99958 	0.99766 
Replication375	 0.00726	0.99778	0.99938 	1.00027 	0.99934 	1.00064 	1.00192 	1.00035 
Replication376	 0.02360	0.99696	0.99506 	0.99665 	0.99568 	0.99704 	0.99891 	0.99693 
Replication377	 0.04047	0.99638	0.99230 	0.99402 	0.99269 	0.99455 	0.99673 	0.99427 
Replication378	 0.04310	0.99629	0.99134 	0.99362 	0.99272 	0.99400 	0.99640 	0.99413 
Replication379	 0.04069	0.99637	0.99238 	0.99398 	0.99255 	0.99455 	0.99670 	0.99417 
Replication380	 0.01506	0.99726	0.99703 	0.99799 	0.99672 	0.99849 	1.00003 	0.99802 
Replication381	 0.03426	0.99659	0.99386 	0.99498 	0.99331 	0.99564 	0.99753 	0.99497 
Replication382	 0.03091	0.99671	0.99388 	0.99551 	0.99437 	0.99596 	0.99797 	0.99576 
Replication383	 0.02886	0.99678	0.99425 	0.99582 	0.99470 	0.99628 	0.99823 	0.99607 
Replication384	 0.02064	0.99707	0.99574 	0.99721 	0.99593 	0.99759 	0.99930 	0.99727 
Replication385	 0.03785	0.99648	0.99215 	0.99451 	0.99362 	0.99479 	0.99708 	0.99496 
Replication386	 0.02723	0.99685	0.99437 	0.99647 	0.99477 	0.99665 	0.99845 	0.99629 
Replication387	 0.05811	0.99574	0.98855 	0.99114 	0.99006 	0.99159 	0.99436 	0.99171 
Replication388	 0.01219	0.99746	0.99712 	0.99936 	0.99773 	0.99928 	1.00070 	0.99900 
Replication389	 0.03671	0.99651	0.99284 	0.99460 	0.99343 	0.99508 	0.99722 	0.99490 
Replication390	 0.01052	0.99751	0.99705 	0.99964 	0.99812 	0.99941 	1.00087 	0.99933 
Replication391	 0.02011	0.99709	0.99536 	0.99720 	0.99654 	0.99747 	0.99937 	0.99762 
Replication392	 0.04887	0.99609	0.99062 	0.99272 	0.99150 	0.99322 	0.99565 	0.99311 
Replication393	 0.02778	0.99682	0.99397 	0.99600 	0.99531 	0.99629 	0.99838 	0.99648 
Replication394	 0.03082	0.99671	0.99374 	0.99552 	0.99452 	0.99593 	0.99798 	0.99586 
Replication395	 0.03347	0.99663	0.99302 	0.99512 	0.99432 	0.99545 	0.99764 	0.99559 
Replication396	 0.01469	0.99728	0.99719 	0.99810 	0.99671 	0.99861 	1.00009 	0.99805 
Replication397	 0.02905	0.99677	0.99417 	0.99580 	0.99471 	0.99623 	0.99821 	0.99607 
Replication398	 0.02607	0.99688	0.99446 	0.99626 	0.99542 	0.99661 	0.99860 	0.99664 
Replication399	 0.05667	0.99579	0.98913 	0.99137 	0.99002 	0.99191 	0.99454 	0.99177 
Replication400	 0.01751	0.99718	0.99654 	0.99760 	0.99634 	0.99810 	0.99970 	0.99766 
Replication401	 0.01619	0.99824	1.00031 	1.00297 	1.00161 	1.00247 	1.00350 	1.00252 
Replication402	 0.02071	0.99706	0.99595 	0.99710 	0.99583 	0.99760 	0.99929 	0.99718 
Replication403	 0.01162	0.99747	0.99803 	0.99889 	0.99769 	0.99936 	1.00077 	0.99889 
Replication404	 0.02364	0.99699	0.99461 	0.99717 	0.99558 	0.99714 	0.99893 	0.99700 
Replication405	 0.04546	0.99621	0.99099 	0.99326 	0.99227 	0.99366 	0.99610 	0.99374 
Replication406	 0.02818	0.99870	1.00292 	1.00527 	1.00323 	1.00469 	1.00520 	1.00425 
Replication407	 0.02608	0.99689	0.99419 	0.99627 	0.99566 	0.99653 	0.99860 	0.99678 
Replication408	 0.00879	0.99763	0.99731 	1.00025 	0.99880 	0.99985 	1.00128 	0.99992 
Replication409	 0.01166	0.99747	0.99765 	0.99888 	0.99799 	0.99923 	1.00076 	0.99906 
Replication410	 0.03918	0.99643	0.99198 	0.99423 	0.99341 	0.99457 	0.99691 	0.99475 
Replication411	 0.01260	0.99745	0.99700 	0.99933 	0.99762 	0.99921 	1.00063 	0.99892 
Replication412	 0.01320	0.99741	0.99675 	0.99883 	0.99793 	0.99888 	1.00052 	0.99897 
Replication413	 0.01164	0.99805	1.00049 	1.00195 	1.00023 	1.00194 	1.00288 	1.00140 
Replication414	 0.02521	0.99692	0.99426 	0.99641 	0.99589 	0.99663 	0.99872 	0.99696 
Replication415	 0.04022	0.99638	0.99243 	0.99405 	0.99265 	0.99462 	0.99676 	0.99426 
Replication416	 0.02031	0.99708	0.99614 	0.99716 	0.99580 	0.99770 	0.99934 	0.99719 
Replication417	 0.02764	0.99682	0.99434 	0.99602 	0.99501 	0.99642 	0.99839 	0.99632 
Replication418	 0.03018	0.99673	0.99413 	0.99562 	0.99438 	0.99611 	0.99806 	0.99581 
Replication419	 0.03258	0.99665	0.99380 	0.99524 	0.99390 	0.99578 	0.99775 	0.99540 
Replication420	 0.01189	0.99745	0.99773 	0.99883 	0.99783 	0.99923 	1.00072 	0.99895 
Replication421	 0.04050	0.99637	0.99300 	0.99401 	0.99207 	0.99477 	0.99672 	0.99391 
Replication422	 0.04097	0.99635	0.99254 	0.99393 	0.99231 	0.99458 	0.99666 	0.99402 
Replication423	 0.01041	0.99797	0.99971 	1.00181 	0.99972 	1.00157 	1.00253 	1.00101 
Replication424	 0.02280	0.99700	0.99502 	0.99677 	0.99597 	0.99710 	0.99902 	0.99714 
Replication425	 0.02371	0.99696	0.99508 	0.99663 	0.99562 	0.99703 	0.99890 	0.99689 
Replication426	 0.04006	0.99639	0.99287 	0.99419 	0.99222 	0.99482 	0.99678 	0.99405 
Replication427	 0.00808	0.99768	0.99844 	1.00024 	0.99860 	1.00025 	1.00149 	0.99985 
Replication428	 0.01326	0.99812	0.99993 	1.00240 	1.00094 	1.00201 	1.00307 	1.00193 
Replication429	 0.01371	0.99737	0.99707 	0.99861 	0.99751 	0.99886 	1.00042 	0.99866 
Replication430	 0.04250	0.99631	0.99154 	0.99371 	0.99272 	0.99412 	0.99648 	0.99417 
Replication431	 0.02941	0.99678	0.99360 	0.99628 	0.99462 	0.99627 	0.99818 	0.99612 
Replication432	 0.00902	0.99757	0.99781 	0.99954 	0.99851 	0.99965 	1.00113 	0.99957 
Replication433	 0.03875	0.99643	0.99287 	0.99428 	0.99274 	0.99489 	0.99695 	0.99439 
Replication434	 0.02250	0.99700	0.99549 	0.99682 	0.99565 	0.99728 	0.99905 	0.99698 
Replication435	 0.04077	0.99638	0.99147 	0.99400 	0.99336 	0.99426 	0.99671 	0.99463 
Replication436	 0.02860	0.99680	0.99383 	0.99588 	0.99517 	0.99617 	0.99827 	0.99635 
Replication437	 0.02399	0.99695	0.99493 	0.99659 	0.99567 	0.99696 	0.99886 	0.99690 
Replication438	 0.02028	0.99708	0.99543 	0.99717 	0.99642 	0.99747 	0.99935 	0.99754 
Replication439	 0.03122	0.99671	0.99305 	0.99548 	0.99503 	0.99568 	0.99794 	0.99613 
Replication440	 0.03757	0.99648	0.99242 	0.99448 	0.99353 	0.99487 	0.99711 	0.99491 
Replication441	 0.01715	0.99719	0.99624 	0.99765 	0.99672 	0.99803 	0.99975 	0.99789 
Replication442	 0.03621	0.99653	0.99280 	0.99469 	0.99363 	0.99511 	0.99729 	0.99504 
Replication443	 0.03244	0.99665	0.99398 	0.99526 	0.99379 	0.99585 	0.99776 	0.99535 
Replication444	 0.04308	0.99629	0.99166 	0.99362 	0.99243 	0.99410 	0.99640 	0.99397 
Replication445	 0.01439	0.99736	0.99688 	0.99893 	0.99697 	0.99893 	1.00032 	0.99841 
Replication446	 0.04183	0.99928	1.00591 	1.00851 	1.00485 	1.00752 	1.00722 	1.00625 
Replication447	 0.02303	0.99698	0.99597 	0.99674 	0.99508 	0.99739 	0.99899 	0.99663 
Replication448	 0.00999	0.99795	0.99953 	1.00115 	1.00055 	1.00120 	1.00253 	1.00134 
Replication449	 0.03343	0.99894	1.00427 	1.00668 	1.00378 	1.00593 	1.00604 	1.00503 
Replication450	 0.01648	0.99723	0.99616 	0.99816 	0.99663 	0.99826 	0.99985 	0.99797 
Replication451	 0.00830	0.99762	0.99838 	0.99999 	0.99820 	1.00008 	1.00130 	0.99953 
Replication452	 0.02579	0.99689	0.99494 	0.99630 	0.99508 	0.99679 	0.99863 	0.99647 
Replication453	 0.01929	0.99713	0.99531 	0.99755 	0.99665 	0.99764 	0.99948 	0.99778 
Replication454	 0.00870	0.99778	0.99845 	1.00074 	0.99948 	1.00055 	1.00187 	1.00053 
Replication455	 0.01418	0.99731	0.99685 	0.99818 	0.99726 	0.99855 	1.00019 	0.99840 
Replication456	 0.05168	0.99600	0.99003 	0.99239 	0.99103 	0.99281 	0.99530 	0.99271 
Replication457	 0.02429	0.99855	1.00247 	1.00461 	1.00227 	1.00414 	1.00465 	1.00347 
Replication458	 0.03660	0.99651	0.99286 	0.99462 	0.99345 	0.99510 	0.99723 	0.99492 
Replication459	 0.01022	0.99754	0.99663 	0.99974 	0.99863 	0.99933 	1.00094 	0.99965 
Replication460	 0.00923	0.99757	0.99805 	0.99985 	0.99789 	0.99988 	1.00110 	0.99929 
Replication461	 0.02301	0.99699	0.99473 	0.99675 	0.99617 	0.99699 	0.99900 	0.99724 
Replication462	 0.02926	0.99677	0.99428 	0.99576 	0.99454 	0.99625 	0.99818 	0.99596 
Replication463	 0.00900	0.99762	0.99681 	0.99977 	0.99952 	0.99945 	1.00123 	1.00021 
Replication464	 0.05481	0.99588	0.98972 	0.99179 	0.99038 	0.99236 	0.99488 	0.99213 
Replication465	 0.02127	0.99708	0.99488 	0.99790 	0.99580 	0.99763 	0.99925 	0.99734 
Replication466	 0.01252	0.99808	1.00133 	1.00161 	1.00039 	1.00208 	1.00303 	1.00144 
Replication467	 0.01800	0.99716	0.99657 	0.99752 	0.99616 	0.99806 	0.99964 	0.99753 
Replication468	 0.00850	0.99780	0.99881 	1.00073 	0.99942 	1.00067 	1.00193 	1.00050 
Replication469	 0.01324	0.99741	0.99691 	0.99896 	0.99762 	0.99899 	1.00051 	0.99882 
Replication470	 0.02667	0.99690	0.99372 	0.99695 	0.99520 	0.99669 	0.99855 	0.99666 
Replication471	 0.00819	0.99761	0.99797 	0.99950 	0.99898 	0.99971 	1.00128 	0.99986 
Replication472	 0.03797	0.99647	0.99203 	0.99443 	0.99376 	0.99471 	0.99707 	0.99502 
Replication473	 0.02514	0.99693	0.99399 	0.99666 	0.99594 	0.99667 	0.99874 	0.99705 
Replication474	 0.03009	0.99674	0.99377 	0.99564 	0.99474 	0.99601 	0.99808 	0.99602 
Replication475	 0.01258	0.99742	0.99764 	0.99868 	0.99761 	0.99911 	1.00060 	0.99877 
Replication476	 0.03410	0.99661	0.99327 	0.99532 	0.99360 	0.99561 	0.99756 	0.99522 
Replication477	 0.01473	0.99728	0.99685 	0.99806 	0.99702 	0.99848 	1.00009 	0.99822 
Replication478	 0.02722	0.99684	0.99469 	0.99608 	0.99484 	0.99657 	0.99844 	0.99625 
Replication479	 0.00926	0.99756	0.99801 	0.99965 	0.99808 	0.99977 	1.00109 	0.99935 
Replication480	 0.04670	0.99617	0.99075 	0.99306 	0.99209 	0.99347 	0.99594 	0.99357 
Replication481	 0.05249	0.99594	0.98942 	0.99203 	0.99113 	0.99241 	0.99510 	0.99265 
Replication482	 0.01655	0.99725	0.99492 	0.99832 	0.99762 	0.99794 	0.99987 	0.99857 
Replication483	 0.03543	0.99655	0.99304 	0.99480 	0.99366 	0.99526 	0.99738 	0.99511 
Replication484	 0.01274	0.99741	0.99755 	0.99865 	0.99762 	0.99906 	1.00058 	0.99876 
Replication485	 0.02611	0.99862	1.00202 	1.00465 	1.00357 	1.00405 	1.00491 	1.00426 
Replication486	 0.00877	0.99757	0.99856 	0.99937 	0.99821 	0.99982 	1.00117 	0.99938 
Replication487	 0.03033	0.99673	0.99412 	0.99559 	0.99434 	0.99610 	0.99804 	0.99578 
Replication488	 0.02010	0.99709	0.99541 	0.99720 	0.99650 	0.99749 	0.99937 	0.99760 
Replication489	 0.01159	0.99747	0.99749 	0.99893 	0.99815 	0.99921 	1.00078 	0.99916 
Replication490	 0.02838	0.99681	0.99341 	0.99593 	0.99564 	0.99607 	0.99832 	0.99664 
Replication491	 0.01834	0.99716	0.99546 	0.99748 	0.99703 	0.99767 	0.99961 	0.99801 
Replication492	 0.04377	0.99626	0.99223 	0.99349 	0.99169 	0.99421 	0.99630 	0.99351 
Replication493	 0.01907	0.99715	0.99507 	0.99772 	0.99682 	0.99765 	0.99952 	0.99792 
Replication494	 0.03075	0.99672	0.99357 	0.99554 	0.99471 	0.99588 	0.99799 	0.99597 
Replication495	 0.04608	0.99619	0.99099 	0.99315 	0.99206 	0.99360 	0.99601 	0.99359 
Replication496	 0.05147	0.99598	0.98969 	0.99232 	0.99110 	0.99266 	0.99523 	0.99272 
Replication497	 0.02698	0.99687	0.99386 	0.99645 	0.99537 	0.99649 	0.99849 	0.99663 
Replication498	 0.02865	0.99679	0.99440 	0.99586 	0.99464 	0.99634 	0.99826 	0.99605 
Replication499	 0.01928	0.99711	0.99624 	0.99732 	0.99603 	0.99783 	0.99947 	0.99738 
Replication500	 0.01438	0.99816	1.00040 	1.00232 	1.00135 	1.00216 	1.00327 	1.00218 
Replication501	 0.02535	0.99859	1.00198 	1.00447 	1.00342 	1.00394 	1.00481 	1.00411 
Replication502	 0.04124	0.99635	0.99204 	0.99390 	0.99268 	0.99439 	0.99663 	0.99422 
Replication503	 0.01447	0.99730	0.99694 	0.99825 	0.99693 	0.99860 	1.00014 	0.99821 
Replication504	 0.02314	0.99698	0.99533 	0.99672 	0.99559 	0.99717 	0.99897 	0.99691 
Replication505	 0.00845	0.99771	0.99863 	1.00054 	0.99861 	1.00047 	1.00162 	0.99994 
Replication506	 0.01985	0.99710	0.99579 	0.99723 	0.99624 	0.99763 	0.99940 	0.99747 
Replication507	 0.03767	0.99647	0.99281 	0.99445 	0.99314 	0.99498 	0.99709 	0.99468 
Replication508	 0.02430	0.99694	0.99556 	0.99654 	0.99502 	0.99713 	0.99882 	0.99652 
Replication509	 0.03555	0.99655	0.99291 	0.99479 	0.99375 	0.99521 	0.99737 	0.99515 
Replication510	 0.02555	0.99691	0.99443 	0.99671 	0.99528 	0.99682 	0.99867 	0.99667 
Replication511	 0.01530	0.99727	0.99645 	0.99835 	0.99675 	0.99847 	1.00000 	0.99811 
Replication512	 0.02438	0.99694	0.99471 	0.99653 	0.99574 	0.99685 	0.99881 	0.99692 
Replication513	 0.03531	0.99657	0.99249 	0.99496 	0.99409 	0.99517 	0.99741 	0.99539 
Replication514	 0.01366	0.99734	0.99684 	0.99830 	0.99751 	0.99861 	1.00028 	0.99858 
Replication515	 0.01863	0.99833	1.00136 	1.00311 	1.00193 	1.00294 	1.00388 	1.00280 
Replication516	 0.03670	0.99652	0.99209 	0.99463 	0.99412 	0.99485 	0.99724 	0.99530 
Replication517	 0.03237	0.99667	0.99291 	0.99530 	0.99478 	0.99552 	0.99779 	0.99592 
Replication518	 0.00744	0.99771	0.99922 	1.00012 	0.99862 	1.00047 	1.00165 	0.99986 
Replication519	 0.04039	0.99639	0.99163 	0.99405 	0.99334 	0.99435 	0.99676 	0.99464 
Replication520	 0.02078	0.99708	0.99475 	0.99711 	0.99689 	0.99722 	0.99930 	0.99779 
Replication521	 0.05632	0.99580	0.98907 	0.99142 	0.99018 	0.99193 	0.99459 	0.99188 
Replication522	 0.02810	0.99681	0.99386 	0.99596 	0.99530 	0.99623 	0.99834 	0.99646 
Replication523	 0.04481	0.99623	0.99134 	0.99335 	0.99215 	0.99383 	0.99618 	0.99371 
Replication524	 0.03460	0.99659	0.99265 	0.99495 	0.99429 	0.99522 	0.99750 	0.99551 
Replication525	 0.01810	0.99717	0.99551 	0.99752 	0.99707 	0.99771 	0.99964 	0.99804 
Replication526	 0.01386	0.99733	0.99653 	0.99837 	0.99759 	0.99854 	1.00025 	0.99864 
Replication527	 0.01618	0.99824	1.00063 	1.00307 	1.00123 	1.00262 	1.00350 	1.00232 
Replication528	 0.03215	0.99667	0.99364 	0.99531 	0.99418 	0.99577 	0.99781 	0.99559 
Replication529	 0.01576	0.99725	0.99587 	0.99789 	0.99750 	0.99805 	0.99994 	0.99842 
Replication530	 0.03301	0.99663	0.99379 	0.99517 	0.99377 	0.99573 	0.99769 	0.99531 
Replication531	 0.03098	0.99672	0.99320 	0.99551 	0.99497 	0.99574 	0.99797 	0.99611 
Replication532	 0.01418	0.99732	0.99653 	0.99826 	0.99748 	0.99848 	1.00019 	0.99854 
Replication533	 0.02706	0.99684	0.99485 	0.99610 	0.99476 	0.99664 	0.99846 	0.99621 
Replication534	 0.02892	0.99678	0.99443 	0.99581 	0.99452 	0.99633 	0.99822 	0.99597 
Replication535	 0.01129	0.99790	0.99802 	1.00179 	1.00001 	1.00096 	1.00220 	1.00112 
Replication536	 0.04898	0.99608	0.99077 	0.99270 	0.99132 	0.99325 	0.99563 	0.99300 
Replication537	 0.03442	0.99659	0.99282 	0.99497 	0.99419 	0.99529 	0.99752 	0.99547 
Replication538	 0.01806	0.99716	0.99590 	0.99752 	0.99673 	0.99783 	0.99963 	0.99785 
Replication539	 0.02659	0.99686	0.99442 	0.99618 	0.99528 	0.99655 	0.99853 	0.99653 
Replication540	 0.01983	0.99709	0.99611 	0.99723 	0.99597 	0.99773 	0.99940 	0.99732 
Replication541	 0.00959	0.99796	0.99984 	1.00120 	1.00036 	1.00133 	1.00256 	1.00125 
Replication542	 0.06685	0.99543	0.98795 	0.98976 	0.98775 	0.99056 	0.99321 	0.98989 
Replication543	 0.02892	0.99678	0.99383 	0.99582 	0.99506 	0.99614 	0.99823 	0.99627 
Replication544	 0.03400	0.99661	0.99276 	0.99519 	0.99423 	0.99539 	0.99758 	0.99555 
Replication545	 0.02507	0.99691	0.99470 	0.99642 	0.99552 	0.99678 	0.99872 	0.99676 
Replication546	 0.00813	0.99791	1.00000 	1.00086 	1.00000 	1.00120 	1.00241 	1.00094 
Replication547	 0.01927	0.99711	0.99623 	0.99732 	0.99605 	0.99783 	0.99947 	0.99739 
Replication548	 0.01420	0.99731	0.99671 	0.99818 	0.99738 	0.99850 	1.00019 	0.99846 
Replication549	 0.00810	0.99787	1.00017 	1.00068 	0.99950 	1.00114 	1.00226 	1.00059 
Replication550	 0.01629	0.99725	0.99555 	0.99826 	0.99719 	0.99811 	0.99988 	0.99832 
Replication551	 0.01482	0.99729	0.99595 	0.99807 	0.99780 	0.99819 	1.00009 	0.99866 
Replication552	 0.03867	0.99646	0.99193 	0.99453 	0.99342 	0.99471 	0.99698 	0.99483 
Replication553	 0.03700	0.99651	0.99199 	0.99459 	0.99412 	0.99479 	0.99720 	0.99528 
Replication554	 0.02802	0.99681	0.99414 	0.99596 	0.99508 	0.99632 	0.99834 	0.99633 
Replication555	 0.04773	0.99612	0.99108 	0.99289 	0.99144 	0.99347 	0.99579 	0.99314 
Replication556	 0.01015	0.99783	0.99870 	1.00138 	0.99900 	1.00095 	1.00198 	1.00042 
Replication557	 0.03991	0.99640	0.99214 	0.99411 	0.99302 	0.99455 	0.99681 	0.99449 
Replication558	 0.01355	0.99735	0.99659 	0.99833 	0.99778 	0.99855 	1.00031 	0.99874 
Replication559	 0.03621	0.99654	0.99307 	0.99522 	0.99288 	0.99546 	0.99729 	0.99474 
Replication560	 0.01615	0.99722	0.99672 	0.99781 	0.99662 	0.99828 	0.99988 	0.99790 
Replication561	 0.03272	0.99891	1.00431 	1.00637 	1.00374 	1.00578 	1.00595 	1.00492 
Replication562	 0.01436	0.99735	0.99727 	0.99886 	0.99669 	0.99902 	1.00031 	0.99824 
Replication563	 0.02114	0.99705	0.99572 	0.99703 	0.99589 	0.99748 	0.99923 	0.99719 
Replication564	 0.02116	0.99843	1.00135 	1.00364 	1.00267 	1.00324 	1.00422 	1.00339 
Replication565	 0.03369	0.99661	0.99362 	0.99507 	0.99371 	0.99561 	0.99760 	0.99523 
Replication566	 0.02890	0.99678	0.99386 	0.99583 	0.99504 	0.99615 	0.99823 	0.99626 
Replication567	 0.03884	0.99645	0.99229 	0.99461 	0.99293 	0.99486 	0.99695 	0.99457 
Replication568	 0.00942	0.99796	1.00004 	1.00108 	1.00041 	1.00134 	1.00259 	1.00126 
Replication569	 0.04164	0.99634	0.99167 	0.99385 	0.99289 	0.99424 	0.99659 	0.99431 
Replication570	 0.03604	0.99654	0.99250 	0.99472 	0.99396 	0.99504 	0.99731 	0.99524 
Replication571	 0.02814	0.99683	0.99328 	0.99598 	0.99584 	0.99605 	0.99836 	0.99677 
Replication572	 0.05464	0.99589	0.98962 	0.99182 	0.99053 	0.99235 	0.99491 	0.99223 
Replication573	 0.01319	0.99810	1.00080 	1.00257 	0.99984 	1.00237 	1.00303 	1.00135 
Replication574	 0.01479	0.99728	0.99684 	0.99805 	0.99700 	0.99847 	1.00008 	0.99820 
Replication575	 0.04275	0.99630	0.99159 	0.99367 	0.99260 	0.99411 	0.99644 	0.99409 
Replication576	 0.01534	0.99725	0.99675 	0.99794 	0.99685 	0.99837 	0.99998 	0.99807 
Replication577	 0.01386	0.99737	0.99698 	0.99856 	0.99755 	0.99880 	1.00040 	0.99867 
Replication578	 0.02373	0.99696	0.99574 	0.99668 	0.99500 	0.99727 	0.99890 	0.99655 
Replication579	 0.03816	0.99646	0.99258 	0.99438 	0.99319 	0.99486 	0.99703 	0.99468 
Replication580	 0.01421	0.99732	0.99655 	0.99854 	0.99718 	0.99862 	1.00019 	0.99843 
Replication581	 0.02330	0.99700	0.99431 	0.99715 	0.99606 	0.99704 	0.99898 	0.99727 
Replication582	 0.00947	0.99755	0.99746 	0.99952 	0.99853 	0.99952 	1.00104 	0.99956 
Replication583	 0.05471	0.99588	0.98975 	0.99181 	0.99038 	0.99238 	0.99490 	0.99214 
Replication584	 0.05263	0.99596	0.99002 	0.99213 	0.99082 	0.99267 	0.99517 	0.99251 
Replication585	 0.03080	0.99671	0.99392 	0.99552 	0.99436 	0.99599 	0.99798 	0.99577 
Replication586	 0.00970	0.99753	0.99778 	0.99916 	0.99845 	0.99944 	1.00100 	0.99943 
Replication587	 0.02620	0.99688	0.99405 	0.99626 	0.99576 	0.99647 	0.99859 	0.99683 
Replication588	 0.01520	0.99726	0.99683 	0.99796 	0.99683 	0.99841 	1.00000 	0.99807 
Replication589	 0.01745	0.99718	0.99589 	0.99761 	0.99693 	0.99789 	0.99972 	0.99800 
Replication590	 0.03698	0.99649	0.99329 	0.99455 	0.99293 	0.99520 	0.99718 	0.99460 
Replication591	 0.04008	0.99640	0.99195 	0.99409 	0.99314 	0.99448 	0.99679 	0.99454 
Replication592	 0.01675	0.99721	0.99568 	0.99773 	0.99736 	0.99789 	0.99981 	0.99828 
Replication593	 0.01489	0.99729	0.99603 	0.99843 	0.99733 	0.99838 	1.00008 	0.99847 
Replication594	 0.01465	0.99731	0.99598 	0.99861 	0.99737 	0.99846 	1.00013 	0.99854 
Replication595	 0.03474	0.99658	0.99310 	0.99491 	0.99383 	0.99535 	0.99747 	0.99524 
Replication596	 0.03032	0.99674	0.99342 	0.99583 	0.99477 	0.99598 	0.99806 	0.99608 
Replication597	 0.05028	0.99603	0.99092 	0.99248 	0.99076 	0.99317 	0.99546 	0.99260 
Replication598	 0.01996	0.99710	0.99512 	0.99723 	0.99682 	0.99741 	0.99940 	0.99779 
Replication599	 0.02412	0.99694	0.99520 	0.99656 	0.99539 	0.99703 	0.99884 	0.99673 
Replication600	 0.03677	0.99650	0.99291 	0.99459 	0.99334 	0.99510 	0.99721 	0.99485 
Replication601	 0.05569	0.99585	0.98973 	0.99165 	0.99008 	0.99228 	0.99477 	0.99191 
Replication602	 0.04023	0.99639	0.99218 	0.99413 	0.99282 	0.99457 	0.99677 	0.99437 
Replication603	 0.04254	0.99634	0.99060 	0.99415 	0.99325 	0.99402 	0.99652 	0.99457 
Replication604	 0.01484	0.99729	0.99648 	0.99831 	0.99705 	0.99847 	1.00008 	0.99829 
Replication605	 0.02722	0.99685	0.99390 	0.99610 	0.99556 	0.99633 	0.99846 	0.99666 
Replication606	 0.02152	0.99703	0.99579 	0.99697 	0.99571 	0.99747 	0.99918 	0.99707 
Replication607	 0.02497	0.99693	0.99418 	0.99645 	0.99604 	0.99663 	0.99875 	0.99706 
Replication608	 0.01359	0.99812	1.00132 	1.00240 	0.99985 	1.00247 	1.00310 	1.00133 
Replication609	 0.00942	0.99758	0.99746 	1.00006 	0.99817 	0.99978 	1.00109 	0.99949 
Replication610	 0.01103	0.99752	0.99782 	0.99960 	0.99769 	0.99965 	1.00092 	0.99908 
Replication611	 0.02741	0.99683	0.99514 	0.99605 	0.99439 	0.99670 	0.99842 	0.99598 
Replication612	 0.01695	0.99721	0.99599 	0.99796 	0.99675 	0.99810 	0.99978 	0.99799 
Replication613	 0.03328	0.99663	0.99323 	0.99520 	0.99414 	0.99556 	0.99767 	0.99551 
Replication614	 0.02993	0.99674	0.99450 	0.99565 	0.99413 	0.99626 	0.99809 	0.99569 
Replication615	 0.05316	0.99594	0.98991 	0.99205 	0.99075 	0.99258 	0.99510 	0.99243 
Replication616	 0.01272	0.99740	0.99636 	0.99863 	0.99827 	0.99865 	1.00047 	0.99912 
Replication617	 0.04305	0.99629	0.99140 	0.99363 	0.99267 	0.99402 	0.99641 	0.99411 
Replication618	 0.03907	0.99642	0.99261 	0.99423 	0.99287 	0.99478 	0.99691 	0.99445 
Replication619	 0.03073	0.99671	0.99393 	0.99553 	0.99438 	0.99600 	0.99799 	0.99579 
Replication620	 0.03985	0.99641	0.99199 	0.99432 	0.99300 	0.99461 	0.99682 	0.99452 
Replication621	 0.03843	0.99644	0.99327 	0.99433 	0.99249 	0.99506 	0.99699 	0.99427 
Replication622	 0.03189	0.99888	1.00404 	1.00633 	1.00353 	1.00565 	1.00582 	1.00477 
Replication623	 0.03611	0.99653	0.99264 	0.99471 	0.99381 	0.99508 	0.99730 	0.99515 
Replication624	 0.01966	0.99711	0.99554 	0.99727 	0.99653 	0.99757 	0.99943 	0.99764 
Replication625	 0.05017	0.99604	0.99078 	0.99251 	0.99092 	0.99314 	0.99548 	0.99270 
Replication626	 0.03276	0.99665	0.99337 	0.99522 	0.99423 	0.99563 	0.99773 	0.99558 
Replication627	 0.01724	0.99719	0.99629 	0.99764 	0.99665 	0.99804 	0.99974 	0.99785 
Replication628	 0.02513	0.99692	0.99438 	0.99642 	0.99580 	0.99668 	0.99872 	0.99691 
Replication629	 0.00776	0.99763	0.99851 	0.99959 	0.99870 	0.99994 	1.00136 	0.99974 
Replication630	 0.01739	0.99719	0.99583 	0.99762 	0.99701 	0.99788 	0.99972 	0.99804 
Replication631	 0.01651	0.99722	0.99644 	0.99816 	0.99637 	0.99835 	0.99984 	0.99783 
Replication632	 0.02662	0.99864	1.00202 	1.00490 	1.00355 	1.00418 	1.00497 	1.00431 
Replication633	 0.03310	0.99664	0.99328 	0.99517 	0.99420 	0.99556 	0.99769 	0.99555 
Replication634	 0.05106	0.99602	0.98997 	0.99242 	0.99136 	0.99282 	0.99538 	0.99291 
Replication635	 0.02970	0.99880	1.00329 	1.00588 	1.00350 	1.00514 	1.00551 	1.00459 
Replication636	 0.02948	0.99676	0.99398 	0.99579 	0.99468 	0.99616 	0.99815 	0.99604 
Replication637	 0.02139	0.99844	1.00170 	1.00392 	1.00218 	1.00349 	1.00425 	1.00319 
Replication638	 0.01863	0.99715	0.99581 	0.99768 	0.99637 	0.99788 	0.99956 	0.99767 
Replication639	 0.01277	0.99741	0.99728 	0.99870 	0.99779 	0.99900 	1.00057 	0.99887 
Replication640	 0.02460	0.99693	0.99484 	0.99649 	0.99555 	0.99687 	0.99878 	0.99680 
Replication641	 0.01573	0.99726	0.99607 	0.99823 	0.99701 	0.99828 	0.99995 	0.99822 
Replication642	 0.01755	0.99718	0.99590 	0.99760 	0.99689 	0.99789 	0.99970 	0.99797 
Replication643	 0.02113	0.99707	0.99546 	0.99763 	0.99557 	0.99769 	0.99925 	0.99715 
Replication644	 0.01170	0.99748	0.99721 	0.99920 	0.99809 	0.99925 	1.00078 	0.99919 
Replication645	 0.04629	0.99619	0.99045 	0.99314 	0.99250 	0.99342 	0.99600 	0.99383 
Replication646	 0.01664	0.99825	1.00119 	1.00327 	1.00075 	1.00291 	1.00356 	1.00211 
Replication647	 0.01689	0.99720	0.99595 	0.99770 	0.99706 	0.99796 	0.99979 	0.99811 
Replication648	 0.01563	0.99724	0.99664 	0.99789 	0.99685 	0.99831 	0.99995 	0.99806 
Replication649	 0.05434	0.99588	0.98920 	0.99174 	0.99071 	0.99216 	0.99485 	0.99230 
Replication650	 0.03122	0.99669	0.99453 	0.99545 	0.99370 	0.99615 	0.99792 	0.99537 
Replication651	 0.04621	0.99619	0.99054 	0.99315 	0.99245 	0.99345 	0.99601 	0.99380 
Replication652	 0.02923	0.99676	0.99450 	0.99578 	0.99435 	0.99633 	0.99818 	0.99585 
Replication653	 0.02305	0.99698	0.99538 	0.99673 	0.99557 	0.99719 	0.99898 	0.99690 
Replication654	 0.01731	0.99719	0.99636 	0.99786 	0.99634 	0.99817 	0.99973 	0.99772 
Replication655	 0.02800	0.99683	0.99339 	0.99599 	0.99578 	0.99610 	0.99837 	0.99675 
Replication656	 0.03880	0.99643	0.99273 	0.99427 	0.99285 	0.99485 	0.99694 	0.99445 
Replication657	 0.01278	0.99738	0.99671 	0.99849 	0.99802 	0.99869 	1.00045 	0.99894 
Replication658	 0.05250	0.99596	0.99053 	0.99214 	0.99039 	0.99284 	0.99517 	0.99227 
Replication659	 0.01196	0.99748	0.99692 	0.99942 	0.99804 	0.99925 	1.00075 	0.99920 
Replication660	 0.03556	0.99656	0.99333 	0.99513 	0.99303 	0.99552 	0.99737 	0.99482 
Replication661	 0.02415	0.99695	0.99485 	0.99656 	0.99569 	0.99692 	0.99884 	0.99690 
Replication662	 0.03197	0.99667	0.99354 	0.99535 	0.99433 	0.99576 	0.99783 	0.99569 
Replication663	 0.00897	0.99757	0.99792 	0.99932 	0.99866 	0.99959 	1.00113 	0.99961 
Replication664	 0.03454	0.99658	0.99355 	0.99494 	0.99349 	0.99551 	0.99749 	0.99506 
Replication665	 0.02290	0.99699	0.99515 	0.99687 	0.99571 	0.99719 	0.99901 	0.99702 
Replication666	 0.03576	0.99655	0.99252 	0.99477 	0.99403 	0.99507 	0.99735 	0.99530 
Replication667	 0.02797	0.99681	0.99420 	0.99597 	0.99503 	0.99635 	0.99835 	0.99631 
Replication668	 0.03098	0.99671	0.99365 	0.99550 	0.99456 	0.99588 	0.99796 	0.99587 
Replication669	 0.02368	0.99697	0.99470 	0.99664 	0.99598 	0.99692 	0.99891 	0.99709 
Replication670	 0.03914	0.99642	0.99277 	0.99422 	0.99270 	0.99483 	0.99690 	0.99435 
Replication671	 0.02215	0.99702	0.99498 	0.99689 	0.99621 	0.99716 	0.99911 	0.99732 
Replication672	 0.01097	0.99751	0.99773 	0.99906 	0.99829 	0.99937 	1.00091 	0.99930 
Replication673	 0.01223	0.99742	0.99645 	0.99879 	0.99835 	0.99877 	1.00056 	0.99921 
Replication674	 0.00983	0.99790	0.99882 	1.00133 	1.00006 	1.00101 	1.00228 	1.00105 
Replication675	 0.04884	0.99609	0.99038 	0.99273 	0.99173 	0.99315 	0.99566 	0.99324 
Replication676	 0.03506	0.99657	0.99292 	0.99487 	0.99389 	0.99526 	0.99743 	0.99526 
Replication677	 0.01498	0.99730	0.99603 	0.99882 	0.99692 	0.99857 	1.00008 	0.99833 
Replication678	 0.00820	0.99774	0.99837 	1.00048 	0.99928 	1.00038 	1.00173 	1.00033 
Replication679	 0.01629	0.99722	0.99660 	0.99779 	0.99668 	0.99823 	0.99986 	0.99792 
Replication680	 0.02635	0.99688	0.99389 	0.99624 	0.99585 	0.99641 	0.99857 	0.99687 
Replication681	 0.02646	0.99688	0.99390 	0.99631 	0.99572 	0.99644 	0.99856 	0.99681 
Replication682	 0.02051	0.99707	0.99551 	0.99713 	0.99628 	0.99748 	0.99931 	0.99745 
Replication683	 0.02472	0.99693	0.99448 	0.99648 	0.99584 	0.99675 	0.99877 	0.99696 
Replication684	 0.03135	0.99670	0.99350 	0.99544 	0.99457 	0.99580 	0.99791 	0.99585 
Replication685	 0.01940	0.99712	0.99539 	0.99731 	0.99675 	0.99754 	0.99946 	0.99778 
Replication686	 0.01704	0.99725	0.99522 	0.99884 	0.99663 	0.99827 	0.99981 	0.99812 
Replication687	 0.01576	0.99724	0.99644 	0.99800 	0.99687 	0.99829 	0.99993 	0.99809 
Replication688	 0.02788	0.99682	0.99407 	0.99599 	0.99518 	0.99631 	0.99836 	0.99640 
Replication689	 0.02061	0.99707	0.99523 	0.99712 	0.99649 	0.99738 	0.99931 	0.99757 
Replication690	 0.02110	0.99705	0.99599 	0.99704 	0.99567 	0.99758 	0.99924 	0.99707 
Replication691	 0.01053	0.99751	0.99816 	0.99965 	0.99716 	0.99978 	1.00087 	0.99879 
Replication692	 0.02029	0.99708	0.99582 	0.99716 	0.99608 	0.99760 	0.99934 	0.99735 
Replication693	 0.02236	0.99701	0.99515 	0.99684 	0.99600 	0.99718 	0.99907 	0.99718 
Replication694	 0.01759	0.99718	0.99579 	0.99759 	0.99698 	0.99785 	0.99970 	0.99802 
Replication695	 0.01214	0.99807	1.00014 	1.00199 	1.00073 	1.00187 	1.00295 	1.00171 
Replication696	 0.03316	0.99663	0.99353 	0.99516 	0.99396 	0.99564 	0.99768 	0.99540 
Replication697	 0.01995	0.99709	0.99568 	0.99723 	0.99630 	0.99759 	0.99939 	0.99749 
Replication698	 0.01691	0.99720	0.99618 	0.99769 	0.99685 	0.99804 	0.99978 	0.99798 
Replication699	 0.02898	0.99678	0.99367 	0.99582 	0.99518 	0.99608 	0.99822 	0.99634 
Replication700	 0.01450	0.99731	0.99650 	0.99844 	0.99713 	0.99855 	1.00014 	0.99837 
Replication701	 0.02033	0.99708	0.99549 	0.99716 	0.99635 	0.99749 	0.99934 	0.99750 
Replication702	 0.05169	0.99599	0.99051 	0.99227 	0.99067 	0.99291 	0.99528 	0.99247 
Replication703	 0.01631	0.99722	0.99672 	0.99779 	0.99657 	0.99827 	0.99986 	0.99786 
Replication704	 0.03675	0.99652	0.99212 	0.99462 	0.99408 	0.99485 	0.99723 	0.99527 
Replication705	 0.02291	0.99699	0.99502 	0.99676 	0.99594 	0.99709 	0.99900 	0.99712 
Replication706	 0.02970	0.99675	0.99405 	0.99570 	0.99461 	0.99613 	0.99812 	0.99597 
Replication707	 0.03511	0.99657	0.99254 	0.99487 	0.99422 	0.99514 	0.99744 	0.99545 
Replication708	 0.00891	0.99758	0.99767 	0.99963 	0.99863 	0.99965 	1.00115 	0.99966 
Replication709	 0.04287	0.99629	0.99195 	0.99364 	0.99223 	0.99421 	0.99642 	0.99387 
Replication710	 0.00989	0.99795	0.99973 	1.00159 	0.99982 	1.00147 	1.00250 	1.00102 
Replication711	 0.03456	0.99658	0.99308 	0.99494 	0.99391 	0.99536 	0.99750 	0.99530 
Replication712	 0.01858	0.99714	0.99576 	0.99744 	0.99668 	0.99774 	0.99957 	0.99779 
Replication713	 0.00899	0.99773	0.99738 	1.00061 	0.99959 	1.00010 	1.00162 	1.00051 
Replication714	 0.01372	0.99737	0.99695 	0.99847 	0.99776 	0.99875 	1.00042 	0.99877 
Replication715	 0.01724	0.99719	0.99636 	0.99764 	0.99658 	0.99806 	0.99974 	0.99781 
Replication716	 0.02915	0.99679	0.99347 	0.99626 	0.99489 	0.99622 	0.99822 	0.99627 
Replication717	 0.02314	0.99851	1.00140 	1.00426 	1.00293 	1.00359 	1.00448 	1.00373 
Replication718	 0.00706	0.99769	0.99894 	0.99986 	0.99889 	1.00025 	1.00158 	0.99994 
Replication719	 0.05071	0.99602	0.99035 	0.99243 	0.99114 	0.99295 	0.99541 	0.99280 
Replication720	 0.02307	0.99701	0.99445 	0.99736 	0.99584 	0.99719 	0.99901 	0.99720 
Replication721	 0.03982	0.99640	0.99198 	0.99413 	0.99320 	0.99451 	0.99682 	0.99459 
Replication722	 0.01307	0.99740	0.99730 	0.99859 	0.99770 	0.99894 	1.00052 	0.99878 
Replication723	 0.01546	0.99725	0.99692 	0.99792 	0.99667 	0.99841 	0.99997 	0.99796 
Replication724	 0.03160	0.99670	0.99303 	0.99551 	0.99483 	0.99568 	0.99789 	0.99601 
Replication725	 0.02133	0.99705	0.99500 	0.99701 	0.99648 	0.99724 	0.99922 	0.99752 
Replication726	 0.02810	0.99682	0.99377 	0.99596 	0.99538 	0.99620 	0.99834 	0.99650 
Replication727	 0.02923	0.99676	0.99483 	0.99577 	0.99408 	0.99643 	0.99818 	0.99570 
Replication728	 0.02341	0.99697	0.99520 	0.99668 	0.99562 	0.99710 	0.99894 	0.99691 
Replication729	 0.03586	0.99654	0.99270 	0.99474 	0.99383 	0.99512 	0.99733 	0.99517 
Replication730	 0.01579	0.99724	0.99610 	0.99788 	0.99729 	0.99812 	0.99993 	0.99830 
Replication731	 0.01166	0.99748	0.99714 	0.99911 	0.99831 	0.99918 	1.00079 	0.99929 
Replication732	 0.01766	0.99718	0.99598 	0.99758 	0.99678 	0.99790 	0.99969 	0.99790 
Replication733	 0.00985	0.99755	0.99712 	0.99971 	0.99843 	0.99949 	1.00099 	0.99954 
Replication734	 0.01573	0.99822	1.00035 	1.00332 	1.00086 	1.00264 	1.00341 	1.00215 
Replication735	 0.03400	0.99660	0.99344 	0.99502 	0.99376 	0.99553 	0.99757 	0.99525 
Replication736	 0.02497	0.99692	0.99483 	0.99643 	0.99544 	0.99683 	0.99874 	0.99672 
Replication737	 0.02685	0.99685	0.99434 	0.99614 	0.99528 	0.99650 	0.99849 	0.99651 
Replication738	 0.04135	0.99636	0.99146 	0.99390 	0.99318 	0.99420 	0.99663 	0.99450 
Replication739	 0.01370	0.99737	0.99714 	0.99846 	0.99759 	0.99881 	1.00042 	0.99868 
Replication740	 0.01178	0.99746	0.99823 	0.99894 	0.99739 	0.99945 	1.00075 	0.99873 
Replication741	 0.02116	0.99705	0.99535 	0.99703 	0.99620 	0.99736 	0.99923 	0.99737 
Replication742	 0.03454	0.99899	1.00425 	1.00694 	1.00410 	1.00607 	1.00619 	1.00529 
Replication743	 0.02182	0.99703	0.99511 	0.99693 	0.99621 	0.99722 	0.99915 	0.99733 
Replication744	 0.05020	0.99605	0.99014 	0.99252 	0.99151 	0.99294 	0.99549 	0.99304 
Replication745	 0.03614	0.99653	0.99256 	0.99470 	0.99387 	0.99505 	0.99730 	0.99518 
Replication746	 0.01278	0.99738	0.99675 	0.99849 	0.99798 	0.99871 	1.00045 	0.99892 
Replication747	 0.01644	0.99724	0.99602 	0.99834 	0.99661 	0.99830 	0.99986 	0.99801 
Replication748	 0.02145	0.99704	0.99543 	0.99706 	0.99597 	0.99740 	0.99919 	0.99724 
Replication749	 0.03041	0.99674	0.99361 	0.99602 	0.99437 	0.99613 	0.99805 	0.99590 
Replication750	 0.02677	0.99686	0.99443 	0.99615 	0.99522 	0.99653 	0.99850 	0.99649 
Replication751	 0.01445	0.99817	1.00038 	1.00297 	1.00057 	1.00246 	1.00324 	1.00189 
Replication752	 0.04087	0.99637	0.99160 	0.99397 	0.99320 	0.99429 	0.99669 	0.99454 
Replication753	 0.03728	0.99649	0.99268 	0.99452 	0.99339 	0.99498 	0.99715 	0.99484 
Replication754	 0.02135	0.99704	0.99588 	0.99700 	0.99568 	0.99752 	0.99920 	0.99706 
Replication755	 0.02457	0.99693	0.99536 	0.99649 	0.99511 	0.99704 	0.99879 	0.99655 
Replication756	 0.02700	0.99686	0.99439 	0.99639 	0.99492 	0.99663 	0.99848 	0.99637 
Replication757	 0.01948	0.99713	0.99537 	0.99769 	0.99637 	0.99772 	0.99946 	0.99765 
Replication758	 0.03549	0.99655	0.99301 	0.99480 	0.99367 	0.99525 	0.99738 	0.99511 
Replication759	 0.01566	0.99724	0.99654 	0.99789 	0.99693 	0.99827 	0.99994 	0.99810 
Replication760	 0.01013	0.99754	0.99773 	0.99994 	0.99751 	0.99979 	1.00095 	0.99907 
Replication761	 0.00805	0.99761	0.99885 	0.99954 	0.99832 	1.00003 	1.00132 	0.99950 
Replication762	 0.01435	0.99810	0.99908 	1.00254 	1.00108 	1.00178 	1.00295 	1.00203 
Replication763	 0.01426	0.99735	0.99723 	0.99845 	0.99716 	0.99882 	1.00032 	0.99842 
Replication764	 0.00803	0.99775	0.99842 	1.00042 	0.99940 	1.00037 	1.00175 	1.00039 
Replication765	 0.03001	0.99674	0.99415 	0.99564 	0.99442 	0.99614 	0.99808 	0.99584 
Replication766	 0.02407	0.99695	0.99485 	0.99674 	0.99556 	0.99700 	0.99886 	0.99687 
Replication767	 0.01874	0.99713	0.99648 	0.99741 	0.99600 	0.99796 	0.99954 	0.99740 
Replication768	 0.00773	0.99777	1.00025 	1.00026 	0.99857 	1.00091 	1.00191 	0.99991 
Replication769	 0.02107	0.99709	0.99479 	0.99796 	0.99593 	0.99763 	0.99928 	0.99743 
Replication770	 0.06246	0.99558	0.98835 	0.99045 	0.98882 	0.99110 	0.99378 	0.99075 
Replication771	 0.01902	0.99713	0.99559 	0.99760 	0.99646 	0.99776 	0.99951 	0.99769 
Replication772	 0.02621	0.99688	0.99416 	0.99625 	0.99564 	0.99651 	0.99858 	0.99676 
Replication773	 0.00795	0.99777	0.99934 	1.00054 	0.99888 	1.00074 	1.00186 	1.00014 
Replication774	 0.02789	0.99682	0.99398 	0.99599 	0.99526 	0.99628 	0.99836 	0.99645 
Replication775	 0.03016	0.99878	1.00391 	1.00552 	1.00322 	1.00517 	1.00549 	1.00436 
Replication776	 0.01339	0.99812	1.00034 	1.00237 	1.00079 	1.00214 	1.00312 	1.00185 
Replication777	 0.01152	0.99749	0.99715 	0.99930 	0.99823 	0.99928 	1.00082 	0.99929 
Replication778	 0.03556	0.99655	0.99319 	0.99478 	0.99348 	0.99530 	0.99736 	0.99499 
Replication779	 0.02279	0.99702	0.99477 	0.99747 	0.99557 	0.99735 	0.99904 	0.99708 
Replication780	 0.03072	0.99672	0.99375 	0.99554 	0.99455 	0.99594 	0.99799 	0.99588 
Replication781	 0.05077	0.99603	0.98993 	0.99244 	0.99151 	0.99282 	0.99542 	0.99301 
Replication782	 0.01747	0.99829	1.00065 	1.00327 	1.00167 	1.00275 	1.00368 	1.00265 
Replication783	 0.01022	0.99752	0.99722 	0.99940 	0.99837 	0.99936 	1.00091 	0.99942 
Replication784	 0.02177	0.99703	0.99568 	0.99719 	0.99548 	0.99754 	0.99915 	0.99698 
Replication785	 0.04067	0.99637	0.99235 	0.99398 	0.99258 	0.99455 	0.99670 	0.99419 
Replication786	 0.02217	0.99701	0.99542 	0.99687 	0.99582 	0.99729 	0.99910 	0.99709 
Replication787	 0.03916	0.99643	0.99251 	0.99435 	0.99281 	0.99480 	0.99690 	0.99444 
Replication788	 0.01359	0.99738	0.99686 	0.99866 	0.99775 	0.99882 	1.00045 	0.99881 
Replication789	 0.00820	0.99776	0.99889 	1.00057 	0.99902 	1.00060 	1.00180 	1.00021 
Replication790	 0.01422	0.99735	0.99690 	0.99836 	0.99759 	0.99868 	1.00034 	0.99864 
Replication791	 0.02775	0.99682	0.99463 	0.99600 	0.99473 	0.99650 	0.99837 	0.99615 
Replication792	 0.01316	0.99812	0.99996 	1.00266 	1.00056 	1.00214 	1.00305 	1.00177 
Replication793	 0.01143	0.99805	1.00040 	1.00205 	1.00004 	1.00196 	1.00284 	1.00131 
Replication794	 0.01545	0.99728	0.99554 	0.99862 	0.99726 	0.99830 	1.00000 	0.99846 
Replication795	 0.03406	0.99660	0.99296 	0.99503 	0.99418 	0.99537 	0.99757 	0.99548 
Replication796	 0.04242	0.99631	0.99219 	0.99371 	0.99216 	0.99433 	0.99648 	0.99385 
Replication797	 0.02776	0.99681	0.99509 	0.99599 	0.99433 	0.99665 	0.99837 	0.99593 
Replication798	 0.00778	0.99764	0.99784 	0.99992 	0.99896 	0.99988 	1.00136 	0.99996 
Replication799	 0.02166	0.99703	0.99578 	0.99695 	0.99567 	0.99745 	0.99916 	0.99704 
Replication800	 0.01879	0.99713	0.99585 	0.99740 	0.99653 	0.99775 	0.99954 	0.99769 
Replication801	 0.01567	0.99724	0.99668 	0.99797 	0.99673 	0.99836 	0.99994 	0.99800 
Replication802	 0.02954	0.99677	0.99369 	0.99594 	0.99478 	0.99614 	0.99815 	0.99613 
Replication803	 0.01028	0.99791	0.99870 	1.00120 	1.00042 	1.00092 	1.00231 	1.00124 
Replication804	 0.03555	0.99656	0.99232 	0.99481 	0.99429 	0.99503 	0.99738 	0.99546 
Replication805	 0.00901	0.99786	0.99943 	1.00108 	0.99933 	1.00108 	1.00216 	1.00057 
Replication806	 0.01551	0.99727	0.99529 	0.99795 	0.99813 	0.99790 	0.99999 	0.99880 
Replication807	 0.01618	0.99823	1.00073 	1.00301 	1.00121 	1.00263 	1.00351 	1.00230 
Replication808	 0.01491	0.99728	0.99651 	0.99824 	0.99705 	0.99845 	1.00006 	0.99827 
Replication809	 0.01857	0.99832	1.00187 	1.00342 	1.00109 	1.00325 	1.00385 	1.00239 
Replication810	 0.01684	0.99722	0.99547 	0.99772 	0.99751 	0.99782 	0.99981 	0.99837 
Replication811	 0.04989	0.99605	0.99068 	0.99255 	0.99111 	0.99314 	0.99552 	0.99282 
Replication812	 0.01688	0.99722	0.99588 	0.99836 	0.99652 	0.99826 	0.99980 	0.99795 
Replication813	 0.01318	0.99742	0.99704 	0.99922 	0.99730 	0.99915 	1.00052 	0.99870 
Replication814	 0.03039	0.99673	0.99406 	0.99559 	0.99438 	0.99607 	0.99803 	0.99580 
Replication815	 0.01468	0.99733	0.99700 	0.99826 	0.99731 	0.99864 	1.00026 	0.99845 
Replication816	 0.01898	0.99713	0.99555 	0.99737 	0.99673 	0.99764 	0.99952 	0.99780 
Replication817	 0.05043	0.99602	0.98966 	0.99236 	0.99159 	0.99269 	0.99537 	0.99303 
Replication818	 0.03728	0.99649	0.99297 	0.99451 	0.99313 	0.99507 	0.99714 	0.99469 
Replication819	 0.02695	0.99685	0.99449 	0.99612 	0.99510 	0.99654 	0.99848 	0.99641 
Replication820	 0.02977	0.99876	1.00346 	1.00523 	1.00374 	1.00488 	1.00545 	1.00458 
Replication821	 0.02298	0.99700	0.99518 	0.99714 	0.99540 	0.99733 	0.99900 	0.99690 
Replication822	 0.01233	0.99802	0.99912 	1.00166 	1.00109 	1.00134 	1.00272 	1.00179 
Replication823	 0.02783	0.99681	0.99461 	0.99598 	0.99471 	0.99649 	0.99836 	0.99614 
Replication824	 0.02405	0.99695	0.99466 	0.99658 	0.99589 	0.99687 	0.99886 	0.99703 
Replication825	 0.02600	0.99688	0.99505 	0.99627 	0.99492 	0.99681 	0.99860 	0.99636 
Replication826	 0.00833	0.99777	0.99849 	1.00058 	0.99945 	1.00048 	1.00183 	1.00046 
Replication827	 0.03988	0.99641	0.99167 	0.99419 	0.99341 	0.99444 	0.99682 	0.99473 
Replication828	 0.05051	0.99603	0.99061 	0.99246 	0.99097 	0.99305 	0.99544 	0.99271 
Replication829	 0.00835	0.99761	0.99779 	0.99997 	0.99858 	0.99987 	1.00126 	0.99973 
Replication830	 0.00963	0.99766	0.99800 	1.00064 	0.99820 	1.00028 	1.00139 	0.99969 
Replication831	 0.01796	0.99717	0.99549 	0.99754 	0.99713 	0.99772 	0.99966 	0.99808 
Replication832	 0.01996	0.99709	0.99578 	0.99721 	0.99621 	0.99762 	0.99938 	0.99744 
Replication833	 0.03622	0.99653	0.99260 	0.99469 	0.99381 	0.99505 	0.99729 	0.99514 
Replication834	 0.01885	0.99834	1.00056 	1.00337 	1.00236 	1.00280 	1.00388 	1.00310 
Replication835	 0.03294	0.99666	0.99284 	0.99546 	0.99442 	0.99556 	0.99772 	0.99574 
Replication836	 0.02138	0.99707	0.99455 	0.99753 	0.99639 	0.99734 	0.99923 	0.99758 
Replication837	 0.02909	0.99677	0.99419 	0.99579 	0.99468 	0.99623 	0.99820 	0.99605 
Replication838	 0.01462	0.99733	0.99807 	0.99828 	0.99643 	0.99900 	1.00027 	0.99796 
Replication839	 0.00754	0.99771	0.99851 	1.00020 	0.99916 	1.00028 	1.00165 	1.00018 
Replication840	 0.02184	0.99702	0.99569 	0.99692 	0.99570 	0.99741 	0.99914 	0.99704 
Replication841	 0.02655	0.99687	0.99405 	0.99620 	0.99564 	0.99644 	0.99854 	0.99674 
Replication842	 0.04789	0.99612	0.99110 	0.99286 	0.99137 	0.99346 	0.99577 	0.99309 
Replication843	 0.01458	0.99733	0.99717 	0.99828 	0.99719 	0.99871 	1.00027 	0.99838 
Replication844	 0.03300	0.99663	0.99402 	0.99517 	0.99357 	0.99581 	0.99769 	0.99519 
Replication845	 0.01157	0.99800	0.99924 	1.00169 	1.00068 	1.00138 	1.00265 	1.00155 
Replication846	 0.00831	0.99769	0.99863 	1.00039 	0.99855 	1.00039 	1.00156 	0.99986 
Replication847	 0.02384	0.99696	0.99514 	0.99661 	0.99553 	0.99704 	0.99888 	0.99683 
Replication848	 0.02151	0.99704	0.99559 	0.99697 	0.99589 	0.99741 	0.99918 	0.99717 
Replication849	 0.03652	0.99906	1.00450 	1.00678 	1.00524 	1.00613 	1.00652 	1.00596 
Replication850	 0.01403	0.99732	0.99654 	0.99822 	0.99761 	0.99847 	1.00022 	0.99861 
Replication851	 0.03226	0.99666	0.99345 	0.99530 	0.99432 	0.99570 	0.99779 	0.99566 
Replication852	 0.03112	0.99671	0.99353 	0.99578 	0.99434 	0.99598 	0.99795 	0.99581 
Replication853	 0.04569	0.99621	0.99082 	0.99322 	0.99235 	0.99359 	0.99607 	0.99378 
Replication854	 0.01535	0.99728	0.99578 	0.99857 	0.99715 	0.99836 	1.00001 	0.99838 
Replication855	 0.00971	0.99781	0.99838 	1.00116 	0.99938 	1.00074 	1.00194 	1.00057 
Replication856	 0.03368	0.99662	0.99290 	0.99509 	0.99436 	0.99539 	0.99762 	0.99560 
Replication857	 0.03232	0.99890	1.00322 	1.00631 	1.00449 	1.00539 	1.00589 	1.00532 
Replication858	 0.01328	0.99741	0.99690 	0.99919 	0.99740 	0.99909 	1.00051 	0.99874 
Replication859	 0.02895	0.99678	0.99417 	0.99581 	0.99474 	0.99624 	0.99822 	0.99609 
Replication860	 0.01108	0.99750	0.99807 	0.99902 	0.99792 	0.99946 	1.00088 	0.99907 
Replication861	 0.02950	0.99676	0.99367 	0.99574 	0.99502 	0.99603 	0.99816 	0.99622 
Replication862	 0.00768	0.99775	0.99876 	1.00033 	0.99930 	1.00044 	1.00178 	1.00031 
Replication863	 0.02823	0.99681	0.99389 	0.99593 	0.99523 	0.99622 	0.99832 	0.99641 
Replication864	 0.04484	0.99622	0.99184 	0.99333 	0.99169 	0.99399 	0.99616 	0.99345 
Replication865	 0.03329	0.99663	0.99340 	0.99514 	0.99403 	0.99558 	0.99766 	0.99544 
Replication866	 0.00964	0.99753	0.99772 	0.99917 	0.99852 	0.99943 	1.00101 	0.99948 
Replication867	 0.03388	0.99661	0.99338 	0.99508 	0.99383 	0.99553 	0.99758 	0.99530 
Replication868	 0.03408	0.99660	0.99342 	0.99501 	0.99375 	0.99552 	0.99756 	0.99523 
Replication869	 0.01156	0.99805	1.00045 	1.00209 	1.00004 	1.00200 	1.00286 	1.00132 
Replication870	 0.04319	0.99629	0.99157 	0.99369 	0.99240 	0.99410 	0.99639 	0.99396 
Replication871	 0.03195	0.99667	0.99367 	0.99535 	0.99422 	0.99580 	0.99783 	0.99562 
Replication872	 0.01286	0.99741	0.99713 	0.99864 	0.99795 	0.99892 	1.00057 	0.99895 
Replication873	 0.03108	0.99670	0.99393 	0.99554 	0.99422 	0.99599 	0.99794 	0.99568 
Replication874	 0.03151	0.99670	0.99308 	0.99543 	0.99491 	0.99566 	0.99790 	0.99604 
Replication875	 0.03111	0.99881	1.00383 	1.00570 	1.00359 	1.00525 	1.00562 	1.00463 
Replication876	 0.05346	0.99593	0.98975 	0.99201 	0.99080 	0.99250 	0.99506 	0.99245 
Replication877	 0.02893	0.99677	0.99482 	0.99581 	0.99419 	0.99646 	0.99822 	0.99578 
Replication878	 0.03152	0.99668	0.99432 	0.99541 	0.99379 	0.99605 	0.99788 	0.99540 
Replication879	 0.01888	0.99713	0.99575 	0.99739 	0.99659 	0.99771 	0.99953 	0.99772 
Replication880	 0.00801	0.99770	0.99865 	1.00035 	0.99870 	1.00039 	1.00160 	0.99994 
Replication881	 0.00855	0.99760	0.99886 	0.99962 	0.99795 	1.00006 	1.00124 	0.99930 
Replication882	 0.01754	0.99719	0.99536 	0.99761 	0.99739 	0.99772 	0.99972 	0.99826 
Replication883	 0.02906	0.99677	0.99484 	0.99579 	0.99413 	0.99645 	0.99820 	0.99574 
Replication884	 0.02386	0.99695	0.99532 	0.99660 	0.99537 	0.99710 	0.99888 	0.99674 
Replication885	 0.01543	0.99726	0.99686 	0.99834 	0.99634 	0.99860 	0.99998 	0.99788 
Replication886	 0.01259	0.99744	0.99708 	0.99934 	0.99753 	0.99924 	1.00063 	0.99888 
Replication887	 0.01636	0.99724	0.99589 	0.99828 	0.99683 	0.99823 	0.99987 	0.99812 
Replication888	 0.03997	0.99639	0.99300 	0.99409 	0.99223 	0.99482 	0.99679 	0.99403 
Replication889	 0.01868	0.99714	0.99596 	0.99742 	0.99647 	0.99780 	0.99955 	0.99766 
Replication890	 0.03392	0.99661	0.99293 	0.99505 	0.99425 	0.99538 	0.99759 	0.99553 
Replication891	 0.03418	0.99659	0.99347 	0.99499 	0.99368 	0.99552 	0.99754 	0.99518 
Replication892	 0.01802	0.99716	0.99652 	0.99752 	0.99619 	0.99804 	0.99964 	0.99755 
Replication893	 0.00771	0.99763	0.99842 	0.99960 	0.99881 	0.99992 	1.00137 	0.99980 
Replication894	 0.01518	0.99726	0.99666 	0.99797 	0.99699 	0.99836 	1.00001 	0.99816 
Replication895	 0.02882	0.99678	0.99413 	0.99583 	0.99482 	0.99624 	0.99824 	0.99614 
Replication896	 0.01067	0.99752	0.99802 	0.99913 	0.99820 	0.99951 	1.00097 	0.99927 
Replication897	 0.00919	0.99786	0.99962 	1.00118 	0.99909 	1.00119 	1.00216 	1.00046 
Replication898	 0.01607	0.99723	0.99642 	0.99782 	0.99690 	0.99819 	0.99989 	0.99806 
Replication899	 0.04860	0.99611	0.99020 	0.99278 	0.99198 	0.99311 	0.99570 	0.99340 
Replication900	 0.03636	0.99653	0.99254 	0.99467 	0.99381 	0.99502 	0.99727 	0.99514 
Replication901	 0.02402	0.99695	0.99560 	0.99658 	0.99508 	0.99717 	0.99886 	0.99657 
Replication902	 0.02427	0.99694	0.99503 	0.99654 	0.99549 	0.99696 	0.99883 	0.99678 
Replication903	 0.04604	0.99618	0.99186 	0.99314 	0.99128 	0.99388 	0.99600 	0.99314 
Replication904	 0.00765	0.99783	0.99960 	1.00052 	0.99959 	1.00086 	1.00211 	1.00058 
Replication905	 0.04646	0.99617	0.99146 	0.99308 	0.99151 	0.99371 	0.99595 	0.99325 
Replication906	 0.02595	0.99862	1.00187 	1.00535 	1.00271 	1.00432 	1.00483 	1.00391 
Replication907	 0.04793	0.99611	0.99177 	0.99285 	0.99076 	0.99367 	0.99576 	0.99274 
Replication908	 0.03100	0.99671	0.99362 	0.99550 	0.99457 	0.99587 	0.99796 	0.99588 
Replication909	 0.03111	0.99670	0.99401 	0.99547 	0.99419 	0.99598 	0.99794 	0.99565 
Replication910	 0.02297	0.99699	0.99521 	0.99674 	0.99575 	0.99715 	0.99899 	0.99701 
Replication911	 0.01255	0.99745	0.99678 	0.99923 	0.99794 	0.99910 	1.00064 	0.99909 
Replication912	 0.03333	0.99662	0.99394 	0.99512 	0.99354 	0.99575 	0.99765 	0.99516 
Replication913	 0.03798	0.99647	0.99253 	0.99441 	0.99330 	0.99486 	0.99706 	0.99475 
Replication914	 0.01656	0.99721	0.99631 	0.99775 	0.99685 	0.99811 	0.99983 	0.99800 
Replication915	 0.01371	0.99733	0.99684 	0.99835 	0.99743 	0.99864 	1.00027 	0.99854 
Replication916	 0.03405	0.99661	0.99260 	0.99504 	0.99451 	0.99526 	0.99758 	0.99567 
Replication917	 0.01812	0.99832	1.00072 	1.00383 	1.00123 	1.00305 	1.00374 	1.00254 
Replication918	 0.03578	0.99654	0.99275 	0.99476 	0.99381 	0.99514 	0.99734 	0.99517 
Replication919	 0.02165	0.99703	0.99595 	0.99695 	0.99553 	0.99751 	0.99917 	0.99696 
Replication920	 0.00789	0.99788	0.99986 	1.00070 	0.99981 	1.00106 	1.00228 	1.00078 
Replication921	 0.03139	0.99670	0.99358 	0.99571 	0.99423 	0.99595 	0.99791 	0.99572 
Replication922	 0.02760	0.99684	0.99352 	0.99605 	0.99579 	0.99618 	0.99842 	0.99677 
Replication923	 0.04478	0.99623	0.99149 	0.99335 	0.99203 	0.99388 	0.99618 	0.99364 
Replication924	 0.02423	0.99694	0.99513 	0.99655 	0.99541 	0.99700 	0.99883 	0.99674 
Replication925	 0.00897	0.99772	0.99816 	1.00073 	0.99884 	1.00041 	1.00163 	1.00012 
Replication926	 0.03320	0.99664	0.99277 	0.99517 	0.99464 	0.99540 	0.99769 	0.99579 
Replication927	 0.03069	0.99672	0.99337 	0.99555 	0.99490 	0.99583 	0.99800 	0.99608 
Replication928	 0.02068	0.99706	0.99629 	0.99710 	0.99555 	0.99772 	0.99929 	0.99703 
Replication929	 0.03599	0.99653	0.99289 	0.99472 	0.99362 	0.99516 	0.99731 	0.99505 
Replication930	 0.01588	0.99725	0.99548 	0.99788 	0.99782 	0.99792 	0.99994 	0.99860 
Replication931	 0.05002	0.99605	0.99055 	0.99254 	0.99118 	0.99308 	0.99550 	0.99286 
Replication932	 0.02808	0.99680	0.99467 	0.99594 	0.99458 	0.99649 	0.99833 	0.99605 
Replication933	 0.01598	0.99723	0.99694 	0.99784 	0.99649 	0.99837 	0.99990 	0.99783 
Replication934	 0.04795	0.99612	0.99104 	0.99297 	0.99131 	0.99349 	0.99577 	0.99308 
Replication935	 0.02834	0.99871	1.00252 	1.00565 	1.00314 	1.00473 	1.00518 	1.00428 
Replication936	 0.03149	0.99669	0.99366 	0.99542 	0.99438 	0.99584 	0.99789 	0.99574 
Replication937	 0.04008	0.99642	0.99101 	0.99414 	0.99405 	0.99420 	0.99683 	0.99507 
Replication938	 0.02252	0.99848	1.00174 	1.00441 	1.00214 	1.00376 	1.00438 	1.00330 
Replication939	 0.03760	0.99647	0.99285 	0.99446 	0.99313 	0.99500 	0.99710 	0.99468 
Replication940	 0.02360	0.99697	0.99483 	0.99665 	0.99588 	0.99696 	0.99891 	0.99704 
Replication941	 0.00753	0.99777	0.99905 	1.00033 	0.99940 	1.00055 	1.00188 	1.00039 
Replication942	 0.01094	0.99794	0.99891 	1.00186 	0.99987 	1.00132 	1.00240 	1.00109 
Replication943	 0.03002	0.99674	0.99372 	0.99565 	0.99480 	0.99600 	0.99809 	0.99606 
Replication944	 0.01431	0.99731	0.99642 	0.99816 	0.99759 	0.99840 	1.00017 	0.99857 
Replication945	 0.02015	0.99839	1.00125 	1.00409 	1.00162 	1.00339 	1.00404 	1.00287 
Replication946	 0.02705	0.99866	1.00206 	1.00529 	1.00325 	1.00438 	1.00501 	1.00423 
Replication947	 0.00909	0.99757	0.99828 	0.99970 	0.99793 	0.99988 	1.00112 	0.99928 
Replication948	 0.03539	0.99655	0.99346 	0.99480 	0.99330 	0.99540 	0.99738 	0.99490 
Replication949	 0.02522	0.99691	0.99506 	0.99643 	0.99512 	0.99690 	0.99870 	0.99653 
Replication950	 0.03125	0.99672	0.99281 	0.99576 	0.99499 	0.99573 	0.99795 	0.99617 
Replication951	 0.01081	0.99753	0.99780 	0.99951 	0.99792 	0.99961 	1.00095 	0.99919 
Replication952	 0.00745	0.99780	0.99929 	1.00036 	0.99960 	1.00066 	1.00200 	1.00053 
Replication953	 0.03392	0.99661	0.99329 	0.99504 	0.99393 	0.99549 	0.99758 	0.99534 
Replication954	 0.05709	0.99578	0.98849 	0.99131 	0.99045 	0.99167 	0.99450 	0.99199 
Replication955	 0.02139	0.99705	0.99513 	0.99700 	0.99633 	0.99727 	0.99920 	0.99743 
Replication956	 0.03948	0.99641	0.99260 	0.99417 	0.99274 	0.99474 	0.99686 	0.99435 
Replication957	 0.00930	0.99784	0.99831 	1.00095 	1.00008 	1.00063 	1.00206 	1.00094 
Replication958	 0.02559	0.99690	0.99453 	0.99634 	0.99551 	0.99668 	0.99866 	0.99672 
Replication959	 0.01110	0.99798	1.00045 	1.00183 	0.99936 	1.00184 	1.00261 	1.00083 
Replication960	 0.02897	0.99678	0.99385 	0.99582 	0.99503 	0.99614 	0.99822 	0.99625 
Replication961	 0.01830	0.99716	0.99570 	0.99748 	0.99683 	0.99775 	0.99961 	0.99789 
Replication962	 0.00734	0.99780	0.99978 	1.00038 	0.99922 	1.00083 	1.00201 	1.00032 
Replication963	 0.03519	0.99656	0.99309 	0.99484 	0.99369 	0.99530 	0.99741 	0.99514 
Replication964	 0.01125	0.99804	1.00005 	1.00222 	1.00002 	1.00192 	1.00280 	1.00133 
Replication965	 0.01193	0.99749	0.99756 	0.99972 	0.99727 	0.99960 	1.00077 	0.99884 
Replication966	 0.04748	0.99615	0.99020 	0.99296 	0.99235 	0.99322 	0.99585 	0.99368 
Replication967	 0.02548	0.99690	0.99492 	0.99635 	0.99519 	0.99682 	0.99867 	0.99655 
Replication968	 0.02838	0.99681	0.99372 	0.99592 	0.99534 	0.99616 	0.99830 	0.99646 
Replication969	 0.03167	0.99668	0.99382 	0.99546 	0.99411 	0.99590 	0.99787 	0.99559 
Replication970	 0.04127	0.99635	0.99189 	0.99390 	0.99281 	0.99434 	0.99663 	0.99429 
Replication971	 0.03772	0.99648	0.99225 	0.99446 	0.99364 	0.99480 	0.99710 	0.99496 
Replication972	 0.02235	0.99701	0.99569 	0.99684 	0.99553 	0.99736 	0.99907 	0.99692 
Replication973	 0.01844	0.99716	0.99540 	0.99747 	0.99705 	0.99764 	0.99959 	0.99801 
Replication974	 0.03847	0.99644	0.99275 	0.99433 	0.99293 	0.99488 	0.99699 	0.99452 
Replication975	 0.01890	0.99713	0.99591 	0.99755 	0.99629 	0.99784 	0.99952 	0.99758 
Replication976	 0.03241	0.99665	0.99386 	0.99527 	0.99390 	0.99581 	0.99777 	0.99542 
Replication977	 0.02367	0.99696	0.99524 	0.99663 	0.99550 	0.99709 	0.99890 	0.99682 
Replication978	 0.01489	0.99728	0.99633 	0.99804 	0.99741 	0.99829 	1.00007 	0.99843 
Replication979	 0.05257	0.99971	1.00669 	1.01027 	1.00813 	1.00886 	1.00879 	1.00878 
Replication980	 0.04501	0.99621	0.99253 	0.99330 	0.99104 	0.99420 	0.99614 	0.99307 
Replication981	 0.01360	0.99737	0.99603 	0.99886 	0.99779 	0.99862 	1.00032 	0.99887 
Replication982	 0.02692	0.99684	0.99510 	0.99613 	0.99458 	0.99674 	0.99848 	0.99612 
Replication983	 0.03307	0.99663	0.99429 	0.99517 	0.99333 	0.99589 	0.99769 	0.99505 
Replication984	 0.05042	0.99604	0.99012 	0.99249 	0.99145 	0.99291 	0.99546 	0.99299 
Replication985	 0.05513	0.99587	0.98999 	0.99173 	0.99002 	0.99242 	0.99484 	0.99191 
Replication986	 0.01036	0.99787	0.99855 	1.00150 	0.99954 	1.00098 	1.00212 	1.00077 
Replication987	 0.02289	0.99699	0.99548 	0.99676 	0.99554 	0.99724 	0.99900 	0.99689 
Replication988	 0.03866	0.99644	0.99263 	0.99430 	0.99298 	0.99483 	0.99696 	0.99453 
Replication989	 0.02020	0.99710	0.99493 	0.99751 	0.99661 	0.99748 	0.99937 	0.99773 
Replication990	 0.02028	0.99708	0.99541 	0.99717 	0.99644 	0.99747 	0.99935 	0.99756 
Replication991	 0.03003	0.99674	0.99391 	0.99564 	0.99463 	0.99606 	0.99808 	0.99596 
Replication992	 0.03589	0.99654	0.99267 	0.99474 	0.99385 	0.99511 	0.99733 	0.99519 
Replication993	 0.02281	0.99699	0.99538 	0.99682 	0.99561 	0.99724 	0.99901 	0.99695 
Replication994	 0.02204	0.99703	0.99494 	0.99690 	0.99629 	0.99715 	0.99912 	0.99737 
Replication995	 0.02949	0.99676	0.99411 	0.99573 	0.99462 	0.99617 	0.99815 	0.99599 
Replication996	 0.01320	0.99740	0.99760 	0.99883 	0.99713 	0.99915 	1.00050 	0.99851 
Replication997	 0.03302	0.99666	0.99321 	0.99584 	0.99369 	0.99587 	0.99771 	0.99541 
Replication998	 0.03362	0.99661	0.99337 	0.99508 	0.99395 	0.99554 	0.99762 	0.99537 
Replication999	 0.02825	0.99681	0.99393 	0.99593 	0.99519 	0.99624 	0.99832 	0.99638 