
Replication	FitnessValue	Frequency	Bus1	Bus2	Bus3	Bus4	Bus5	Bus6	Bus7	Bus8	Bus9	Bus10	Bus11	Bus12	Bus1_P	Bus2_P	Bus3_P	Bus4_P	Bus5_P	Bus6_P	Bus7_P	Bus8_P	Bus9_P	Bus10_P	Bus11_P	Bus12_P	Bus1_Q	Bus2_Q	Bus3_Q	Bus4_Q	Bus5_Q	Bus6_Q	Bus7_Q	Bus8_Q	Bus9_Q	Bus10_Q	Bus11_Q	Bus12_Q	PLoss	QLoss
Replication0	 -1.08517	0.99723	0.95215 	0.95829 	0.96456 	0.96121 	0.96334 	0.98156 	0.95237 	0.96895 	0.98140 	0.96229 	0.97835 	1.00075 	-0.33603 	-0.24803 	-0.38849 	0.05978 	0.00606 	0.26061 	-0.30529 	-0.23922 	0.02389 	-0.12661 	0.17912 	1.07875 	-0.11083 	-0.08181 	-0.12813 	0.05688 	0.00200 	0.24111 	-0.10069 	-0.07890 	0.02022 	-0.04176 	0.05908 	0.33581 	0.03548	0.17296
Replication1	 0.00467	0.99723	0.96230 	0.96679 	0.97183 	0.96938 	0.97075 	0.98531 	0.94533 	0.96065 	0.98158 	0.95101 	0.97446 	1.00062 	-0.27064 	-0.20692 	-0.28099 	0.05001 	0.00000 	0.22753 	-0.28036 	-0.35169 	0.02375 	-0.24118 	0.22003 	1.08925 	-0.08927 	-0.06825 	-0.09268 	0.04711 	0.00000 	0.20801 	-0.09247 	-0.11600 	0.02008 	-0.07955 	0.07257 	0.34561 	0.02122	0.15519
Replication2	 0.01704	0.99714	0.97102 	0.97289 	0.97243 	0.97566 	0.97585 	0.98627 	0.93296 	0.95265 	0.97888 	0.93348 	0.96486 	0.99980 	-0.21442 	-0.14626 	-0.31960 	0.04255 	0.01212 	0.21934 	-0.28312 	-0.24972 	0.02590 	-0.46708 	0.20527 	1.16398 	-0.07073 	-0.04825 	-0.10543 	0.03955 	0.00400 	0.19918 	-0.09340 	-0.08238 	0.02211 	-0.15408 	0.06771 	0.39591 	0.01105	0.17419
Replication3	 0.02517	0.99202	0.93223 	0.94477 	0.96041 	0.94714 	0.95253 	0.97504 	0.92483 	0.94426 	0.97032 	0.93209 	0.96171 	0.99097 	-0.43591 	-0.32029 	-0.18703 	0.07932 	0.02785 	0.33643 	-0.34498 	-0.39045 	0.03590 	-0.29501 	0.28831 	1.20000 	-0.14528 	-0.10675 	-0.06233 	0.07097 	0.00928 	0.28026 	-0.11497 	-0.13013 	0.02532 	-0.09832 	0.09609 	0.38546 	0.00580	0.20958
Replication4	 0.05548	0.97629	0.91846 	0.92365 	0.93436 	0.93026 	0.93219 	0.95657 	0.89452 	0.91294 	0.94431 	0.90132 	0.92507 	0.96364 	-0.34266 	-0.38978 	-0.33144 	0.10773 	0.00357 	0.55466 	-0.29560 	-0.43719 	0.06638 	-0.25233 	0.11667 	1.20000 	-0.11785 	-0.13406 	-0.11399 	0.08291 	0.00123 	0.38773 	-0.10167 	-0.15036 	0.03495 	-0.08679 	0.04013 	0.36702 	0.00009	0.20924
Replication5	 -1.18190	0.99805	0.97280 	0.97369 	0.97918 	0.97695 	0.97838 	0.99051 	0.96781 	0.98174 	0.99073 	0.97352 	0.98983 	1.00370 	-0.18881 	-0.22924 	-0.25720 	0.04053 	0.00000 	0.17876 	-0.24428 	-0.09430 	0.01616 	-0.18699 	0.19091 	0.74400 	-0.06217 	-0.07548 	-0.08469 	0.03849 	0.00000 	0.16502 	-0.08044 	-0.03105 	0.01357 	-0.06157 	0.06286 	0.22054 	0.03047	0.10507
Replication6	 0.01617	0.99711	0.97219 	0.97295 	0.97589 	0.97618 	0.97664 	0.98738 	0.93383 	0.95136 	0.97949 	0.93774 	0.96426 	0.99993 	-0.18776 	-0.19112 	-0.22046 	0.04195 	0.00000 	0.20967 	-0.28570 	-0.39157 	0.02545 	-0.33163 	0.16717 	1.15772 	-0.06194 	-0.06305 	-0.07273 	0.03892 	0.00000 	0.18932 	-0.09425 	-0.12918 	0.02162 	-0.10940 	0.05515 	0.38256 	0.00629	0.15701
Replication7	 0.01851	0.99374	0.94164 	0.95105 	0.95890 	0.95349 	0.95573 	0.97644 	0.93149 	0.95163 	0.97294 	0.94047 	0.96627 	0.99399 	-0.38681 	-0.24464 	-0.34635 	0.07083 	0.00000 	0.31805 	-0.35449 	-0.32017 	0.03273 	-0.25133 	0.26140 	1.20000 	-0.12847 	-0.08125 	-0.11503 	0.06428 	0.00000 	0.27399 	-0.11774 	-0.10634 	0.02443 	-0.08348 	0.08682 	0.38578 	0.02071	0.20299
Replication8	 0.03108	0.98734	0.92740 	0.93747 	0.95152 	0.94120 	0.94465 	0.96888 	0.91892 	0.93755 	0.96221 	0.92021 	0.94778 	0.98288 	-0.40427 	-0.34203 	-0.24294 	0.08888 	0.00000 	0.40722 	-0.26259 	-0.24735 	0.04525 	-0.40652 	0.15587 	1.20000 	-0.13600 	-0.11506 	-0.08173 	0.07562 	0.00000 	0.31810 	-0.08834 	-0.08321 	0.02847 	-0.13676 	0.05244 	0.37676 	0.00840	0.21030
Replication9	 0.02831	0.98974	0.95210 	0.95907 	0.95544 	0.96108 	0.96006 	0.97516 	0.92169 	0.93818 	0.96639 	0.92564 	0.95522 	0.98685 	-0.31247 	-0.09614 	-0.45949 	0.06385 	0.00000 	0.34335 	-0.28792 	-0.43165 	0.04043 	-0.32148 	0.24731 	1.20000 	-0.10462 	-0.03219 	-0.15384 	0.05311 	0.00000 	0.27111 	-0.09640 	-0.14452 	0.02683 	-0.10763 	0.08280 	0.39488 	0.01413	0.18954
Replication10	 0.06416	0.97357	0.90300 	0.91203 	0.93158 	0.91878 	0.92289 	0.95233 	0.88584 	0.90617 	0.93965 	0.89279 	0.91856 	0.95887 	-0.40782 	-0.47580 	-0.20182 	0.12288 	0.00232 	0.60160 	-0.31413 	-0.42475 	0.07177 	-0.28528 	0.12348 	1.20000 	-0.14103 	-0.16454 	-0.06979 	0.09522 	0.00080 	0.41557 	-0.10863 	-0.14688 	0.03674 	-0.09865 	0.04270 	0.36789 	0.01254	0.22941
Replication11	 -1.17939	0.99760	0.96907 	0.96711 	0.97440 	0.97209 	0.97369 	0.98704 	0.95778 	0.97178 	0.98565 	0.95839 	0.98094 	1.00206 	-0.17425 	-0.30855 	-0.26578 	0.04658 	0.00000 	0.21097 	-0.21229 	-0.12601 	0.02037 	-0.33931 	0.19157 	0.92890 	-0.05743 	-0.10169 	-0.08759 	0.04407 	0.00000 	0.19410 	-0.06997 	-0.04153 	0.01719 	-0.11183 	0.06314 	0.28620 	0.02780	0.13465
Replication12	 0.05174	0.97431	0.91872 	0.91936 	0.92650 	0.92794 	0.92922 	0.95278 	0.89826 	0.91153 	0.94102 	0.89939 	0.92560 	0.96017 	-0.30043 	-0.42245 	-0.47042 	0.11154 	0.01666 	0.59504 	-0.21394 	-0.43862 	0.07023 	-0.30760 	0.15091 	1.20000 	-0.10374 	-0.14587 	-0.16243 	0.08465 	0.00575 	0.41419 	-0.07387 	-0.15146 	0.03617 	-0.10621 	0.05211 	0.36723 	0.00901	0.21651
Replication13	 -1.19308	0.99750	0.96823 	0.96521 	0.97367 	0.97079 	0.97259 	0.98627 	0.95050 	0.96895 	0.98438 	0.95703 	0.97828 	1.00165 	-0.16501 	-0.34101 	-0.25102 	0.04819 	0.00000 	0.21813 	-0.30260 	-0.15772 	0.02142 	-0.26572 	0.19532 	0.97464 	-0.05440 	-0.11241 	-0.08275 	0.04556 	0.00000 	0.20051 	-0.09975 	-0.05199 	0.01810 	-0.08759 	0.06439 	0.30330 	0.02538	0.14296
Replication14	 0.06723	0.97486	0.92853 	0.92772 	0.93513 	0.93587 	0.93634 	0.95693 	0.88277 	0.90480 	0.94139 	0.88301 	0.91741 	0.96085 	-0.23787 	-0.39578 	-0.32860 	0.10177 	0.00000 	0.55657 	-0.28910 	-0.32512 	0.06958 	-0.49152 	0.15315 	1.20000 	-0.08205 	-0.13651 	-0.11334 	0.07545 	0.00000 	0.37959 	-0.09971 	-0.11214 	0.03625 	-0.16954 	0.05282 	0.38890 	0.01316	0.21972
Replication15	 0.01897	0.99027	0.93103 	0.93960 	0.94999 	0.94364 	0.94698 	0.97022 	0.93208 	0.94997 	0.96688 	0.93919 	0.95729 	0.98810 	-0.40674 	-0.32936 	-0.38846 	0.08443 	0.01622 	0.38510 	-0.28456 	-0.23664 	0.03970 	-0.22222 	0.11548 	1.20000 	-0.13603 	-0.11015 	-0.12992 	0.07424 	0.00543 	0.31664 	-0.09517 	-0.07914 	0.02681 	-0.07432 	0.03862 	0.37154 	0.02697	0.20854
Replication16	 0.01631	0.99374	0.94237 	0.95150 	0.96247 	0.95411 	0.95707 	0.97762 	0.93369 	0.94858 	0.97325 	0.93505 	0.96545 	0.99400 	-0.37353 	-0.27712 	-0.24904 	0.07009 	0.00000 	0.30759 	-0.25631 	-0.37513 	0.03249 	-0.36309 	0.27090 	1.20000 	-0.12406 	-0.09204 	-0.08272 	0.06353 	0.00000 	0.26351 	-0.08513 	-0.12459 	0.02419 	-0.12059 	0.08998 	0.38409 	0.01308	0.19616
Replication17	 0.00933	0.99712	0.96462 	0.96261 	0.96757 	0.96803 	0.96971 	0.98317 	0.94067 	0.96000 	0.97955 	0.94581 	0.97102 	1.00009 	-0.20302 	-0.30627 	-0.35077 	0.05168 	0.01887 	0.24675 	-0.30758 	-0.22226 	0.02540 	-0.32899 	0.20658 	1.14496 	-0.06698 	-0.10104 	-0.11572 	0.04866 	0.00622 	0.22645 	-0.10147 	-0.07332 	0.02157 	-0.10853 	0.06815 	0.37178 	0.02466	0.17579
Replication18	 -1.18948	0.99757	0.95413 	0.96524 	0.97257 	0.96572 	0.96824 	0.98577 	0.95224 	0.96996 	0.98538 	0.96112 	0.98546 	1.00185 	-0.36802 	-0.16751 	-0.27016 	0.05421 	0.00063 	0.22225 	-0.33894 	-0.23906 	0.02059 	-0.21077 	0.32318 	0.94890 	-0.12130 	-0.05521 	-0.08904 	0.05167 	0.00021 	0.20518 	-0.11171 	-0.07879 	0.01738 	-0.06947 	0.10652 	0.29852 	0.02470	0.15395
Replication19	 0.01888	0.99387	0.93112 	0.94290 	0.95892 	0.94584 	0.95190 	0.97512 	0.93542 	0.95253 	0.97314 	0.93959 	0.96813 	0.99424 	-0.44901 	-0.35321 	-0.25423 	0.07990 	0.03979 	0.32916 	-0.29471 	-0.30277 	0.03249 	-0.32724 	0.28301 	1.20000 	-0.14909 	-0.11728 	-0.08442 	0.07349 	0.01321 	0.28602 	-0.09786 	-0.10053 	0.02437 	-0.10866 	0.09397 	0.38388 	0.01675	0.21711
Replication20	 0.00994	0.99715	0.95050 	0.96385 	0.97593 	0.96382 	0.96745 	0.98561 	0.94006 	0.95533 	0.98067 	0.94309 	0.96928 	1.00031 	-0.39070 	-0.18994 	-0.09329 	0.05670 	0.00000 	0.22516 	-0.26102 	-0.38382 	0.02452 	-0.31448 	0.19772 	1.12378 	-0.12888 	-0.06266 	-0.03077 	0.05372 	0.00000 	0.20507 	-0.08611 	-0.12661 	0.02073 	-0.10374 	0.06522 	0.35819 	0.00537	0.16416
Replication21	 0.02583	0.99572	0.95000 	0.96003 	0.96837 	0.96139 	0.96380 	0.98168 	0.92417 	0.94988 	0.97574 	0.93119 	0.96233 	0.99725 	-0.36183 	-0.20217 	-0.21739 	0.06034 	0.00000 	0.26483 	-0.38985 	-0.21771 	0.02926 	-0.41166 	0.23995 	1.20000 	-0.11970 	-0.06688 	-0.07192 	0.05587 	0.00000 	0.23473 	-0.12897 	-0.07202 	0.02359 	-0.13619 	0.07938 	0.40237 	0.00616	0.20027
Replication22	 0.04598	0.98603	0.94552 	0.95240 	0.95418 	0.95526 	0.95535 	0.97188 	0.90402 	0.92649 	0.96017 	0.91012 	0.94291 	0.98031 	-0.30738 	-0.17302 	-0.32466 	0.07275 	0.00000 	0.38537 	-0.35653 	-0.40145 	0.04769 	-0.37678 	0.23747 	1.20000 	-0.10368 	-0.05836 	-0.10951 	0.05813 	0.00000 	0.28703 	-0.12026 	-0.13541 	0.02917 	-0.12709 	0.08010 	0.39757 	0.00355	0.19771
Replication23	 0.03187	0.98818	0.95093 	0.94789 	0.95348 	0.95493 	0.95547 	0.97204 	0.91813 	0.93719 	0.96351 	0.91886 	0.94788 	0.98424 	-0.19781 	-0.35615 	-0.35574 	0.07202 	0.00000 	0.37638 	-0.26530 	-0.25683 	0.04369 	-0.43246 	0.16024 	1.20000 	-0.06643 	-0.11961 	-0.11947 	0.05965 	0.00000 	0.29320 	-0.08910 	-0.08626 	0.02802 	-0.14524 	0.05382 	0.38621 	0.01189	0.19478
Replication24	 0.00904	0.99717	0.95252 	0.96062 	0.97227 	0.96278 	0.96600 	0.98406 	0.94096 	0.95877 	0.98071 	0.94417 	0.97224 	1.00038 	-0.33566 	-0.26446 	-0.17254 	0.05793 	0.00000 	0.23872 	-0.28851 	-0.26705 	0.02446 	-0.36209 	0.24032 	1.11519 	-0.11072 	-0.08724 	-0.05691 	0.05497 	0.00000 	0.21882 	-0.09517 	-0.08809 	0.02072 	-0.11944 	0.07927 	0.35686 	0.01367	0.17308
Replication25	 0.02571	0.99043	0.94649 	0.94963 	0.96251 	0.95460 	0.95748 	0.97592 	0.92738 	0.94079 	0.96741 	0.92429 	0.94669 	0.98835 	-0.27566 	-0.36030 	-0.15389 	0.07123 	0.00164 	0.33424 	-0.15901 	-0.31408 	0.03919 	-0.40175 	0.01402 	1.20000 	-0.09216 	-0.12046 	-0.05145 	0.06121 	0.00055 	0.26689 	-0.05316 	-0.10501 	0.02650 	-0.13432 	0.00469 	0.37321 	0.00429	0.17649
Replication26	 0.02017	0.99448	0.95157 	0.95655 	0.96098 	0.95992 	0.96117 	0.97848 	0.92983 	0.95190 	0.97400 	0.93934 	0.96561 	0.99521 	-0.31211 	-0.23590 	-0.37806 	0.06276 	0.00336 	0.29739 	-0.37464 	-0.29243 	0.03142 	-0.27321 	0.25033 	1.20000 	-0.10351 	-0.07823 	-0.12538 	0.05698 	0.00111 	0.25855 	-0.12425 	-0.09698 	0.02411 	-0.09061 	0.08302 	0.39170 	0.02101	0.19651
Replication27	 0.05751	0.98175	0.92218 	0.93577 	0.94453 	0.93828 	0.94167 	0.96398 	0.89249 	0.92151 	0.95243 	0.90165 	0.93186 	0.97286 	-0.44114 	-0.24558 	-0.29459 	0.09528 	0.03118 	0.47011 	-0.41290 	-0.22871 	0.05649 	-0.39642 	0.17209 	1.20000 	-0.15007 	-0.08354 	-0.10022 	0.07618 	0.01061 	0.34169 	-0.14046 	-0.07781 	0.03231 	-0.13486 	0.05854 	0.39447 	0.00590	0.22683
Replication28	 -1.17405	0.99762	0.95477 	0.96192 	0.97350 	0.96431 	0.96763 	0.98574 	0.96506 	0.97344 	0.98668 	0.96644 	0.98838 	1.00226 	-0.32086 	-0.27654 	-0.22037 	0.05587 	0.00000 	0.22232 	-0.18115 	-0.28914 	0.01956 	-0.22188 	0.27318 	0.91113 	-0.10574 	-0.09114 	-0.07262 	0.05338 	0.00000 	0.20556 	-0.05970 	-0.09529 	0.01641 	-0.07313 	0.09003 	0.27254 	0.02787	0.14029
Replication29	 -1.12179	0.99737	0.95012 	0.95632 	0.96685 	0.95957 	0.96265 	0.98221 	0.96116 	0.96948 	0.98351 	0.95953 	0.98691 	1.00124 	-0.33631 	-0.30245 	-0.31607 	0.06166 	0.00247 	0.25435 	-0.17007 	-0.28464 	0.02217 	-0.31797 	0.33376 	1.02216 	-0.11089 	-0.09973 	-0.10422 	0.05891 	0.00082 	0.23586 	-0.05608 	-0.09386 	0.01869 	-0.10484 	0.11005 	0.31765 	0.03095	0.17237
Replication30	 -1.05629	0.99749	0.95735 	0.95465 	0.96536 	0.96126 	0.96377 	0.98194 	0.97006 	0.97674 	0.98497 	0.97234 	0.98991 	1.00183 	-0.21979 	-0.41604 	-0.37155 	0.05958 	0.00000 	0.25627 	-0.15977 	-0.27008 	0.02097 	-0.14936 	0.24844 	0.96093 	-0.07245 	-0.13715 	-0.12248 	0.05696 	0.00000 	0.23864 	-0.05267 	-0.08903 	0.01764 	-0.04924 	0.08190 	0.28911 	0.04041	0.16123
Replication31	 0.02326	0.99247	0.95654 	0.95265 	0.96048 	0.95967 	0.96093 	0.97697 	0.92674 	0.94632 	0.97091 	0.93401 	0.95941 	0.99178 	-0.18492 	-0.38190 	-0.31401 	0.06410 	0.00000 	0.31782 	-0.32833 	-0.34635 	0.03513 	-0.27900 	0.20154 	1.20000 	-0.06157 	-0.12716 	-0.10456 	0.05622 	0.00000 	0.26483 	-0.10932 	-0.11532 	0.02516 	-0.09290 	0.06711 	0.38413 	0.01582	0.18660
Replication32	 0.03565	0.98532	0.93346 	0.94164 	0.94801 	0.94529 	0.94664 	0.96775 	0.91555 	0.93231 	0.95890 	0.91435 	0.94325 	0.97931 	-0.36387 	-0.25840 	-0.35373 	0.08504 	0.00000 	0.42427 	-0.22783 	-0.27926 	0.04914 	-0.43604 	0.15048 	1.20000 	-0.12290 	-0.08728 	-0.11948 	0.06967 	0.00000 	0.32095 	-0.07695 	-0.09433 	0.02968 	-0.14728 	0.05083 	0.37994 	0.01014	0.20284
Replication33	 0.00589	0.99713	0.94411 	0.95024 	0.96273 	0.95420 	0.95778 	0.97934 	0.95473 	0.96996 	0.98035 	0.96252 	0.97611 	1.00053 	-0.36010 	-0.35061 	-0.32936 	0.06821 	0.00434 	0.28048 	-0.26104 	-0.19379 	0.02477 	-0.14390 	0.11588 	1.10984 	-0.11879 	-0.11566 	-0.10865 	0.06520 	0.00143 	0.26026 	-0.08611 	-0.06393 	0.02097 	-0.04747 	0.03823 	0.33973 	0.03528	0.18520
Replication34	 0.05047	0.98344	0.92439 	0.92888 	0.94644 	0.93556 	0.93930 	0.96416 	0.89953 	0.92841 	0.95545 	0.91240 	0.93658 	0.97602 	-0.33663 	-0.46427 	-0.20180 	0.09766 	0.00000 	0.46254 	-0.42961 	-0.22752 	0.05305 	-0.28794 	0.13500 	1.20000 	-0.11413 	-0.15741 	-0.06842 	0.08033 	0.00000 	0.34600 	-0.14566 	-0.07714 	0.03110 	-0.09762 	0.04577 	0.37954 	0.00056	0.22235
Replication35	 -1.07908	0.99746	0.95236 	0.95587 	0.96591 	0.96012 	0.96302 	0.98211 	0.96950 	0.97419 	0.98455 	0.96548 	0.98928 	1.00164 	-0.30373 	-0.33286 	-0.35570 	0.06095 	0.00414 	0.25492 	-0.10095 	-0.25342 	0.02131 	-0.29815 	0.28695 	0.97958 	-0.10013 	-0.10973 	-0.11726 	0.05829 	0.00136 	0.23706 	-0.03328 	-0.08354 	0.01795 	-0.09829 	0.09460 	0.29896 	0.03696	0.16598
Replication36	 0.01345	0.99727	0.96212 	0.97179 	0.97082 	0.97179 	0.97198 	0.98569 	0.93655 	0.96059 	0.98075 	0.94862 	0.97013 	1.00049 	-0.33114 	-0.05531 	-0.35823 	0.04711 	0.00000 	0.22399 	-0.39800 	-0.22446 	0.02437 	-0.22611 	0.18251 	1.09431 	-0.10921 	-0.01824 	-0.11814 	0.04425 	0.00000 	0.20475 	-0.13126 	-0.07403 	0.02075 	-0.07457 	0.06019 	0.36127 	0.02097	0.16575
Replication37	 -1.13423	0.99702	0.96290 	0.95924 	0.96527 	0.96555 	0.96681 	0.98181 	0.95127 	0.95989 	0.97946 	0.95132 	0.97563 	0.99994 	-0.19032 	-0.34900 	-0.37388 	0.05470 	0.00397 	0.25911 	-0.17586 	-0.41905 	0.02553 	-0.26603 	0.23220 	1.16937 	-0.06280 	-0.11515 	-0.12337 	0.05158 	0.00131 	0.23813 	-0.05803 	-0.13827 	0.02158 	-0.08778 	0.07662 	0.37022 	0.02926	0.17404
Replication38	 0.03571	0.99351	0.94956 	0.95668 	0.96935 	0.95973 	0.96424 	0.98060 	0.91429 	0.94205 	0.97225 	0.92660 	0.95415 	0.99341 	-0.32251 	-0.29827 	-0.10854 	0.06350 	0.03366 	0.28218 	-0.44008 	-0.32400 	0.03342 	-0.30381 	0.19037 	1.20000 	-0.10717 	-0.09911 	-0.03607 	0.05670 	0.01118 	0.23648 	-0.14623 	-0.10766 	0.02481 	-0.10095 	0.06326 	0.39838 	0.00600	0.19363
Replication39	 0.01160	0.99526	0.93840 	0.94590 	0.96070 	0.94984 	0.95375 	0.97684 	0.95334 	0.95724 	0.97603 	0.95101 	0.97334 	0.99687 	-0.38077 	-0.36913 	-0.27355 	0.07440 	0.00000 	0.30913 	-0.10679 	-0.48505 	0.02934 	-0.23245 	0.20936 	1.20000 	-0.12608 	-0.12223 	-0.09058 	0.06944 	0.00000 	0.27578 	-0.03536 	-0.16061 	0.02306 	-0.07697 	0.06932 	0.36914 	0.02542	0.19492
Replication40	 -1.13086	0.99769	0.96728 	0.96547 	0.97331 	0.97058 	0.97241 	0.98671 	0.97349 	0.97642 	0.98745 	0.97099 	0.98869 	1.00256 	-0.18533 	-0.32379 	-0.29719 	0.04833 	0.00000 	0.21353 	-0.07772 	-0.30209 	0.01892 	-0.20217 	0.19416 	0.87877 	-0.06107 	-0.10669 	-0.09793 	0.04591 	0.00000 	0.19727 	-0.02561 	-0.09954 	0.01586 	-0.06662 	0.06398 	0.25947 	0.03457	0.12502
Replication41	 0.00380	0.99769	0.98052 	0.97286 	0.97379 	0.97907 	0.97868 	0.98808 	0.94620 	0.96792 	0.98563 	0.95583 	0.98462 	1.00190 	-0.07179 	-0.27701 	-0.36838 	0.03818 	0.00000 	0.20149 	-0.39189 	-0.19409 	0.02033 	-0.28072 	0.37039 	0.92944 	-0.02366 	-0.09128 	-0.12139 	0.03576 	0.00000 	0.18524 	-0.12913 	-0.06396 	0.01727 	-0.09250 	0.12205 	0.31028 	0.02403	0.14869
Replication42	 0.07847	0.97227	0.91130 	0.92406 	0.93231 	0.92775 	0.92915 	0.95394 	0.87153 	0.89782 	0.93698 	0.87769 	0.91077 	0.95627 	-0.41641 	-0.26272 	-0.28278 	0.11284 	0.00000 	0.59198 	-0.36620 	-0.36139 	0.07469 	-0.41954 	0.15282 	1.20000 	-0.14437 	-0.09109 	-0.09804 	0.08381 	0.00000 	0.39680 	-0.12697 	-0.12530 	0.03794 	-0.14546 	0.05298 	0.39214 	0.02336	0.23244
Replication43	 0.04794	0.98694	0.95464 	0.95575 	0.95690 	0.96033 	0.95988 	0.97374 	0.90206 	0.92936 	0.96090 	0.90957 	0.93634 	0.98187 	-0.21721 	-0.21696 	-0.31025 	0.06622 	0.00000 	0.36574 	-0.37561 	-0.24322 	0.04652 	-0.39606 	0.08413 	1.20000 	-0.07313 	-0.07304 	-0.10446 	0.05255 	0.00000 	0.27382 	-0.12646 	-0.08189 	0.02921 	-0.13335 	0.02832 	0.40067 	0.00338	0.19226
Replication44	 0.01111	0.99710	0.95853 	0.96518 	0.97177 	0.96720 	0.96905 	0.98464 	0.93889 	0.95676 	0.97987 	0.94506 	0.96929 	1.00010 	-0.30443 	-0.20390 	-0.23926 	0.05268 	0.00000 	0.23389 	-0.30452 	-0.33885 	0.02516 	-0.27514 	0.19257 	1.14614 	-0.10044 	-0.06727 	-0.07893 	0.04964 	0.00000 	0.21346 	-0.10046 	-0.11179 	0.02132 	-0.09077 	0.06353 	0.36806 	0.01566	0.16635
Replication45	 0.05655	0.97862	0.92478 	0.92953 	0.93738 	0.93560 	0.93676 	0.95947 	0.89345 	0.91583 	0.94768 	0.89512 	0.93024 	0.96745 	-0.32746 	-0.34551 	-0.36303 	0.10013 	0.00000 	0.52086 	-0.31342 	-0.28203 	0.06223 	-0.47611 	0.22614 	1.20000 	-0.11210 	-0.11828 	-0.12428 	0.07775 	0.00000 	0.37035 	-0.10729 	-0.09655 	0.03389 	-0.16299 	0.07742 	0.38808 	0.00189	0.22599
Replication46	 0.00358	0.99739	0.96967 	0.97011 	0.98014 	0.97403 	0.97633 	0.98887 	0.94642 	0.95957 	0.98376 	0.94867 	0.97353 	1.00126 	-0.18475 	-0.28969 	-0.10250 	0.04437 	0.00000 	0.19554 	-0.23354 	-0.38208 	0.02197 	-0.29267 	0.19614 	1.01851 	-0.06092 	-0.09551 	-0.03380 	0.04164 	0.00000 	0.17717 	-0.07700 	-0.12598 	0.01851 	-0.09650 	0.06467 	0.31890 	0.00871	0.13119
Replication47	 0.03373	0.98868	0.91627 	0.92733 	0.94853 	0.93205 	0.93739 	0.96665 	0.91695 	0.94318 	0.96390 	0.92528 	0.95629 	0.98506 	-0.45390 	-0.45418 	-0.22950 	0.09911 	0.00000 	0.42217 	-0.40227 	-0.14200 	0.04306 	-0.38527 	0.29352 	1.20000 	-0.15229 	-0.15238 	-0.07700 	0.08726 	0.00000 	0.34246 	-0.13497 	-0.04764 	0.02805 	-0.12926 	0.09848 	0.38937 	0.00918	0.25208
Replication48	 0.00007	0.99757	0.97579 	0.97645 	0.97451 	0.97927 	0.97913 	0.98864 	0.94993 	0.96630 	0.98488 	0.95866 	0.98040 	1.00167 	-0.18611 	-0.13341 	-0.37190 	0.03801 	0.01124 	0.19697 	-0.31569 	-0.31942 	0.02099 	-0.17846 	0.24849 	0.96366 	-0.06134 	-0.04397 	-0.12258 	0.03546 	0.00371 	0.17983 	-0.10405 	-0.10528 	0.01776 	-0.05882 	0.08190 	0.31093 	0.02563	0.13354
Replication49	 0.06926	0.97984	0.93728 	0.94347 	0.95116 	0.94762 	0.94890 	0.96657 	0.88074 	0.90705 	0.94975 	0.88703 	0.92344 	0.96937 	-0.28812 	-0.26207 	-0.15762 	0.08512 	0.00346 	0.45401 	-0.38654 	-0.44044 	0.05983 	-0.43691 	0.20152 	1.20000 	-0.09839 	-0.08950 	-0.05383 	0.06402 	0.00118 	0.31210 	-0.13200 	-0.15041 	0.03311 	-0.14920 	0.06882 	0.40476 	0.03233	0.21065
Replication50	 0.01086	0.99717	0.96498 	0.96903 	0.96890 	0.97135 	0.97138 	0.98460 	0.93914 	0.95965 	0.97998 	0.94803 	0.97047 	1.00021 	-0.26356 	-0.14393 	-0.38145 	0.04768 	0.00000 	0.23396 	-0.34452 	-0.26903 	0.02503 	-0.24696 	0.18935 	1.12929 	-0.08694 	-0.04748 	-0.12583 	0.04472 	0.00000 	0.21400 	-0.11364 	-0.08875 	0.02128 	-0.08146 	0.06246 	0.36907 	0.02414	0.16744
Replication51	 0.01409	0.99652	0.96587 	0.96782 	0.96673 	0.97096 	0.97055 	0.98326 	0.93591 	0.95226 	0.97753 	0.93893 	0.96951 	0.99866 	-0.23670 	-0.16031 	-0.40397 	0.04849 	0.00000 	0.24808 	-0.28643 	-0.38607 	0.02735 	-0.35117 	0.28167 	1.20000 	-0.07818 	-0.05295 	-0.13343 	0.04485 	0.00000 	0.22359 	-0.09460 	-0.12751 	0.02274 	-0.11599 	0.09303 	0.40106 	0.01898	0.18262
Replication52	 0.01070	0.99723	0.97003 	0.97275 	0.97412 	0.97524 	0.97551 	0.98704 	0.93930 	0.95887 	0.98091 	0.94716 	0.96705 	1.00052 	-0.22266 	-0.15547 	-0.28485 	0.04300 	0.00000 	0.21227 	-0.31545 	-0.28300 	0.02427 	-0.24389 	0.11209 	1.09623 	-0.07344 	-0.05128 	-0.09395 	0.04011 	0.00000 	0.19280 	-0.10404 	-0.09334 	0.02061 	-0.08044 	0.03697 	0.35425 	0.01746	0.14825
Replication53	 0.04274	0.98803	0.95539 	0.95813 	0.96109 	0.96221 	0.96428 	0.97616 	0.90726 	0.92952 	0.96340 	0.91679 	0.94112 	0.98388 	-0.24510 	-0.22342 	-0.25898 	0.06339 	0.04678 	0.34062 	-0.35762 	-0.45185 	0.04387 	-0.26055 	0.10899 	1.20000 	-0.08234 	-0.07506 	-0.08700 	0.05086 	0.01572 	0.25637 	-0.12014 	-0.15180 	0.02801 	-0.08753 	0.03661 	0.39327 	0.00621	0.17696
Replication54	 -1.23373	0.99755	0.97163 	0.97696 	0.97681 	0.97810 	0.97856 	0.98930 	0.95220 	0.96617 	0.98501 	0.95684 	0.97744 	1.00175 	-0.24677 	-0.09369 	-0.30102 	0.03941 	0.00772 	0.19113 	-0.24823 	-0.29632 	0.02090 	-0.23142 	0.17681 	0.95895 	-0.08134 	-0.03088 	-0.09922 	0.03685 	0.00255 	0.17392 	-0.08182 	-0.09767 	0.01765 	-0.07628 	0.05828 	0.30309 	0.02253	0.12512
Replication55	 -1.10765	0.99735	0.95249 	0.95744 	0.96620 	0.96094 	0.96339 	0.98217 	0.95447 	0.96973 	0.98307 	0.96371 	0.98476 	1.00116 	-0.31664 	-0.29196 	-0.34685 	0.06003 	0.00000 	0.25478 	-0.31215 	-0.28757 	0.02252 	-0.14376 	0.29719 	1.03162 	-0.10441 	-0.09627 	-0.11437 	0.05726 	0.00000 	0.23614 	-0.10293 	-0.09483 	0.01901 	-0.04740 	0.09800 	0.32126 	0.03279	0.17146
Replication56	 0.00354	0.99696	0.96011 	0.95799 	0.96590 	0.96392 	0.96555 	0.98156 	0.94862 	0.95859 	0.97856 	0.94646 	0.97105 	0.99973 	-0.21316 	-0.35462 	-0.32553 	0.05668 	0.00000 	0.26158 	-0.16055 	-0.34470 	0.02627 	-0.34220 	0.17615 	1.19402 	-0.07034 	-0.11703 	-0.10743 	0.05350 	0.00000 	0.24016 	-0.05298 	-0.11375 	0.02223 	-0.11293 	0.05813 	0.37798 	0.02607	0.17754
Replication57	 -1.07722	0.99743	0.96622 	0.96337 	0.96801 	0.96892 	0.96984 	0.98421 	0.97386 	0.97308 	0.98424 	0.96821 	0.98307 	1.00160 	-0.18678 	-0.30971 	-0.39599 	0.05045 	0.00000 	0.23647 	0.00000 	-0.35466 	0.02157 	-0.20006 	0.11168 	0.98733 	-0.06158 	-0.10211 	-0.13055 	0.04776 	0.00000 	0.21836 	0.00000 	-0.11693 	0.01816 	-0.06596 	0.03682 	0.29723 	0.03968	0.14120
Replication58	 0.01453	0.99702	0.95117 	0.95551 	0.97086 	0.95980 	0.96480 	0.98256 	0.93547 	0.95552 	0.97875 	0.94017 	0.96779 	0.99980 	-0.30613 	-0.37718 	-0.14297 	0.06157 	0.02793 	0.25246 	-0.31643 	-0.26825 	0.02607 	-0.36069 	0.21321 	1.18001 	-0.10101 	-0.12445 	-0.04718 	0.05845 	0.00922 	0.23148 	-0.10441 	-0.08851 	0.02212 	-0.11901 	0.07035 	0.38086 	0.01039	0.18792
Replication59	 0.00326	0.99710	0.94674 	0.95295 	0.96612 	0.95660 	0.96014 	0.98079 	0.94887 	0.96415 	0.98024 	0.95439 	0.97571 	1.00032 	-0.34441 	-0.34104 	-0.25869 	0.06535 	0.00000 	0.26784 	-0.26954 	-0.27092 	0.02488 	-0.23513 	0.20581 	1.12938 	-0.11363 	-0.11251 	-0.08534 	0.06231 	0.00000 	0.24741 	-0.08893 	-0.08938 	0.02103 	-0.07757 	0.06790 	0.35107 	0.02649	0.18237
Replication60	 0.00061	0.99721	0.96404 	0.96851 	0.96687 	0.97068 	0.97041 	0.98406 	0.94939 	0.96104 	0.98099 	0.95140 	0.97867 	1.00038 	-0.27596 	-0.12782 	-0.44523 	0.04847 	0.00000 	0.23860 	-0.23214 	-0.38253 	0.02422 	-0.28460 	0.29785 	1.11003 	-0.09102 	-0.04216 	-0.14685 	0.04555 	0.00000 	0.21895 	-0.07657 	-0.12617 	0.02052 	-0.09387 	0.09824 	0.36144 	0.02913	0.16805
Replication61	 0.00176	0.99705	0.95487 	0.96157 	0.96753 	0.96392 	0.96580 	0.98265 	0.94846 	0.96125 	0.97934 	0.94824 	0.96913 	1.00008 	-0.32621 	-0.21701 	-0.31655 	0.05663 	0.00348 	0.25162 	-0.18505 	-0.25276 	0.02561 	-0.32723 	0.10653 	1.15469 	-0.10763 	-0.07160 	-0.10444 	0.05354 	0.00115 	0.23085 	-0.06106 	-0.08340 	0.02170 	-0.10797 	0.03515 	0.36357 	0.02626	0.16987
Replication62	 -1.24846	0.99765	0.97029 	0.96746 	0.97642 	0.97278 	0.97473 	0.98779 	0.95041 	0.96774 	0.98614 	0.95493 	0.98486 	1.00202 	-0.15472 	-0.33449 	-0.21478 	0.04573 	0.00000 	0.20414 	-0.31160 	-0.22085 	0.01996 	-0.33458 	0.35656 	0.92550 	-0.05099 	-0.11023 	-0.07078 	0.04327 	0.00000 	0.18759 	-0.10269 	-0.07278 	0.01684 	-0.11026 	0.11750 	0.29501 	0.01915	0.14249
Replication63	 0.04052	0.98850	0.95508 	0.95724 	0.95998 	0.96138 	0.96148 	0.97570 	0.90948 	0.93227 	0.96419 	0.91879 	0.94384 	0.98473 	-0.23234 	-0.22060 	-0.27970 	0.06415 	0.00000 	0.34296 	-0.36261 	-0.40589 	0.04295 	-0.27813 	0.13020 	1.20000 	-0.07798 	-0.07404 	-0.09388 	0.05211 	0.00000 	0.26203 	-0.12170 	-0.13623 	0.02771 	-0.09335 	0.04370 	0.39140 	0.00106	0.17977
Replication64	 0.01278	0.99351	0.95263 	0.95283 	0.95802 	0.95839 	0.96017 	0.97675 	0.93722 	0.95125 	0.97283 	0.94205 	0.96730 	0.99363 	-0.26087 	-0.31922 	-0.41362 	0.06510 	0.01971 	0.31610 	-0.26756 	-0.40444 	0.03296 	-0.24503 	0.25100 	1.20000 	-0.08668 	-0.10607 	-0.13744 	0.05831 	0.00655 	0.27044 	-0.08891 	-0.13439 	0.02437 	-0.08142 	0.08340 	0.38219 	0.02579	0.19035
Replication65	 0.02401	0.98989	0.93307 	0.94360 	0.95438 	0.94652 	0.94988 	0.97200 	0.92599 	0.94493 	0.96622 	0.92958 	0.95144 	0.98736 	-0.40962 	-0.28780 	-0.29559 	0.08119 	0.01325 	0.37071 	-0.26727 	-0.21517 	0.04047 	-0.33702 	0.09047 	1.20000 	-0.13710 	-0.09633 	-0.09894 	0.07060 	0.00443 	0.29952 	-0.08946 	-0.07202 	0.02707 	-0.11280 	0.03028 	0.37554 	0.01632	0.20080
Replication66	 -1.20374	0.99782	0.95909 	0.96535 	0.97778 	0.96777 	0.97132 	0.98809 	0.96717 	0.97764 	0.98896 	0.97224 	0.98877 	1.00306 	-0.29130 	-0.28099 	-0.16230 	0.05162 	0.00144 	0.20091 	-0.21378 	-0.23713 	0.01767 	-0.14243 	0.20660 	0.82318 	-0.09596 	-0.09257 	-0.05347 	0.04934 	0.00048 	0.18557 	-0.07043 	-0.07812 	0.01478 	-0.04692 	0.06806 	0.23880 	0.02649	0.11958
Replication67	 0.03371	0.98492	0.92639 	0.93016 	0.94437 	0.93686 	0.93988 	0.96459 	0.91629 	0.93392 	0.95873 	0.92454 	0.95018 	0.97872 	-0.33898 	-0.44095 	-0.32165 	0.09533 	0.00000 	0.45361 	-0.32276 	-0.41282 	0.04954 	-0.22105 	0.24635 	1.20000 	-0.11459 	-0.14906 	-0.10873 	0.07954 	0.00000 	0.34744 	-0.10911 	-0.13955 	0.02955 	-0.07472 	0.08328 	0.37073 	0.01330	0.21476
Replication68	 0.03470	0.99449	0.96469 	0.96892 	0.96834 	0.97112 	0.97079 	0.98282 	0.91530 	0.94672 	0.97312 	0.93388 	0.95074 	0.99505 	-0.24823 	-0.12288 	-0.30700 	0.04936 	0.00000 	0.25907 	-0.48533 	-0.25609 	0.03210 	-0.17001 	0.04277 	1.20000 	-0.08232 	-0.04075 	-0.10181 	0.04360 	0.00000 	0.22031 	-0.16095 	-0.08493 	0.02480 	-0.05638 	0.01418 	0.40520 	0.00616	0.18093
Replication69	 0.00030	0.99730	0.96688 	0.96816 	0.97445 	0.97181 	0.97328 	0.98662 	0.94970 	0.96249 	0.98271 	0.95370 	0.97416 	1.00101 	-0.21603 	-0.25090 	-0.23813 	0.04706 	0.00000 	0.21570 	-0.23175 	-0.35488 	0.02283 	-0.22536 	0.16118 	1.04931 	-0.07124 	-0.08274 	-0.07853 	0.04424 	0.00000 	0.19672 	-0.07643 	-0.11703 	0.01926 	-0.07432 	0.05315 	0.32609 	0.02096	0.13917
Replication70	 0.05429	0.98319	0.94572 	0.94967 	0.95264 	0.95385 	0.95387 	0.96972 	0.89571 	0.91904 	0.95545 	0.90370 	0.93257 	0.97540 	-0.25963 	-0.22082 	-0.27457 	0.07592 	0.00000 	0.41440 	-0.36181 	-0.43746 	0.05321 	-0.32792 	0.15024 	1.20000 	-0.08807 	-0.07490 	-0.09314 	0.05833 	0.00000 	0.29607 	-0.12273 	-0.14839 	0.03093 	-0.11124 	0.05096 	0.39295 	0.01164	0.19076
Replication71	 -1.09194	0.99713	0.96601 	0.95976 	0.96401 	0.96693 	0.96803 	0.98177 	0.95007 	0.96437 	0.97999 	0.95327 	0.97545 	1.00026 	-0.15708 	-0.36194 	-0.43238 	0.05299 	0.01415 	0.25910 	-0.24071 	-0.24543 	0.02504 	-0.27826 	0.19985 	1.13026 	-0.05182 	-0.11940 	-0.14264 	0.04999 	0.00467 	0.23890 	-0.07941 	-0.08096 	0.02124 	-0.09179 	0.06593 	0.36054 	0.03439	0.17523
Replication72	 -1.26076	0.99808	0.96873 	0.97630 	0.98279 	0.97697 	0.97919 	0.99210 	0.97986 	0.97751 	0.99198 	0.97137 	0.99568 	1.00381 	-0.26975 	-0.14930 	-0.18210 	0.04049 	0.00274 	0.16462 	0.00000 	-0.37711 	0.01517 	-0.28813 	0.29102 	0.73013 	-0.08882 	-0.04916 	-0.05996 	0.03849 	0.00090 	0.15114 	0.00000 	-0.12417 	0.01263 	-0.09487 	0.09582 	0.21626 	0.02221	0.09826
Replication73	 0.02005	0.99276	0.96318 	0.96369 	0.96571 	0.96801 	0.96961 	0.98079 	0.92995 	0.94116 	0.97189 	0.93300 	0.95919 	0.99224 	-0.21670 	-0.22781 	-0.31163 	0.05398 	0.03802 	0.28310 	-0.23123 	-0.58948 	0.03419 	-0.24212 	0.20192 	1.20000 	-0.07211 	-0.07581 	-0.10371 	0.04641 	0.01265 	0.23217 	-0.07695 	-0.19617 	0.02460 	-0.08057 	0.06719 	0.38854 	0.00768	0.16624
Replication74	 0.05216	0.98222	0.92972 	0.93567 	0.94356 	0.94074 	0.94217 	0.96405 	0.89784 	0.92303 	0.95410 	0.91306 	0.94073 	0.97380 	-0.33790 	-0.31682 	-0.34436 	0.09211 	0.00000 	0.46782 	-0.44494 	-0.45134 	0.05490 	-0.18913 	0.26811 	1.20000 	-0.11484 	-0.10768 	-0.11704 	0.07349 	0.00000 	0.34264 	-0.15122 	-0.15340 	0.03133 	-0.06428 	0.09112 	0.38461 	0.00147	0.21472
Replication75	 0.01163	0.99358	0.93837 	0.94172 	0.95258 	0.94739 	0.95002 	0.97289 	0.93901 	0.95787 	0.97239 	0.94848 	0.96912 	0.99380 	-0.34160 	-0.39079 	-0.41988 	0.07821 	0.00000 	0.34985 	-0.33135 	-0.23747 	0.03326 	-0.19599 	0.22317 	1.20000 	-0.11349 	-0.12984 	-0.13950 	0.07149 	0.00000 	0.30465 	-0.11009 	-0.07890 	0.02475 	-0.06511 	0.07415 	0.37814 	0.03252	0.21624
Replication76	 0.02018	0.98994	0.93645 	0.94183 	0.95281 	0.94671 	0.94928 	0.97138 	0.92982 	0.94408 	0.96691 	0.93073 	0.95954 	0.98743 	-0.34487 	-0.35382 	-0.33124 	0.08092 	0.00000 	0.37600 	-0.23862 	-0.34149 	0.03990 	-0.35363 	0.24841 	1.20000 	-0.11542 	-0.11841 	-0.11086 	0.07039 	0.00000 	0.30516 	-0.07986 	-0.11429 	0.02656 	-0.11835 	0.08314 	0.37678 	0.01835	0.20485
Replication77	 0.08396	0.96667	0.91918 	0.91648 	0.91878 	0.92625 	0.92574 	0.94659 	0.86604 	0.88897 	0.92781 	0.87326 	0.90243 	0.94654 	-0.22965 	-0.39522 	-0.48170 	0.11756 	0.01813 	0.67650 	-0.33806 	-0.44243 	0.08548 	-0.32621 	0.12885 	1.20000 	-0.08052 	-0.13857 	-0.16889 	0.08268 	0.00636 	0.44193 	-0.11853 	-0.15512 	0.04131 	-0.11437 	0.04518 	0.38634 	0.01333	0.22778
Replication78	 0.01111	0.99726	0.97958 	0.97009 	0.97824 	0.97762 	0.97989 	0.98825 	0.93889 	0.95847 	0.98105 	0.94508 	0.96151 	1.00068 	-0.04899 	-0.38917 	-0.15887 	0.04014 	0.02855 	0.20145 	-0.28095 	-0.23811 	0.02414 	-0.26774 	0.00000 	1.07988 	-0.01616 	-0.12835 	-0.05240 	0.03727 	0.00942 	0.18219 	-0.09266 	-0.07853 	0.02052 	-0.08830 	0.00000 	0.34629 	0.00967	0.13931
Replication79	 0.01101	0.99715	0.95714 	0.95982 	0.97126 	0.96399 	0.96680 	0.98364 	0.93899 	0.95856 	0.98009 	0.94125 	0.97041 	1.00023 	-0.26395 	-0.32818 	-0.19567 	0.05650 	0.00000 	0.24252 	-0.29377 	-0.19730 	0.02496 	-0.41758 	0.22790 	1.12972 	-0.08707 	-0.10826 	-0.06455 	0.05351 	0.00000 	0.22245 	-0.09691 	-0.06508 	0.02118 	-0.13775 	0.07518 	0.36524 	0.01485	0.17795
Replication80	 0.00930	0.99726	0.94070 	0.94400 	0.96369 	0.95001 	0.95624 	0.97893 	0.95849 	0.97347 	0.98187 	0.96619 	0.98088 	1.00102 	-0.34146 	-0.49447 	-0.25078 	0.07314 	0.02897 	0.28363 	-0.26440 	-0.15996 	0.02351 	-0.14712 	0.16228 	1.05370 	-0.11261 	-0.16308 	-0.08271 	0.07028 	0.00956 	0.26436 	-0.08720 	-0.05275 	0.01988 	-0.04852 	0.05352 	0.31948 	0.03295	0.19020
Replication81	 0.00139	0.99731	0.96488 	0.96727 	0.97503 	0.97076 	0.97336 	0.98668 	0.94861 	0.96026 	0.98282 	0.95036 	0.97656 	1.00094 	-0.23728 	-0.26312 	-0.21244 	0.04832 	0.01706 	0.21516 	-0.22423 	-0.40099 	0.02275 	-0.28563 	0.24946 	1.05433 	-0.07825 	-0.08677 	-0.07006 	0.04550 	0.00562 	0.19621 	-0.07395 	-0.13224 	0.01918 	-0.09419 	0.08226 	0.33223 	0.01663	0.14556
Replication82	 0.01710	0.99115	0.93486 	0.94512 	0.95653 	0.94806 	0.95192 	0.97359 	0.93290 	0.94638 	0.96880 	0.93333 	0.95854 	0.98959 	-0.40755 	-0.29693 	-0.28780 	0.07868 	0.02008 	0.35229 	-0.21273 	-0.33421 	0.03764 	-0.33720 	0.17074 	1.20000 	-0.13606 	-0.09913 	-0.09608 	0.06941 	0.00670 	0.29002 	-0.07102 	-0.11158 	0.02591 	-0.11258 	0.05700 	0.37481 	0.01692	0.19742
Replication83	 -1.14063	0.99716	0.95844 	0.96125 	0.96804 	0.96505 	0.96678 	0.98311 	0.95420 	0.96470 	0.98100 	0.95389 	0.97411 	1.00057 	-0.27158 	-0.27319 	-0.32145 	0.05522 	0.00000 	0.24716 	-0.16625 	-0.27351 	0.02425 	-0.28890 	0.13681 	1.10158 	-0.08958 	-0.09012 	-0.10603 	0.05225 	0.00000 	0.22720 	-0.05484 	-0.09022 	0.02049 	-0.09530 	0.04513 	0.34114 	0.02987	0.16011
Replication84	 0.00263	0.99706	0.95141 	0.96236 	0.96948 	0.96314 	0.96543 	0.98330 	0.94737 	0.95986 	0.97963 	0.94739 	0.96914 	1.00012 	-0.37742 	-0.17438 	-0.26301 	0.05756 	0.00000 	0.24578 	-0.18943 	-0.29601 	0.02537 	-0.32029 	0.12122 	1.14916 	-0.12452 	-0.05753 	-0.08677 	0.05448 	0.00000 	0.22512 	-0.06250 	-0.09766 	0.02148 	-0.10567 	0.04000 	0.36182 	0.02144	0.16823
Replication85	 0.07375	0.97405	0.91351 	0.92280 	0.93037 	0.92787 	0.92900 	0.95401 	0.87625 	0.90539 	0.93986 	0.88678 	0.91890 	0.95940 	-0.38957 	-0.30806 	-0.36875 	0.11177 	0.00000 	0.58510 	-0.42651 	-0.30445 	0.07129 	-0.36795 	0.20721 	1.20000 	-0.13459 	-0.10643 	-0.12740 	0.08460 	0.00000 	0.40243 	-0.14735 	-0.10518 	0.03690 	-0.12712 	0.07159 	0.39154 	0.01014	0.23899
Replication86	 0.00921	0.99713	0.94079 	0.95267 	0.96920 	0.95445 	0.95916 	0.98156 	0.94307 	0.96120 	0.98050 	0.95182 	0.97565 	1.00033 	-0.41417 	-0.31092 	-0.15554 	0.06791 	0.00000 	0.26090 	-0.33473 	-0.32158 	0.02466 	-0.21687 	0.25953 	1.12448 	-0.13663 	-0.10257 	-0.05131 	0.06490 	0.00000 	0.24069 	-0.11042 	-0.10609 	0.02085 	-0.07154 	0.08562 	0.35426 	0.01634	0.18775
Replication87	 -1.24762	0.99798	0.97594 	0.97947 	0.98171 	0.98123 	0.98307 	0.99228 	0.96854 	0.97474 	0.99031 	0.96670 	0.98980 	1.00335 	-0.21111 	-0.13959 	-0.25215 	0.03544 	0.02767 	0.16334 	-0.13406 	-0.29825 	0.01653 	-0.26833 	0.25770 	0.77925 	-0.06953 	-0.04597 	-0.08304 	0.03333 	0.00911 	0.14914 	-0.04415 	-0.09822 	0.01385 	-0.08837 	0.08487 	0.23833 	0.02356	0.09937
Replication88	 -1.23485	0.99751	0.95713 	0.96313 	0.97518 	0.96583 	0.96912 	0.98625 	0.96161 	0.96763 	0.98536 	0.95554 	0.98404 	1.00178 	-0.29637 	-0.28600 	-0.17184 	0.05411 	0.00000 	0.21820 	-0.10740 	-0.30546 	0.02065 	-0.38953 	0.28086 	0.96225 	-0.09770 	-0.09428 	-0.05664 	0.05151 	0.00000 	0.20068 	-0.03540 	-0.10069 	0.01735 	-0.12840 	0.09258 	0.29486 	0.02053	0.14386
Replication89	 0.00229	0.99714	0.95207 	0.95856 	0.97062 	0.96151 	0.96476 	0.98326 	0.94771 	0.96092 	0.98093 	0.94954 	0.97443 	1.00045 	-0.32343 	-0.29818 	-0.20138 	0.05946 	0.00000 	0.24586 	-0.22948 	-0.32363 	0.02431 	-0.30426 	0.21752 	1.11369 	-0.10669 	-0.09836 	-0.06643 	0.05647 	0.00000 	0.22576 	-0.07570 	-0.10676 	0.02053 	-0.10037 	0.07176 	0.34798 	0.01952	0.16817
Replication90	 0.00792	0.99748	0.97050 	0.97000 	0.97868 	0.97423 	0.97628 	0.98852 	0.94208 	0.96129 	0.98405 	0.94703 	0.97555 	1.00138 	-0.17547 	-0.28881 	-0.15185 	0.04408 	0.00304 	0.19836 	-0.31977 	-0.25606 	0.02168 	-0.34725 	0.26424 	0.99722 	-0.05784 	-0.09521 	-0.05006 	0.04144 	0.00100 	0.18061 	-0.10542 	-0.08441 	0.01834 	-0.11448 	0.08711 	0.32112 	0.01059	0.14221
Replication91	 0.01895	0.99424	0.96402 	0.95593 	0.96462 	0.96418 	0.96545 	0.97970 	0.93105 	0.94960 	0.97378 	0.93808 	0.96108 	0.99489 	-0.11670 	-0.42833 	-0.28160 	0.05779 	0.00000 	0.28754 	-0.31008 	-0.35686 	0.03175 	-0.25817 	0.15877 	1.20000 	-0.03872 	-0.14212 	-0.09344 	0.05176 	0.00000 	0.24701 	-0.10288 	-0.11841 	0.02412 	-0.08566 	0.05268 	0.38397 	0.01581	0.17831
Replication92	 0.08008	0.97211	0.91046 	0.91798 	0.92908 	0.92428 	0.92605 	0.95192 	0.86992 	0.90064 	0.93648 	0.88066 	0.91148 	0.95602 	-0.36879 	-0.37694 	-0.30496 	0.11707 	0.00000 	0.61041 	-0.42939 	-0.27922 	0.07519 	-0.37933 	0.15281 	1.20000 	-0.12790 	-0.13073 	-0.10577 	0.08787 	0.00000 	0.41411 	-0.14892 	-0.09684 	0.03822 	-0.13156 	0.05300 	0.39027 	0.01692	0.24176
Replication93	 0.06769	0.97543	0.92227 	0.93322 	0.93403 	0.93648 	0.93693 	0.95763 	0.88231 	0.90535 	0.94213 	0.88297 	0.92096 	0.96168 	-0.39143 	-0.18163 	-0.42341 	0.10075 	0.01937 	0.54835 	-0.31436 	-0.32617 	0.06863 	-0.51273 	0.22419 	1.20000 	-0.13486 	-0.06258 	-0.14587 	0.07503 	0.00667 	0.37540 	-0.10830 	-0.11237 	0.03606 	-0.17665 	0.07724 	0.40156 	0.01164	0.23132
Replication94	 0.01280	0.99621	0.96188 	0.96619 	0.96869 	0.96883 	0.96985 	0.98339 	0.93930 	0.95207 	0.97700 	0.93720 	0.96427 	0.99825 	-0.27241 	-0.18092 	-0.31596 	0.05120 	0.01012 	0.24804 	-0.18980 	-0.35585 	0.02796 	-0.39566 	0.15698 	1.20000 	-0.09003 	-0.05979 	-0.10442 	0.04723 	0.00334 	0.22137 	-0.06273 	-0.11761 	0.02294 	-0.13076 	0.05188 	0.39075 	0.01623	0.17218
Replication95	 0.02745	0.98487	0.92478 	0.92488 	0.94432 	0.93365 	0.93783 	0.96364 	0.92296 	0.93678 	0.95821 	0.92255 	0.94515 	0.97874 	-0.30367 	-0.55687 	-0.26109 	0.09919 	0.00317 	0.46210 	-0.19119 	-0.27135 	0.04997 	-0.34569 	0.10065 	1.20000 	-0.10267 	-0.18827 	-0.08827 	0.08336 	0.00107 	0.35560 	-0.06464 	-0.09174 	0.02991 	-0.11687 	0.03403 	0.36282 	0.01471	0.21434
Replication96	 0.01194	0.99727	0.96341 	0.96771 	0.97002 	0.97017 	0.97084 	0.98484 	0.93806 	0.96158 	0.98081 	0.94582 	0.97139 	1.00051 	-0.26858 	-0.17507 	-0.33967 	0.04904 	0.00000 	0.23153 	-0.36520 	-0.14502 	0.02433 	-0.33892 	0.21340 	1.09195 	-0.08858 	-0.05774 	-0.11202 	0.04618 	0.00000 	0.21230 	-0.12044 	-0.04783 	0.02071 	-0.11177 	0.07038 	0.35941 	0.02221	0.17060
Replication97	 0.02142	0.99300	0.95073 	0.95220 	0.95977 	0.95735 	0.95893 	0.97676 	0.92858 	0.94780 	0.97176 	0.93302 	0.96310 	0.99265 	-0.26707 	-0.32321 	-0.33149 	0.06660 	0.00000 	0.31775 	-0.31595 	-0.30573 	0.03413 	-0.36048 	0.26847 	1.20000 	-0.08883 	-0.10751 	-0.11026 	0.05928 	0.00000 	0.26849 	-0.10509 	-0.10169 	0.02485 	-0.11990 	0.08930 	0.38862 	0.01689	0.19725
Replication98	 0.05038	0.98525	0.93688 	0.94470 	0.95125 	0.94817 	0.94950 	0.96922 	0.89962 	0.92730 	0.95877 	0.91291 	0.94199 	0.97901 	-0.34219 	-0.24770 	-0.29467 	0.08163 	0.00000 	0.41156 	-0.44765 	-0.35936 	0.04929 	-0.28091 	0.23205 	1.20000 	-0.11560 	-0.08368 	-0.09954 	0.06619 	0.00000 	0.30773 	-0.15123 	-0.12140 	0.02974 	-0.09490 	0.07839 	0.39282 	0.00212	0.20853
Replication99	 0.03710	0.98919	0.94749 	0.95159 	0.95434 	0.95561 	0.95597 	0.97324 	0.91290 	0.93774 	0.96520 	0.92208 	0.95304 	0.98586 	-0.29154 	-0.23201 	-0.38708 	0.07068 	0.00000 	0.36229 	-0.40098 	-0.30308 	0.04172 	-0.34157 	0.27116 	1.20000 	-0.09772 	-0.07776 	-0.12974 	0.05936 	0.00000 	0.28619 	-0.13440 	-0.10158 	0.02739 	-0.11449 	0.09089 	0.39684 	0.01035	0.20497
Replication100	 0.01974	0.99682	0.95899 	0.96010 	0.97017 	0.96479 	0.96747 	0.98304 	0.93026 	0.95244 	0.97802 	0.93848 	0.96729 	0.99927 	-0.24327 	-0.33006 	-0.21314 	0.05571 	0.00914 	0.24894 	-0.37281 	-0.33035 	0.02678 	-0.31738 	0.25635 	1.20000 	-0.08030 	-0.10895 	-0.07035 	0.05238 	0.00302 	0.22656 	-0.12306 	-0.10905 	0.02256 	-0.10476 	0.08462 	0.39478 	0.01016	0.18744
Replication101	 0.00236	0.99735	0.96723 	0.96579 	0.97281 	0.97082 	0.97339 	0.98591 	0.94764 	0.96357 	0.98290 	0.95273 	0.97709 	1.00106 	-0.19428 	-0.31089 	-0.27181 	0.04823 	0.02642 	0.22178 	-0.28264 	-0.28883 	0.02265 	-0.27062 	0.23878 	1.03880 	-0.06406 	-0.10251 	-0.08963 	0.04545 	0.00871 	0.20314 	-0.09320 	-0.09524 	0.01914 	-0.08923 	0.07874 	0.32870 	0.02242	0.15001
Replication102	 0.04078	0.98809	0.94595 	0.94740 	0.95435 	0.95294 	0.95410 	0.97209 	0.90922 	0.93447 	0.96367 	0.92209 	0.95089 	0.98401 	-0.25941 	-0.32148 	-0.31630 	0.07445 	0.00000 	0.37629 	-0.43203 	-0.38621 	0.04362 	-0.25273 	0.26831 	1.20000 	-0.08714 	-0.10799 	-0.10625 	0.06198 	0.00000 	0.29246 	-0.14512 	-0.12973 	0.02784 	-0.08489 	0.09013 	0.39086 	0.00541	0.20213
Replication103	 0.05504	0.97779	0.91832 	0.93162 	0.93478 	0.93423 	0.93476 	0.95857 	0.89496 	0.91529 	0.94657 	0.90198 	0.93043 	0.96608 	-0.43609 	-0.19132 	-0.43338 	0.10221 	0.00000 	0.53173 	-0.32989 	-0.41144 	0.06364 	-0.29857 	0.20044 	1.20000 	-0.14954 	-0.06560 	-0.14861 	0.07895 	0.00000 	0.37536 	-0.11312 	-0.14109 	0.03420 	-0.10238 	0.06873 	0.38135 	0.00259	0.21826
Replication104	 0.04234	0.98401	0.92367 	0.93672 	0.94955 	0.93944 	0.94331 	0.96669 	0.90766 	0.92780 	0.95679 	0.91324 	0.93734 	0.97707 	-0.43316 	-0.29198 	-0.21533 	0.09272 	0.01695 	0.43823 	-0.30018 	-0.34398 	0.05164 	-0.31433 	0.10039 	1.20000 	-0.14669 	-0.09888 	-0.07292 	0.07597 	0.00574 	0.32565 	-0.10166 	-0.11649 	0.03044 	-0.10645 	0.03400 	0.37467 	0.00105	0.20337
Replication105	 -1.15466	0.99707	0.95432 	0.95578 	0.96698 	0.96084 	0.96404 	0.98167 	0.95029 	0.96282 	0.97989 	0.95050 	0.97274 	1.00022 	-0.27211 	-0.36388 	-0.27703 	0.06031 	0.01180 	0.26018 	-0.19468 	-0.25534 	0.02517 	-0.31962 	0.15808 	1.14036 	-0.08978 	-0.12005 	-0.09140 	0.05724 	0.00389 	0.23958 	-0.06423 	-0.08424 	0.02129 	-0.10545 	0.05216 	0.35525 	0.02677	0.17425
Replication106	 0.01316	0.99699	0.94879 	0.95459 	0.96345 	0.95808 	0.96063 	0.97994 	0.93684 	0.95944 	0.97803 	0.94596 	0.97194 	0.99962 	-0.33972 	-0.29201 	-0.33649 	0.06365 	0.00364 	0.27570 	-0.37560 	-0.21497 	0.02666 	-0.29242 	0.25921 	1.19810 	-0.11210 	-0.09636 	-0.11104 	0.06050 	0.00120 	0.25450 	-0.12394 	-0.07094 	0.02267 	-0.09649 	0.08553 	0.39057 	0.02425	0.20410
Replication107	 0.00929	0.99654	0.95179 	0.95913 	0.96308 	0.96139 	0.96266 	0.98046 	0.94071 	0.95625 	0.97760 	0.94260 	0.97377 	0.99878 	-0.34577 	-0.19787 	-0.39356 	0.05992 	0.00000 	0.27273 	-0.27221 	-0.32482 	0.02728 	-0.36824 	0.31857 	1.20000 	-0.11420 	-0.06535 	-0.12999 	0.05629 	0.00000 	0.24836 	-0.08990 	-0.10728 	0.02269 	-0.12162 	0.10522 	0.39413 	0.02404	0.19834
Replication108	 0.00475	0.99727	0.96192 	0.96583 	0.97266 	0.96887 	0.97128 	0.98551 	0.94525 	0.96296 	0.98182 	0.95061 	0.97183 	1.00082 	-0.26807 	-0.24216 	-0.25253 	0.05059 	0.01562 	0.22556 	-0.28269 	-0.22876 	0.02354 	-0.27962 	0.14948 	1.06756 	-0.08841 	-0.07986 	-0.08328 	0.04774 	0.00515 	0.20637 	-0.09323 	-0.07544 	0.01993 	-0.09222 	0.04930 	0.33648 	0.02148	0.15253
Replication109	 0.02970	0.98797	0.93872 	0.94584 	0.95210 	0.94948 	0.95086 	0.97095 	0.92030 	0.93851 	0.96342 	0.92515 	0.94948 	0.98398 	-0.34725 	-0.25861 	-0.35079 	0.07865 	0.00000 	0.38670 	-0.28548 	-0.32569 	0.04390 	-0.30512 	0.14902 	1.20000 	-0.11667 	-0.08689 	-0.11786 	0.06606 	0.00000 	0.30201 	-0.09592 	-0.10943 	0.02795 	-0.10252 	0.05007 	0.37722 	0.01460	0.19402
Replication110	 0.06304	0.97631	0.92447 	0.93486 	0.93650 	0.93827 	0.93953 	0.95924 	0.88696 	0.90697 	0.94443 	0.89649 	0.92646 	0.96341 	-0.38545 	-0.19619 	-0.40593 	0.09815 	0.03322 	0.53102 	-0.35728 	-0.56597 	0.06627 	-0.24172 	0.23274 	1.20000 	-0.13256 	-0.06748 	-0.13961 	0.07335 	0.01142 	0.36425 	-0.12287 	-0.19465 	0.03487 	-0.08313 	0.08004 	0.38731 	0.00893	0.21095
Replication111	 0.04902	0.98309	0.93502 	0.93938 	0.94723 	0.94465 	0.94598 	0.96622 	0.90098 	0.92319 	0.95544 	0.90673 	0.93950 	0.97529 	-0.30428 	-0.31853 	-0.30477 	0.08698 	0.00000 	0.44567 	-0.34941 	-0.37360 	0.05329 	-0.37867 	0.24507 	1.20000 	-0.10324 	-0.10807 	-0.10340 	0.06927 	0.00000 	0.32662 	-0.11855 	-0.12676 	0.03087 	-0.12848 	0.08315 	0.38724 	0.00182	0.20865
Replication112	 0.06176	0.98142	0.93389 	0.93577 	0.94902 	0.94265 	0.94646 	0.96544 	0.88824 	0.91868 	0.95187 	0.90012 	0.92439 	0.97236 	-0.27419 	-0.41952 	-0.17546 	0.09024 	0.03469 	0.45841 	-0.42337 	-0.25644 	0.05714 	-0.33140 	0.05413 	1.20000 	-0.09334 	-0.14281 	-0.05973 	0.07079 	0.01181 	0.32763 	-0.14412 	-0.08730 	0.03252 	-0.11281 	0.01843 	0.38820 	0.01432	0.20926
Replication113	 0.01969	0.99565	0.96319 	0.96195 	0.96874 	0.96711 	0.96838 	0.98244 	0.93031 	0.94949 	0.97599 	0.93265 	0.96309 	0.99720 	-0.19758 	-0.30583 	-0.25309 	0.05355 	0.00000 	0.25833 	-0.29496 	-0.30759 	0.02911 	-0.41111 	0.21896 	1.20000 	-0.06537 	-0.10119 	-0.08374 	0.04900 	0.00000 	0.22771 	-0.09759 	-0.10177 	0.02335 	-0.13602 	0.07245 	0.39567 	0.01013	0.18249
Replication114	 -1.12694	0.99713	0.95299 	0.95379 	0.96625 	0.95935 	0.96296 	0.98130 	0.95437 	0.96583 	0.98099 	0.95979 	0.97755 	1.00054 	-0.27133 	-0.39644 	-0.28736 	0.06205 	0.01410 	0.26319 	-0.22749 	-0.34396 	0.02428 	-0.15567 	0.18015 	1.10798 	-0.08951 	-0.13078 	-0.09480 	0.05905 	0.00465 	0.24301 	-0.07505 	-0.11347 	0.02048 	-0.05135 	0.05943 	0.33898 	0.03048	0.17065
Replication115	 -1.32816	0.99796	0.97666 	0.97037 	0.98441 	0.97685 	0.97987 	0.99151 	0.96357 	0.97355 	0.99010 	0.96017 	0.98726 	1.00333 	-0.07877 	-0.41638 	-0.05938 	0.04069 	0.00000 	0.17027 	-0.16012 	-0.18692 	0.01670 	-0.38862 	0.26433 	0.78415 	-0.02594 	-0.13713 	-0.01956 	0.03856 	0.00000 	0.15589 	-0.05273 	-0.06156 	0.01400 	-0.12799 	0.08706 	0.23655 	0.01404	0.10715
Replication116	 0.00050	0.99706	0.94950 	0.95073 	0.96145 	0.95630 	0.95894 	0.97900 	0.95571 	0.96581 	0.97956 	0.95369 	0.97821 	1.00013 	-0.29160 	-0.38385 	-0.37139 	0.06574 	0.00000 	0.28377 	-0.16383 	-0.23538 	0.02543 	-0.34280 	0.22933 	1.15024 	-0.09621 	-0.12665 	-0.12254 	0.06265 	0.00000 	0.26304 	-0.05405 	-0.07766 	0.02152 	-0.11310 	0.07567 	0.36055 	0.03435	0.19323
Replication117	 0.00668	0.99722	0.95432 	0.95712 	0.97095 	0.96161 	0.96507 	0.98325 	0.94332 	0.96091 	0.98130 	0.94592 	0.97616 	1.00055 	-0.27428 	-0.36652 	-0.18363 	0.05930 	0.00000 	0.24569 	-0.29068 	-0.24038 	0.02398 	-0.38298 	0.29726 	1.09568 	-0.09046 	-0.12089 	-0.06057 	0.05639 	0.00000 	0.22612 	-0.09588 	-0.07929 	0.02029 	-0.12632 	0.09804 	0.35021 	0.01658	0.17766
Replication118	 0.00557	0.99707	0.94443 	0.95134 	0.96214 	0.95482 	0.95784 	0.97922 	0.95236 	0.96597 	0.97978 	0.95744 	0.97816 	1.00019 	-0.36733 	-0.31699 	-0.35100 	0.06750 	0.00000 	0.28180 	-0.25143 	-0.27343 	0.02525 	-0.21473 	0.22396 	1.14344 	-0.12119 	-0.10458 	-0.11581 	0.06443 	0.00000 	0.26116 	-0.08295 	-0.09021 	0.02137 	-0.07084 	0.07389 	0.35687 	0.03295	0.19212
Replication119	 -1.13653	0.99791	0.96172 	0.96480 	0.97451 	0.96831 	0.97098 	0.98721 	0.97140 	0.98166 	0.98961 	0.97517 	0.99358 	1.00329 	-0.25568 	-0.29364 	-0.26725 	0.05093 	0.00000 	0.20835 	-0.20677 	-0.16015 	0.01711 	-0.18054 	0.26038 	0.79353 	-0.08422 	-0.09672 	-0.08803 	0.04875 	0.00000 	0.19364 	-0.06810 	-0.05275 	0.01434 	-0.05946 	0.08576 	0.23327 	0.03373	0.12650
Replication120	 0.04426	0.99029	0.94141 	0.95258 	0.96176 	0.95433 	0.95751 	0.97596 	0.90574 	0.93502 	0.96674 	0.91497 	0.95019 	0.98765 	-0.37992 	-0.22032 	-0.19529 	0.07163 	0.01884 	0.33436 	-0.44417 	-0.26700 	0.03980 	-0.42823 	0.27818 	1.20000 	-0.12706 	-0.07368 	-0.06531 	0.06147 	0.00630 	0.26604 	-0.14855 	-0.08929 	0.02693 	-0.14321 	0.09303 	0.40838 	0.00794	0.21506
Replication121	 0.01706	0.99401	0.94563 	0.95118 	0.96178 	0.95511 	0.95783 	0.97753 	0.93294 	0.95089 	0.97339 	0.93599 	0.96413 	0.99448 	-0.32932 	-0.31732 	-0.27588 	0.06876 	0.00176 	0.30749 	-0.28512 	-0.28195 	0.03221 	-0.36470 	0.22708 	1.20000 	-0.10932 	-0.10534 	-0.09158 	0.06248 	0.00059 	0.26530 	-0.09465 	-0.09360 	0.02426 	-0.12107 	0.07538 	0.38401 	0.01692	0.19648
Replication122	 0.01837	0.99705	0.94383 	0.95385 	0.97070 	0.95619 	0.96076 	0.98187 	0.93163 	0.95432 	0.97817 	0.93264 	0.96655 	0.99966 	-0.38000 	-0.32627 	-0.10234 	0.06588 	0.00000 	0.25846 	-0.31882 	-0.15182 	0.02651 	-0.51552 	0.25210 	1.18748 	-0.12538 	-0.10765 	-0.03377 	0.06278 	0.00000 	0.23766 	-0.10519 	-0.05009 	0.02259 	-0.17009 	0.08318 	0.39506 	0.00436	0.20909
Replication123	 0.02614	0.99721	0.97245 	0.97185 	0.97441 	0.97566 	0.97595 	0.98675 	0.92386 	0.95170 	0.97927 	0.93255 	0.96490 	0.99992 	-0.17336 	-0.20869 	-0.25174 	0.04251 	0.00000 	0.21487 	-0.42703 	-0.21776 	0.02555 	-0.41407 	0.25966 	1.14586 	-0.05718 	-0.06883 	-0.08303 	0.03959 	0.00000 	0.19522 	-0.14085 	-0.07183 	0.02185 	-0.13658 	0.08565 	0.39708 	0.00421	0.18109
Replication124	 -1.22866	0.99856	0.98679 	0.98437 	0.98519 	0.98781 	0.98925 	0.99541 	0.97926 	0.98825 	0.99568 	0.97599 	0.99853 	1.00523 	-0.10557 	-0.17697 	-0.28441 	0.02728 	0.03453 	0.13377 	-0.13539 	0.00000 	0.01200 	-0.35271 	0.26239 	0.55768 	-0.03473 	-0.05821 	-0.09355 	0.02578 	0.01136 	0.12365 	-0.04454 	0.00000 	0.01009 	-0.11602 	0.08631 	0.17213 	0.02739	0.08227
Replication125	 0.01230	0.99723	0.95476 	0.95736 	0.97073 	0.96188 	0.96520 	0.98319 	0.93770 	0.96060 	0.98099 	0.94535 	0.97488 	1.00049 	-0.27096 	-0.36253 	-0.19042 	0.05897 	0.00000 	0.24621 	-0.37726 	-0.19685 	0.02421 	-0.34869 	0.30266 	1.09922 	-0.08937 	-0.11957 	-0.06281 	0.05607 	0.00000 	0.22671 	-0.12443 	-0.06492 	0.02054 	-0.11500 	0.09982 	0.35641 	0.01544	0.18346
Replication126	 0.01226	0.99466	0.95041 	0.94951 	0.96032 	0.95601 	0.95899 	0.97728 	0.93774 	0.95425 	0.97434 	0.93831 	0.96716 	0.99561 	-0.25525 	-0.40788 	-0.32776 	0.06734 	0.01567 	0.30736 	-0.25238 	-0.23515 	0.03104 	-0.40318 	0.23732 	1.20000 	-0.08462 	-0.13522 	-0.10866 	0.06175 	0.00520 	0.26977 	-0.08367 	-0.07796 	0.02396 	-0.13366 	0.07868 	0.38499 	0.02278	0.20056
Replication127	 -1.18952	0.99750	0.96929 	0.97033 	0.97417 	0.97377 	0.97467 	0.98729 	0.95286 	0.96832 	0.98456 	0.95811 	0.97823 	1.00167 	-0.20824 	-0.21939 	-0.29610 	0.04461 	0.00000 	0.20908 	-0.26338 	-0.22423 	0.02127 	-0.24025 	0.17805 	0.97193 	-0.06865 	-0.07232 	-0.09761 	0.04200 	0.00000 	0.19151 	-0.08682 	-0.07392 	0.01796 	-0.07920 	0.05869 	0.30262 	0.02666	0.13428
Replication128	 0.02074	0.99088	0.95175 	0.95351 	0.95148 	0.95803 	0.95720 	0.97363 	0.92926 	0.94566 	0.96835 	0.93812 	0.96377 	0.98892 	-0.27170 	-0.20771 	-0.54221 	0.06690 	0.00000 	0.35285 	-0.32685 	-0.43959 	0.03817 	-0.18949 	0.29213 	1.20000 	-0.09076 	-0.06938 	-0.18112 	0.05736 	0.00000 	0.28866 	-0.10918 	-0.14684 	0.02608 	-0.06330 	0.09758 	0.38956 	0.02739	0.19868
Replication129	 -1.05420	0.99764	0.95842 	0.96272 	0.96707 	0.96578 	0.96718 	0.98400 	0.97316 	0.97882 	0.98621 	0.97027 	0.99014 	1.00226 	-0.29395 	-0.23123 	-0.42448 	0.05410 	0.00000 	0.23764 	-0.10283 	-0.16977 	0.01991 	-0.27032 	0.23068 	0.90843 	-0.09687 	-0.07620 	-0.13989 	0.05163 	0.00000 	0.22104 	-0.03389 	-0.05595 	0.01678 	-0.08908 	0.07602 	0.27623 	0.04182	0.14983
Replication130	 0.01453	0.99706	0.94479 	0.95974 	0.97179 	0.95953 	0.96326 	0.98332 	0.93547 	0.95533 	0.97908 	0.94055 	0.96788 	0.99989 	-0.43112 	-0.19117 	-0.14658 	0.06187 	0.00000 	0.24567 	-0.31813 	-0.28691 	0.02580 	-0.34722 	0.21189 	1.16767 	-0.14224 	-0.06307 	-0.04836 	0.05880 	0.00000 	0.22497 	-0.10496 	-0.09466 	0.02190 	-0.11456 	0.06991 	0.37905 	0.00822	0.18676
Replication131	 -1.16918	0.99761	0.95858 	0.96501 	0.97305 	0.96725 	0.96994 	0.98616 	0.96106 	0.97195 	0.98628 	0.96437 	0.98765 	1.00211 	-0.30538 	-0.23375 	-0.27271 	0.05235 	0.00736 	0.21871 	-0.22628 	-0.28544 	0.01988 	-0.22435 	0.29707 	0.92418 	-0.10064 	-0.07704 	-0.08988 	0.04985 	0.00243 	0.20187 	-0.07458 	-0.09407 	0.01671 	-0.07394 	0.09790 	0.28255 	0.02835	0.14115
Replication132	 -1.11463	0.99732	0.96057 	0.96439 	0.96795 	0.96776 	0.97161 	0.98423 	0.95954 	0.96739 	0.98275 	0.95955 	0.98055 	1.00105 	-0.29683 	-0.23529 	-0.40122 	0.05189 	0.06913 	0.23666 	-0.15616 	-0.33419 	0.02279 	-0.24020 	0.20656 	1.04321 	-0.09788 	-0.07759 	-0.13231 	0.04909 	0.02280 	0.21783 	-0.05149 	-0.11020 	0.01925 	-0.07921 	0.06811 	0.32581 	0.03365	0.15422
Replication133	 0.02007	0.99724	0.96571 	0.96445 	0.97480 	0.96961 	0.97246 	0.98582 	0.92993 	0.95713 	0.98065 	0.94224 	0.96791 	1.00041 	-0.19035 	-0.34313 	-0.16548 	0.04973 	0.01481 	0.22300 	-0.43648 	-0.21155 	0.02446 	-0.29134 	0.21454 	1.10313 	-0.06278 	-0.11317 	-0.05458 	0.04684 	0.00489 	0.20358 	-0.14396 	-0.06977 	0.02081 	-0.09609 	0.07076 	0.36349 	0.00867	0.17002
Replication134	 0.06387	0.97529	0.92545 	0.92357 	0.93006 	0.93252 	0.93276 	0.95491 	0.88613 	0.91150 	0.94196 	0.89383 	0.92182 	0.96170 	-0.24818 	-0.42098 	-0.43468 	0.10556 	0.00000 	0.57287 	-0.36218 	-0.27215 	0.06885 	-0.35772 	0.14633 	1.20000 	-0.08553 	-0.14508 	-0.14980 	0.07969 	0.00000 	0.39894 	-0.12482 	-0.09379 	0.03610 	-0.12328 	0.05043 	0.38201 	0.00220	0.22489
Replication135	 0.00429	0.99755	0.97248 	0.97215 	0.97881 	0.97601 	0.97748 	0.98912 	0.94571 	0.96589 	0.98502 	0.95601 	0.97527 	1.00180 	-0.17202 	-0.25508 	-0.18609 	0.04191 	0.00000 	0.19278 	-0.34633 	-0.23934 	0.02089 	-0.19418 	0.16530 	0.95524 	-0.05670 	-0.08408 	-0.06134 	0.03935 	0.00000 	0.17556 	-0.11415 	-0.07889 	0.01765 	-0.06400 	0.05448 	0.29934 	0.01692	0.12722
Replication136	 0.00016	0.99740	0.96030 	0.96258 	0.96747 	0.96638 	0.96767 	0.98356 	0.94984 	0.96878 	0.98301 	0.95819 	0.98186 	1.00117 	-0.26197 	-0.25597 	-0.37867 	0.05350 	0.00000 	0.24233 	-0.33733 	-0.18591 	0.02254 	-0.24097 	0.28622 	1.02432 	-0.08638 	-0.08440 	-0.12485 	0.05078 	0.00000 	0.22401 	-0.11122 	-0.06130 	0.01909 	-0.07945 	0.09437 	0.32617 	0.03190	0.16682
Replication137	 0.01892	0.99569	0.96291 	0.96934 	0.96908 	0.97074 	0.97074 	0.98371 	0.93108 	0.94939 	0.97585 	0.93382 	0.96034 	0.99724 	-0.28568 	-0.10431 	-0.32251 	0.04919 	0.00000 	0.24700 	-0.27661 	-0.32517 	0.02919 	-0.37032 	0.14729 	1.20000 	-0.09451 	-0.03451 	-0.10670 	0.04468 	0.00000 	0.21666 	-0.09151 	-0.10758 	0.02348 	-0.12252 	0.04873 	0.39805 	0.01185	0.17426
Replication138	 0.00752	0.99747	0.95867 	0.96233 	0.97508 	0.96597 	0.96925 	0.98592 	0.94248 	0.96492 	0.98409 	0.95253 	0.97963 	1.00144 	-0.26436 	-0.32254 	-0.15460 	0.05396 	0.00000 	0.22126 	-0.39229 	-0.21034 	0.02166 	-0.27431 	0.31261 	0.99371 	-0.08715 	-0.10633 	-0.05096 	0.05132 	0.00000 	0.20349 	-0.12932 	-0.06934 	0.01831 	-0.09043 	0.10305 	0.31657 	0.01523	0.15922
Replication139	 0.01968	0.99330	0.96000 	0.95471 	0.95774 	0.96199 	0.96314 	0.97701 	0.93032 	0.95046 	0.97192 	0.93722 	0.96300 	0.99314 	-0.17722 	-0.35006 	-0.44705 	0.06089 	0.02674 	0.31457 	-0.33094 	-0.27743 	0.03381 	-0.29987 	0.22170 	1.20000 	-0.05891 	-0.11637 	-0.14861 	0.05388 	0.00889 	0.26741 	-0.11001 	-0.09222 	0.02493 	-0.09968 	0.07370 	0.39135 	0.02479	0.19435
Replication140	 -1.28623	0.99814	0.97532 	0.97595 	0.98428 	0.97929 	0.98209 	0.99274 	0.96714 	0.97775 	0.99211 	0.96799 	0.99330 	1.00393 	-0.17112 	-0.25620 	-0.15041 	0.03768 	0.01749 	0.15874 	-0.20653 	-0.20399 	0.01503 	-0.29034 	0.31591 	0.71428 	-0.05634 	-0.08435 	-0.04952 	0.03574 	0.00576 	0.14563 	-0.06800 	-0.06716 	0.01257 	-0.09559 	0.10401 	0.21513 	0.01946	0.09788
Replication141	 -1.15940	0.99740	0.95630 	0.96048 	0.97108 	0.96403 	0.96685 	0.98433 	0.96106 	0.96974 	0.98381 	0.95761 	0.97999 	1.00146 	-0.28735 	-0.30452 	-0.24878 	0.05632 	0.00000 	0.23553 	-0.12804 	-0.20897 	0.02192 	-0.34457 	0.17768 	1.00220 	-0.09474 	-0.10040 	-0.08203 	0.05360 	0.00000 	0.21722 	-0.04222 	-0.06890 	0.01847 	-0.11361 	0.05858 	0.30448 	0.02858	0.15045
Replication142	 -1.22510	0.99758	0.97274 	0.97714 	0.97688 	0.97855 	0.97863 	0.98945 	0.95555 	0.96683 	0.98561 	0.96091 	0.98011 	1.00189 	-0.23100 	-0.10099 	-0.30707 	0.03886 	0.00000 	0.18979 	-0.23261 	-0.37974 	0.02042 	-0.16108 	0.19402 	0.94543 	-0.07614 	-0.03329 	-0.10121 	0.03633 	0.00000 	0.17274 	-0.07667 	-0.12516 	0.01721 	-0.05309 	0.06395 	0.29579 	0.02397	0.12046
Replication143	 0.00992	0.99725	0.97120 	0.97075 	0.97665 	0.97476 	0.97600 	0.98758 	0.94008 	0.95790 	0.98141 	0.94448 	0.96719 	1.00064 	-0.17725 	-0.25118 	-0.19387 	0.04356 	0.00146 	0.20738 	-0.27784 	-0.28951 	0.02387 	-0.30958 	0.12632 	1.08447 	-0.05846 	-0.08284 	-0.06394 	0.04069 	0.00048 	0.18805 	-0.09163 	-0.09548 	0.02023 	-0.10210 	0.04166 	0.34773 	0.01216	0.14438
Replication144	 -1.09065	0.99724	0.96671 	0.96183 	0.96508 	0.96844 	0.97071 	0.98283 	0.95487 	0.96574 	0.98157 	0.95909 	0.98084 	1.00065 	-0.17836 	-0.33715 	-0.45043 	0.05113 	0.04644 	0.24936 	-0.22825 	-0.35909 	0.02376 	-0.19330 	0.25501 	1.08543 	-0.05883 	-0.11120 	-0.14856 	0.04824 	0.01532 	0.22991 	-0.07528 	-0.11844 	0.02010 	-0.06376 	0.08411 	0.34464 	0.03545	0.16626
Replication145	 0.02113	0.99342	0.92887 	0.93982 	0.95535 	0.94326 	0.94844 	0.97324 	0.93914 	0.95474 	0.97230 	0.94232 	0.96846 	0.99352 	-0.44669 	-0.36630 	-0.30674 	0.08323 	0.02273 	0.34735 	-0.26383 	-0.26528 	0.03343 	-0.31508 	0.25403 	1.20000 	-0.14845 	-0.12174 	-0.10194 	0.07634 	0.00755 	0.30106 	-0.08768 	-0.08816 	0.02472 	-0.10471 	0.08443 	0.37929 	0.02306	0.22070
Replication146	 0.03150	0.99300	0.91850 	0.93105 	0.95056 	0.93485 	0.94015 	0.96990 	0.94642 	0.95832 	0.97153 	0.95152 	0.97141 	0.99286 	-0.48991 	-0.42142 	-0.31948 	0.09350 	0.00000 	0.37826 	-0.23405 	-0.31759 	0.03431 	-0.17931 	0.22756 	1.20000 	-0.16296 	-0.14017 	-0.10627 	0.08617 	0.00000 	0.32898 	-0.07785 	-0.10564 	0.02503 	-0.05964 	0.07569 	0.37216 	0.02804	0.23550
Replication147	 -1.22303	0.99754	0.95501 	0.96671 	0.97514 	0.96687 	0.96965 	0.98680 	0.95503 	0.96880 	0.98546 	0.96200 	0.98266 	1.00187 	-0.36666 	-0.16361 	-0.21098 	0.05285 	0.00000 	0.21332 	-0.27464 	-0.31562 	0.02056 	-0.17180 	0.24237 	0.95193 	-0.12086 	-0.05393 	-0.06954 	0.05028 	0.00000 	0.19599 	-0.09053 	-0.10404 	0.01729 	-0.05663 	0.07989 	0.29171 	0.02229	0.13964
Replication148	 0.04373	0.99218	0.96232 	0.96197 	0.96826 	0.96673 	0.96768 	0.98065 	0.90627 	0.93627 	0.96986 	0.91877 	0.94985 	0.99092 	-0.18635 	-0.27485 	-0.17828 	0.05582 	0.00000 	0.28635 	-0.46681 	-0.33136 	0.03614 	-0.34862 	0.21809 	1.20000 	-0.06209 	-0.09157 	-0.05940 	0.04763 	0.00000 	0.23128 	-0.15553 	-0.11040 	0.02577 	-0.11615 	0.07266 	0.41087 	0.01023	0.19308
Replication149	 0.00971	0.99700	0.94653 	0.95651 	0.96190 	0.95822 	0.96057 	0.97981 	0.94029 	0.96160 	0.97819 	0.95206 	0.97281 	0.99970 	-0.39859 	-0.20162 	-0.40475 	0.06347 	0.01246 	0.27682 	-0.37483 	-0.25458 	0.02652 	-0.18386 	0.21931 	1.19009 	-0.13153 	-0.06653 	-0.13356 	0.06033 	0.00411 	0.25570 	-0.12368 	-0.08400 	0.02255 	-0.06067 	0.07237 	0.38519 	0.02955	0.20028
Replication150	 0.02507	0.99071	0.93980 	0.94180 	0.95293 	0.94802 	0.95134 	0.97188 	0.92493 	0.94646 	0.96788 	0.93458 	0.96043 	0.98872 	-0.30862 	-0.40289 	-0.35396 	0.07896 	0.02134 	0.36889 	-0.36815 	-0.29200 	0.03865 	-0.25721 	0.25492 	1.20000 	-0.10313 	-0.13463 	-0.11828 	0.06923 	0.00713 	0.30348 	-0.12302 	-0.09757 	0.02633 	-0.08595 	0.08518 	0.38193 	0.01999	0.21071
Replication151	 0.01360	0.99733	0.95974 	0.96707 	0.97499 	0.96873 	0.97097 	0.98628 	0.93640 	0.96109 	0.98171 	0.94463 	0.96905 	1.00082 	-0.30224 	-0.20215 	-0.18602 	0.05074 	0.00000 	0.21862 	-0.37249 	-0.13228 	0.02359 	-0.34163 	0.17047 	1.06033 	-0.09967 	-0.06666 	-0.06134 	0.04794 	0.00000 	0.19982 	-0.12283 	-0.04362 	0.02005 	-0.11265 	0.05621 	0.34421 	0.01306	0.16147
Replication152	 0.00392	0.99731	0.96258 	0.96084 	0.97646 	0.96687 	0.97209 	0.98606 	0.94608 	0.96195 	0.98232 	0.94635 	0.97041 	1.00099 	-0.19870 	-0.43070 	-0.09600 	0.05297 	0.04066 	0.22065 	-0.22547 	-0.20298 	0.02313 	-0.38184 	0.13563 	1.05019 	-0.06553 	-0.14203 	-0.03166 	0.05015 	0.01341 	0.20170 	-0.07435 	-0.06694 	0.01956 	-0.12592 	0.04473 	0.32819 	0.01245	0.15132
Replication153	 0.07531	0.96973	0.90009 	0.91391 	0.92510 	0.91836 	0.92044 	0.94886 	0.87784 	0.89614 	0.93283 	0.87469 	0.90817 	0.95195 	-0.45331 	-0.32002 	-0.30974 	0.12539 	0.00000 	0.64572 	-0.22482 	-0.34704 	0.07958 	-0.49820 	0.11992 	1.20000 	-0.15797 	-0.11152 	-0.10794 	0.09370 	0.00000 	0.43264 	-0.07835 	-0.12094 	0.03945 	-0.17361 	0.04179 	0.38186 	0.01755	0.23912
Replication154	 0.03474	0.99102	0.94789 	0.95362 	0.95882 	0.95704 	0.95866 	0.97575 	0.91526 	0.94030 	0.96815 	0.92226 	0.95564 	0.98902 	-0.31362 	-0.23818 	-0.32266 	0.06801 	0.01169 	0.33371 	-0.39039 	-0.27028 	0.03823 	-0.40609 	0.28263 	1.20000 	-0.10473 	-0.07954 	-0.10775 	0.05861 	0.00390 	0.27050 	-0.13037 	-0.09026 	0.02633 	-0.13561 	0.09438 	0.40078 	0.00686	0.20625
Replication155	 0.05839	0.97435	0.89161 	0.90775 	0.93114 	0.91257 	0.91799 	0.95159 	0.89164 	0.91046 	0.94060 	0.89681 	0.91989 	0.96025 	-0.51096 	-0.45612 	-0.16672 	0.12990 	0.00000 	0.60546 	-0.27663 	-0.37208 	0.07052 	-0.29080 	0.07827 	1.20000 	-0.17642 	-0.15749 	-0.05756 	0.10304 	0.00000 	0.42490 	-0.09551 	-0.12847 	0.03653 	-0.10041 	0.02702 	0.36608 	0.01092	0.24172
Replication156	 0.02527	0.99276	0.94547 	0.95256 	0.96259 	0.95574 	0.95825 	0.97737 	0.92473 	0.94621 	0.97102 	0.92787 	0.95623 	0.99224 	-0.33594 	-0.28067 	-0.23324 	0.06865 	0.00000 	0.31325 	-0.30746 	-0.21992 	0.03486 	-0.41835 	0.16936 	1.20000 	-0.11180 	-0.09340 	-0.07762 	0.06107 	0.00000 	0.26230 	-0.10232 	-0.07318 	0.02527 	-0.13922 	0.05636 	0.38842 	0.00939	0.19589
Replication157	 0.07139	0.97685	0.91741 	0.92640 	0.93637 	0.93133 	0.93317 	0.95772 	0.87861 	0.90940 	0.94480 	0.89501 	0.92674 	0.96427 	-0.38160 	-0.32776 	-0.30660 	0.10616 	0.00000 	0.54257 	-0.49644 	-0.39719 	0.06563 	-0.26471 	0.27269 	1.20000 	-0.13110 	-0.11260 	-0.10533 	0.08192 	0.00000 	0.37959 	-0.17055 	-0.13645 	0.03494 	-0.09094 	0.09368 	0.39347 	0.01283	0.23662
Replication158	 0.01851	0.99702	0.96016 	0.96710 	0.96930 	0.96877 	0.97049 	0.98404 	0.93149 	0.95642 	0.97791 	0.94356 	0.96161 	0.99968 	-0.31441 	-0.14950 	-0.32393 	0.05084 	0.02384 	0.23945 	-0.38625 	-0.22516 	0.02672 	-0.22435 	0.07586 	1.18877 	-0.10374 	-0.04933 	-0.10688 	0.04773 	0.00787 	0.21850 	-0.12745 	-0.07429 	0.02278 	-0.07403 	0.02503 	0.39067 	0.01812	0.17684
Replication159	 0.01273	0.99634	0.93727 	0.95489 	0.96401 	0.95408 	0.95728 	0.97958 	0.93913 	0.95734 	0.97685 	0.94205 	0.96826 	0.99850 	-0.49212 	-0.15243 	-0.28742 	0.06876 	0.00000 	0.28113 	-0.27881 	-0.22126 	0.02799 	-0.36615 	0.20107 	1.20000 	-0.16260 	-0.05036 	-0.09497 	0.06493 	0.00000 	0.25540 	-0.09212 	-0.07311 	0.02314 	-0.12098 	0.06643 	0.38924 	0.01917	0.20502
Replication160	 0.04009	0.98651	0.95659 	0.95389 	0.95396 	0.95997 	0.95902 	0.97252 	0.91373 	0.92961 	0.96071 	0.90991 	0.94129 	0.98120 	-0.17266 	-0.25771 	-0.37602 	0.06687 	0.00000 	0.37807 	-0.20379 	-0.33102 	0.04696 	-0.48988 	0.13545 	1.20000 	-0.05818 	-0.08684 	-0.12671 	0.05275 	0.00000 	0.28309 	-0.06867 	-0.11154 	0.02908 	-0.16507 	0.04564 	0.39407 	0.00364	0.18761
Replication161	 0.02875	0.98943	0.93922 	0.94422 	0.95520 	0.94898 	0.95146 	0.97227 	0.92125 	0.94051 	0.96587 	0.92498 	0.95372 	0.98649 	-0.32447 	-0.34361 	-0.27710 	0.07847 	0.00000 	0.36992 	-0.29967 	-0.30002 	0.04104 	-0.36802 	0.21235 	1.20000 	-0.10870 	-0.11511 	-0.09283 	0.06741 	0.00000 	0.29551 	-0.10039 	-0.10051 	0.02703 	-0.12329 	0.07114 	0.38092 	0.01103	0.20118
Replication162	 0.04297	0.98712	0.93050 	0.93945 	0.95390 	0.94339 	0.94683 	0.96987 	0.90703 	0.93170 	0.96195 	0.91382 	0.94880 	0.98229 	-0.37611 	-0.34754 	-0.19374 	0.08637 	0.00000 	0.39928 	-0.38827 	-0.31365 	0.04559 	-0.40767 	0.29949 	1.20000 	-0.12658 	-0.11697 	-0.06521 	0.07289 	0.00000 	0.30861 	-0.13068 	-0.10556 	0.02852 	-0.13721 	0.10080 	0.39241 	0.00382	0.22102
Replication163	 0.00645	0.99609	0.94489 	0.95084 	0.96058 	0.95465 	0.95726 	0.97800 	0.94355 	0.95998 	0.97665 	0.94745 	0.97090 	0.99817 	-0.35220 	-0.31408 	-0.35368 	0.06821 	0.00000 	0.29594 	-0.26694 	-0.23444 	0.02831 	-0.30187 	0.20186 	1.20000 	-0.11643 	-0.10383 	-0.11692 	0.06412 	0.00000 	0.26844 	-0.08824 	-0.07750 	0.02314 	-0.09979 	0.06673 	0.38072 	0.02880	0.20044
Replication164	 0.04691	0.98116	0.93022 	0.93239 	0.93526 	0.93907 	0.94009 	0.96067 	0.90309 	0.92700 	0.95172 	0.91284 	0.93899 	0.97196 	-0.31327 	-0.32933 	-0.52702 	0.09465 	0.02536 	0.50135 	-0.37506 	-0.26802 	0.05744 	-0.28777 	0.20410 	1.20000 	-0.10670 	-0.11217 	-0.17950 	0.07492 	0.00864 	0.36872 	-0.12774 	-0.09129 	0.03246 	-0.09801 	0.06952 	0.38384 	0.01749	0.22269
Replication165	 0.00571	0.99716	0.94429 	0.95287 	0.96787 	0.95576 	0.95991 	0.98143 	0.95294 	0.96508 	0.98135 	0.95903 	0.97844 	1.00063 	-0.37360 	-0.33390 	-0.21329 	0.06633 	0.00000 	0.26200 	-0.24706 	-0.36222 	0.02398 	-0.15866 	0.21319 	1.09826 	-0.12324 	-0.11014 	-0.07036 	0.06335 	0.00000 	0.24199 	-0.08150 	-0.11949 	0.02021 	-0.05234 	0.07032 	0.33606 	0.02497	0.17488
Replication166	 0.00377	0.99724	0.95635 	0.96138 	0.97241 	0.96454 	0.96743 	0.98444 	0.94623 	0.96283 	0.98135 	0.94653 	0.97080 	1.00071 	-0.29176 	-0.29067 	-0.19122 	0.05579 	0.00000 	0.23511 	-0.23177 	-0.15979 	0.02392 	-0.39436 	0.14511 	1.08070 	-0.09623 	-0.09587 	-0.06307 	0.05290 	0.00000 	0.21567 	-0.07644 	-0.05270 	0.02026 	-0.13007 	0.04786 	0.33994 	0.01894	0.16226
Replication167	 0.00208	0.99709	0.94792 	0.95261 	0.95824 	0.95677 	0.96012 	0.97851 	0.95787 	0.96735 	0.97964 	0.95858 	0.98196 	1.00013 	-0.35324 	-0.29661 	-0.49660 	0.06516 	0.04160 	0.28802 	-0.18613 	-0.28478 	0.02535 	-0.26249 	0.27341 	1.14608 	-0.11654 	-0.09786 	-0.16384 	0.06211 	0.01372 	0.26750 	-0.06141 	-0.09396 	0.02148 	-0.08660 	0.09020 	0.36449 	0.04026	0.19931
Replication168	 0.01765	0.99559	0.95464 	0.95555 	0.95923 	0.96050 	0.96165 	0.97838 	0.93235 	0.95674 	0.97568 	0.94828 	0.97078 	0.99712 	-0.27043 	-0.28678 	-0.45045 	0.06148 	0.00963 	0.29436 	-0.44478 	-0.30290 	0.02939 	-0.14296 	0.27523 	1.20000 	-0.08949 	-0.09490 	-0.14906 	0.05686 	0.00319 	0.26331 	-0.14718 	-0.10023 	0.02355 	-0.04731 	0.09108 	0.39428 	0.02813	0.20411
Replication169	 -1.17455	0.99738	0.95752 	0.96153 	0.97169 	0.96509 	0.96835 	0.98476 	0.95432 	0.96817 	0.98379 	0.96329 	0.98027 	1.00139 	-0.28449 	-0.30045 	-0.24760 	0.05506 	0.01405 	0.23185 	-0.28079 	-0.33718 	0.02195 	-0.10655 	0.19713 	1.00996 	-0.09380 	-0.09907 	-0.08164 	0.05232 	0.00463 	0.21340 	-0.09258 	-0.11118 	0.01848 	-0.03513 	0.06500 	0.30733 	0.02706	0.14776
Replication170	 0.02002	0.99611	0.95648 	0.96170 	0.97004 	0.96473 	0.96764 	0.98298 	0.92998 	0.94877 	0.97726 	0.93850 	0.96856 	0.99801 	-0.29546 	-0.25746 	-0.22028 	0.05616 	0.01964 	0.25202 	-0.35923 	-0.48253 	0.02783 	-0.25876 	0.31126 	1.20000 	-0.09767 	-0.08511 	-0.07282 	0.05208 	0.00649 	0.22463 	-0.11875 	-0.15951 	0.02267 	-0.08554 	0.10289 	0.39510 	0.00674	0.18448
Replication171	 0.00431	0.99725	0.96074 	0.96248 	0.97246 	0.96682 	0.97046 	0.98493 	0.94569 	0.96064 	0.98182 	0.94833 	0.97555 	1.00068 	-0.25019 	-0.32130 	-0.22281 	0.05306 	0.02977 	0.23082 	-0.26052 	-0.31382 	0.02356 	-0.32468 	0.25605 	1.08186 	-0.08251 	-0.10597 	-0.07349 	0.05017 	0.00982 	0.21144 	-0.08592 	-0.10350 	0.01991 	-0.10708 	0.08445 	0.34340 	0.01818	0.16071
Replication172	 0.00206	0.99744	0.96831 	0.96239 	0.96878 	0.96920 	0.97032 	0.98415 	0.94794 	0.96823 	0.98306 	0.95262 	0.98018 	1.00122 	-0.14067 	-0.36610 	-0.35286 	0.05011 	0.00000 	0.23701 	-0.32157 	-0.09026 	0.02247 	-0.36939 	0.28775 	1.01451 	-0.04638 	-0.12070 	-0.11633 	0.04743 	0.00000 	0.21901 	-0.10602 	-0.02976 	0.01908 	-0.12178 	0.09486 	0.32844 	0.02901	0.16787
Replication173	 0.04359	0.98148	0.93618 	0.93652 	0.93971 	0.94331 	0.94320 	0.96287 	0.90641 	0.92571 	0.95263 	0.91300 	0.93668 	0.97264 	-0.26402 	-0.32553 	-0.45717 	0.08941 	0.00000 	0.48084 	-0.30313 	-0.35111 	0.05652 	-0.27487 	0.13507 	1.20000 	-0.08987 	-0.11080 	-0.15561 	0.07003 	0.00000 	0.35051 	-0.10318 	-0.11951 	0.03198 	-0.09356 	0.04598 	0.37544 	0.01390	0.20141
Replication174	 0.00840	0.99706	0.95361 	0.95829 	0.96813 	0.96192 	0.96515 	0.98234 	0.94160 	0.95948 	0.97951 	0.94781 	0.97179 	1.00004 	-0.30827 	-0.30111 	-0.26537 	0.05902 	0.01645 	0.25426 	-0.30478 	-0.29149 	0.02546 	-0.27359 	0.21203 	1.15604 	-0.10171 	-0.09935 	-0.08755 	0.05594 	0.00543 	0.23358 	-0.10056 	-0.09617 	0.02157 	-0.09027 	0.06996 	0.36805 	0.02134	0.17893
Replication175	 0.07815	0.96973	0.91938 	0.92242 	0.92454 	0.92947 	0.92865 	0.95052 	0.87185 	0.89369 	0.93311 	0.87632 	0.91123 	0.95184 	-0.29351 	-0.30880 	-0.44586 	0.11211 	0.00000 	0.63114 	-0.32948 	-0.45133 	0.07936 	-0.39446 	0.21506 	1.20000 	-0.10228 	-0.10761 	-0.15537 	0.08042 	0.00000 	0.41807 	-0.11482 	-0.15728 	0.03924 	-0.13746 	0.07494 	0.39084 	0.01429	0.22870
Replication176	 0.03144	0.98402	0.92625 	0.93390 	0.94007 	0.93851 	0.93977 	0.96345 	0.91856 	0.93444 	0.95679 	0.92052 	0.94648 	0.97710 	-0.38536 	-0.29734 	-0.46057 	0.09383 	0.00000 	0.46683 	-0.24451 	-0.29127 	0.05164 	-0.33856 	0.18416 	1.20000 	-0.13051 	-0.10070 	-0.15597 	0.07710 	0.00000 	0.35432 	-0.08280 	-0.09864 	0.03045 	-0.11466 	0.06237 	0.37389 	0.02108	0.21484
Replication177	 0.09678	0.97433	0.92173 	0.93920 	0.94076 	0.93941 	0.93947 	0.95977 	0.85322 	0.89625 	0.93906 	0.87759 	0.90267 	0.95945 	-0.43299 	-0.07166 	-0.24775 	0.09782 	0.00000 	0.53340 	-0.60379 	-0.31853 	0.07173 	-0.24440 	0.05824 	1.20000 	-0.14951 	-0.02474 	-0.08555 	0.07095 	0.00000 	0.35268 	-0.20848 	-0.10999 	0.03770 	-0.08439 	0.02011 	0.42470 	0.04214	0.24348
Replication178	 0.02173	0.99027	0.94375 	0.95094 	0.95503 	0.95399 	0.95497 	0.97383 	0.92827 	0.94316 	0.96758 	0.93588 	0.95801 	0.98802 	-0.34371 	-0.21895 	-0.38567 	0.07205 	0.00000 	0.35323 	-0.28723 	-0.46522 	0.03916 	-0.17742 	0.19430 	1.20000 	-0.11495 	-0.07323 	-0.12899 	0.06186 	0.00000 	0.28473 	-0.09606 	-0.15559 	0.02627 	-0.05934 	0.06498 	0.37694 	0.01938	0.18662
Replication179	 0.04781	0.98642	0.93961 	0.94425 	0.95096 	0.94893 	0.95016 	0.96961 	0.90219 	0.93166 	0.96042 	0.91476 	0.94478 	0.98102 	-0.30799 	-0.29208 	-0.32740 	0.08012 	0.00000 	0.40402 	-0.45636 	-0.25946 	0.04724 	-0.33131 	0.23986 	1.20000 	-0.10380 	-0.09844 	-0.11034 	0.06590 	0.00000 	0.30841 	-0.15381 	-0.08745 	0.02924 	-0.11166 	0.08084 	0.39582 	0.00328	0.21470
Replication180	 0.02330	0.99715	0.96463 	0.96894 	0.97818 	0.97180 	0.97617 	0.98749 	0.92670 	0.95064 	0.97978 	0.93729 	0.96360 	1.00004 	-0.25889 	-0.25318 	-0.11056 	0.04715 	0.05223 	0.20851 	-0.39799 	-0.36741 	0.02520 	-0.27924 	0.19228 	1.14398 	-0.08540 	-0.08352 	-0.03647 	0.04417 	0.01723 	0.18848 	-0.13129 	-0.12120 	0.02142 	-0.09211 	0.06343 	0.38058 	0.00210	0.16533
Replication181	 0.03994	0.98422	0.93291 	0.93535 	0.94261 	0.94172 	0.94289 	0.96461 	0.91006 	0.93345 	0.95674 	0.91667 	0.94186 	0.97739 	-0.30681 	-0.35888 	-0.41457 	0.08989 	0.00000 	0.45580 	-0.33720 	-0.19331 	0.05153 	-0.34920 	0.14646 	1.20000 	-0.10386 	-0.12149 	-0.14034 	0.07337 	0.00000 	0.34476 	-0.11415 	-0.06544 	0.03062 	-0.11821 	0.04958 	0.37953 	0.01622	0.21438
Replication182	 0.00370	0.99713	0.94630 	0.94717 	0.95831 	0.95325 	0.95603 	0.97760 	0.96733 	0.97315 	0.98048 	0.96604 	0.98159 	1.00056 	-0.30446 	-0.41173 	-0.43068 	0.06935 	0.00000 	0.29581 	-0.10190 	-0.22480 	0.02466 	-0.21183 	0.14503 	1.10692 	-0.10044 	-0.13583 	-0.14208 	0.06635 	0.00000 	0.27563 	-0.03362 	-0.07416 	0.02086 	-0.06988 	0.04784 	0.33795 	0.04365	0.19263
Replication183	 0.00171	0.99747	0.94829 	0.95413 	0.97089 	0.95796 	0.96242 	0.98312 	0.95103 	0.96911 	0.98409 	0.95506 	0.98417 	1.00149 	-0.32628 	-0.38040 	-0.17315 	0.06354 	0.00000 	0.24602 	-0.30730 	-0.14315 	0.02166 	-0.35527 	0.34265 	0.99052 	-0.10756 	-0.12540 	-0.05708 	0.06089 	0.00000 	0.22820 	-0.10131 	-0.04719 	0.01831 	-0.11712 	0.11296 	0.31131 	0.02116	0.17599
Replication184	 0.03617	0.98442	0.94237 	0.93999 	0.94480 	0.94751 	0.94776 	0.96638 	0.91383 	0.93052 	0.95757 	0.91441 	0.94487 	0.97769 	-0.22412 	-0.36606 	-0.42564 	0.08286 	0.00000 	0.43956 	-0.25315 	-0.33090 	0.05076 	-0.40074 	0.21374 	1.20000 	-0.07584 	-0.12387 	-0.14403 	0.06655 	0.00000 	0.32986 	-0.08566 	-0.11197 	0.03011 	-0.13561 	0.07233 	0.38169 	0.01360	0.20356
Replication185	 -1.09544	0.99771	0.95883 	0.96741 	0.96941 	0.96838 	0.96946 	0.98557 	0.96715 	0.97624 	0.98694 	0.96856 	0.99242 	1.00236 	-0.33554 	-0.13274 	-0.41470 	0.05096 	0.00000 	0.22351 	-0.19560 	-0.23315 	0.01930 	-0.24299 	0.33270 	0.89153 	-0.11056 	-0.04374 	-0.13664 	0.04856 	0.00000 	0.20740 	-0.06445 	-0.07682 	0.01627 	-0.08007 	0.10962 	0.27794 	0.03672	0.14751
Replication186	 0.05079	0.97422	0.90257 	0.91327 	0.92776 	0.91910 	0.92206 	0.95168 	0.89921 	0.91366 	0.94064 	0.90465 	0.92077 	0.96017 	-0.43962 	-0.40634 	-0.33772 	0.12216 	0.00000 	0.60503 	-0.22445 	-0.41869 	0.07058 	-0.18647 	0.01021 	1.20000 	-0.15183 	-0.14033 	-0.11663 	0.09517 	0.00000 	0.42358 	-0.07752 	-0.14460 	0.03641 	-0.06440 	0.00352 	0.35569 	0.00525	0.21908
Replication187	 -1.20389	0.99789	0.95855 	0.96479 	0.97750 	0.96730 	0.97103 	0.98793 	0.96066 	0.97918 	0.98899 	0.96991 	0.98761 	1.00316 	-0.29353 	-0.28814 	-0.16505 	0.05216 	0.00388 	0.20205 	-0.32114 	-0.07151 	0.01761 	-0.18610 	0.21768 	0.80648 	-0.09669 	-0.09491 	-0.05437 	0.04994 	0.00128 	0.18717 	-0.10578 	-0.02356 	0.01480 	-0.06130 	0.07170 	0.23974 	0.02563	0.12804
Replication188	 0.01831	0.99176	0.93169 	0.93821 	0.95065 	0.94314 	0.94627 	0.97085 	0.93744 	0.95310 	0.96971 	0.94588 	0.96677 	0.99067 	-0.38616 	-0.38104 	-0.38836 	0.08424 	0.00000 	0.37433 	-0.29893 	-0.33755 	0.03654 	-0.16666 	0.23466 	1.20000 	-0.12877 	-0.12706 	-0.12950 	0.07562 	0.00000 	0.31631 	-0.09968 	-0.11256 	0.02561 	-0.05557 	0.07825 	0.37319 	0.02886	0.21585
Replication189	 0.01438	0.99745	0.97246 	0.97236 	0.97775 	0.97607 	0.97719 	0.98853 	0.93562 	0.96006 	0.98330 	0.94905 	0.97346 	1.00116 	-0.17504 	-0.23555 	-0.20069 	0.04190 	0.00000 	0.19838 	-0.42803 	-0.28777 	0.02229 	-0.21357 	0.24883 	1.01840 	-0.05771 	-0.07766 	-0.06616 	0.03923 	0.00000 	0.18040 	-0.14111 	-0.09487 	0.01890 	-0.07041 	0.08203 	0.33353 	0.01085	0.14617
Replication190	 0.02215	0.99260	0.95555 	0.95453 	0.96191 	0.96044 	0.96276 	0.97785 	0.92785 	0.94565 	0.97131 	0.93623 	0.95938 	0.99203 	-0.22519 	-0.34332 	-0.30143 	0.06312 	0.02409 	0.30964 	-0.31959 	-0.42734 	0.03475 	-0.21339 	0.18413 	1.20000 	-0.07496 	-0.11429 	-0.10034 	0.05537 	0.00802 	0.25753 	-0.10639 	-0.14226 	0.02494 	-0.07104 	0.06129 	0.38171 	0.01447	0.17958
Replication191	 0.06014	0.97797	0.93297 	0.93163 	0.94053 	0.93978 	0.94154 	0.96073 	0.88986 	0.91427 	0.94658 	0.90058 	0.92071 	0.96648 	-0.23492 	-0.41510 	-0.29921 	0.09548 	0.01903 	0.51208 	-0.35723 	-0.35981 	0.06351 	-0.24377 	0.02508 	1.20000 	-0.08053 	-0.14229 	-0.10256 	0.07241 	0.00652 	0.35700 	-0.12245 	-0.12334 	0.03431 	-0.08356 	0.00860 	0.37489 	0.00520	0.19901
Replication192	 0.04801	0.98344	0.95230 	0.94922 	0.94872 	0.95583 	0.95458 	0.96877 	0.90199 	0.92158 	0.95579 	0.90342 	0.93774 	0.97578 	-0.17146 	-0.26848 	-0.40151 	0.07342 	0.00000 	0.42189 	-0.29372 	-0.39296 	0.05278 	-0.43972 	0.22134 	1.20000 	-0.05813 	-0.09103 	-0.13613 	0.05609 	0.00000 	0.30535 	-0.09958 	-0.13323 	0.03083 	-0.14908 	0.07504 	0.39830 	0.00165	0.19843
Replication193	 0.05357	0.98269	0.93773 	0.94493 	0.94928 	0.94847 	0.94907 	0.96758 	0.89643 	0.91965 	0.95477 	0.90465 	0.93574 	0.97455 	-0.32131 	-0.22113 	-0.29891 	0.08261 	0.00000 	0.43501 	-0.37295 	-0.43393 	0.05407 	-0.33063 	0.21498 	1.20000 	-0.10910 	-0.07509 	-0.10150 	0.06449 	0.00000 	0.31316 	-0.12664 	-0.14734 	0.03113 	-0.11227 	0.07300 	0.39122 	0.00788	0.20107
Replication194	 0.04066	0.98840	0.95417 	0.95108 	0.95790 	0.95787 	0.95867 	0.97402 	0.90934 	0.93390 	0.96387 	0.91720 	0.94501 	0.98456 	-0.17906 	-0.35299 	-0.27008 	0.06839 	0.00000 	0.35812 	-0.36999 	-0.30728 	0.04326 	-0.35172 	0.15982 	1.20000 	-0.06011 	-0.11850 	-0.09067 	0.05625 	0.00000 	0.27650 	-0.12420 	-0.10315 	0.02789 	-0.11807 	0.05365 	0.39148 	0.00145	0.19108
Replication195	 0.00968	0.99722	0.94032 	0.95147 	0.96650 	0.95358 	0.95794 	0.98081 	0.95807 	0.96761 	0.98194 	0.95990 	0.98183 	1.00082 	-0.41532 	-0.31274 	-0.23909 	0.06890 	0.00000 	0.26721 	-0.19287 	-0.31854 	0.02348 	-0.22963 	0.24618 	1.07493 	-0.13698 	-0.10315 	-0.07886 	0.06599 	0.00000 	0.24764 	-0.06361 	-0.10506 	0.01980 	-0.07574 	0.08120 	0.32927 	0.02748	0.18049
Replication196	 0.04678	0.98802	0.94985 	0.95540 	0.96235 	0.95891 	0.96216 	0.97594 	0.90322 	0.92661 	0.96339 	0.90843 	0.94291 	0.98373 	-0.28767 	-0.24636 	-0.18091 	0.06735 	0.04689 	0.34253 	-0.36001 	-0.41502 	0.04389 	-0.41882 	0.22392 	1.20000 	-0.09664 	-0.08276 	-0.06078 	0.05481 	0.01575 	0.25823 	-0.12094 	-0.13943 	0.02801 	-0.14070 	0.07523 	0.40379 	0.01586	0.19456
Replication197	 0.01270	0.99709	0.96568 	0.96621 	0.96930 	0.97019 	0.97077 	0.98419 	0.93730 	0.95673 	0.97949 	0.94566 	0.97083 	0.99996 	-0.21986 	-0.23247 	-0.33363 	0.04911 	0.00000 	0.23790 	-0.34286 	-0.34372 	0.02546 	-0.25330 	0.23574 	1.15752 	-0.07253 	-0.07670 	-0.11007 	0.04607 	0.00000 	0.21744 	-0.11311 	-0.11340 	0.02161 	-0.08357 	0.07777 	0.37812 	0.02011	0.17163
Replication198	 0.00792	0.99701	0.95308 	0.95772 	0.96825 	0.96136 	0.96407 	0.98212 	0.94370 	0.95525 	0.97916 	0.94208 	0.97467 	0.99975 	-0.30347 	-0.30589 	-0.24498 	0.05972 	0.00000 	0.25641 	-0.21295 	-0.40559 	0.02577 	-0.39040 	0.32016 	1.18509 	-0.10014 	-0.10093 	-0.08083 	0.05659 	0.00000 	0.23535 	-0.07027 	-0.13383 	0.02180 	-0.12882 	0.10564 	0.38289 	0.01614	0.18745
Replication199	 0.06832	0.97815	0.92069 	0.92851 	0.93806 	0.93365 	0.93537 	0.95916 	0.88168 	0.91422 	0.94660 	0.89788 	0.92567 	0.96659 	-0.36598 	-0.33090 	-0.31217 	0.10271 	0.00000 	0.52526 	-0.49105 	-0.28712 	0.06338 	-0.28094 	0.18463 	1.20000 	-0.12540 	-0.11338 	-0.10696 	0.07984 	0.00000 	0.37146 	-0.16826 	-0.09838 	0.03442 	-0.09626 	0.06327 	0.39098 	0.00790	0.23130
Replication200	 0.02727	0.98955	0.93906 	0.94839 	0.95495 	0.95101 	0.95268 	0.97290 	0.92273 	0.94284 	0.96590 	0.93300 	0.95056 	0.98679 	-0.37497 	-0.22940 	-0.33120 	0.07599 	0.00000 	0.36397 	-0.32829 	-0.33516 	0.04094 	-0.18082 	0.08241 	1.20000 	-0.12559 	-0.07683 	-0.11093 	0.06505 	0.00000 	0.29041 	-0.10995 	-0.11225 	0.02709 	-0.06056 	0.02760 	0.37455 	0.01645	0.18858
Replication201	 0.00845	0.99703	0.95418 	0.96129 	0.96563 	0.96345 	0.96480 	0.98188 	0.94281 	0.95799 	0.97862 	0.94155 	0.97193 	0.99974 	-0.33450 	-0.19508 	-0.35981 	0.05721 	0.00000 	0.25849 	-0.23116 	-0.24875 	0.02617 	-0.43302 	0.25403 	1.18304 	-0.11037 	-0.06437 	-0.11872 	0.05410 	0.00000 	0.23760 	-0.07627 	-0.08208 	0.02223 	-0.14287 	0.08382 	0.38728 	0.02339	0.19035
Replication202	 0.02540	0.99282	0.96117 	0.96579 	0.96307 	0.96833 	0.96964 	0.98028 	0.92460 	0.94410 	0.97121 	0.93486 	0.95568 	0.99225 	-0.27900 	-0.12417 	-0.40779 	0.05358 	0.05310 	0.28743 	-0.33992 	-0.43582 	0.03468 	-0.18636 	0.13042 	1.20000 	-0.09284 	-0.04132 	-0.13569 	0.04606 	0.01767 	0.23687 	-0.11311 	-0.14502 	0.02515 	-0.06201 	0.04340 	0.39460 	0.01379	0.17377
Replication203	 0.01232	0.99702	0.94583 	0.95763 	0.96285 	0.95850 	0.96042 	0.98025 	0.93768 	0.95995 	0.97848 	0.95197 	0.97465 	0.99971 	-0.41469 	-0.16933 	-0.38691 	0.06313 	0.00000 	0.27289 	-0.41637 	-0.32118 	0.02628 	-0.14791 	0.28180 	1.18642 	-0.13683 	-0.05587 	-0.12767 	0.06001 	0.00000 	0.25193 	-0.13739 	-0.10598 	0.02234 	-0.04880 	0.09298 	0.38796 	0.02588	0.20269
Replication204	 0.01037	0.99734	0.95830 	0.96638 	0.97669 	0.96794 	0.97087 	0.98672 	0.93963 	0.96282 	0.98215 	0.94880 	0.96703 	1.00103 	-0.31173 	-0.22260 	-0.12971 	0.05168 	0.00119 	0.21466 	-0.34659 	-0.14552 	0.02325 	-0.26675 	0.07599 	1.04336 	-0.10279 	-0.07340 	-0.04277 	0.04889 	0.00039 	0.19591 	-0.11429 	-0.04799 	0.01972 	-0.08796 	0.02506 	0.32908 	0.01277	0.14984
Replication205	 0.04117	0.98262	0.93228 	0.93677 	0.94312 	0.94219 	0.94318 	0.96434 	0.90883 	0.92683 	0.95470 	0.91306 	0.93958 	0.97464 	-0.32018 	-0.31404 	-0.38243 	0.09016 	0.00000 	0.46382 	-0.28244 	-0.36443 	0.05417 	-0.32079 	0.16616 	1.20000 	-0.10873 	-0.10665 	-0.12987 	0.07197 	0.00000 	0.34152 	-0.09592 	-0.12376 	0.03114 	-0.10894 	0.05643 	0.37497 	0.00993	0.20215
Replication206	 0.03574	0.98757	0.93626 	0.94345 	0.95052 	0.94750 	0.95042 	0.96995 	0.91426 	0.93839 	0.96232 	0.92321 	0.94696 	0.98321 	-0.36336 	-0.28594 	-0.36298 	0.08122 	0.03244 	0.39699 	-0.36334 	-0.23120 	0.04500 	-0.30348 	0.14077 	1.20000 	-0.12218 	-0.09615 	-0.12205 	0.06821 	0.01091 	0.30953 	-0.12217 	-0.07774 	0.02854 	-0.10205 	0.04733 	0.38319 	0.01379	0.20537
Replication207	 0.07898	0.97556	0.92309 	0.93274 	0.93399 	0.93643 	0.93610 	0.95756 	0.87102 	0.90332 	0.94258 	0.88956 	0.92579 	0.96180 	-0.37005 	-0.19792 	-0.41950 	0.10074 	0.00000 	0.54850 	-0.54006 	-0.47539 	0.06819 	-0.25731 	0.35973 	1.20000 	-0.12746 	-0.06817 	-0.14449 	0.07516 	0.00000 	0.37649 	-0.18602 	-0.16374 	0.03580 	-0.08863 	0.12390 	0.41091 	0.01699	0.24377
Replication208	 0.00115	0.99752	0.97043 	0.97329 	0.97569 	0.97590 	0.97777 	0.98839 	0.94885 	0.96555 	0.98473 	0.95787 	0.97903 	1.00162 	-0.23032 	-0.17659 	-0.29505 	0.04207 	0.03075 	0.19932 	-0.31806 	-0.32451 	0.02113 	-0.17441 	0.23051 	0.97296 	-0.07592 	-0.05821 	-0.09726 	0.03947 	0.01014 	0.18188 	-0.10484 	-0.10697 	0.01785 	-0.05749 	0.07598 	0.30879 	0.02220	0.13344
Replication209	 -1.18464	0.99742	0.96116 	0.96172 	0.97202 	0.96643 	0.96893 	0.98491 	0.95217 	0.96795 	0.98370 	0.95518 	0.97926 	1.00140 	-0.22991 	-0.33630 	-0.24148 	0.05344 	0.00000 	0.23036 	-0.25790 	-0.18050 	0.02199 	-0.31766 	0.22813 	1.00446 	-0.07580 	-0.11088 	-0.07962 	0.05073 	0.00000 	0.21218 	-0.08503 	-0.05951 	0.01857 	-0.10473 	0.07521 	0.31176 	0.02537	0.15290
Replication210	 0.06174	0.97911	0.93503 	0.94095 	0.94030 	0.94511 	0.94423 	0.96260 	0.88826 	0.91521 	0.94847 	0.90354 	0.92705 	0.96830 	-0.31063 	-0.19208 	-0.42737 	0.08850 	0.00000 	0.49151 	-0.43384 	-0.41647 	0.06130 	-0.19613 	0.13693 	1.20000 	-0.10623 	-0.06569 	-0.14616 	0.06664 	0.00000 	0.34449 	-0.14837 	-0.14243 	0.03361 	-0.06708 	0.04683 	0.38932 	0.00181	0.20494
Replication211	 0.00301	0.99710	0.94699 	0.95405 	0.96448 	0.95719 	0.96013 	0.98051 	0.95014 	0.96307 	0.98049 	0.95877 	0.98104 	1.00025 	-0.35695 	-0.29819 	-0.32243 	0.06465 	0.00000 	0.27027 	-0.29361 	-0.43347 	0.02469 	-0.12310 	0.30531 	1.13467 	-0.11776 	-0.09838 	-0.10637 	0.06161 	0.00000 	0.24985 	-0.09686 	-0.14301 	0.02084 	-0.04061 	0.10072 	0.35662 	0.02816	0.18665
Replication212	 0.03447	0.99162	0.95062 	0.95503 	0.96170 	0.95904 	0.96254 	0.97730 	0.91553 	0.94231 	0.96893 	0.92652 	0.95124 	0.99017 	-0.30013 	-0.27478 	-0.28086 	0.06530 	0.05058 	0.31791 	-0.40761 	-0.25245 	0.03723 	-0.30574 	0.14368 	1.20000 	-0.10011 	-0.09165 	-0.09368 	0.05654 	0.01687 	0.25896 	-0.13596 	-0.08420 	0.02613 	-0.10198 	0.04792 	0.39422 	0.00679	0.19307
Replication213	 0.00049	0.99737	0.95534 	0.96749 	0.97190 	0.96727 	0.96928 	0.98553 	0.95343 	0.96443 	0.98282 	0.94951 	0.97733 	1.00107 	-0.37801 	-0.11101 	-0.29060 	0.05246 	0.00601 	0.22505 	-0.16281 	-0.23306 	0.02271 	-0.41765 	0.22775 	1.03648 	-0.12464 	-0.03660 	-0.09582 	0.04970 	0.00198 	0.20651 	-0.05368 	-0.07685 	0.01922 	-0.13771 	0.07510 	0.33019 	0.02266	0.15740
Replication214	 -1.17354	0.99732	0.95368 	0.95903 	0.96992 	0.96231 	0.96527 	0.98355 	0.95936 	0.96613 	0.98311 	0.95442 	0.98242 	1.00110 	-0.30941 	-0.30011 	-0.25483 	0.05841 	0.00000 	0.24268 	-0.12345 	-0.31053 	0.02251 	-0.37246 	0.28179 	1.03970 	-0.10203 	-0.09896 	-0.08403 	0.05561 	0.00000 	0.22385 	-0.04071 	-0.10240 	0.01897 	-0.12282 	0.09292 	0.32227 	0.02569	0.16265
Replication215	 0.01283	0.99780	0.98403 	0.98370 	0.98565 	0.98628 	0.98648 	0.99360 	0.93717 	0.96074 	0.98671 	0.94698 	0.97678 	1.00216 	-0.12011 	-0.14350 	-0.14454 	0.02951 	0.00000 	0.15240 	-0.40676 	-0.27596 	0.01942 	-0.31035 	0.30456 	0.89491 	-0.03957 	-0.04727 	-0.04762 	0.02721 	0.00000 	0.13689 	-0.13401 	-0.09091 	0.01650 	-0.10225 	0.10034 	0.30401 	0.00041	0.12331
Replication216	 0.04731	0.98423	0.95114 	0.94874 	0.95264 	0.95533 	0.95523 	0.97011 	0.90627 	0.92469 	0.95664 	0.90269 	0.93089 	0.97726 	-0.18006 	-0.31035 	-0.29380 	0.07361 	0.00000 	0.40731 	-0.20693 	-0.26302 	0.05161 	-0.50667 	0.03217 	1.20000 	-0.06095 	-0.10506 	-0.09946 	0.05710 	0.00000 	0.29629 	-0.07005 	-0.08904 	0.03070 	-0.17151 	0.01089 	0.39009 	0.00394	0.18901
Replication217	 0.01212	0.99708	0.96422 	0.96846 	0.96801 	0.97075 	0.97070 	0.98406 	0.93788 	0.95420 	0.97917 	0.94241 	0.97374 	0.99974 	-0.26848 	-0.14006 	-0.39060 	0.04844 	0.00000 	0.23903 	-0.30719 	-0.41422 	0.02571 	-0.31919 	0.33151 	1.17608 	-0.08858 	-0.04621 	-0.12887 	0.04539 	0.00000 	0.21848 	-0.10135 	-0.13666 	0.02184 	-0.10531 	0.10937 	0.39315 	0.01897	0.18126
Replication218	 0.00926	0.99646	0.95495 	0.95717 	0.96769 	0.96171 	0.96422 	0.98156 	0.94074 	0.95657 	0.97742 	0.94518 	0.96483 	0.99887 	-0.26998 	-0.33323 	-0.23845 	0.05958 	0.00000 	0.26329 	-0.25129 	-0.31444 	0.02747 	-0.26068 	0.09772 	1.20000 	-0.08918 	-0.11008 	-0.07877 	0.05587 	0.00000 	0.23838 	-0.08301 	-0.10387 	0.02278 	-0.08611 	0.03228 	0.37680 	0.01994	0.17509
Replication219	 0.01466	0.99703	0.94995 	0.95863 	0.96267 	0.96047 	0.96188 	0.98040 	0.93534 	0.96180 	0.97808 	0.95192 	0.96994 	0.99974 	-0.37006 	-0.18783 	-0.40620 	0.06076 	0.00000 	0.27151 	-0.44746 	-0.19531 	0.02659 	-0.14225 	0.17855 	1.18316 	-0.12210 	-0.06198 	-0.13403 	0.05765 	0.00000 	0.25061 	-0.14764 	-0.06444 	0.02265 	-0.04694 	0.05891 	0.38669 	0.02853	0.19939
Replication220	 0.01849	0.99605	0.93151 	0.94806 	0.96203 	0.94851 	0.95283 	0.97765 	0.93644 	0.95680 	0.97649 	0.94260 	0.97239 	0.99795 	-0.49583 	-0.24815 	-0.25601 	0.07557 	0.00000 	0.29924 	-0.34446 	-0.24806 	0.02846 	-0.34156 	0.31396 	1.20000 	-0.16392 	-0.08204 	-0.08464 	0.07144 	0.00000 	0.27144 	-0.11388 	-0.08201 	0.02323 	-0.11292 	0.10379 	0.39231 	0.01676	0.22280
Replication221	 -1.13773	0.99742	0.95437 	0.96000 	0.96929 	0.96303 	0.96565 	0.98372 	0.96166 	0.96992 	0.98411 	0.95986 	0.98483 	1.00146 	-0.31302 	-0.27731 	-0.29705 	0.05750 	0.00000 	0.24085 	-0.15663 	-0.26960 	0.02168 	-0.31030 	0.27421 	0.99921 	-0.10320 	-0.09143 	-0.09794 	0.05480 	0.00000 	0.22268 	-0.05164 	-0.08889 	0.01825 	-0.10230 	0.09041 	0.30698 	0.03046	0.15772
Replication222	 0.03898	0.99483	0.97529 	0.96840 	0.97134 	0.97488 	0.97551 	0.98414 	0.91102 	0.94181 	0.97382 	0.92294 	0.95449 	0.99541 	-0.08686 	-0.29739 	-0.24457 	0.04469 	0.02060 	0.24626 	-0.47053 	-0.28012 	0.03133 	-0.37914 	0.22124 	1.20000 	-0.02879 	-0.09856 	-0.08105 	0.03927 	0.00683 	0.20983 	-0.15594 	-0.09283 	0.02447 	-0.12565 	0.07332 	0.42232 	0.00558	0.19322
Replication223	 0.00290	0.99713	0.94710 	0.95506 	0.96442 	0.95776 	0.96069 	0.98069 	0.95142 	0.96450 	0.98049 	0.95409 	0.97925 	1.00034 	-0.36835 	-0.27349 	-0.33729 	0.06395 	0.00475 	0.26856 	-0.24027 	-0.28511 	0.02466 	-0.28424 	0.27393 	1.12336 	-0.12152 	-0.09022 	-0.11127 	0.06095 	0.00157 	0.24837 	-0.07926 	-0.09406 	0.02086 	-0.09377 	0.09037 	0.35429 	0.02955	0.18631
Replication224	 0.01802	0.99206	0.93198 	0.93612 	0.95036 	0.94219 	0.94563 	0.97058 	0.94158 	0.95447 	0.97030 	0.94792 	0.96904 	0.99123 	-0.36202 	-0.43664 	-0.38303 	0.08522 	0.00000 	0.37560 	-0.25908 	-0.35946 	0.03589 	-0.17143 	0.24461 	1.20000 	-0.12064 	-0.14551 	-0.12764 	0.07691 	0.00000 	0.31969 	-0.08634 	-0.11979 	0.02536 	-0.05713 	0.08152 	0.37116 	0.03028	0.21758
Replication225	 -1.08691	0.99721	0.95140 	0.95779 	0.96463 	0.96066 	0.96271 	0.98153 	0.96525 	0.96766 	0.98195 	0.96208 	0.98332 	1.00077 	-0.33917 	-0.25243 	-0.38292 	0.06044 	0.00000 	0.26091 	-0.08256 	-0.41227 	0.02348 	-0.22456 	0.23299 	1.08044 	-0.11187 	-0.08326 	-0.12630 	0.05752 	0.00000 	0.24128 	-0.02723 	-0.13598 	0.01978 	-0.07407 	0.07685 	0.33242 	0.03564	0.16915
Replication226	 0.01239	0.99724	0.96534 	0.96869 	0.97252 	0.97150 	0.97284 	0.98582 	0.93761 	0.95810 	0.98089 	0.94390 	0.97144 	1.00042 	-0.24900 	-0.19901 	-0.28194 	0.04747 	0.00949 	0.22300 	-0.33761 	-0.26740 	0.02428 	-0.33127 	0.24250 	1.10321 	-0.08213 	-0.06564 	-0.09299 	0.04458 	0.00313 	0.20355 	-0.11135 	-0.08819 	0.02062 	-0.10926 	0.07998 	0.36201 	0.01629	0.16431
Replication227	 0.00354	0.99740	0.96363 	0.96791 	0.97715 	0.97063 	0.97303 	0.98745 	0.94646 	0.96340 	0.98349 	0.95137 	0.97314 	1.00131 	-0.25355 	-0.24891 	-0.15616 	0.04842 	0.00000 	0.20808 	-0.27519 	-0.25188 	0.02217 	-0.28002 	0.15710 	1.01430 	-0.08360 	-0.08207 	-0.05149 	0.04570 	0.00000 	0.18975 	-0.09073 	-0.08305 	0.01872 	-0.09232 	0.05180 	0.31580 	0.01563	0.13850
Replication228	 0.01000	0.99693	0.95820 	0.95696 	0.96721 	0.96286 	0.96587 	0.98176 	0.94349 	0.95573 	0.97834 	0.94000 	0.97096 	0.99954 	-0.22949 	-0.37870 	-0.27366 	0.05796 	0.01856 	0.25988 	-0.18871 	-0.32113 	0.02646 	-0.43830 	0.24836 	1.20000 	-0.07574 	-0.12498 	-0.09031 	0.05475 	0.00613 	0.23826 	-0.06228 	-0.10598 	0.02238 	-0.14465 	0.08196 	0.38810 	0.01884	0.18765
Replication229	 -1.22152	0.99782	0.96691 	0.97022 	0.97761 	0.97338 	0.97827 	0.98913 	0.95686 	0.97334 	0.98799 	0.96177 	0.98655 	1.00271 	-0.25414 	-0.25727 	-0.24480 	0.04492 	0.07160 	0.19173 	-0.28877 	-0.15550 	0.01842 	-0.28869 	0.28865 	0.85025 	-0.08372 	-0.08475 	-0.08064 	0.04264 	0.02359 	0.17638 	-0.09513 	-0.05123 	0.01553 	-0.09510 	0.09509 	0.26566 	0.02359	0.12831
Replication230	 0.05893	0.98421	0.94068 	0.94956 	0.95569 	0.95216 	0.95359 	0.97090 	0.89107 	0.91984 	0.95670 	0.90052 	0.93177 	0.97706 	-0.32831 	-0.20287 	-0.19556 	0.07741 	0.00674 	0.40043 	-0.41867 	-0.33875 	0.05157 	-0.39054 	0.15746 	1.20000 	-0.11114 	-0.06868 	-0.06620 	0.06088 	0.00228 	0.28929 	-0.14173 	-0.11468 	0.03064 	-0.13221 	0.05331 	0.40258 	0.01899	0.20436
Replication231	 0.02774	0.99439	0.95081 	0.95433 	0.96162 	0.95854 	0.96023 	0.97814 	0.92226 	0.95281 	0.97310 	0.93664 	0.95858 	0.99501 	-0.29430 	-0.29084 	-0.32310 	0.06445 	0.00000 	0.30074 	-0.45991 	-0.11149 	0.03218 	-0.27893 	0.14332 	1.20000 	-0.09762 	-0.09647 	-0.10717 	0.05858 	0.00000 	0.26127 	-0.15255 	-0.03698 	0.02474 	-0.09252 	0.04754 	0.39525 	0.01780	0.20408
Replication232	 0.00278	0.99726	0.97189 	0.96666 	0.97245 	0.97282 	0.97411 	0.98581 	0.94722 	0.96080 	0.98188 	0.95039 	0.97466 	1.00071 	-0.13170 	-0.33017 	-0.28477 	0.04588 	0.00928 	0.22300 	-0.24432 	-0.35055 	0.02351 	-0.27572 	0.21577 	1.07825 	-0.04343 	-0.10889 	-0.09392 	0.04301 	0.00306 	0.20369 	-0.08058 	-0.11561 	0.01987 	-0.09093 	0.07116 	0.34270 	0.02155	0.15013
Replication233	 0.04296	0.98194	0.93866 	0.93999 	0.94309 	0.94613 	0.94650 	0.96477 	0.90704 	0.92260 	0.95380 	0.90966 	0.93972 	0.97337 	-0.26635 	-0.30122 	-0.41707 	0.08581 	0.01035 	0.46252 	-0.26424 	-0.46099 	0.05532 	-0.33230 	0.22142 	1.20000 	-0.09058 	-0.10243 	-0.14183 	0.06690 	0.00352 	0.33538 	-0.08986 	-0.15677 	0.03138 	-0.11300 	0.07530 	0.38056 	0.00668	0.19855
Replication234	 -1.10667	0.99735	0.97007 	0.96313 	0.96685 	0.97038 	0.97272 	0.98382 	0.95481 	0.96727 	0.98240 	0.95516 	0.98046 	1.00097 	-0.14114 	-0.36018 	-0.42822 	0.04875 	0.04837 	0.24025 	-0.21087 	-0.22388 	0.02305 	-0.33050 	0.25428 	1.04635 	-0.04654 	-0.11877 	-0.14120 	0.04597 	0.01595 	0.22158 	-0.06953 	-0.07382 	0.01953 	-0.10898 	0.08385 	0.33516 	0.03374	0.16320
Replication235	 0.01133	0.99699	0.95987 	0.96463 	0.97211 	0.96751 	0.97019 	0.98452 	0.93867 	0.95467 	0.97846 	0.94081 	0.96285 	0.99975 	-0.28319 	-0.24174 	-0.21545 	0.05237 	0.01911 	0.23530 	-0.23680 	-0.31554 	0.02632 	-0.32815 	0.08617 	1.18813 	-0.09345 	-0.07977 	-0.07110 	0.04922 	0.00631 	0.21411 	-0.07814 	-0.10412 	0.02233 	-0.10828 	0.02843 	0.38065 	0.01346	0.16619
Replication236	 0.01034	0.99702	0.93966 	0.94826 	0.96298 	0.95175 	0.95712 	0.97889 	0.94945 	0.96408 	0.97919 	0.95545 	0.97610 	1.00002 	-0.40378 	-0.36087 	-0.28698 	0.07120 	0.03139 	0.28485 	-0.26766 	-0.28939 	0.02574 	-0.20946 	0.21337 	1.16356 	-0.13323 	-0.11907 	-0.09469 	0.06807 	0.01036 	0.26386 	-0.08832 	-0.09549 	0.02179 	-0.06911 	0.07040 	0.36393 	0.02803	0.19850
Replication237	 -1.22704	0.99788	0.96231 	0.97147 	0.97852 	0.97203 	0.97438 	0.98944 	0.96494 	0.97452 	0.98949 	0.97052 	0.99289 	1.00304 	-0.31309 	-0.15883 	-0.21851 	0.04650 	0.00000 	0.18878 	-0.24014 	-0.35801 	0.01723 	-0.14175 	0.33683 	0.81718 	-0.10313 	-0.05232 	-0.07198 	0.04427 	0.00000 	0.17382 	-0.07910 	-0.11793 	0.01441 	-0.04669 	0.11095 	0.24739 	0.02383	0.11969
Replication238	 -1.18314	0.99751	0.96724 	0.97270 	0.97374 	0.97446 	0.97690 	0.98764 	0.95241 	0.96805 	0.98424 	0.95768 	0.97672 	1.00160 	-0.27884 	-0.14042 	-0.34196 	0.04379 	0.04850 	0.20599 	-0.25975 	-0.21640 	0.02152 	-0.23757 	0.15077 	0.97710 	-0.09192 	-0.04629 	-0.11272 	0.04118 	0.01599 	0.18843 	-0.08562 	-0.07134 	0.01822 	-0.07831 	0.04970 	0.30823 	0.02728	0.13554
Replication239	 0.02638	0.99274	0.94352 	0.94714 	0.95867 	0.95217 	0.95486 	0.97527 	0.92362 	0.95013 	0.97083 	0.93673 	0.95848 	0.99224 	-0.31138 	-0.36299 	-0.28590 	0.07293 	0.00000 	0.33183 	-0.41979 	-0.20108 	0.03502 	-0.24073 	0.16475 	1.20000 	-0.10363 	-0.12080 	-0.09515 	0.06533 	0.00000 	0.28070 	-0.13971 	-0.06692 	0.02540 	-0.08012 	0.05483 	0.38431 	0.01727	0.20425
Replication240	 0.06150	0.98055	0.93504 	0.93797 	0.94773 	0.94396 	0.94577 	0.96501 	0.88850 	0.91435 	0.95107 	0.89731 	0.92834 	0.97081 	-0.27249 	-0.35154 	-0.21614 	0.08913 	0.00663 	0.46529 	-0.39137 	-0.39472 	0.05834 	-0.35577 	0.17845 	1.20000 	-0.09292 	-0.11988 	-0.07371 	0.06877 	0.00226 	0.32837 	-0.13346 	-0.13461 	0.03256 	-0.12132 	0.06085 	0.38988 	0.01590	0.20679
Replication241	 0.00098	0.99734	0.97071 	0.97179 	0.97486 	0.97505 	0.97575 	0.98741 	0.94910 	0.96222 	0.98251 	0.94902 	0.97160 	1.00100 	-0.20188 	-0.20039 	-0.27125 	0.04318 	0.00179 	0.20865 	-0.19685 	-0.26625 	0.02297 	-0.33787 	0.13178 	1.04557 	-0.06657 	-0.06608 	-0.08945 	0.04039 	0.00059 	0.18990 	-0.06491 	-0.08780 	0.01944 	-0.11141 	0.04346 	0.33119 	0.02055	0.13874
Replication242	 0.00044	0.99722	0.95429 	0.96268 	0.96677 	0.96424 	0.96569 	0.98291 	0.94956 	0.96562 	0.98123 	0.95530 	0.97640 	1.00064 	-0.34845 	-0.17398 	-0.37060 	0.05616 	0.00000 	0.24870 	-0.27653 	-0.23652 	0.02403 	-0.24246 	0.20065 	1.08828 	-0.11493 	-0.05738 	-0.12223 	0.05325 	0.00000 	0.22916 	-0.09121 	-0.07801 	0.02035 	-0.07997 	0.06618 	0.34386 	0.03073	0.16907
Replication243	 0.03261	0.98777	0.95470 	0.95386 	0.95399 	0.95930 	0.95859 	0.97310 	0.91739 	0.93284 	0.96325 	0.91766 	0.95016 	0.98344 	-0.20774 	-0.24369 	-0.40535 	0.06701 	0.00000 	0.36846 	-0.25200 	-0.42437 	0.04416 	-0.39877 	0.24368 	1.20000 	-0.06983 	-0.08191 	-0.13625 	0.05421 	0.00000 	0.28240 	-0.08470 	-0.14264 	0.02795 	-0.13403 	0.08190 	0.39235 	0.00853	0.18946
Replication244	 0.01758	0.99084	0.93625 	0.94548 	0.95410 	0.94859 	0.95130 	0.97278 	0.93242 	0.94592 	0.96833 	0.93243 	0.96099 	0.98899 	-0.39343 	-0.27505 	-0.35577 	0.07820 	0.01045 	0.36052 	-0.22302 	-0.33793 	0.03821 	-0.36186 	0.23992 	1.20000 	-0.13143 	-0.09188 	-0.11885 	0.06862 	0.00349 	0.29605 	-0.07450 	-0.11289 	0.02607 	-0.12088 	0.08015 	0.37936 	0.01968	0.20329
Replication245	 0.00413	0.99701	0.95662 	0.95816 	0.96193 	0.96260 	0.96349 	0.98031 	0.94587 	0.96087 	0.97842 	0.94660 	0.97439 	0.99971 	-0.27339 	-0.27021 	-0.43760 	0.05823 	0.00000 	0.27238 	-0.24176 	-0.23804 	0.02634 	-0.37293 	0.25747 	1.18802 	-0.09021 	-0.08916 	-0.14439 	0.05510 	0.00000 	0.25133 	-0.07977 	-0.07855 	0.02237 	-0.12306 	0.08496 	0.38601 	0.03151	0.19462
Replication246	 -1.07004	0.99747	0.95301 	0.95975 	0.96603 	0.96229 	0.96429 	0.98278 	0.96558 	0.97451 	0.98460 	0.96958 	0.98816 	1.00168 	-0.33729 	-0.23626 	-0.39528 	0.05836 	0.00000 	0.24897 	-0.19973 	-0.28015 	0.02127 	-0.15108 	0.25727 	0.97520 	-0.11119 	-0.07789 	-0.13031 	0.05571 	0.00000 	0.23120 	-0.06584 	-0.09235 	0.01792 	-0.04981 	0.08481 	0.29785 	0.03872	0.16010
Replication247	 0.00552	0.99739	0.94448 	0.95454 	0.96755 	0.95666 	0.96050 	0.98201 	0.95642 	0.97058 	0.98357 	0.96205 	0.98535 	1.00134 	-0.39143 	-0.29168 	-0.26632 	0.06513 	0.00000 	0.25608 	-0.27436 	-0.23946 	0.02211 	-0.22381 	0.30246 	1.01253 	-0.12906 	-0.09617 	-0.08781 	0.06240 	0.00000 	0.23771 	-0.09046 	-0.07895 	0.01865 	-0.07379 	0.09973 	0.31294 	0.02875	0.17518
Replication248	 0.00861	0.99706	0.94139 	0.94827 	0.96269 	0.95221 	0.95612 	0.97884 	0.95522 	0.96719 	0.97990 	0.95916 	0.97734 	1.00029 	-0.37347 	-0.36933 	-0.29751 	0.07063 	0.00000 	0.28514 	-0.21606 	-0.26578 	0.02516 	-0.20265 	0.17471 	1.13697 	-0.12322 	-0.12185 	-0.09816 	0.06755 	0.00000 	0.26446 	-0.07129 	-0.08769 	0.02127 	-0.06686 	0.05764 	0.34924 	0.03218	0.19110
Replication249	 0.04400	0.98218	0.92820 	0.93800 	0.94249 	0.94132 	0.94216 	0.96401 	0.90600 	0.92504 	0.95365 	0.90712 	0.93726 	0.97375 	-0.38615 	-0.22765 	-0.39339 	0.09143 	0.00000 	0.46833 	-0.27010 	-0.29698 	0.05527 	-0.42134 	0.17376 	1.20000 	-0.13125 	-0.07738 	-0.13371 	0.07277 	0.00000 	0.34286 	-0.09181 	-0.10094 	0.03165 	-0.14322 	0.05906 	0.38285 	0.00674	0.21088