
 Replication 	 FitnessValue 	 Frequency	Bus1	Bus2	Bus3	Bus4	Bus5	Bus6
Replication0	 272.07323	1.07397	2.09226 	0.54171 	0.45426 	-0.17921 	0.71518 	0.36659 
Replication1	 454.96450	1.07299	6.02835 	0.43432 	-0.04099 	-0.25850 	0.35638 	-0.18553 
Replication2	 493.80993	1.06717	6.30608 	-0.08218 	-0.60018 	-0.05237 	0.50919 	-0.85058 
Replication3	 522.28373	1.06690	6.36709 	-0.12017 	-0.86731 	0.21002 	0.39640 	-1.13317 
Replication4	 242.20475	1.07062	2.02409 	0.56440 	0.50883 	-0.15323 	0.80943 	0.40763 
Replication5	 835.17340	1.70361	13.22904 	-0.21953 	-0.41847 	-5.70911 	-0.28386 	-0.29058 
Replication6	 518.00719	1.06571	6.58950 	0.47944 	-0.24523 	-0.23469 	0.24000 	-0.46678 
Replication7	 513.75940	1.06835	6.27569 	-0.13883 	-0.91755 	0.34021 	0.36172 	-1.17451 
Replication8	 262.79524	1.07390	1.99208 	0.54983 	0.47623 	-0.17310 	0.73337 	0.39208 
Replication9	 476.21508	1.06974	6.07240 	-0.06726 	-0.50576 	-0.10606 	0.55226 	-0.74455 
Replication10	 513.11361	1.06668	6.41567 	-0.11299 	-0.67772 	-0.08829 	0.52859 	-0.95650 
Replication11	 438.76546	1.06743	5.62284 	0.00215 	-0.32374 	-0.08055 	0.55199 	-0.53526 
Replication12	 481.37758	1.07262	7.06304 	0.41912 	-0.13267 	-0.28161 	0.32683 	-0.28534 
Replication13	 1030.64759	1.53082	241.10026 	-2.53966 	-3.45081 	-8.64799 	17.95567 	-13.89757 
Replication14	 347.03401	1.07262	3.38158 	0.48653 	0.27289 	-0.20343 	0.55565 	0.16449 
Replication15	 654.12979	1.06757	98.95276 	4.25829 	-2.89883 	7.34678 	-4.97912 	-2.99019 
Replication16	 275.08142	1.07003	2.43141 	0.45842 	0.38523 	-0.12949 	0.74873 	0.26951 
Replication17	 215.99412	1.07652	1.89322 	0.56044 	0.57378 	-0.10866 	0.82387 	0.51215 
Replication18	 395.36216	1.06537	4.21461 	0.18394 	-0.05570 	-0.17740 	0.64365 	-0.27726 
Replication19	 269.50859	1.06429	2.18007 	0.56771 	0.43867 	-0.18118 	0.78352 	0.29729 
Replication20	 361.01812	1.05839	4.05448 	0.20063 	0.00386 	0.05714 	0.51738 	-0.14401 
Replication21	 499.14718	1.07311	3.98413 	0.20042 	-0.13839 	-0.69130 	0.60760 	-0.31243 
Replication22	 1679.63025	1.64454	74.36144 	8.08081 	0.46963 	4.52433 	-13.19935 	-1.40505 
Replication23	 475.35154	1.06566	6.02884 	-0.05486 	-0.46673 	-0.11606 	0.55605 	-0.72269 
Replication24	 317.21392	1.08106	3.80125 	0.21824 	0.15437 	-0.06992 	0.64346 	0.06227 
Replication25	 460.35891	1.06891	5.90647 	-0.04173 	-0.42526 	-0.10216 	0.55728 	-0.65402 
Replication26	 329.13633	1.07295	3.00261 	0.49802 	0.31748 	-0.19821 	0.59420 	0.21300 
Replication27	 236.33933	1.07048	1.93228 	0.58555 	0.53034 	-0.16076 	0.81895 	0.43124 
Replication28	 370.73598	1.07160	4.22894 	0.16548 	-0.00671 	-0.13136 	0.63777 	-0.17543 
Replication29	 389.42236	1.06736	4.51736 	0.13212 	-0.08195 	-0.10631 	0.60432 	-0.26829 
Replication30	 243.50717	1.06775	1.98575 	0.58319 	0.50937 	-0.15659 	0.80765 	0.40084 
Replication31	 430.35922	1.06259	5.22828 	0.05185 	-0.25375 	-0.07095 	0.54355 	-0.47526 
Replication32	 487.62280	1.06454	5.93545 	0.47842 	-0.13425 	-0.23452 	0.29353 	-0.33943 
Replication33	 479.85156	1.06775	6.21740 	-0.05876 	-0.54500 	-0.02589 	0.49548 	-0.77461 
Replication34	 569.74215	1.06399	3.15306 	0.99517 	1.67958 	-3.57011 	1.13549 	1.61262 
Replication35	 312.96147	1.06855	2.56763 	0.52987 	0.34867 	-0.19331 	0.64165 	0.22725 
Replication36	 312.85551	1.06899	2.55037 	0.53044 	0.34802 	-0.19887 	0.64422 	0.22498 
Replication37	 377.17072	1.06849	4.18763 	0.17530 	-0.01764 	-0.13480 	0.63382 	-0.20171 
Replication38	 386.47130	1.06933	4.35746 	0.15203 	-0.05361 	-0.15104 	0.63698 	-0.24628 
Replication39	 441.76565	1.07240	5.68286 	0.43812 	0.00479 	-0.25096 	0.37743 	-0.13424 
Replication40	 349.57199	1.06116	3.50742 	0.27051 	0.09015 	-0.05214 	0.60532 	-0.07399 
Replication41	 536.13384	1.74972	42.09203 	6.86330 	2.15760 	-2.98506 	0.13224 	-1.08205 
Replication42	 377.01595	1.06904	3.69494 	0.49292 	0.18837 	-0.22185 	0.50865 	0.04457 
Replication43	 482.04324	1.06386	6.07817 	-0.06043 	-0.48453 	-0.11925 	0.55407 	-0.75454 
Replication44	 260.35363	1.06751	2.19109 	0.52766 	0.44794 	-0.14066 	0.77842 	0.33157 
Replication45	 296.17899	1.06885	2.33207 	0.54251 	0.38781 	-0.19022 	0.67805 	0.27083 
Replication46	 283.04783	1.07514	2.20092 	0.53378 	0.42639 	-0.19729 	0.69703 	0.33288 
Replication47	 428.53726	1.07151	5.52118 	0.00867 	-0.29309 	-0.09213 	0.56700 	-0.48626 
Replication48	 266.82168	1.07020	2.32008 	0.48511 	0.41730 	-0.13510 	0.76397 	0.30513 
Replication49	 509.91965	1.06611	6.42298 	-0.09217 	-0.68458 	-0.00792 	0.47816 	-0.94519 
Replication50	 525.20917	1.06817	11.01135 	0.53018 	-0.31865 	-0.11980 	0.14075 	-0.49845 
Replication51	 349.98970	1.06820	3.20624 	0.50529 	0.25875 	-0.20280 	0.56174 	0.12677 
Replication52	 331.23083	1.05864	3.14804 	0.51458 	0.30719 	-0.08590 	0.56289 	0.20345 
Replication53	 234.29264	1.07680	2.11103 	0.49739 	0.50323 	-0.09215 	0.78216 	0.43691 
Replication54	 607.72553	1.06588	-21.69013 	-0.93040 	1.03297 	-3.88601 	2.21157 	0.77917 
Replication55	 408.47924	1.07157	5.09732 	0.05663 	-0.18876 	-0.11045 	0.59308 	-0.37391 
Replication56	 392.39091	1.04933	4.26080 	0.23175 	-0.05082 	0.17778 	0.34726 	-0.12143 
Replication57	 720.53834	1.06836	-175.03824 	-7.85719 	1.66719 	-11.48321 	9.91904 	1.05867 
Replication58	 259.79300	1.07077	2.22968 	0.51074 	0.44611 	-0.14753 	0.78097 	0.33564 
Replication59	 482.72230	1.07023	6.10140 	-0.21486 	-1.10622 	0.86997 	0.19764 	-1.33716 
Replication60	 309.30031	1.07167	2.96087 	0.36204 	0.25883 	-0.14749 	0.71149 	0.12255 
Replication61	 572.03931	1.07233	79.64512 	4.18615 	1.31452 	0.77255 	-2.56407 	1.44519 
Replication62	 382.38737	1.06538	3.52224 	0.51180 	0.16650 	-0.23394 	0.51570 	-0.00670 
Replication63	 525.54303	1.06409	6.58345 	-0.10852 	-0.75181 	0.00309 	0.46602 	-1.03221 
Replication64	 441.91895	1.06802	5.00131 	0.47925 	0.00652 	-0.24252 	0.38087 	-0.17007 
Replication65	 448.31231	1.06712	5.24708 	0.47255 	-0.01182 	-0.23418 	0.36489 	-0.18588 
Replication66	 234.48524	1.06999	1.92430 	0.58670 	0.53474 	-0.15250 	0.81883 	0.43801 
Replication67	 550.54735	1.06560	7.10654 	0.49345 	-0.36946 	-0.22545 	0.18475 	-0.61944 
Replication68	 468.52878	1.06606	5.94919 	-0.04557 	-0.43961 	-0.11190 	0.55788 	-0.68810 
Replication69	 490.20205	1.07179	3.45605 	0.19873 	-0.09392 	-0.70073 	0.62601 	-0.25949 
Replication70	 497.24757	1.05972	6.68145 	0.40077 	-0.04932 	-0.45413 	0.38309 	-0.20558 
Replication71	 322.97626	1.06496	2.55266 	0.54807 	0.30881 	-0.22614 	0.65043 	0.14827 
Replication72	 238.80234	1.06907	1.85110 	0.59257 	0.52423 	-0.16059 	0.79802 	0.42733 
Replication73	 8420.08596	1.45620	601.80108 	-12.23721 	15.71447 	-111.08987 	59.42480 	5.34604 
Replication74	 260.16260	1.06861	1.98581 	0.58021 	0.46620 	-0.19385 	0.76925 	0.34762 
Replication75	 257.34130	1.06958	1.95537 	0.57388 	0.47450 	-0.18108 	0.75919 	0.36797 
Replication76	 407.45942	1.07413	4.67789 	0.46087 	0.10712 	-0.24337 	0.43830 	-0.02504 
Replication77	 298.75132	1.07165	2.77881 	0.39515 	0.30172 	-0.15203 	0.72880 	0.16918 
Replication78	 494.44396	1.07261	3.11397 	0.14131 	-0.20467 	-0.59058 	0.60757 	-0.38122 
Replication79	 547.95937	1.06695	2.30530 	0.10079 	-0.24635 	-0.86664 	0.66223 	-0.47439 
Replication80	 333.63330	1.07347	3.06385 	0.49589 	0.30544 	-0.20566 	0.58676 	0.19804 
Replication81	 323.50802	1.06833	3.10144 	0.34136 	0.21078 	-0.14213 	0.69366 	0.05731 
Replication82	 535.86568	1.06715	4.27287 	0.25769 	-0.05860 	-0.98588 	0.63969 	-0.25630 
Replication83	 889.35474	1.59531	93.74762 	-3.60348 	-0.35501 	-14.26254 	8.49109 	1.75581 
Replication84	 276.92376	1.06774	2.11354 	0.56911 	0.42055 	-0.20654 	0.73527 	0.28993 
Replication85	 334.57683	1.06989	3.48636 	0.26960 	0.14321 	-0.10933 	0.65961 	-0.00181 
Replication86	 300.97913	1.07460	2.45982 	0.51907 	0.38407 	-0.20165 	0.65889 	0.28455 
Replication87	 267.85008	1.07023	2.33322 	0.48217 	0.41361 	-0.13534 	0.76257 	0.30084 
Replication88	 498.94656	1.06866	6.84707 	0.43681 	-0.19689 	-0.24136 	0.28266 	-0.37723 
Replication89	 489.92642	1.07155	9.01465 	0.48445 	-0.07824 	-0.36598 	0.30604 	-0.22359 
Replication90	 298.78121	1.06760	2.33063 	0.54843 	0.37602 	-0.20009 	0.68119 	0.24704 
Replication91	 313.34069	1.06808	2.86407 	0.39446 	0.26330 	-0.16622 	0.72079 	0.10733 
Replication92	 392.93655	1.06040	4.19863 	0.48346 	0.14791 	-0.15231 	0.45344 	0.00775 
Replication93	 495.45282	1.07252	3.80303 	0.20547 	-0.11031 	-0.70617 	0.61612 	-0.28008 
Replication94	 291.78631	1.07208	2.40316 	0.52445 	0.41058 	-0.17013 	0.66821 	0.32088 
Replication95	 272.46265	1.07791	2.75854 	0.36605 	0.34817 	-0.07172 	0.70777 	0.27023 
Replication96	 406.01271	1.06708	3.96986 	0.50231 	0.10483 	-0.25101 	0.46771 	-0.07561 
Replication97	 274.71348	1.06820	2.10826 	0.55936 	0.43915 	-0.17242 	0.71821 	0.33174 
Replication98	 243.66735	1.06744	1.91825 	0.59367 	0.51108 	-0.16422 	0.79987 	0.40345 
Replication99	 408.89302	1.06396	4.03930 	0.50357 	0.09736 	-0.23160 	0.45792 	-0.08690 
Replication100	 241.02743	1.06965	1.86383 	0.59035 	0.51854 	-0.16869 	0.79770 	0.41892 
Replication101	 514.57324	1.69827	63.20889 	-1.70139 	-1.22604 	-6.07309 	1.45840 	1.41247 
Replication102	 298.95584	1.05831	2.61856 	0.54279 	0.38648 	-0.06795 	0.62866 	0.29332 
Replication103	 568.44263	1.06554	8.18825 	0.45820 	-0.51444 	-0.14573 	0.15699 	-0.75978 
Replication104	 374.37246	1.06766	4.15985 	0.17887 	-0.01101 	-0.11770 	0.62493 	-0.19036 
Replication105	 290.79165	1.06832	2.53153 	0.46500 	0.35074 	-0.17357 	0.75375 	0.20689 
Replication106	 435.95576	1.06797	5.34431 	0.02336 	-0.27914 	-0.14032 	0.59577 	-0.50603 
Replication107	 528.36286	1.06395	6.60696 	-0.12133 	-0.74840 	-0.04371 	0.49298 	-1.04054 
Replication108	 252.87693	1.07011	2.15126 	0.52735 	0.46847 	-0.13901 	0.78709 	0.36326 
Replication109	 247.34801	1.06880	1.89449 	0.58334 	0.49969 	-0.16518 	0.77461 	0.39992 
Replication110	 273.70670	1.06464	2.24340 	0.55000 	0.42262 	-0.17835 	0.77884 	0.27931 
Replication111	 468.91025	1.07183	6.61831 	0.41720 	-0.08005 	-0.28615 	0.34964 	-0.22495 
Replication112	 506.65028	1.07008	6.90333 	0.44830 	-0.23093 	-0.23599 	0.26438 	-0.42054 
Replication113	 490.67060	1.07257	7.83241 	0.42983 	-0.15943 	-0.28977 	0.30949 	-0.31486 
Replication114	 489.83467	1.07165	3.11437 	0.17204 	-0.12706 	-0.66383 	0.62774 	-0.29569 
Replication115	 248.94505	1.06889	2.02067 	0.57841 	0.49658 	-0.17568 	0.80767 	0.38169 
Replication116	 246.82484	1.06733	2.04208 	0.56727 	0.49545 	-0.14416 	0.79956 	0.38661 
Replication117	 324.58442	1.07103	3.25504 	0.30846 	0.19265 	-0.13421 	0.68643 	0.04899 
Replication118	 457.95307	1.06552	4.93533 	0.49914 	-0.04159 	-0.26089 	0.36550 	-0.25417 
Replication119	 321.30587	1.06495	2.88473 	0.40048 	0.24296 	-0.16684 	0.71212 	0.07238 
Replication120	 321.41157	1.07069	2.61458 	0.52716 	0.32417 	-0.22431 	0.63541 	0.19245 
Replication121	 508.12929	1.06717	6.35540 	-0.09016 	-0.68554 	-0.00088 	0.47802 	-0.94135 
Replication122	 300.77385	1.07355	2.49519 	0.51873 	0.38645 	-0.18972 	0.65481 	0.29045 
Replication123	 5032.76018	2.08398	65.49286 	106.47725 	-15.31612 	-61.83422 	37.42873 	-7.09247 
Replication124	 369.64452	1.07354	3.81220 	0.47602 	0.21256 	-0.22291 	0.51253 	0.09362 
Replication125	 238.77363	1.07135	1.95344 	0.58387 	0.52405 	-0.17098 	0.81954 	0.42278 
Replication126	 265.74123	1.07237	2.05215 	0.54705 	0.47228 	-0.15886 	0.72205 	0.39089 
Replication127	 302.48708	1.06935	2.39756 	0.53821 	0.37186 	-0.19936 	0.66775 	0.25088 
Replication128	 355.17568	1.06942	3.23528 	0.50488 	0.24358 	-0.21971 	0.55705 	0.10511 
Replication129	 539.27785	1.06934	15.03941 	0.69485 	-0.47700 	0.20658 	-0.09209 	-0.66106 
Replication130	 252.93704	1.06923	2.15576 	0.52118 	0.46437 	-0.12393 	0.77936 	0.36168 
Replication131	 403.21541	1.06792	4.10671 	0.49146 	0.11605 	-0.23573 	0.46134 	-0.04806 
Replication132	 423.17472	1.07240	5.18540 	0.44734 	0.06314 	-0.24036 	0.40781 	-0.06982 
Replication133	 235.40909	1.06862	1.83645 	0.59606 	0.53338 	-0.15252 	0.80234 	0.43936 
Replication134	 281.48444	1.06862	2.16949 	0.55393 	0.42255 	-0.18085 	0.70679 	0.31134 
Replication135	 539.07622	1.06784	8.27978 	0.43936 	-0.39765 	-0.17360 	0.20634 	-0.60634 
Replication136	 414.15909	1.07255	4.95830 	0.45173 	0.09008 	-0.23675 	0.42380 	-0.03932 
Replication137	 952.99539	1.60844	14.43774 	0.02775 	-0.00376 	-0.42391 	-5.09315 	-0.69786 
Replication138	 476.04680	1.76250	-3.11585 	1.39256 	-0.87465 	-0.59346 	-2.45161 	-0.71929 
Replication139	 355.71559	1.06953	3.23891 	0.50482 	0.24202 	-0.22134 	0.55651 	0.10291 
Replication140	 485.51669	1.07103	6.02678 	-0.14447 	-0.91361 	0.53812 	0.30062 	-1.13690 
Replication141	 245.53824	1.07369	1.83695 	0.56670 	0.51717 	-0.15979 	0.76579 	0.44070 
Replication142	 336.18414	1.06821	3.34023 	0.30101 	0.15791 	-0.13746 	0.67603 	-0.00208 
Replication143	 360.03193	1.06700	3.28672 	0.50858 	0.22966 	-0.21294 	0.54845 	0.08331 
Replication144	 274.82764	1.07357	2.13595 	0.53988 	0.44873 	-0.17584 	0.70766 	0.36201 
Replication145	 425.15692	1.07064	5.51248 	0.01518 	-0.28259 	-0.07319 	0.55617 	-0.47137 
Replication146	 236.12314	1.07041	1.89168 	0.59177 	0.53245 	-0.16649 	0.81734 	0.43333 
Replication147	 443.63130	1.06540	5.46419 	0.01446 	-0.31056 	-0.11992 	0.57469 	-0.54568 
Replication148	 281.19188	1.06882	2.16291 	0.55431 	0.42279 	-0.18313 	0.70834 	0.31105 
Replication149	 349.86939	1.06426	2.93578 	0.53203 	0.24474 	-0.22603 	0.58900 	0.07660 
Replication150	 456.79098	1.07278	6.08436 	0.43248 	-0.04700 	-0.25893 	0.35426 	-0.19228 
Replication151	 248.01996	1.06688	1.99367 	0.58714 	0.49837 	-0.16638 	0.80230 	0.38309 
Replication152	 245.35499	1.06827	1.94847 	0.59044 	0.50697 	-0.17287 	0.80477 	0.39608 
Replication153	 259.28075	1.06732	2.15017 	0.55105 	0.45970 	-0.16278 	0.79068 	0.33701 
Replication154	 524.94435	1.60279	-13.04098 	1.95227 	0.30043 	-3.33548 	-0.28852 	0.45434 
Replication155	 564.27532	1.06427	2.13306 	0.10972 	-0.18631 	-1.04194 	0.69538 	-0.42502 
Replication156	 273.32058	1.07822	2.77184 	0.36443 	0.34579 	-0.07577 	0.70866 	0.26706 
Replication157	 241.62020	1.07404	1.80482 	0.56952 	0.52509 	-0.16154 	0.77484 	0.44839 
Replication158	 359.33781	1.06905	3.33604 	0.50187 	0.23372 	-0.21650 	0.54627 	0.09540 
Replication159	 528.37356	1.06907	7.35922 	-0.66453 	-2.17921 	2.02994 	-0.01552 	-2.54203 
Replication160	 470.30510	1.07247	5.97625 	-0.04588 	-0.51941 	-0.02970 	0.50449 	-0.72768 
Replication161	 391.54825	1.07171	4.70826 	0.10444 	-0.10427 	-0.12303 	0.61356 	-0.28190 
Replication162	 347.93697	1.06415	3.29926 	0.32580 	0.13957 	-0.16274 	0.67888 	-0.04947 
Replication163	 351.37600	1.07066	3.82798 	0.22086 	0.07461 	-0.11880 	0.64773 	-0.08125 
Replication164	 234.59834	1.06976	1.93817 	0.58318 	0.53308 	-0.14652 	0.81708 	0.43711 
Replication165	 283.36779	1.06747	2.16631 	0.56370 	0.40624 	-0.20626 	0.72065 	0.27391 
Replication166	 276.03536	1.06330	2.15186 	0.57714 	0.41618 	-0.16908 	0.72464 	0.28406 
Replication167	 417.13234	1.07311	4.98190 	0.45319 	0.08002 	-0.24049 	0.41875 	-0.05304 
Replication168	 3093.36243	1.76561	-39.95099 	1.49889 	1.54890 	-22.00114 	-0.80983 	3.20955 
Replication169	 270.71622	1.06886	2.06172 	0.56285 	0.44660 	-0.17886 	0.72953 	0.33815 
Replication170	 12040.36368	1.63962	1099.94948 	-79.70638 	-1.48965 	-28.48209 	-52.26378 	7.74933 
Replication171	 287.55407	1.53505	-9.52836 	1.45613 	-1.98718 	-0.79702 	0.13860 	-1.33142 
Replication172	 216.39881	1.07717	1.89217 	0.56302 	0.57467 	-0.11936 	0.82833 	0.51104 
Replication173	 250.81096	1.06900	1.91659 	0.57958 	0.49047 	-0.17012 	0.76851 	0.38832 
Replication174	 363.91921	1.07214	3.25010 	0.50666 	0.21693 	-0.25822 	0.55310 	0.06585 
Replication175	 439.66561	1.07444	5.48458 	0.45001 	0.00770 	-0.25538 	0.37859 	-0.13623 
Replication176	 534.63106	1.06711	7.27391 	0.46061 	-0.33423 	-0.21555 	0.21510 	-0.55237 
Replication177	 11341.68266	2.23325	-398.76599 	1.47286 	-20.13504 	-1.53820 	-78.08176 	6.26895 
Replication178	 250.09515	1.06721	1.98032 	0.58966 	0.49400 	-0.17573 	0.79853 	0.37706 
Replication179	 309.37853	1.06523	2.74227 	0.42054 	0.28103 	-0.15357 	0.71902 	0.12350 
Replication180	 336.06290	1.07957	4.52279 	0.15247 	0.04075 	0.01131 	0.56608 	-0.04521 
Replication181	 232.94262	1.06899	1.84027 	0.59809 	0.54060 	-0.15246 	0.81153 	0.44681 
Replication182	 390.96823	1.07230	4.38287 	0.46220 	0.15657 	-0.22293 	0.46701 	0.03416 
Replication183	 413.44678	1.06982	5.32140 	0.04070 	-0.22774 	-0.06437 	0.55761 	-0.40864 
Replication184	 270.53373	1.06382	2.22466 	0.54748 	0.42661 	-0.16097 	0.77453 	0.28836 
Replication185	 369.05139	1.07102	4.21665 	0.16794 	-0.00299 	-0.11923 	0.63079 	-0.16838 
Replication186	 565.98127	1.65185	3.46995 	0.66562 	-0.84523 	-1.37982 	-2.73446 	-0.26470 
Replication187	 555.72406	1.06652	7.97618 	-0.83133 	-2.63731 	2.48386 	-0.08725 	-3.07510 
Replication188	 256.24178	1.06936	2.12213 	0.55681 	0.47219 	-0.17603 	0.80066 	0.35277 
Replication189	 480.55727	1.07127	7.35022 	0.41913 	-0.09753 	-0.33130 	0.34687 	-0.24492 
Replication190	 222.70030	1.07497	1.69513 	0.58904 	0.56804 	-0.15621 	0.81364 	0.49742 
Replication191	 441.48558	1.07207	5.69872 	0.43624 	0.00677 	-0.25121 	0.37882 	-0.13113 
Replication192	 330.72192	1.07377	3.00386 	0.49847 	0.31247 	-0.20675 	0.59332 	0.20642 
Replication193	 382.78426	1.07368	4.09942 	0.47014 	0.17697 	-0.22996 	0.48643 	0.05300 
Replication194	 359.90961	1.06495	3.15841 	0.52058 	0.22420 	-0.22013 	0.55967 	0.06213 
Replication195	 273.90832	1.07106	2.40966 	0.46911 	0.39483 	-0.14784 	0.76045 	0.27660 
Replication196	 334.34578	1.07142	3.44207 	0.27965 	0.15369 	-0.13903 	0.67841 	0.00380 
Replication197	 233.00196	1.06921	1.84691 	0.59762 	0.54057 	-0.15411 	0.81338 	0.44618 
Replication198	 495.37186	1.07143	-7.79622 	-0.46595 	-0.56640 	-0.49290 	0.97160 	-0.78944 
Replication199	 442.19204	1.07092	5.81111 	-0.01396 	-0.37489 	-0.05377 	0.53053 	-0.56966 
Replication200	 268.22767	1.06898	2.34359 	0.47289 	0.40626 	-0.11402 	0.75044 	0.29686 
Replication201	 347.93494	1.06632	3.02499 	0.51996 	0.25756 	-0.21245 	0.57832 	0.10964 
Replication202	 492.11499	1.07194	3.50272 	0.19710 	-0.10298 	-0.70018 	0.62411 	-0.27065 
Replication203	 567.68281	1.06671	0.77121 	0.01928 	-0.24726 	-1.05081 	0.74360 	-0.49883 
Replication204	 475.88609	1.07188	6.87248 	0.41585 	-0.10565 	-0.28969 	0.34064 	-0.25460 
Replication205	 292.16228	1.54956	-7.92644 	-2.02714 	-2.19972 	-2.73475 	2.40973 	-1.64257 
Replication206	 358.26904	1.05961	3.84695 	0.22247 	0.03137 	0.01093 	0.55260 	-0.12435 
Replication207	 251.89216	1.06892	1.92274 	0.57871 	0.48836 	-0.16980 	0.76612 	0.38611 
Replication208	 310.77098	1.07518	2.59024 	0.51264 	0.35932 	-0.21314 	0.64109 	0.25475 
Replication209	 390.20469	1.06794	4.50932 	0.13331 	-0.08138 	-0.11806 	0.61089 	-0.26965 
Replication210	 324.18733	1.06821	2.64031 	0.53231 	0.31510 	-0.21741 	0.63145 	0.17612 
Replication211	 461.01859	1.07303	6.19184 	0.43196 	-0.06285 	-0.26013 	0.34729 	-0.21040 
Replication212	 389.23592	1.07325	4.28731 	0.46586 	0.15996 	-0.22911 	0.47223 	0.03589 
Replication213	 481.52048	1.05841	5.92693 	0.44350 	0.24774 	-0.87570 	0.57444 	0.12139 
Replication214	 484.93157	1.06683	6.22911 	0.45654 	-0.13340 	-0.23540 	0.29843 	-0.31739 
Replication215	 488.24602	1.07214	5.96492 	-0.09562 	-0.75493 	0.24453 	0.39944 	-0.97528 
Replication216	 550.61469	1.06600	6.51724 	-0.19204 	-1.07017 	0.28617 	0.39607 	-1.38231 
Replication217	 425.06218	1.07153	5.29186 	0.44218 	0.05960 	-0.23981 	0.40544 	-0.07140 
Replication218	 347.43911	1.06608	2.97918 	0.52318 	0.25677 	-0.21763 	0.58365 	0.10392 
Replication219	 239.15128	1.07443	1.78536 	0.57184 	0.52992 	-0.16382 	0.78075 	0.45331 
Replication220	 504.49547	1.06709	6.53863 	0.46462 	-0.20409 	-0.23543 	0.26406 	-0.40509 
Replication221	 281.74779	1.07328	2.23154 	0.53395 	0.43281 	-0.17646 	0.69252 	0.34452 
Replication222	 401.51141	1.06648	4.58132 	0.12506 	-0.11332 	-0.13684 	0.61429 	-0.32097 
Replication223	 4599.00647	1.55759	-48.96926 	-0.06325 	-6.04710 	-32.13430 	-1.06387 	3.73603 
Replication224	 256.02991	1.06758	1.99016 	0.58639 	0.47923 	-0.18793 	0.78810 	0.35791 
Replication225	 270.30305	1.06818	2.06674 	0.56309 	0.44927 	-0.17013 	0.72690 	0.34341 
Replication226	 374.60625	1.07205	4.00981 	0.46980 	0.20152 	-0.21269 	0.49856 	0.08492 
Replication227	 260.38190	1.06919	1.98800 	0.58012 	0.46832 	-0.20096 	0.77781 	0.34709 
Replication228	 286.70506	1.07016	2.60074 	0.42301 	0.34101 	-0.12829 	0.73145 	0.21915 
Replication229	 287.32835	1.07745	3.11245 	0.31017 	0.27921 	-0.04740 	0.67141 	0.19917 
Replication230	 500.00487	1.07088	21.20623 	1.21481 	0.50502 	-0.66533 	-0.04144 	0.42843 
Replication231	 500.93259	1.07319	3.95199 	0.19169 	-0.15793 	-0.67769 	0.60532 	-0.33503 
Replication232	 233.94120	1.06958	1.93599 	0.58350 	0.53447 	-0.14301 	0.81674 	0.43958 
Replication233	 353.28426	1.07023	3.88593 	0.21251 	0.06333 	-0.10947 	0.63978 	-0.09202 
Replication234	 502.41382	1.06661	6.37079 	-0.08082 	-0.65456 	0.00227 	0.47346 	-0.90426 
Replication235	 540.32903	1.06769	8.57935 	0.44212 	-0.41114 	-0.15738 	0.19755 	-0.61968 
Replication236	 363.85041	1.06359	3.21167 	0.52189 	0.21315 	-0.21595 	0.55181 	0.04624 
Replication237	 361.12477	1.06949	3.34446 	0.50189 	0.22843 	-0.22258 	0.54477 	0.08775 
Replication238	 244.16520	1.06795	1.98683 	0.58343 	0.50804 	-0.16047 	0.80791 	0.39853 
Replication239	 257.27231	1.06689	2.09987 	0.56918 	0.47111 	-0.17276 	0.79668 	0.34641 
Replication240	 547.63481	1.06616	10.15233 	0.48013 	-0.47897 	-0.04727 	0.12604 	-0.69085 
Replication241	 480.03891	1.07262	6.95673 	0.41937 	-0.12960 	-0.27718 	0.32750 	-0.28255 
Replication242	 489.79300	1.06868	6.54838 	0.44323 	-0.15894 	-0.24174 	0.29453 	-0.33624 
Replication243	 504.28555	1.06853	6.24635 	-0.08322 	-0.70362 	0.06220 	0.45198 	-0.94744 
Replication244	 489.50043	1.06765	6.27228 	-0.06243 	-0.60163 	0.01328 	0.46985 	-0.83364 
Replication245	 487.82843	1.07161	6.00359 	-0.13157 	-0.86705 	0.43396 	0.33829 	-1.09104 
Replication246	 493.15036	1.07184	-3.13593 	-0.19711 	-0.39315 	-0.55294 	0.81719 	-0.59530 
Replication247	 401.26790	1.06877	4.24997 	0.48133 	0.12412 	-0.22585 	0.45654 	-0.02607 
Replication248	 341.11314	1.06907	2.99813 	0.51221 	0.27924 	-0.21054 	0.58510 	0.14666 
Replication249	 350.59221	1.08290	4.77659 	0.11944 	-0.02426 	-0.01305 	0.56163 	-0.11474 
Replication250	 329.13551	1.06534	2.65255 	0.54064 	0.29592 	-0.22263 	0.63159 	0.13853 
Replication251	 1566762.72631	1.49866	-352625.46169 	169862.01157 	-46443.17264 	26093.87470 	-37859.62738 	6438.21016 
Replication252	 462.86696	1.07216	6.32638 	0.42430 	-0.06513 	-0.26778 	0.35037 	-0.21055 
Replication253	 251.82955	1.07788	2.36927 	0.44054 	0.43567 	-0.09011 	0.75031 	0.36344 
Replication254	 472.07689	1.06999	6.00494 	-0.06321 	-0.47891 	-0.12153 	0.56624 	-0.71813 
Replication255	 241.10975	1.06912	1.86004 	0.59015 	0.51775 	-0.16335 	0.79280 	0.41963 
Replication256	 451.31767	1.07186	5.99180 	0.42925 	-0.02451 	-0.25970 	0.36609 	-0.16507 
Replication257	 252.37708	1.07548	1.87461 	0.55931 	0.49735 	-0.18356 	0.75950 	0.41328 
Replication258	 489.33448	1.06905	6.20598 	-0.07715 	-0.58835 	-0.05310 	0.51406 	-0.82941 
Replication259	 445.78854	1.47708	-13.50179 	-0.15339 	0.40348 	-2.86904 	-0.16807 	0.82878 
Replication260	 263.43941	1.06933	1.99823 	0.56890 	0.46172 	-0.18119 	0.74621 	0.35402 
Replication261	 280.86438	1.07332	2.21565 	0.53408 	0.43460 	-0.17710 	0.69498 	0.34551 
Replication262	 237.82847	1.07432	1.77729 	0.57318 	0.53320 	-0.16174 	0.78282 	0.45738 
Replication263	 461.60773	1.06767	5.86170 	-0.03828 	-0.41419 	-0.11727 	0.56662 	-0.65307 
Replication264	 468.98534	1.06659	6.06782 	-0.05043 	-0.46579 	-0.07662 	0.53305 	-0.70225 
Replication265	 490.59148	1.07189	2.15436 	0.09899 	-0.21421 	-0.58791 	0.63946 	-0.39192 
Replication266	 36757.52313	1.68552	1630.36936 	-179.84110 	196.91998 	-276.33325 	0.43125 	70.30993 
Replication267	 462.88968	1.06856	5.97145 	-0.04529 	-0.44312 	-0.08802 	0.54570 	-0.67114 
Replication268	 317.25341	1.06552	2.49548 	0.54908 	0.32368 	-0.22243 	0.65903 	0.16916 
Replication269	 487.83770	1.07182	5.98103 	-0.10982 	-0.80388 	0.33233 	0.36952 	-1.02514 
Replication270	 418.53945	1.06619	4.23673 	0.49896 	0.07129 	-0.24714 	0.43979 	-0.11419 
Replication271	 387.71189	1.06708	3.64619 	0.50613 	0.15387 	-0.24223 	0.50364 	-0.01690 
Replication272	 299.27998	1.06771	2.70406 	0.41181 	0.30312 	-0.13427 	0.71943 	0.16543 
Replication273	 225.98848	1.07393	1.71224 	0.58497 	0.56084 	-0.14960 	0.80319 	0.49038 
Replication274	 222.09713	1.07632	1.69571 	0.59028 	0.57046 	-0.16716 	0.82240 	0.49787 
Replication275	 266.68534	1.06765	2.03771 	0.57286 	0.44839 	-0.18643 	0.74551 	0.33005 
Replication276	 330.31041	1.06596	3.10800 	0.34824 	0.19557 	-0.14873 	0.69025 	0.02853 
Replication277	 466.20530	1.07155	6.49776 	0.41769 	-0.07112 	-0.28106 	0.35275 	-0.21575 
Replication278	 276.25631	1.06955	2.10279 	0.55845 	0.43222 	-0.19043 	0.72223 	0.31931 
Replication279	 240.18392	1.06710	1.91476 	0.59558 	0.52023 	-0.15509 	0.80564 	0.41537 
Replication280	 312.84419	1.08067	3.69663 	0.23233 	0.17378 	-0.06829 	0.64759 	0.08351 
Replication281	 227.66075	1.07539	1.71744 	0.58387 	0.55420 	-0.16455 	0.80429 	0.48099 
Replication282	 369.86531	1.07346	3.81772 	0.47573 	0.21203 	-0.22240 	0.51199 	0.09286 
Replication283	 290.60358	1.06501	2.46187 	0.49180 	0.35821 	-0.17096 	0.75342 	0.20628 
Replication284	 475.38749	1.06803	5.84826 	0.46971 	-0.10007 	-0.24270 	0.31530 	-0.28705 
Replication285	 367.48919	1.47906	-6.55922 	0.23694 	-1.02447 	1.49736 	-1.55821 	-1.58252 
Replication286	 320.32244	1.07937	3.98890 	0.20163 	0.12776 	-0.02839 	0.61260 	0.04077 
Replication287	 492.01489	1.06852	6.23891 	-0.07304 	-0.60833 	-0.01936 	0.49169 	-0.84673 
Replication288	 382.26425	1.06782	3.48727 	0.51027 	0.16630 	-0.25265 	0.52098 	-0.00709 
Replication289	 298.76530	1.07003	2.27434 	0.55193 	0.37227 	-0.23412 	0.69817 	0.23430 
Replication290	 374.54469	1.06994	3.58311 	0.49639 	0.19331 	-0.23225 	0.51853 	0.04651 
Replication291	 502.98591	1.07347	3.55999 	0.14800 	-0.23406 	-0.59802 	0.59595 	-0.41853 
Replication292	 451.62977	1.07072	5.93967 	-0.02396 	-0.42832 	-0.02740 	0.50864 	-0.62544 
Replication293	 492.26509	1.07189	6.25009 	-0.29785 	-1.26578 	0.97627 	0.20507 	-1.51925 
Replication294	 268.26974	1.06788	2.28117 	0.50681 	0.42099 	-0.14472 	0.76890 	0.29927 
Replication295	 444.53046	1.07342	5.71193 	0.44167 	-0.00641 	-0.25439 	0.37137 	-0.14787 
Replication296	 297.36908	1.06954	2.77941 	0.38559 	0.29555 	-0.11419 	0.70854 	0.17031 
Replication297	 347.89097	1.07289	3.37640 	0.48639 	0.27014 	-0.20677 	0.55520 	0.15970 
Replication298	 249.82891	1.06220	1.97687 	0.59842 	0.48686 	-0.12854 	0.77020 	0.37479 
Replication299	 375.89989	1.07171	4.35240 	0.15157 	-0.03025 	-0.12872 	0.62916 	-0.19958 
Replication300	 286.53556	1.07087	2.59314 	0.42849 	0.34494 	-0.13938 	0.73727 	0.22205 
Replication301	 367.57087	1.07028	4.21268 	0.16860 	-0.00110 	-0.10484 	0.62298 	-0.16356 
Replication302	 489.97425	1.07162	3.78044 	0.25633 	0.01444 	-0.84096 	0.65107 	-0.14310 
Replication303	 267.31414	1.07213	2.07535 	0.54566 	0.46904 	-0.15728 	0.71804 	0.38778 
Replication304	 251.66916	1.06700	2.09875 	0.54976 	0.47668 	-0.13499 	0.78847 	0.36655 
Replication305	 286.81368	1.06525	2.20536 	0.57073 	0.39304 	-0.21038 	0.72284 	0.24795 
Replication306	 323.45216	1.06989	3.25701 	0.30500 	0.19057 	-0.11294 	0.67469 	0.05112 
Replication307	 275.58899	1.06281	2.28602 	0.51635 	0.39745 	-0.12334 	0.74796 	0.26421 
Replication308	 376.67962	1.06399	3.85323 	0.23493 	0.01806 	-0.15495 	0.64490 	-0.18793 
Replication309	 512.22413	1.06578	6.47872 	0.47845 	-0.22384 	-0.23622 	0.25006 	-0.44130 
Replication310	 309.76502	1.06855	2.86236 	0.38568 	0.26712 	-0.14856 	0.71434 	0.12055 
Replication311	 430.41020	1.07189	5.41102 	0.44115 	0.04226 	-0.24379 	0.39629 	-0.09146 
Replication312	 316.78602	1.06522	2.58934 	0.53787 	0.33500 	-0.18725 	0.63765 	0.20172 
Replication313	 492.73717	1.07249	6.01005 	-0.15748 	-0.91283 	0.43889 	0.35208 	-1.14583 
Replication314	 468.31384	1.07204	6.52732 	0.42018 	-0.08296 	-0.27507 	0.34563 	-0.22991 
Replication315	 399.37047	1.05609	4.79008 	0.43766 	0.17878 	-0.19343 	0.45848 	0.07773 
Replication316	 599.29818	1.06765	42.03877 	1.82884 	-1.71025 	2.97479 	-1.77906 	-1.90859 
Replication317	 558.03003	1.06622	-5.65714 	-0.21416 	0.05448 	-1.64878 	1.13192 	-0.18194 
Replication318	 1193799.94630	1.75622	107595.59565 	-18132.71201 	-222.78784 	3769.53085 	-11379.32012 	543.12994 
Replication319	 495.87255	1.07321	0.83150 	0.00293 	-0.32053 	-0.53813 	0.66790 	-0.51209 
Replication320	 485.85758	1.06818	6.23053 	-0.06632 	-0.57509 	-0.02596 	0.49534 	-0.80928 
Replication321	 352.44879	1.06581	3.51887 	0.27900 	0.10397 	-0.14299 	0.66208 	-0.07577 
Replication322	 294.28514	1.07286	2.41622 	0.52295 	0.40319 	-0.17948 	0.66589 	0.31065 
Replication323	 491.82632	1.07211	8.53054 	0.45556 	-0.13231 	-0.31692 	0.30211 	-0.28384 
Replication324	 251.02546	1.06888	1.95955 	0.58733 	0.49338 	-0.18718 	0.79763 	0.37783 
Replication325	 263.52159	1.06749	2.01734 	0.57531 	0.45576 	-0.18266 	0.75065 	0.33910 
Replication326	 314.11189	1.06998	2.53602 	0.53109 	0.34313 	-0.21186 	0.64663 	0.21662 
Replication327	 375.33416	1.06503	4.01444 	0.20303 	0.00038 	-0.12264 	0.62627 	-0.18997 
Replication328	 451.29272	1.06941	5.42217 	0.46592 	-0.02345 	-0.24206 	0.35854 	-0.19166 
Replication329	 232.37254	1.06949	1.86364 	0.59657 	0.54224 	-0.15387 	0.81769 	0.44751 
Replication330	 299.59166	1.07155	2.54113 	0.51779 	0.39255 	-0.16902 	0.65036 	0.30152 
Replication331	 397.82265	1.07313	4.49503 	0.46173 	0.13604 	-0.23202 	0.45531 	0.00895 
Replication332	 325.22955	1.07098	3.26884 	0.30606 	0.18962 	-0.13303 	0.68496 	0.04580 
Replication333	 321.98562	1.07057	3.21477 	0.31396 	0.20056 	-0.12537 	0.68368 	0.06019 
Replication334	 356.45158	1.06897	3.72653 	0.24279 	0.07717 	-0.14936 	0.66242 	-0.09714 
Replication335	 341.03741	1.07409	3.18371 	0.49258 	0.28597 	-0.21518 	0.57327 	0.17522 
Replication336	 260.08724	1.07368	1.96807 	0.55227 	0.48301 	-0.16921 	0.73792 	0.40039 
Replication337	 260.01460	1.89750	2.15779 	0.41172 	-0.64811 	-0.26252 	-1.84835 	-0.52725 
Replication338	 291.04857	1.06741	2.51719 	0.47024 	0.35121 	-0.17159 	0.75263 	0.20538 
Replication339	 250.02033	1.06898	1.91178 	0.58032 	0.49239 	-0.16943 	0.77004 	0.39059 
Replication340	 342.85870	1.06958	3.67474 	0.24173 	0.10539 	-0.10059 	0.64495 	-0.04277 
Replication341	 287.44326	1.06658	2.47386 	0.47385 	0.35965 	-0.15572 	0.74867 	0.21921 
Replication342	 243.37488	1.06788	1.97261 	0.58628 	0.51074 	-0.16079 	0.80830 	0.40183 
Replication343	 240.18089	1.07040	1.87534 	0.59071 	0.52164 	-0.17475 	0.80675 	0.42030 
Replication344	 540.85784	1.06379	7.70430 	0.43443 	-0.36503 	-0.20463 	0.21569 	-0.58148 
Replication345	 496.80446	1.64226	6.49992 	0.54526 	0.29401 	-3.33653 	-1.13780 	0.53749 
Replication346	 380.05111	1.06533	3.39055 	0.51851 	0.16901 	-0.24675 	0.53002 	-0.01297 
Replication347	 498.13077	1.07405	7.92056 	0.43459 	-0.21472 	-0.25159 	0.28254 	-0.37784 
Replication348	 263.01639	1.06655	2.11815 	0.57401 	0.45985 	-0.18806 	0.79427 	0.32719 
Replication349	 317.14411	1.07252	2.80220 	0.50559 	0.34796 	-0.18776 	0.61748 	0.24863 
Replication350	 226.26759	1.07303	1.71418 	0.58538 	0.56239 	-0.14106 	0.79997 	0.49388 
Replication351	 373.76298	1.06715	3.95273 	0.21416 	0.01647 	-0.15722 	0.65068 	-0.17755 
Replication352	 420.01752	1.07120	5.36514 	0.02653 	-0.25070 	-0.09356 	0.57439 	-0.44003 
Replication353	 251.62033	1.06918	1.97580 	0.58552 	0.49277 	-0.19000 	0.80134 	0.37573 
Replication354	 302.37164	1.06603	2.37976 	0.54908 	0.36690 	-0.19313 	0.67252 	0.23484 
Replication355	 228.54518	1.07646	2.03836 	0.51588 	0.52482 	-0.09308 	0.79301 	0.46058 
Replication356	 427.77793	1.07261	5.29635 	0.44601 	0.04866 	-0.24367 	0.39984 	-0.08611 
Replication357	 435.75658	1.06663	5.21366 	0.04118 	-0.26030 	-0.15493 	0.60406 	-0.49721 
Replication358	 227.22743	1.07747	2.01936 	0.52567 	0.53288 	-0.10745 	0.80202 	0.46770 
Replication359	 368.78513	1.06970	3.48228 	0.49853 	0.20854 	-0.22757 	0.52955 	0.06457 
Replication360	 248.01143	1.06879	2.00609 	0.58114 	0.49941 	-0.17524 	0.80791 	0.38530 
Replication361	 553.55422	1.06618	-1.83277 	-0.05755 	-0.08608 	-1.28145 	0.90358 	-0.31955 
Replication362	 459.27695	1.06655	5.80703 	-0.02888 	-0.39648 	-0.11474 	0.56464 	-0.63700 
Replication363	 502.44714	1.06647	6.54689 	0.45975 	-0.19639 	-0.23302 	0.26819 	-0.39398 
Replication364	 331.67792	1.06921	3.23504 	0.32237 	0.18310 	-0.15818 	0.69399 	0.02190 
Replication365	 434.12912	1.07060	5.69048 	-0.00177 	-0.33191 	-0.05992 	0.54084 	-0.52363 
Replication366	 509.40155	1.06679	6.39065 	-0.09829 	-0.67389 	-0.04339 	0.50052 	-0.93845 
Replication367	 441.88300	1.06710	4.93234 	0.48341 	0.00691 	-0.24187 	0.38280 	-0.17425 
Replication368	 398.96079	1.06557	3.93779 	0.49978 	0.12605 	-0.22854 	0.47333 	-0.04471 
Replication369	 261.71136	1.06865	1.98980 	0.57044 	0.46744 	-0.17175 	0.74608 	0.36281 
Replication370	 276.91775	1.07143	2.44896 	0.46236 	0.38530 	-0.15355 	0.75926 	0.26443 
Replication371	 248.56927	1.06794	1.93437 	0.58970 	0.49794 	-0.17549 	0.79241 	0.38633 
Replication372	 258.50095	1.07445	1.94103 	0.55367 	0.48519 	-0.17637 	0.74386 	0.40121 
Replication373	 444.49678	1.07140	5.83935 	0.42973 	0.00034 	-0.25760 	0.37782 	-0.13584 
Replication374	 525.38279	1.06580	7.04576 	0.45817 	-0.28790 	-0.22193 	0.23084 	-0.50055 
Replication375	 409.60791	1.07164	5.11792 	0.05394 	-0.19385 	-0.11144 	0.59292 	-0.37973 
Replication376	 319.96548	1.06982	2.62291 	0.52659 	0.32924 	-0.21264 	0.63397 	0.20057 
Replication377	 406.90617	1.06855	4.85452 	0.08754 	-0.15543 	-0.12641 	0.60440 	-0.35545 
Replication378	 253.33675	1.06744	1.94860 	0.58532 	0.48382 	-0.17469 	0.77499 	0.37172 
Replication379	 494.88840	1.07235	6.36094 	-0.35652 	-1.39067 	1.12376 	0.17807 	-1.65532 
Replication380	 1203.67330	1.77649	-29.27858 	-5.53762 	4.83057 	-7.69522 	-3.03008 	1.90416 
Replication381	 291.64642	1.07092	2.67125 	0.41260 	0.32574 	-0.14055 	0.73163 	0.19909 
Replication382	 461.64946	1.06646	5.95728 	-0.03712 	-0.42664 	-0.08098 	0.53899 	-0.65869 
Replication383	 338.39349	1.06539	2.77650 	0.53529 	0.27381 	-0.22628 	0.61244 	0.11300 
Replication384	 415.13619	1.06670	4.76834 	0.10140 	-0.16120 	-0.16107 	0.61991 	-0.38532 
Replication385	 520.45335	1.06114	7.34462 	0.40215 	-0.21288 	-0.32538 	0.29499 	-0.39524 
Replication386	 544.79488	1.06731	11.33646 	0.52747 	-0.48720 	0.02479 	0.07403 	-0.69187 
Replication387	 358.19936	1.06853	3.34481 	0.50134 	0.23750 	-0.20972 	0.54602 	0.10162 
Replication388	 267.43491	1.06558	2.09176 	0.58342 	0.45009 	-0.19732 	0.78109 	0.31247 
Replication389	 577.10582	1.06397	9.36265 	0.45908 	-0.62057 	-0.02872 	0.11001 	-0.87111 
Replication390	 256.54447	1.07808	2.44715 	0.42450 	0.41724 	-0.09012 	0.74314 	0.34269 
Replication391	 269.39348	1.07018	2.35382 	0.47707 	0.40729 	-0.13312 	0.75881 	0.29440 
Replication392	 384.26100	1.07138	4.55014 	0.12336 	-0.07164 	-0.12089 	0.61941 	-0.24602 
Replication393	 533.80050	1.06803	7.74943 	0.44039 	-0.35746 	-0.20079 	0.22115 	-0.56467 
Replication394	 262.32093	1.07753	2.56062 	0.40105 	0.39015 	-0.07495 	0.72508 	0.31590 
Replication395	 542.73646	1.06698	3.97868 	0.61116 	0.75498 	-2.16759 	0.88408 	0.61846 
Replication396	 516.13570	1.06885	6.63545 	0.47778 	-0.24780 	-0.24320 	0.24403 	-0.46235 
Replication397	 398.25765	1.07348	4.49377 	0.46249 	0.13442 	-0.23484 	0.45495 	0.00706 
Replication398	 261.78507	1.07029	2.25654 	0.50125 	0.43617 	-0.13740 	0.77241 	0.32681 
Replication399	 281.97693	1.07081	2.52519 	0.44219 	0.36259 	-0.14061 	0.74484 	0.24141 
Replication400	 379.84541	1.06576	4.08300 	0.19449 	-0.01393 	-0.13770 	0.63208 	-0.20987 
Replication401	 329.39608	1.07010	2.75487 	0.52095 	0.30590 	-0.21997 	0.61572 	0.17296 
Replication402	 471.39928	1.07251	6.59329 	0.42207 	-0.09762 	-0.27124 	0.33805 	-0.24717 
Replication403	 557.11669	1.06778	3.60490 	0.12966 	-0.33630 	-0.75777 	0.59692 	-0.57464 
Replication404	 362.19356	1.07028	4.08829 	0.18518 	0.02348 	-0.10691 	0.62925 	-0.13625 
Replication405	 403.91268	1.07038	5.06407 	0.06495 	-0.17484 	-0.08645 	0.58035 	-0.35415 
Replication406	 217.22384	1.07626	1.90845 	0.55459 	0.56810 	-0.10271 	0.81863 	0.50698 
Replication407	 476.20453	1.07084	6.02452 	-0.04202 	-0.60125 	0.11888 	0.42711 	-0.80515 
Replication408	 523.88484	1.06409	6.95004 	0.45954 	-0.27333 	-0.22171 	0.23257 	-0.48762 
Replication409	 265.15029	1.06804	2.02642 	0.57966 	0.45522 	-0.20227 	0.77048 	0.32810 
Replication410	 274.82115	1.06425	2.13106 	0.58334 	0.42782 	-0.19844 	0.76218 	0.28373 
Replication411	 464.44499	1.07309	6.32490 	0.42934 	-0.07464 	-0.26411 	0.34337 	-0.22225 
Replication412	 352.67374	1.08730	3.30202 	0.23938 	0.15059 	-0.25632 	0.61200 	0.09822 
Replication413	 332.78848	1.06996	3.44679 	0.27568 	0.15131 	-0.11125 	0.66283 	0.00697 
Replication414	 262.32486	1.06642	2.15860 	0.55699 	0.45371 	-0.16997 	0.78962 	0.32500 
Replication415	 487.71007	1.06751	6.24128 	-0.07995 	-0.56339 	-0.07896 	0.52907 	-0.81366 
Replication416	 495.50996	1.07219	9.75489 	0.51005 	-0.11591 	-0.31445 	0.26212 	-0.26442 
Replication417	 373.26719	1.06427	3.36600 	0.51687 	0.18956 	-0.22385 	0.53332 	0.01918 
Replication418	 244.98214	1.06743	2.02057 	0.57373 	0.50202 	-0.14622 	0.80277 	0.39442 
Replication419	 3138.75193	1.89505	-94.59843 	6.60570 	-1.06067 	-11.80517 	-9.46386 	-0.15437 
Replication420	 466.23779	1.07276	6.41181 	0.42596 	-0.07958 	-0.26744 	0.34311 	-0.22696 
Replication421	 518.94204	1.06938	6.25886 	-0.16492 	-0.96560 	0.34528 	0.37583 	-1.23194 
Replication422	 496.96337	1.05871	8.36895 	0.02359 	-0.87680 	0.78849 	0.01237 	-1.07950 
Replication423	 303.73113	1.06897	2.42740 	0.53735 	0.36996 	-0.19436 	0.66266 	0.25075 
Replication424	 256.59822	1.07586	1.90577 	0.55595 	0.48698 	-0.19004 	0.75257 	0.40085 
Replication425	 434.05669	1.07275	5.44898 	0.44390 	0.02863 	-0.24696 	0.38910 	-0.10892 
Replication426	 215.71930	1.07729	1.88276 	0.56630 	0.57773 	-0.12248 	0.83105 	0.51384 
Replication427	 273.31753	1.07018	2.06955 	0.56087 	0.43723 	-0.19732 	0.73155 	0.32289 
Replication428	 295.37322	1.06644	2.55466 	0.46438 	0.33692 	-0.16941 	0.74604 	0.18639 
Replication429	 471.91648	1.06867	6.03958 	0.45278 	-0.09187 	-0.24036 	0.32159 	-0.26324 
Replication430	 380.28387	1.06856	4.25657 	0.16660 	-0.03133 	-0.13461 	0.63030 	-0.21666 
Replication431	 271.18931	1.07327	2.09819 	0.54277 	0.45785 	-0.17082 	0.71403 	0.37290 
Replication432	 295.63481	1.06501	2.51549 	0.48368 	0.34303 	-0.17724 	0.75039 	0.18575 
Replication433	 319.12022	1.07015	3.16611 	0.32035 	0.21024 	-0.11912 	0.68371 	0.07213 
Replication434	 19028.36505	1.51779	-1345.83801 	260.13357 	-105.98336 	-91.98948 	46.46122 	-69.63109 
Replication435	 262.10659	1.06835	1.99522 	0.57012 	0.46738 	-0.16817 	0.74380 	0.36370 
Replication436	 254.77813	1.06955	2.17566 	0.51773 	0.45905 	-0.12867 	0.77892 	0.35455 
Replication437	 326.21587	1.06431	2.93004 	0.39622 	0.22833 	-0.17123 	0.70887 	0.05109 
Replication438	 291.44168	1.07112	2.66627 	0.41459 	0.32761 	-0.14415 	0.73395 	0.20045 
Replication439	 537.52661	1.06727	7.41446 	-0.62609 	-2.14221 	1.94212 	-0.00775 	-2.51340 
Replication440	 283.67483	1.07701	3.03278 	0.32145 	0.29387 	-0.04461 	0.67528 	0.21540 
Replication441	 256.51124	1.06328	2.06118 	0.58572 	0.47004 	-0.15003 	0.78234 	0.34479 
Replication442	 306.97227	1.07335	2.59737 	0.51371 	0.37158 	-0.19118 	0.64158 	0.27343 
Replication443	 267.34332	1.07425	2.03393 	0.54584 	0.46489 	-0.17945 	0.72566 	0.37821 
Replication444	 375.95377	1.06838	4.02998 	0.20224 	0.00562 	-0.16520 	0.65420 	-0.18830 
Replication445	 298.78071	1.07386	2.45137 	0.52018 	0.39063 	-0.19244 	0.66046 	0.29390 
Replication446	 448.51476	1.07333	5.81603 	0.43982 	-0.01982 	-0.25515 	0.36498 	-0.16318 
Replication447	 445.79136	1.06785	5.72951 	-0.01269 	-0.35691 	-0.08592 	0.55215 	-0.57370 
Replication448	 292.30234	1.07270	2.39186 	0.52442 	0.40826 	-0.17674 	0.66937 	0.31682 
Replication449	 340.29690	1.06769	3.05364 	0.51022 	0.28378 	-0.19318 	0.57974 	0.15678 
Replication450	 259.01952	1.06981	2.22467 	0.50646 	0.44454 	-0.13126 	0.77373 	0.33729 
Replication451	 237.03959	1.06958	1.97586 	0.57299 	0.52343 	-0.13988 	0.81138 	0.42700 
Replication452	 472.64295	1.06941	5.98518 	0.45822 	-0.09510 	-0.24329 	0.31977 	-0.27004 
Replication453	 380.77364	1.06668	3.71823 	0.49718 	0.17738 	-0.21475 	0.50239 	0.02598 
Replication454	 416.11406	1.07124	5.29115 	0.03764 	-0.23029 	-0.09535 	0.57605 	-0.41637 
Replication455	 237.21204	1.07067	1.90040 	0.59035 	0.52961 	-0.17014 	0.81730 	0.42920 
Replication456	 377.89096	1.07087	4.42691 	0.14011 	-0.04510 	-0.11273 	0.61913 	-0.21457 
Replication457	 270.90082	1.07314	2.09615 	0.54258 	0.45861 	-0.16974 	0.71444 	0.37350 
Replication458	 341.46910	1.48168	2.39211 	0.04677 	0.99885 	-0.94601 	-1.76517 	1.13876 
Replication459	 228.14371	1.07730	2.03017 	0.52169 	0.52949 	-0.10647 	0.80059 	0.46331 
Replication460	 276.24588	1.06619	2.30030 	0.52894 	0.41043 	-0.17786 	0.77601 	0.26916 
Replication461	 255.39969	1.06301	2.02400 	0.59333 	0.47470 	-0.15255 	0.77844 	0.35137 
Replication462	 464.78098	1.06685	5.74795 	-0.03054 	-0.39870 	-0.15834 	0.59288 	-0.65688 
Replication463	 1169.96290	1.77043	-27.85915 	2.51659 	1.27417 	-7.67486 	-1.02047 	0.53573 
Replication464	 271.98358	1.07217	2.13118 	0.54157 	0.45793 	-0.16015 	0.70870 	0.37511 
Replication465	 342.20306	1.07128	3.60931 	0.25363 	0.11893 	-0.13413 	0.66692 	-0.03446 
Replication466	 376.18195	1.06983	3.62382 	0.49537 	0.18924 	-0.23136 	0.51447 	0.04238 
Replication467	 322.00932	1.06973	3.23160 	0.30860 	0.19570 	-0.11043 	0.67492 	0.05742 
Replication468	 231.81375	1.07456	2.08614 	0.49550 	0.50501 	-0.06171 	0.77074 	0.44409 
Replication469	 221.62430	1.07479	1.69133 	0.58997 	0.57105 	-0.15369 	0.81538 	0.50100 
Replication470	 268.85410	1.06705	2.24471 	0.53325 	0.42982 	-0.16942 	0.78111 	0.29797 
Replication471	 442.83020	1.06590	4.80662 	0.49106 	0.00379 	-0.24523 	0.38631 	-0.18838 
Replication472	 343.68431	1.06519	2.86764 	0.53139 	0.26209 	-0.22311 	0.59864 	0.10158 
Replication473	 4468.47014	1.81601	-450.15127 	-16.19483 	2.30712 	-17.63742 	-25.92024 	15.27096 
Replication474	 26400.35420	1.69183	-1469.62704 	195.32281 	-372.41558 	-65.00484 	-16.93530 	-67.41066 
Replication475	 6862.89020	1.49446	409.53876 	132.75194 	-23.38582 	-40.77422 	18.62776 	-9.05275 
Replication476	 577.82373	1.06480	3.54791 	0.13531 	-0.32021 	-0.88829 	0.61088 	-0.57600 
Replication477	 358.41046	1.06634	3.14973 	0.51775 	0.22926 	-0.22450 	0.56192 	0.07153 
Replication478	 347.26655	1.06795	3.56656 	0.26451 	0.10959 	-0.13030 	0.65963 	-0.05583 
Replication479	 252.65553	1.07725	2.38831 	0.43449 	0.42973 	-0.07989 	0.74351 	0.35855 
Replication480	 215.11035	1.07603	1.88642 	0.56086 	0.57557 	-0.10234 	0.82251 	0.51526 
Replication481	 467.80343	1.06789	6.09762 	-0.04814 	-0.47937 	-0.05572 	0.51838 	-0.70475 
Replication482	 537.70321	1.06792	6.81306 	-0.39651 	-1.56313 	1.07401 	0.21253 	-1.89410 
Replication483	 488.05937	1.07128	8.93578 	0.48563 	-0.05541 	-0.39126 	0.31814 	-0.19849 
Replication484	 319.95531	1.06685	2.62865 	0.53292 	0.32809 	-0.19739 	0.63236 	0.19577 
Replication485	 477.54931	1.07079	7.24293 	0.41756 	-0.07521 	-0.34949 	0.35976 	-0.21975 
Replication486	 289.92440	1.07022	2.65062 	0.41340 	0.32860 	-0.12806 	0.72662 	0.20526 
Replication487	 481.07661	1.07148	5.99274 	-0.05690 	-0.64238 	0.13525 	0.42666 	-0.85218 
Replication488	 425.84096	1.06807	5.30204 	0.03394 	-0.25212 	-0.10646 	0.57850 	-0.46037 
Replication489	 301.84144	1.45174	2.04873 	-0.55838 	0.02653 	0.32654 	-1.95758 	0.35777 
Replication490	 247.39943	1.06965	1.89139 	0.58389 	0.50048 	-0.17464 	0.78192 	0.39806 
Replication491	 470.92759	1.07116	6.02369 	-0.03807 	-0.53919 	0.03401 	0.46812 	-0.74282 
Replication492	 236.88784	1.07054	1.94162 	0.58374 	0.52851 	-0.16076 	0.81856 	0.42902 
Replication493	 258.70463	1.07017	1.96265 	0.57289 	0.46996 	-0.18912 	0.75952 	0.36110 
Replication494	 281.24081	1.06988	2.52143 	0.43852 	0.36010 	-0.12277 	0.73512 	0.24324 
Replication495	 565.46713	1.06464	6.74014 	-0.26879 	-1.30120 	0.52604 	0.33937 	-1.64649 
Replication496	 405.88366	1.07318	4.95376 	0.06981 	-0.16324 	-0.14888 	0.62026 	-0.35267 
Replication497	 397.60129	1.06603	3.92490 	0.49887 	0.12999 	-0.22929 	0.47557 	-0.03871 
Replication498	 295.58011	1.07083	2.73608 	0.39970 	0.30936 	-0.13664 	0.72353 	0.18183 
Replication499	 300.44506	1.06698	2.33609 	0.55125 	0.36885 	-0.20609 	0.68268 	0.23308 
Replication500	 21170.52534	1.50199	-375.22451 	356.26428 	9.83456 	-129.86866 	8.58421 	17.15478 
Replication501	 418.32256	1.07251	5.05207 	0.45012 	0.07754 	-0.23819 	0.41632 	-0.05421 
Replication502	 411.37511	1.06629	4.29497 	0.48991 	0.09433 	-0.22778 	0.44241 	-0.07298 
Replication503	 302.57724	1.07137	2.84599 	0.38103 	0.28487 	-0.14597 	0.72035 	0.15130 
Replication504	 328.27201	1.06958	3.36218 	0.28785 	0.16837 	-0.10568 	0.66456 	0.02742 
Replication505	 513.85359	1.06863	7.52578 	0.42697 	-0.26672 	-0.23423 	0.26352 	-0.45237 
Replication506	 477.59897	1.07068	6.01894 	-0.04675 	-0.63393 	0.17024 	0.40578 	-0.83815 
Replication507	 414.68545	1.07358	4.88425 	0.45620 	0.08653 	-0.24214 	0.42379 	-0.04734 
Replication508	 287.55521	1.06943	2.62003 	0.41569 	0.33392 	-0.11539 	0.72290 	0.21374 
Replication509	 391.50617	1.07442	4.25551 	0.46846 	0.15192 	-0.23999 	0.47095 	0.02287 
Replication510	 472.08716	1.07105	6.80996 	0.41236 	-0.07931 	-0.30915 	0.35619 	-0.22404 
Replication511	 291.85746	1.06921	2.27167 	0.54620 	0.39716 	-0.19293 	0.68875 	0.28047 
Replication512	 225.46309	1.07887	1.99081 	0.53996 	0.54458 	-0.13085 	0.81660 	0.47663 
Replication513	 293.30960	1.07021	2.70476 	0.40259 	0.31527 	-0.12716 	0.72162 	0.19007 
Replication514	 471.04358	1.07109	6.75104 	0.41269 	-0.07801 	-0.30408 	0.35583 	-0.22262 
Replication515	 466.92918	1.07176	6.50427 	0.41883 	-0.07566 	-0.27813 	0.34982 	-0.22122 
Replication516	 540.91093	1.06928	16.54255 	0.75924 	-0.50427 	0.31019 	-0.17215 	-0.68581 
Replication517	 233.26859	1.06975	1.87338 	0.59507 	0.53985 	-0.15683 	0.81801 	0.44400 
Replication518	 426.29978	1.06047	5.45060 	0.04752 	-0.26435 	0.00833 	0.48798 	-0.46495 
Replication519	 472.13291	1.06580	5.95749 	-0.04940 	-0.44806 	-0.12392 	0.56447 	-0.70421 
Replication520	 379.32194	1.06642	4.04651 	0.20092 	-0.00653 	-0.15246 	0.64237 	-0.20501 
Replication521	 387.11335	1.06513	3.55533 	0.51358 	0.15250 	-0.24128 	0.51062 	-0.02814 
Replication522	 312.28520	1.06785	2.81691 	0.40998 	0.27361 	-0.17776 	0.72905 	0.11369 
Replication523	 13313309.16217	1.82588	-3175295.38312 	-488627.90651 	-133562.57502 	105964.64782 	-64632.67328 	-100220.83802 
Replication524	 348.93065	1.06722	3.07334 	0.51521 	0.25686 	-0.21251 	0.57345 	0.11307 
Replication525	 304.73528	1.07950	3.51666 	0.25652 	0.20693 	-0.05789 	0.65182 	0.12068 
Replication526	 239.42757	1.06966	1.85965 	0.59190 	0.52305 	-0.16694 	0.80164 	0.42420 
Replication527	 293.00225	1.06918	2.28548 	0.54516 	0.39450 	-0.19311 	0.68634 	0.27735 
Replication528	 467.52934	1.06746	5.40458 	0.48513 	-0.07167 	-0.25284 	0.33609 	-0.27021 
Replication529	 354.91032	1.04760	4.50086 	0.31713 	0.02502 	0.41777 	0.27399 	-0.03261 
Replication530	 265.46408	1.07356	2.02630 	0.54743 	0.47063 	-0.17107 	0.72684 	0.38637 
Replication531	 305.42768	1.06657	2.40322 	0.54787 	0.35867 	-0.20141 	0.66922 	0.22395 
Replication532	 278.30569	1.06758	2.40701 	0.47450 	0.38243 	-0.13677 	0.75013 	0.25628 
Replication533	 246.54691	1.06984	1.88592 	0.58532 	0.50302 	-0.17580 	0.78514 	0.40081 
Replication534	 519.98752	1.06694	7.32866 	0.43490 	-0.28253 	-0.22603 	0.24938 	-0.47917 
Replication535	 317.92758	1.07012	3.14371 	0.32393 	0.21500 	-0.11882 	0.68498 	0.07759 
Replication536	 277.83731	1.06129	2.19420 	0.57265 	0.42378 	-0.12498 	0.70000 	0.30994 
Replication537	 299.21778	1.07403	2.45307 	0.52004 	0.38932 	-0.19438 	0.66014 	0.29213 
Replication538	 491.94798	1.07046	6.43526 	0.45788 	-0.16771 	-0.24579 	0.28659 	-0.35227 
Replication539	 279.87676	1.06939	2.13965 	0.55552 	0.42437 	-0.19000 	0.71410 	0.31084 
Replication540	 577.34385	1.06409	8.29394 	0.46068 	-0.55018 	-0.13425 	0.14180 	-0.80513 
Replication541	 451.68593	2.09083	-71.37573 	4.48894 	-6.27728 	5.49732 	-10.99141 	1.61175 
Replication542	 427.69947	1.06744	5.20290 	0.04339 	-0.24281 	-0.13042 	0.59325 	-0.46256 
Replication543	 265.09504	1.07792	2.60695 	0.39281 	0.38043 	-0.08006 	0.72417 	0.30386 
Replication544	 498.30286	1.05909	7.88105 	0.02104 	-0.78165 	0.57271 	0.11144 	-0.98306 
Replication545	 292.35177	1.06773	2.25799 	0.55326 	0.39053 	-0.19926 	0.69510 	0.26318 
Replication546	 338.95335	1.06893	3.37938 	0.29782 	0.15087 	-0.15031 	0.68026 	-0.01241 
Replication547	 244.85579	1.07388	1.83008 	0.56656 	0.51803 	-0.16192 	0.76812 	0.44060 
Replication548	 558.40462	1.06614	3.25265 	0.13751 	-0.27002 	-0.85617 	0.62420 	-0.50575 
Replication549	 501.40527	1.06903	6.23149 	-0.08316 	-0.66581 	0.00274 	0.48138 	-0.91045 
Replication550	 472.41700	1.07108	6.82256 	0.41247 	-0.08072 	-0.30899 	0.35551 	-0.22565 
Replication551	 317.40771	1.06231	2.59958 	0.54538 	0.32802 	-0.16801 	0.63306 	0.18963 
Replication552	 484.12806	1.07199	7.40239 	0.42010 	-0.12870 	-0.30366 	0.33023 	-0.28025 
Replication553	 242.35190	1.06760	1.93173 	0.59291 	0.51461 	-0.16232 	0.80569 	0.40708 
Replication554	 447.48070	1.06697	5.43544 	0.01086 	-0.31498 	-0.16006 	0.60190 	-0.56071 
Replication555	 558.92307	1.06681	7.52379 	-0.66036 	-2.20291 	1.81320 	0.08080 	-2.61259 
Replication556	 397.30874	1.06433	4.26945 	0.17471 	-0.06913 	-0.15943 	0.62965 	-0.28927 
Replication557	 521.52894	1.06690	6.36836 	-0.11823 	-0.86520 	0.21556 	0.39232 	-1.12935 
Replication558	 246.61173	1.06637	1.95402 	0.59302 	0.50261 	-0.16346 	0.79793 	0.38987 
Replication559	 406.97502	1.07009	4.28260 	0.48364 	0.10660 	-0.24176 	0.45020 	-0.05045 
Replication560	 244.45002	1.06823	1.95303 	0.59030 	0.50919 	-0.17007 	0.80682 	0.39908 
Replication561	 257.21300	1.07314	1.94783 	0.55494 	0.49083 	-0.16189 	0.74166 	0.41059 
Replication562	 481.99464	1.06980	6.20122 	0.45748 	-0.12928 	-0.24448 	0.30366 	-0.30902 
Replication563	 499.42723	1.06271	6.35711 	0.46385 	-0.17349 	-0.21996 	0.26847 	-0.37418 
Replication564	 479.75047	1.06725	6.04638 	-0.06825 	-0.48725 	-0.13909 	0.57434 	-0.74868 
Replication565	 338.34175	1.07005	2.90974 	0.51598 	0.28447 	-0.22145 	0.59560 	0.15024 
Replication566	 344.10173	1.07273	3.30722 	0.48834 	0.28007 	-0.20332 	0.56245 	0.17133 
Replication567	 485.69810	1.07142	5.98648 	-0.10091 	-0.78899 	0.33703 	0.36228 	-1.00672 
Replication568	 519.91399	1.06522	6.38919 	0.49407 	-0.24360 	-0.24559 	0.23943 	-0.47972 
Replication569	 482.16832	1.07086	7.81951 	0.43748 	-0.06493 	-0.38142 	0.35301 	-0.20903 
Replication570	 1437.19791	1.48205	-22.45135 	-0.99159 	-0.17811 	-3.78719 	-3.25757 	-0.19634 
Replication571	 425.09855	1.07220	5.24927 	0.44545 	0.05774 	-0.24089 	0.40463 	-0.07524 
Replication572	 471.10737	1.07118	6.74227 	0.41312 	-0.07995 	-0.30108 	0.35434 	-0.22490 
Replication573	 327.60994	1.06387	2.96107 	0.38333 	0.21584 	-0.15221 	0.69522 	0.04228 
Replication574	 439.46045	1.07239	5.62073 	0.43922 	0.01229 	-0.24958 	0.38102 	-0.12592 
Replication575	 484.19429	1.06800	6.23068 	-0.06367 	-0.56701 	-0.02374 	0.49379 	-0.79956 
Replication576	 478.68431	1.07067	6.00445 	-0.05614 	-0.67645 	0.23666 	0.38068 	-0.88123 
Replication577	 228.38289	1.07632	2.03683 	0.51575 	0.52496 	-0.09116 	0.79232 	0.46108 
Replication578	 442.12673	1.07346	5.62365 	0.44377 	0.00116 	-0.25250 	0.37496 	-0.14074 
Replication579	 245.10185	1.07722	2.26423 	0.46122 	0.46128 	-0.08828 	0.76139 	0.39122 
Replication580	 388.75314	1.06818	4.46112 	0.13840 	-0.07281 	-0.12469 	0.61737 	-0.26201 
Replication581	 486.36316	1.07176	7.79503 	0.43031 	-0.11984 	-0.32419 	0.32840 	-0.27013 
Replication582	 245.57373	1.07078	2.06246 	0.55485 	0.49744 	-0.15368 	0.80482 	0.39419 
Replication583	 122356.17551	1.77251	19969.60060 	-1691.37478 	-4.86505 	314.39397 	-973.40927 	-6.33020 
Replication584	 488.53125	1.06350	6.23097 	-0.07374 	-0.52437 	-0.09976 	0.53717 	-0.79508 
Replication585	 342.49940	1.07394	3.21294 	0.49130 	0.28235 	-0.21473 	0.57010 	0.17067 
Replication586	 283.93446	1.07767	3.02226 	0.32334 	0.29591 	-0.05561 	0.68140 	0.21585 
Replication587	 2263.04535	1.52873	0.86503 	12.49590 	0.80933 	-9.72576 	-0.65584 	-0.08562 
Replication588	 235.16996	1.06971	1.94839 	0.58057 	0.53076 	-0.14464 	0.81575 	0.43471 
Replication589	 465.46570	1.07281	6.36667 	0.42729 	-0.07756 	-0.26507 	0.34318 	-0.22541 
Replication590	 379.09239	1.06773	4.26297 	0.16497 	-0.03180 	-0.11791 	0.62089 	-0.21401 
Replication591	 499.23685	1.06839	6.25474 	-0.07618 	-0.66047 	0.02713 	0.46629 	-0.90085 
Replication592	 355.82401	1.07277	3.55230 	0.48164 	0.24992 	-0.20938 	0.53840 	0.13750 
Replication593	 249.45886	1.06749	1.93031 	0.58917 	0.49487 	-0.17169 	0.78520 	0.38444 
Replication594	 482.35924	1.07084	5.99574 	-0.08353 	-0.75379 	0.32391 	0.35807 	-0.96576 
Replication595	 252.91386	1.07060	2.14882 	0.53076 	0.47052 	-0.14756 	0.79127 	0.36383 
Replication596	 488.19456	1.06775	6.21770 	0.46320 	-0.14568 	-0.23915 	0.29221 	-0.33533 
Replication597	 547.70589	1.06729	-11.24872 	-0.47016 	0.06128 	-1.81551 	1.39468 	-0.17702 
Replication598	 535.46969	1.06734	1.95810 	1.39928 	2.65266 	-4.75328 	1.47555 	2.68032 
Replication599	 292.21337	1.07988	3.16834 	0.30319 	0.26882 	-0.08366 	0.68585 	0.18214 
Replication600	 242.82227	1.06763	1.92952 	0.59301 	0.51343 	-0.16373 	0.80457 	0.40559 
Replication601	 261.61815	1.06773	2.17202 	0.54790 	0.45371 	-0.16984 	0.79083 	0.32826 
Replication602	 413.02565	1.06808	4.58138 	0.47384 	0.09252 	-0.22245 	0.42997 	-0.05839 
Replication603	 287.08452	1.06879	2.51863 	0.45710 	0.35580 	-0.15641 	0.74847 	0.22126 
Replication604	 366.01913	1.07088	4.15127 	0.17631 	0.01001 	-0.11787 	0.63305 	-0.15378 
Replication605	 328.56474	1.06320	2.69927 	0.54165 	0.29680 	-0.18968 	0.61886 	0.14662 
Replication606	 362.14498	1.08523	4.93007 	0.10996 	-0.08085 	0.01596 	0.52393 	-0.16413 
Replication607	 427.67339	1.07298	5.28380 	0.44728 	0.04847 	-0.24545 	0.39995 	-0.08633 
Replication608	 385.17006	1.07153	4.56772 	0.12190 	-0.07498 	-0.12275 	0.61905 	-0.24954 
Replication609	 379.72318	1.46014	-3.95030 	0.40117 	3.02015 	0.73657 	-5.56489 	2.67065 
Replication610	 503.63210	1.06574	6.53445 	0.46148 	-0.19816 	-0.23127 	0.26572 	-0.39844 
Replication611	 447.85968	1.07201	5.81137 	-0.02795 	-0.39571 	-0.08110 	0.54928 	-0.59883 
Replication612	 293.67124	1.07848	3.24716 	0.29172 	0.25468 	-0.05639 	0.66725 	0.17154 
Replication613	 545.67881	1.06508	6.53369 	-0.15201 	-0.96479 	0.18672 	0.40910 	-1.26496 
Replication614	 344.16601	1.07313	3.28803 	0.48899 	0.27931 	-0.20726 	0.56369 	0.16942 
Replication615	 588.27763	1.06839	-37.05584 	-1.60241 	0.89402 	-4.20899 	2.92058 	0.61569 
Replication616	 440.76803	1.06913	5.17854 	0.46802 	0.00974 	-0.23836 	0.37814 	-0.15401 
Replication617	 253.50202	1.06751	1.98834 	0.58753 	0.48593 	-0.18365 	0.79414 	0.36603 
Replication618	 488.83686	1.07188	8.11970 	0.44099 	-0.12360 	-0.32490 	0.31846 	-0.27432 
Replication619	 519.56914	1.06905	6.33551 	-0.20413 	-1.07590 	0.51090 	0.33019 	-1.34935 
Replication620	 447.30781	1.07306	5.78892 	0.43928 	-0.01533 	-0.25367 	0.36724 	-0.15824 
Replication621	 279.31410	1.07435	2.17044 	0.53573 	0.43642 	-0.18732 	0.70208 	0.34519 
Replication622	 304.85570	1.06417	2.63625 	0.45104 	0.30478 	-0.16219 	0.73011 	0.14413 
Replication623	 985.47946	1.73964	3.98808 	-0.03220 	1.30476 	-7.61093 	-1.31371 	1.25434 
Replication624	 419.03573	1.06890	4.65978 	0.47480 	0.07428 	-0.23178 	0.42060 	-0.08187 
Replication625	 363.24449	1.07156	3.77887 	0.47483 	0.23243 	-0.20278 	0.52002 	0.12077 
Replication626	 298.14555	1.06977	2.33175 	0.54172 	0.38111 	-0.20315 	0.67908 	0.25993 
Replication627	 237.35847	1.07051	1.95376 	0.58109 	0.52650 	-0.15871 	0.81764 	0.42696 
Replication628	 268.90810	1.07025	2.34694 	0.47902 	0.40971 	-0.13530 	0.76097 	0.29637 
Replication629	 232.72497	1.06852	1.82985 	0.59875 	0.54085 	-0.14837 	0.80799 	0.44840 
Replication630	 303.81867	1.06363	2.38845 	0.55622 	0.35851 	-0.19061 	0.67350 	0.21661 
Replication631	 262.13326	1.06459	2.16157 	0.55090 	0.44911 	-0.14703 	0.77965 	0.32284 
Replication632	 286.78465	1.06958	2.60667 	0.41908 	0.33774 	-0.11830 	0.72565 	0.21750 
Replication633	 362.28332	1.07099	4.06124 	0.18849 	0.02781 	-0.12168 	0.63901 	-0.13456 
Replication634	 257.47217	1.07406	1.93686 	0.55463 	0.48837 	-0.17162 	0.74442 	0.40575 
Replication635	 499.58419	1.07137	17.71834 	0.96939 	0.23230 	-0.44946 	0.02304 	0.12824 
Replication636	 282.34886	1.06634	2.16573 	0.56794 	0.40626 	-0.20418 	0.72474 	0.27007 
Replication637	 244.39986	1.06598	1.94121 	0.59532 	0.50833 	-0.15672 	0.79901 	0.39816 
Replication638	 236.67958	1.07636	2.14576 	0.48682 	0.49179 	-0.08239 	0.77256 	0.42624 
Replication639	 331.76860	1.06799	3.26009 	0.31318 	0.17483 	-0.13412 	0.67911 	0.01791 
Replication640	 264.63105	1.06812	2.23733 	0.51953 	0.43528 	-0.14982 	0.77671 	0.31492 
Replication641	 266.81501	1.07989	2.61921 	0.39664 	0.38096 	-0.10698 	0.73510 	0.30103 
Replication642	 455.22391	1.06735	5.94200 	-0.02939 	-0.41295 	-0.06045 	0.52833 	-0.63134 
Replication643	 507.77147	1.06785	7.38709 	0.42165 	-0.23230 	-0.25044 	0.28002 	-0.41214 
Replication644	 483.93542	1.06328	6.24702 	-0.06833 	-0.51127 	-0.07607 	0.52093 	-0.77246 
Replication645	 408.99913	1.07247	4.81675 	0.45429 	0.10510 	-0.23322 	0.43319 	-0.02356 
Replication646	 443.22020	1.06488	4.68042 	0.49868 	0.00172 	-0.25062 	0.39185 	-0.20058 
Replication647	 231.88574	1.06950	1.89591 	0.59207 	0.54226 	-0.14723 	0.81985 	0.44808 
Replication648	 533.65946	1.06155	7.34100 	-0.20793 	-1.35217 	1.04895 	0.05370 	-1.63571 
Replication649	 2316.34081	1.98222	-207.59384 	-8.31881 	-2.71147 	2.23208 	-22.68546 	5.04613 
Replication650	 286.58974	1.06591	2.43182 	0.49421 	0.36989 	-0.16924 	0.75748 	0.22381 
Replication651	 520.79017	1.06844	0.35679 	0.02934 	-0.19367 	-0.86255 	0.74749 	-0.40097 
Replication652	 329.06092	1.06977	3.37403 	0.28645 	0.16611 	-0.10886 	0.66558 	0.02424 
Replication653	 519.85776	1.06883	6.58605 	-0.32233 	-1.37581 	0.95329 	0.21560 	-1.66882 
Replication654	 279.83881	1.06909	2.14481 	0.55603 	0.42548 	-0.18552 	0.71211 	0.31390 
Replication655	 258.44195	1.06266	2.10968 	0.56669 	0.45948 	-0.13230 	0.77706 	0.33539 
Replication656	 18981.34966	1.55636	457.14789 	57.37161 	-107.57709 	59.66044 	-14.26031 	-160.83818 
Replication657	 486.44508	1.07108	2.65954 	1.10660 	1.97813 	-3.61184 	1.34106 	1.96166 
Replication658	 501.72078	1.06841	6.54794 	0.46214 	-0.19803 	-0.23942 	0.26929 	-0.39345 
Replication659	 384.67375	1.06834	4.36153 	0.15156 	-0.05284 	-0.12947 	0.62392 	-0.24046 
Replication660	 481.44487	1.59362	5.86242 	0.03758 	0.00096 	-3.23366 	-1.98041 	1.58179 
Replication661	 482.98991	1.06958	6.25204 	0.45526 	-0.13302 	-0.24340 	0.30225 	-0.31210 
Replication662	 436.96101	1.07424	5.42479 	0.45011 	0.01674 	-0.25363 	0.38339 	-0.12583 
Replication663	 571.74874	1.06395	8.70127 	0.44879 	-0.55480 	-0.10221 	0.14369 	-0.80069 
Replication664	 447.60045	1.06941	5.33745 	0.46684 	-0.01173 	-0.24168 	0.36545 	-0.17801 
Replication665	 273.39326	1.06844	2.09181 	0.56054 	0.44157 	-0.17484 	0.72207 	0.33374 
Replication666	 499.35921	1.07310	4.23077 	0.27655 	0.02005 	-0.91173 	0.65370 	-0.14342 
Replication667	 432.69198	1.07082	5.64619 	0.00029 	-0.32180 	-0.06877 	0.54826 	-0.51409 
Replication668	 467.61069	1.07099	6.02568 	-0.03449 	-0.51752 	0.02220 	0.47412 	-0.71933 
Replication669	 359.94375	1.07374	3.58859 	0.48142 	0.23782 	-0.22043 	0.53303 	0.12151 
Replication670	 329.82380	1.07008	3.38204 	0.28582 	0.16472 	-0.11451 	0.66825 	0.02147 
Replication671	 217.23736	1.07631	1.90836 	0.55482 	0.56820 	-0.10345 	0.81896 	0.50699 
Replication672	 301.54881	1.06501	2.56722 	0.48062 	0.32913 	-0.19014 	0.75057 	0.16392 
Replication673	 244.62120	1.06784	1.93195 	0.59205 	0.50877 	-0.16883 	0.80198 	0.39935 
Replication674	 299.10649	1.06700	2.62946 	0.44259 	0.31853 	-0.16222 	0.73668 	0.16981 
Replication675	 471.55462	1.07128	6.75025 	0.41352 	-0.08296 	-0.29893 	0.35255 	-0.22840 
Replication676	 255.08513	1.06400	2.04097 	0.58827 	0.47770 	-0.16236 	0.78941 	0.35250 
Replication677	 429.93938	1.06904	5.32772 	0.02665 	-0.26453 	-0.12807 	0.59103 	-0.47879 
Replication678	 258.43814	1.06874	2.16215 	0.54307 	0.45999 	-0.16206 	0.79117 	0.34170 
Replication679	 564.37301	1.06638	1.41740 	0.05220 	-0.25274 	-0.99471 	0.71059 	-0.49946 
Replication680	 272.39043	1.07323	2.11386 	0.54187 	0.45513 	-0.17095 	0.71136 	0.37008 
Replication681	 254.46113	1.06973	2.17131 	0.51985 	0.46096 	-0.13170 	0.78097 	0.35613 
Replication682	 263.76092	1.06793	2.22802 	0.52071 	0.43764 	-0.14707 	0.77666 	0.31814 
Replication683	 518.13394	1.06971	7.44051 	0.43702 	-0.28960 	-0.22289 	0.24935 	-0.48195 
Replication684	 304.41182	1.06781	2.72864 	0.41953 	0.29622 	-0.16205 	0.72958 	0.14639 
Replication685	 315.45555	1.07004	3.09779 	0.33132 	0.22480 	-0.11811 	0.68758 	0.08887 
Replication686	 433.53832	1.07257	5.44759 	0.44321 	0.03069 	-0.24637 	0.39018 	-0.10615 
Replication687	 513.94554	1.06762	0.86103 	0.07035 	-0.14799 	-0.86221 	0.73382 	-0.34560 
Replication688	 486.05825	1.07224	5.96331 	-0.07429 	-0.68230 	0.14264 	0.43231 	-0.89907 
Replication689	 474.79525	1.07104	6.02439 	-0.04055 	-0.57664 	0.07896 	0.44562 	-0.78085 
Replication690	 342.65946	1.07043	3.64405 	0.24709 	0.11152 	-0.11713 	0.65569 	-0.03925 
Replication691	 260.31323	1.06698	2.01342 	0.58570 	0.46752 	-0.19133 	0.78027 	0.34213 
Replication692	 495.99307	1.07385	5.92815 	-0.11891 	-0.78152 	0.18153 	0.43995 	-1.01367 
Replication693	 340.72654	1.06311	3.20971 	0.33185 	0.15594 	-0.13009 	0.66635 	-0.02086 
Replication694	 411.70563	1.06946	5.30929 	0.04454 	-0.22156 	-0.05693 	0.55337 	-0.40026 
Replication695	 314.41162	1.06949	2.55458 	0.52993 	0.34324 	-0.20610 	0.64375 	0.21772 
Replication696	 309.23492	1.07015	2.97987 	0.35183 	0.25104 	-0.12201 	0.69772 	0.11788 
Replication697	 471.42231	1.07228	6.68005 	0.41896 	-0.09274 	-0.28191 	0.34276 	-0.23962 
Replication698	 401.28000	1.06773	4.60515 	0.12039 	-0.11411 	-0.14574 	0.62124 	-0.32022 
Replication699	 270.52640	1.07110	2.36420 	0.47987 	0.40759 	-0.14900 	0.76578 	0.29122 
Replication700	 434.33024	1.06648	4.70478 	0.48805 	0.02878 	-0.24076 	0.40006 	-0.15381 
Replication701	 463.05221	1.06784	5.54965 	0.47213 	-0.05890 	-0.24158 	0.33823 	-0.24105 
Replication702	 435.03046	1.06967	5.78284 	-0.00038 	-0.34618 	-0.02977 	0.51794 	-0.53388 
Replication703	 511.73971	1.06582	6.89981 	0.44659 	-0.23567 	-0.22962 	0.25733 	-0.43299 
Replication704	 471.16157	1.06568	5.73799 	-0.02823 	-0.40727 	-0.17849 	0.60092 	-0.68174 
Replication705	 435.02612	1.07088	5.68696 	-0.00362 	-0.33426 	-0.06647 	0.54484 	-0.52731 
Replication706	 277.86028	1.06774	2.36728 	0.49883 	0.39518 	-0.16484 	0.76647 	0.26070 
Replication707	 299.05655	1.07993	3.34760 	0.27880 	0.23648 	-0.07368 	0.66923 	0.14983 
Replication708	 448.27615	1.06386	4.93215 	0.49057 	-0.01101 	-0.23400 	0.37303 	-0.20674 
Replication709	 420.10257	1.06645	4.93172 	0.07889 	-0.19260 	-0.14493 	0.60659 	-0.41578 
Replication710	 408.45422	1.06948	4.83554 	0.08718 	-0.15541 	-0.14832 	0.61920 	-0.36089 
Replication711	 230.71373	1.06915	1.89481 	0.59212 	0.54482 	-0.14089 	0.81969 	0.45223 
Replication712	 316.40431	1.06774	2.91726 	0.38229 	0.24895 	-0.15854 	0.71223 	0.09288 
Replication713	 243.86149	1.07043	2.04568 	0.55765 	0.50231 	-0.14918 	0.80541 	0.40057 
Replication714	 555.05800	1.07172	66.75661 	3.63835 	1.52144 	-0.08339 	-1.86333 	1.62839 
Replication715	 479.63108	1.07230	6.99606 	0.41763 	-0.12388 	-0.28424 	0.33163 	-0.27554 
Replication716	 310.48600	1.06507	2.48307 	0.54518 	0.34750 	-0.19091 	0.65488 	0.21164 
Replication717	 373.75011	1.06844	3.66625 	0.49292 	0.19783 	-0.21379 	0.51267 	0.05747 
Replication718	 287.25324	1.06870	2.52138 	0.45591 	0.35485 	-0.15527 	0.74778 	0.22019 
Replication719	 474.99561	1.06810	6.04708 	-0.06342 	-0.48247 	-0.11729 	0.56069 	-0.72975 
Replication720	 467.81205	1.07189	6.52380 	0.41933 	-0.07989 	-0.27695 	0.34761 	-0.22618 
Replication721	 604.81829	2.14007	5.52012 	0.79223 	0.28915 	-4.02758 	-17.78719 	15.13111 
Replication722	 432.47424	1.06152	5.43812 	0.03746 	-0.27999 	-0.03042 	0.51329 	-0.49370 
Replication723	 477.10663	1.06850	6.19961 	0.44876 	-0.11031 	-0.24074 	0.31371 	-0.28260 
Replication724	 239.34428	1.07581	1.77941 	0.57187 	0.52671 	-0.17783 	0.78489 	0.44742 
Replication725	 242.23680	1.07078	2.01946 	0.56603 	0.50982 	-0.15759 	0.81129 	0.40752 
Replication726	 269.15830	1.07801	2.69089 	0.37870 	0.36263 	-0.07515 	0.71407 	0.28607 
Replication727	 269.96440	1.06664	2.26053 	0.52622 	0.42375 	-0.16118 	0.77566 	0.29272 
Replication728	 500.25457	1.06406	6.25632 	0.47452 	-0.17766 	-0.23054 	0.27004 	-0.38722 
Replication729	 263.07385	1.06823	2.00819 	0.57633 	0.45725 	-0.19188 	0.75864 	0.33799 
Replication730	 491.03869	1.07212	0.89166 	0.02346 	-0.27304 	-0.56588 	0.67636 	-0.45872 
Replication731	 359.49327	1.08372	4.94969 	0.10880 	-0.07285 	0.02428 	0.52720 	-0.15881 
Replication732	 489.40610	1.07153	9.16520 	0.49467 	-0.06159 	-0.38137 	0.30641 	-0.20487 
Replication733	 504.63356	1.06936	6.21970 	-0.09017 	-0.68437 	0.00008 	0.48589 	-0.93319 
Replication734	 250.90891	1.06738	1.99334 	0.58760 	0.49221 	-0.17742 	0.79980 	0.37405 
Replication735	 450.10375	1.06878	5.74021 	-0.02178 	-0.37107 	-0.10846 	0.56677 	-0.59455 
Replication736	 559.71323	1.06480	3.32278 	0.90900 	1.47532 	-3.24545 	1.08838 	1.39344 
Replication737	 417.38691	1.07098	5.33415 	0.03398 	-0.23894 	-0.08815 	0.57043 	-0.42479 
Replication738	 237.09951	1.07005	1.86278 	0.59422 	0.52984 	-0.16728 	0.81025 	0.43154 
Replication739	 320.79734	1.06689	2.55956 	0.54076 	0.31885 	-0.22097 	0.64538 	0.17143 
Replication740	 440.62696	1.07354	5.59235 	0.44429 	0.00616 	-0.25288 	0.37753 	-0.13453 
Replication741	 381.05171	1.07205	4.16048 	0.46644 	0.18415 	-0.21605 	0.48584 	0.06552 
Replication742	 462.41415	1.05915	6.82901 	-0.00805 	-0.46723 	0.16009 	0.34892 	-0.65929 
Replication743	 548.05531	1.06796	10.19335 	0.48757 	-0.49481 	-0.03499 	0.12016 	-0.70669 
Replication744	 239.88357	1.07044	1.99504 	0.57099 	0.51689 	-0.15358 	0.81288 	0.41657 
Replication745	 412.02362	1.07010	5.26898 	0.04428 	-0.21820 	-0.07276 	0.56469 	-0.39968 
Replication746	 316.52408	1.06960	3.12810 	0.32541 	0.21760 	-0.10874 	0.68009 	0.08307 
Replication747	 406.96948	1.06284	4.14846 	0.49710 	0.10306 	-0.20053 	0.44623 	-0.06747 
Replication748	 523.80775	1.06192	6.88977 	-0.07989 	-0.78661 	0.16921 	0.35889 	-1.04455 
Replication749	 778.46638	1.47661	82.06570 	-4.47402 	0.06392 	3.40978 	-6.98527 	-0.24895 
Replication750	 415.89822	1.07398	4.88727 	0.45729 	0.08234 	-0.24523 	0.42203 	-0.05309 
Replication751	 289.23140	1.07927	3.11945 	0.31159 	0.27873 	-0.07350 	0.68271 	0.19554 
Replication752	 508.10751	1.06882	7.17401 	0.43222 	-0.23872 	-0.23737 	0.27001 	-0.42312 
Replication753	 485.50400	1.06434	5.73742 	0.48731 	-0.12561 	-0.24101 	0.30084 	-0.33879 
Replication754	 443.50561	1.07094	5.82380 	-0.01732 	-0.38207 	-0.05390 	0.53120 	-0.57839 
Replication755	 317.72152	1.06886	2.99223 	0.36345 	0.23730 	-0.15290 	0.70682 	0.08556 
Replication756	 440.39953	1.07275	5.63046 	0.44045 	0.00847 	-0.25085 	0.37896 	-0.13056 
Replication757	 664.20159	1.06499	-95.51582 	-3.77566 	3.57859 	-10.69685 	6.72759 	3.30666 
Replication758	 546.54963	1.06831	3.12798 	0.12059 	-0.29863 	-0.76252 	0.61639 	-0.52630 
Replication759	 998.72818	2.07928	51.96948 	22.61271 	-3.61109 	15.04147 	-9.57503 	-13.34674 
Replication760	 433.53397	1.07078	5.68040 	0.00168 	-0.32725 	-0.06233 	0.54028 	-0.51738 
Replication761	 360.50588	1.07223	3.68373 	0.47788 	0.23856 	-0.20686 	0.52724 	0.12615 
Replication762	 410.52401	1.06662	4.87264 	0.08736 	-0.16651 	-0.11697 	0.59475 	-0.37299 
Replication763	 317.14168	1.07090	3.11490 	0.33148 	0.22273 	-0.13314 	0.69435 	0.08358 
Replication764	 453.79673	1.07139	6.10151 	0.42424 	-0.02975 	-0.26663 	0.36631 	-0.16956 
Replication765	 234.55301	1.05329	1.94469 	0.52403 	0.46738 	0.13089 	0.67644 	0.41144 
Replication766	 234.08934	1.06973	1.86418 	0.59556 	0.53783 	-0.15923 	0.81553 	0.44154 
Replication767	 395.06144	1.06565	3.97660 	0.49434 	0.13902 	-0.21672 	0.47397 	-0.02115 
Replication768	 227.67117	1.07518	1.71817 	0.58359 	0.55453 	-0.16266 	0.80374 	0.48147 
Replication769	 243.07064	1.07040	2.03598 	0.56006 	0.50520 	-0.14981 	0.80690 	0.40364 
Replication770	 309.10889	1.07879	3.65854 	0.23769 	0.18223 	-0.04079 	0.63689 	0.09582 
Replication771	 404.20228	1.07390	4.61694 	0.46128 	0.11690 	-0.24041 	0.44412 	-0.01321 
Replication772	 2592.50868	1.47016	-67.50281 	19.88622 	-2.74387 	20.01872 	-21.01825 	-10.50258 
Replication773	 15661.93318	1.50135	-550.92709 	13.99461 	-64.11663 	52.48448 	-105.17389 	-26.13894 
Replication774	 426.64128	1.07193	5.30960 	0.44328 	0.05375 	-0.24144 	0.40235 	-0.07880 
Replication775	 281.83615	1.07895	2.94785 	0.33694 	0.31117 	-0.07802 	0.69680 	0.22938 
Replication776	 412.79261	1.06844	4.99054 	0.07006 	-0.18471 	-0.12193 	0.59784 	-0.38789 
Replication777	 514.86730	1.06849	6.27753 	-0.14680 	-0.93645 	0.35615 	0.35992 	-1.19586 
Replication778	 266.41471	1.06939	2.02058 	0.56644 	0.45491 	-0.18344 	0.74073 	0.34598 
Replication779	 252.04410	1.06951	2.14468 	0.52578 	0.46872 	-0.12865 	0.78304 	0.36592 
Replication780	 398.43420	1.07291	4.52474 	0.46071 	0.13466 	-0.23074 	0.45372 	0.00804 
Replication781	 489.88810	1.06863	6.22689 	-0.07309 	-0.59467 	-0.03251 	0.50008 	-0.83308 
Replication782	 271.13496	1.06926	2.30895 	0.50919 	0.41749 	-0.16920 	0.77740 	0.28969 
Replication783	 528.32941	1.06853	6.29348 	-0.13070 	-0.84311 	0.07631 	0.46209 	-1.12033 
Replication784	 235.21987	1.07014	1.93064 	0.58554 	0.53274 	-0.15460 	0.81865 	0.43523 
Replication785	 492.58278	1.07318	7.79203 	0.42984 	-0.17804 	-0.27469 	0.30105 	-0.33584 
Replication786	 369.56307	1.06993	3.48297 	0.49870 	0.20615 	-0.23075 	0.52914 	0.06096 
Replication787	 484.96460	1.07168	7.64939 	0.42612 	-0.11654 	-0.32384 	0.33294 	-0.26643 
Replication788	 353.56692	1.07142	3.85223 	0.21850 	0.06974 	-0.13286 	0.65419 	-0.08939 
Replication789	 461.83484	1.07205	6.30125 	0.42415 	-0.06092 	-0.26791 	0.35231 	-0.20566 
Replication790	 392.80986	1.07319	4.37446 	0.46409 	0.15009 	-0.23026 	0.46512 	0.02484 
Replication791	 458.72573	1.06457	5.26804 	0.48299 	-0.04197 	-0.23322 	0.34889 	-0.23496 
Replication792	 540.70665	1.06770	1.99524 	0.08962 	-0.23688 	-0.85352 	0.67507 	-0.45925 
Replication793	 289.30076	1.52035	-4.72877 	-1.77945 	-0.28547 	-2.36958 	0.85503 	-0.07525 
Replication794	 356.32577	1.07353	3.51871 	0.48287 	0.24747 	-0.21690 	0.53998 	0.13248 
Replication795	 358.70897	1.07430	3.53098 	0.48320 	0.24025 	-0.22541 	0.53750 	0.12277 
Replication796	 493.33169	1.05864	2.66032 	1.23954 	2.81270 	-5.10952 	2.02667 	2.84058 
Replication797	 250.65079	1.07535	1.86173 	0.56205 	0.50204 	-0.18006 	0.76162 	0.42015 
Replication798	 521.80051	1.06910	6.44037 	-0.26297 	-1.22142 	0.70142 	0.28749 	-1.50757 
Replication799	 438.12569	1.06865	5.51960 	0.00491 	-0.30962 	-0.11378 	0.57680 	-0.52668 
Replication800	 228.00588	1.07408	1.72198 	0.58284 	0.55594 	-0.15260 	0.80007 	0.48433 
Replication801	 282.06973	1.06878	2.17283 	0.55369 	0.42089 	-0.18300 	0.70631 	0.30913 
Replication802	 520.61265	1.06863	6.61951 	-0.33680 	-1.41626 	1.00792 	0.20326 	-1.71390 
Replication803	 328.29748	1.07124	3.32411 	0.29789 	0.17828 	-0.13717 	0.68399 	0.03206 
Replication804	 348.51039	1.06935	3.12388 	0.50876 	0.26061 	-0.21586 	0.57017 	0.12584 
Replication805	 548.38592	1.06417	6.63093 	-0.14314 	-0.86048 	-0.01562 	0.48272 	-1.17190 
Replication806	 618.62531	1.06499	27.08325 	1.16684 	-1.88866 	2.32500 	-1.07143 	-2.18167 
Replication807	 504.07256	1.06893	6.23364 	-0.08581 	-0.68983 	0.02739 	0.47018 	-0.93573 
Replication808	 374.51572	1.06848	4.12931 	0.18341 	-0.00574 	-0.13533 	0.63649 	-0.18832 
Replication809	 564.68671	1.06590	3.84865 	0.15498 	-0.29804 	-0.83574 	0.60016 	-0.53953 
Replication810	 372.15798	1.07512	3.77331 	0.47847 	0.20372 	-0.23928 	0.51258 	0.07938 
Replication811	 259.97763	1.07393	1.96304 	0.55236 	0.48276 	-0.17180 	0.73905 	0.39955 
Replication812	 515.18201	1.06787	8.20063 	0.42982 	-0.26191 	-0.24667 	0.26276 	-0.44242 
Replication813	 242.13542	1.07544	1.79979 	0.56855 	0.52086 	-0.17644 	0.77880 	0.44062 
Replication814	 473.47731	1.07203	6.73612 	0.41754 	-0.10020 	-0.28193 	0.34083 	-0.24890 
Replication815	 295.65304	1.07035	2.74310 	0.39641 	0.30615 	-0.12698 	0.71738 	0.18069 
Replication816	 535.24508	1.07029	8.77299 	0.45213 	-0.40174 	-0.15113 	0.19593 	-0.60277 
Replication817	 231.28106	1.07641	2.07301 	0.50602 	0.51381 	-0.08944 	0.78619 	0.44904 
Replication818	 521.66631	1.06044	9.96575 	0.59920 	0.17011 	-0.83809 	0.38198 	0.02622 
Replication819	 407.14683	1.06436	4.61026 	0.12404 	-0.13035 	-0.13020 	0.60384 	-0.34714 
Replication820	 357.06905	1.07273	3.57987 	0.48086 	0.24672 	-0.20968 	0.53579 	0.13388 
Replication821	 298.47221	1.06493	2.57765 	0.45769 	0.32402 	-0.15709 	0.73535 	0.17140 
Replication822	 482.24326	1.07264	7.11174 	0.41929 	-0.13576 	-0.28221 	0.32558 	-0.28875 
Replication823	 277.30518	1.07971	2.82906 	0.35697 	0.33549 	-0.09741 	0.71552 	0.25179 
Replication824	 385.68364	1.06839	4.38578 	0.14934 	-0.05724 	-0.12917 	0.62196 	-0.24468 
Replication825	 270.35109	1.06482	2.18666 	0.56640 	0.43753 	-0.18620 	0.78498 	0.29548 
Replication826	 564.06151	1.06644	13.19094 	0.59194 	-0.68998 	0.28610 	-0.06866 	-0.91613 
Replication827	 488.40225	1.06727	6.20919 	-0.08369 	-0.54779 	-0.10974 	0.55043 	-0.80728 
Replication828	 222.45755	1.07695	1.96412 	0.53986 	0.55023 	-0.10690 	0.81097 	0.48641 
Replication829	 470.16842	1.06900	6.04248 	-0.05795 	-0.47956 	-0.09222 	0.54605 	-0.71313 
Replication830	 1638.58848	1.53037	-54.13302 	8.07901 	1.06248 	-0.05263 	-11.62575 	2.94392 
Replication831	 359.61030	1.06555	3.03790 	0.52810 	0.22013 	-0.24484 	0.57614 	0.04454 
Replication832	 475.81593	1.06717	5.98999 	-0.06030 	-0.46685 	-0.13963 	0.57602 	-0.72568 
Replication833	 358.15132	1.07133	3.95689 	0.20349 	0.04866 	-0.12960 	0.64770 	-0.11249 
Replication834	 493.08560	1.06486	6.27906 	-0.08541 	-0.55495 	-0.10583 	0.54257 	-0.82596 
Replication835	 4902.22897	1.62317	-36.24501 	-0.00165 	-21.66911 	-7.62188 	3.05364 	-27.06635 
Replication836	 318.74899	1.06550	2.49662 	0.54986 	0.31919 	-0.22886 	0.66114 	0.16003 
Replication837	 541.06608	1.06675	7.38457 	0.46194 	-0.36208 	-0.20840 	0.20432 	-0.58637 
Replication838	 285.11683	1.06626	2.18657 	0.56717 	0.39915 	-0.20861 	0.72209 	0.25961 
Replication839	 383.42890	1.06974	4.27593 	0.16433 	-0.03671 	-0.16008 	0.64479 	-0.22874 
Replication840	 384.45955	1.07203	4.25136 	0.46449 	0.17506 	-0.21775 	0.47898 	0.05618 
Replication841	 505.53296	1.07146	8.76652 	-1.46449 	-3.99446 	4.89458 	-0.77974 	-4.43903 
Replication842	 514.95977	1.06805	6.38497 	-0.20238 	-1.09793 	0.60957 	0.28578 	-1.36611 
Replication843	 24910.11033	1.51875	4426.80750 	475.15443 	-279.61095 	187.98634 	-275.46724 	-24.14771 
Replication844	 392.49871	1.06702	4.44437 	0.14234 	-0.07914 	-0.13184 	0.61842 	-0.27716 
Replication845	 541.62418	1.06659	7.43728 	0.45909 	-0.36674 	-0.20586 	0.20413 	-0.59033 
Replication846	 560.67528	1.06680	-4.14060 	-0.16971 	-0.03967 	-1.47604 	1.02919 	-0.28175 
Replication847	 448.84142	1.07222	5.89486 	0.43308 	-0.01783 	-0.25599 	0.36772 	-0.15864 
Replication848	 255.87942	1.07001	2.18663 	0.51741 	0.45700 	-0.13587 	0.78092 	0.35069 
Replication849	 543.10872	1.06654	8.28456 	0.43733 	-0.41069 	-0.17051 	0.20154 	-0.62427 
Replication850	 492.20502	1.06552	6.21611 	-0.08512 	-0.54198 	-0.12865 	0.56008 	-0.81678 
Replication851	 459.63090	1.07101	5.98831 	-0.03127 	-0.46882 	-0.01499 	0.49815 	-0.66918 
Replication852	 440.97577	1.06747	5.48124 	0.00885 	-0.30883 	-0.12509 	0.58209 	-0.53595 
Replication853	 473.70705	1.07287	6.63899 	0.42374 	-0.10869 	-0.26824 	0.33228 	-0.26026 
Replication854	 437.34460	1.06794	5.55506 	0.00575 	-0.31187 	-0.09537 	0.56371 	-0.52513 
Replication855	 217.79867	1.07768	1.90664 	0.56061 	0.57026 	-0.12293 	0.82692 	0.50620 
Replication856	 366.26637	1.06533	3.71405 	0.25350 	0.05613 	-0.15619 	0.65627 	-0.13876 
Replication857	 465.01221	1.06777	5.60616 	0.47116 	-0.06524 	-0.24106 	0.33433 	-0.24768 
Replication858	 556.26750	1.06721	10.14606 	0.48454 	-0.54387 	-0.01085 	0.10729 	-0.76613 
Replication859	 335.89421	1.06977	3.51762 	0.26480 	0.13684 	-0.10669 	0.65644 	-0.00844 
Replication860	 244.34104	1.07002	1.87859 	0.58707 	0.50957 	-0.17588 	0.79293 	0.40730 
Replication861	 371.11615	1.06939	3.54926 	0.49666 	0.20307 	-0.22439 	0.52296 	0.05965 
Replication862	 265.32425	1.06380	2.14144 	0.57410 	0.44917 	-0.17305 	0.78412 	0.31201 
Replication863	 525.43677	1.06943	8.11501 	0.43523 	-0.33468 	-0.20062 	0.23303 	-0.52845 
Replication864	 525.69185	1.06899	4.24287 	0.24188 	-0.08675 	-0.89688 	0.62918 	-0.27851 
Replication865	 244.46480	1.06751	1.91753 	0.59361 	0.50892 	-0.16605 	0.79793 	0.40100 
Replication866	 475.20105	1.07029	6.03827 	-0.03884 	-0.61459 	0.16562 	0.40409 	-0.81574 
Replication867	 452.46253	1.06925	5.74950 	-0.02675 	-0.37917 	-0.11974 	0.57408 	-0.60620 
Replication868	 471.34447	1.07133	6.01784 	-0.04003 	-0.53967 	0.02677 	0.47263 	-0.74438 
Replication869	 281.59227	1.07473	2.19354 	0.53495 	0.43065 	-0.19177 	0.69819 	0.33900 
Replication870	 530.69187	1.06158	1.64042 	0.50184 	0.92073 	-2.45449 	1.10176 	0.79888 
Replication871	 324.52490	1.06507	2.94316 	0.38768 	0.22905 	-0.16445 	0.70678 	0.05760 
Replication872	 1229.62037	1.73853	2.46782 	-0.11596 	0.14988 	-8.73400 	-0.44005 	0.25010 
Replication873	 253.09824	1.07080	2.14964 	0.53165 	0.47074 	-0.15096 	0.79266 	0.36335 
Replication874	 326.72109	1.06585	2.58362 	0.54483 	0.30056 	-0.23488 	0.64589 	0.13820 
Replication875	 346.79180	1.07387	3.31481 	0.48897 	0.27172 	-0.21530 	0.56024 	0.16025 
Replication876	 333.96413	1.06586	2.75594 	0.53321 	0.28823 	-0.21583 	0.61438 	0.13749 
Replication877	 327.41679	1.06401	2.62901 	0.54551 	0.29672 	-0.21545 	0.63508 	0.13614 
Replication878	 293.68560	1.07042	2.70862 	0.40280 	0.31499 	-0.13104 	0.72342 	0.18885 
Replication879	 245.80089	1.07069	2.06667 	0.55340 	0.49610 	-0.15148 	0.80343 	0.39327 
Replication880	 216.15192	1.07522	1.90117 	0.55287 	0.56881 	-0.08834 	0.81364 	0.51028 
Replication881	 263.61293	1.06638	2.02544 	0.57924 	0.45461 	-0.18052 	0.75309 	0.33446 
Replication882	 403.66102	1.07086	5.02761 	0.06674 	-0.16998 	-0.09801 	0.58874 	-0.35109 
Replication883	 337826.35785	1.74888	-43325.31098 	4015.75611 	-158.93876 	-3260.58054 	1374.94486 	-45.82169 
Replication884	 6006.34789	1.50093	345.23944 	-1.92557 	9.01926 	-126.21785 	86.07102 	12.28223 
Replication885	 505.41331	1.06655	6.36927 	-0.13595 	-0.96047 	0.52435 	0.27937 	-1.20750 
Replication886	 291.73533	1.07363	2.35552 	0.52543 	0.40801 	-0.18623 	0.67400 	0.31434 
Replication887	 498.68735	1.06988	6.67587 	0.45047 	-0.19587 	-0.24014 	0.27694 	-0.38166 
Replication888	 482.01873	1.06904	6.16664 	-0.07214 	-0.54979 	-0.07040 	0.52672 	-0.78840 
Replication889	 251.71378	1.06632	2.04025 	0.58104 	0.48684 	-0.16525 	0.79910 	0.36737 
Replication890	 235.78587	1.07021	1.93871 	0.58390 	0.53091 	-0.15486 	0.81819 	0.43297 
Replication891	 487.66978	1.07240	7.57104 	0.42373 	-0.14829 	-0.29295 	0.31876 	-0.30247 
Replication892	 286.48989	1.06996	2.59903 	0.42240 	0.34082 	-0.12489 	0.72982 	0.21965 
Replication893	 252.73354	1.06928	1.96785 	0.58672 	0.48990 	-0.19297 	0.79772 	0.37284 
Replication894	 455.23703	1.07097	5.95783 	-0.02852 	-0.44563 	-0.02714 	0.50743 	-0.64493 
Replication895	 426.69229	1.06703	5.04323 	0.06373 	-0.21908 	-0.15687 	0.61039 	-0.44846 
Replication896	 233.72996	1.07015	1.88124 	0.59511 	0.53869 	-0.16015 	0.81922 	0.44247 
Replication897	 250.66590	1.07365	1.88026 	0.56101 	0.50506 	-0.16316 	0.75618 	0.42597 
Replication898	 422.46269	1.06834	5.03933 	0.06272 	-0.20958 	-0.15352 	0.61175 	-0.42980 
Replication899	 416.47442	1.07088	5.10813 	0.44373 	0.08705 	-0.23270 	0.42031 	-0.03934 
Replication900	 367.50279	1.07106	4.18057 	0.17301 	0.00432 	-0.12027 	0.63265 	-0.16022 
Replication901	 312.19624	1.06595	2.79685 	0.40970 	0.27028 	-0.15787 	0.71782 	0.11159 
Replication902	 345.63875	1.07117	3.68587 	0.24202 	0.10324 	-0.13096 	0.66135 	-0.05150 
Replication903	 264.89918	1.06922	2.01008 	0.56770 	0.45877 	-0.18048 	0.74278 	0.35099 
Replication904	 283.17400	1.06790	2.46994 	0.46221 	0.36588 	-0.14147 	0.74580 	0.23607 
Replication905	 548.57126	1.06930	7.23922 	-0.61508 	-2.01521 	1.56444 	0.16235 	-2.39938 
Replication906	 3716.78912	1.55882	292.92419 	51.30575 	-16.29491 	-28.15115 	22.56759 	-13.34550 
Replication907	 305.74316	1.07905	3.54989 	0.25057 	0.20029 	-0.05121 	0.64796 	0.11348 
Replication908	 476.97917	1.07118	6.01483 	-0.04497 	-0.59723 	0.09605 	0.43918 	-0.80308 
Replication909	 487.11023	1.07319	7.28995 	0.42264 	-0.16046 	-0.27330 	0.31302 	-0.31697 
Replication910	 478.58819	1.07146	5.99679 	-0.04818 	-0.61644 	0.11571 	0.43051 	-0.82247 
Replication911	 542.21188	1.06508	7.17346 	0.47461 	-0.34683 	-0.21593 	0.19956 	-0.58056 
Replication912	 274.69753	1.07050	2.42355 	0.46275 	0.38901 	-0.13772 	0.75381 	0.27210 
Replication913	 224.94550	1.07687	1.99448 	0.53051 	0.53955 	-0.10045 	0.80256 	0.47646 
Replication914	 501.26360	1.06672	6.48441 	0.46284 	-0.19150 	-0.23445 	0.26968 	-0.39003 
Replication915	 316.10019	1.07299	2.76462 	0.50685 	0.34976 	-0.19211 	0.62136 	0.24950 
Replication916	 315.95788	1.06959	3.11581 	0.32697 	0.22013 	-0.10967 	0.68185 	0.08531 
Replication917	 259.81466	1.06621	2.03788 	0.58608 	0.46917 	-0.18735 	0.78738 	0.34089 
Replication918	 547.34561	1.06955	20.72284 	0.94266 	-0.60269 	0.61698 	-0.40218 	-0.77893 
Replication919	 80326.24702	1.45437	4022.94061 	392.22539 	-225.46646 	-421.12257 	-1.56874 	-54.90403 
Replication920	 296.58626	1.07381	2.42018 	0.52180 	0.39601 	-0.19079 	0.66478 	0.30016 
Replication921	 219.20995	1.07590	1.93163 	0.54572 	0.55931 	-0.09506 	0.81122 	0.49850 
Replication922	 292.12582	1.06581	2.25168 	0.56189 	0.38392 	-0.20496 	0.70385 	0.24413 
Replication923	 281.80202	1.06515	2.34314 	0.52512 	0.39448 	-0.18027 	0.77012 	0.24611 
Replication924	 272.39269	1.07382	2.09921 	0.54140 	0.45379 	-0.17776 	0.71396 	0.36640 
Replication925	 220.42519	1.07562	1.68881 	0.59166 	0.57485 	-0.15939 	0.82250 	0.50400 
Replication926	 507.37986	1.06603	6.41066 	-0.10653 	-0.64496 	-0.08954 	0.52948 	-0.92077 
Replication927	 335.44137	1.06543	2.73392 	0.53705 	0.28074 	-0.22600 	0.61898 	0.12073 
Replication928	 1529643.03658	1.77331	-329002.66561 	19772.91701 	12.30730 	-21681.37019 	13387.14460 	550.15787 
Replication929	 295.95626	1.07093	2.74049 	0.39900 	0.30875 	-0.13949 	0.72524 	0.17993 
Replication930	 534.81807	1.99049	-17.47130 	1.01712 	-1.48237 	-2.60619 	-2.10685 	-0.53137 
Replication931	 270.55492	1.06535	2.25540 	0.52817 	0.42128 	-0.15357 	0.77125 	0.28907 
Replication932	 543.10542	1.06733	6.39451 	-0.16007 	-0.94765 	0.13456 	0.44576 	-1.24644 
Replication933	 328.14421	1.07038	3.34122 	0.29306 	0.17357 	-0.12034 	0.67357 	0.03047 
Replication934	 440.50680	1.07206	5.69486 	-0.01628 	-0.35332 	-0.09432 	0.56287 	-0.55426 
Replication935	 473.42833	1.06778	5.63434 	0.47959 	-0.09153 	-0.24897 	0.32197 	-0.28696 
Replication936	 281.25132	1.07455	2.18962 	0.53421 	0.43145 	-0.19061 	0.69897 	0.33899 
Replication937	 263.57948	1.06726	2.14297 	0.56577 	0.45691 	-0.18774 	0.79539 	0.32500 
Replication938	 358.00368	1.06506	3.56995 	0.27418 	0.08722 	-0.14837 	0.65953 	-0.10041 
Replication939	 491.32166	1.06725	6.35894 	0.45733 	-0.15746 	-0.23640 	0.28751 	-0.34558 
Replication940	 260.54798	1.06913	1.97833 	0.57135 	0.46872 	-0.17712 	0.75074 	0.36275 
Replication941	 238.49556	1.07037	1.87060 	0.59283 	0.52623 	-0.17202 	0.80975 	0.42637 
Replication942	 258.58349	1.07074	1.95774 	0.57380 	0.46998 	-0.19579 	0.76355 	0.35977 
Replication943	 524.52610	1.06648	7.22312 	0.44609 	-0.29482 	-0.22085 	0.23661 	-0.50029 
Replication944	 458.24595	1.07004	5.54933 	0.46710 	-0.04643 	-0.24753 	0.34647 	-0.21909 
Replication945	 336.10107	1.08094	4.39495 	0.15460 	0.05252 	-0.02713 	0.59256 	-0.03898 
Replication946	 320.56460	1.07325	2.83747 	0.50431 	0.33847 	-0.19659 	0.61270 	0.23673 
Replication947	 13583.04356	1.67837	647.53989 	-60.51818 	-13.87197 	-42.91327 	-47.32275 	6.28930 
Replication948	 514.83184	1.06910	7.44945 	0.43133 	-0.27271 	-0.22967 	0.25854 	-0.46066 
Replication949	 385.75962	1.06992	3.81852 	0.49141 	0.16402 	-0.23510 	0.49455 	0.01375 
Replication950	 269.62056	1.06435	2.13365 	0.58194 	0.44303 	-0.19270 	0.78149 	0.30083 
Replication951	 338.94242	1.07213	3.23199 	0.49052 	0.29409 	-0.19510 	0.57113 	0.18864 
Replication952	 324.81504	1.06820	3.12712 	0.33638 	0.20468 	-0.13949 	0.69051 	0.05091 
Replication953	 332.94565	1.07323	3.06185 	0.49599 	0.30752 	-0.20292 	0.58732 	0.20101 
Replication954	 549.42457	1.07032	17.29516 	0.79289 	-0.60765 	0.43185 	-0.23454 	-0.79748 
Replication955	 437.59969	1.06791	5.56221 	0.00514 	-0.31342 	-0.09449 	0.56292 	-0.52667 
Replication956	 2589.41908	3.15805	98.56866 	-0.09121 	-8.77281 	4.69234 	-19.20653 	-8.27001 
Replication957	 256.70179	1.06219	2.10098 	0.55875 	0.45725 	-0.10603 	0.76646 	0.34044 
Replication958	 536.32743	1.06555	1.64905 	0.11421 	-0.11934 	-0.99448 	0.72167 	-0.33113 
Replication959	 216.51066	1.07660	1.90022 	0.55874 	0.57125 	-0.10650 	0.82126 	0.51051 
Replication960	 453.36049	1.07069	5.95872 	-0.02399 	-0.43705 	-0.02071 	0.50290 	-0.63384 
Replication961	 1403.84983	1.80394	91.67793 	-10.42405 	8.42356 	-16.46557 	6.37868 	0.53455 
Replication962	 506.14055	1.06050	6.93253 	0.40243 	-0.14503 	-0.34038 	0.32203 	-0.31567 
Replication963	 396.99971	1.06839	4.48107 	0.13776 	-0.08899 	-0.16168 	0.63479 	-0.29516 
Replication964	 296.61793	1.07378	2.42395 	0.52203 	0.39609 	-0.19014 	0.66432 	0.30083 
Replication965	 290.86887	1.07364	2.34295 	0.52612 	0.41008 	-0.18586 	0.67580 	0.31669 
Replication966	 417.14008	1.07251	5.02191 	0.45065 	0.08108 	-0.23756 	0.41842 	-0.05028 
Replication967	 436.73881	1.06824	5.34347 	0.02233 	-0.28065 	-0.14688 	0.60006 	-0.50929 
Replication968	 295.02590	1.06544	2.27426 	0.56247 	0.37554 	-0.21021 	0.70237 	0.23040 
Replication969	 237.47770	1.06904	1.84676 	0.59392 	0.52794 	-0.15880 	0.80092 	0.43177 
Replication970	 493.12135	1.07176	9.89607 	0.52449 	-0.07370 	-0.35428 	0.27196 	-0.21779 
Replication971	 331.38708	1.06779	3.17188 	0.33645 	0.18969 	-0.15853 	0.69480 	0.02426 
Replication972	 504.58029	1.06927	6.95570 	0.44012 	-0.22241 	-0.23719 	0.27138 	-0.40755 
Replication973	 219.45751	1.07622	1.93310 	0.54652 	0.55945 	-0.09964 	0.81304 	0.49782 
Replication974	 780.72932	1.56173	-21.81837 	26.68113 	-0.41054 	0.84467 	-4.61843 	-0.79186 
Replication975	 415.08057	1.07208	5.00414 	0.44956 	0.08818 	-0.23502 	0.42203 	-0.04076 
Replication976	 386.88199	1.07158	4.60070 	0.11646 	-0.08271 	-0.12407 	0.61951 	-0.25909 
Replication977	 229.51448	1.06890	1.85286 	0.59918 	0.54958 	-0.14408 	0.81934 	0.45792 
Replication978	 480.18295	1.07157	7.21208 	0.41655 	-0.10870 	-0.31244 	0.34178 	-0.25754 
Replication979	 260.53478	1.07354	1.97490 	0.55187 	0.48225 	-0.16796 	0.73652 	0.39984 
Replication980	 240.60296	1.07001	2.01341 	0.56464 	0.51206 	-0.14348 	0.80761 	0.41331 
Replication981	 348.07747	1.07028	3.76861 	0.22932 	0.08675 	-0.11205 	0.64645 	-0.06592 
Replication982	 376.21572	1.06700	4.08611 	0.19162 	-0.00589 	-0.13521 	0.63438 	-0.19446 
Replication983	 284.24434	1.06572	2.35092 	0.53141 	0.39401 	-0.19677 	0.77573 	0.24076 
Replication984	 499.63948	1.06534	6.42547 	-0.07877 	-0.63007 	-0.00894 	0.47635 	-0.88143 
Replication985	 246.39010	1.07062	2.07363 	0.55106 	0.49389 	-0.15047 	0.80221 	0.39064 
Replication986	 472.40796	1.07219	6.67102 	0.41911 	-0.09832 	-0.27743 	0.34013 	-0.24717 
Replication987	 459.39453	1.07017	6.03122 	-0.02278 	-0.47318 	0.01984 	0.47474 	-0.66869 
Replication988	 287.63769	1.06828	2.52912 	0.45148 	0.35106 	-0.14736 	0.74286 	0.21761 
Replication989	 508.83476	1.05960	7.62470 	-0.07998 	-1.08774 	0.94402 	0.01529 	-1.32242 
Replication990	 366.42258	1.06643	3.71287 	0.25742 	0.05982 	-0.17171 	0.66471 	-0.13572 
Replication991	 301.07793	1.06553	2.59673 	0.46387 	0.32203 	-0.17785 	0.74363 	0.16243 
Replication992	 479.36829	1.07108	6.00460 	-0.05208 	-0.64051 	0.15714 	0.41427 	-0.84736 
Replication993	 354.03170	1.06917	3.94335 	0.20473 	0.05322 	-0.08790 	0.62500 	-0.09905 
Replication994	 379.85931	1.07226	4.11955 	0.46765 	0.18703 	-0.21702 	0.48865 	0.06817 
Replication995	 545.86372	1.06855	8.43535 	0.44709 	-0.44015 	-0.15079 	0.18843 	-0.65593 
Replication996	 532.81346	1.06730	2.87903 	1.03539 	1.78840 	-3.55066 	1.20991 	1.74397 
Replication997	 487.15747	1.07323	7.23202 	0.42258 	-0.16295 	-0.26933 	0.31193 	-0.32049 
Replication998	 498.21244	1.06750	6.54648 	0.45519 	-0.18454 	-0.23659 	0.27649 	-0.37485 
Replication999	 460.36387	1.07182	6.27296 	0.42327 	-0.05433 	-0.26909 	0.35579 	-0.19782 