
Replication	FitnessValue	Frequency	Bus1	Bus2	Bus3	Bus4	Bus5	Bus6	Bus7	Bus8	Bus9	Bus10	Bus11	Bus12	Bus1_P	Bus2_P	Bus3_P	Bus4_P	Bus5_P	Bus6_P	Bus7_P	Bus8_P	Bus9_P	Bus10_P	Bus11_P	Bus12_P	Bus1_Q	Bus2_Q	Bus3_Q	Bus4_Q	Bus5_Q	Bus6_Q	Bus7_Q	Bus8_Q	Bus9_Q	Bus10_Q	Bus11_Q	Bus12_Q	PLoss	QLoss
Replication0	 57906179.43398	1.00241	14261673.95448 	-2143285.16768 	-2841912.82600 	4740754.56182 	-841563.12572 	-3624559.92809 	-19598.90442 	171637.09887 	70849.12638 	161727.19658 	169909.38760 	95545.97957 	-2371.52957 	-2967.10535 	-2903.15222 	-34272293.49176 	0.00000 	1.20000 	-2126.84689 	-2484.57689 	-337587.50194 	-2542.59956 	7852.27788 	-306125.15823 	777.80303 	973.13716 	952.16211 	-34134874.43732 	-0.00000 	1.20000 	697.55317 	814.87976 	-297605.13539 	833.90976 	-2575.35291 	1.20000 	4176839.12805	12690170.84750
Replication1	 470.97489	1.01002	-18.03883 	10.55157 	0.92535 	3.41214 	1.40005 	-3.84725 	1.86840 	1.89901 	2.00541 	1.89691 	1.88127 	1.90533 	-0.12227 	-0.10786 	-0.11763 	-17.68965 	0.01440 	1.20000 	-0.11151 	-0.11754 	-4.56658 	-0.10830 	0.26421 	-1.63580 	-0.03035 	-0.02677 	-0.02920 	-16.97221 	0.00357 	1.20000 	-0.02768 	-0.02918 	-4.35784 	-0.02688 	0.06558 	1.20000 	27.53228	69.28283
Replication2	 424.45168	1.00258	-2.77668 	-0.81671 	-0.07100 	-1.18323 	1.06888 	-0.15383 	0.37585 	0.42246 	0.62770 	0.41910 	0.54453 	0.53603 	-0.12573 	-0.11575 	-0.11516 	0.80000 	0.00951 	1.20000 	-0.14543 	-0.11707 	0.80000 	-0.11068 	0.29798 	-1.78804 	-0.02964 	-0.02729 	-0.02715 	0.80000 	0.00224 	1.20000 	-0.03429 	-0.02760 	0.80000 	-0.02609 	0.07025 	1.20000 	26.72035	79.06248
Replication3	 297.75145	1.04990	6.93262 	0.84919 	0.30084 	-1.16048 	1.25794 	0.10102 	0.74626 	0.72808 	0.86192 	0.72895 	0.73565 	0.65074 	-0.10364 	-0.10860 	-0.11242 	0.80000 	0.02697 	0.35031 	-0.13348 	-0.11776 	0.55636 	-0.12242 	0.25155 	-1.56285 	-0.02551 	-0.02673 	-0.02767 	0.80000 	0.00664 	1.20000 	-0.03286 	-0.02899 	0.77128 	-0.03013 	0.06192 	1.20000 	15.41518	46.62265
Replication4	 323.31031	1.00179	1.07963 	-0.02804 	0.00755 	0.66270 	-0.70429 	0.99715 	-2.11636 	-2.14778 	-2.41665 	-2.14377 	-2.05025 	-2.18387 	-0.11938 	-0.11896 	-0.11942 	0.80000 	0.00000 	-5.04355 	-0.11712 	-0.10989 	0.80000 	-0.09536 	0.38579 	-0.58056 	-0.03343 	-0.03332 	-0.03344 	0.80000 	0.00000 	1.20000 	-0.03280 	-0.03078 	0.80000 	-0.02671 	0.10804 	1.18591 	15.15659	40.12737
Replication5	 416.22282	1.00248	-7.37076 	-0.92796 	0.35089 	-1.73329 	1.65738 	0.57105 	0.44356 	0.45655 	0.46339 	0.45550 	0.49519 	0.45603 	-0.10831 	-0.11685 	-0.11224 	0.80000 	0.04892 	-4.17949 	-0.10116 	-0.11277 	0.80000 	-0.12531 	0.35855 	-1.46000 	-0.02707 	-0.02921 	-0.02806 	0.80000 	0.01223 	1.20000 	-0.02529 	-0.02819 	0.80000 	-0.03132 	0.08963 	1.20000 	25.96405	69.05458
Replication6	 1730.27607	1.00229	-72.24091 	8.28683 	2.37541 	-23.18282 	-1.79716 	2.84525 	2.89793 	3.28238 	4.88074 	3.26794 	3.65255 	3.74924 	-0.17360 	-0.18690 	-0.19915 	0.80000 	0.00000 	-73.39770 	-0.15493 	-0.17861 	-17.96861 	-0.19625 	0.63662 	-9.42765 	-0.00569 	-0.00612 	-0.00652 	0.80000 	0.00000 	1.20000 	-0.00508 	-0.00585 	-16.73469 	-0.00643 	0.02085 	1.20000 	123.63715	386.15667
Replication7	 3782863.52045	1.00225	1177999.14891 	103610.63322 	-69586.55282 	74158.80254 	-116596.96085 	-66975.24338 	19973.40251 	8413.11090 	-13454.01024 	9031.87916 	-21149.41687 	933.16121 	-130.07067 	-129.01444 	-139.36002 	-538714.55802 	0.00000 	1.20000 	-152.91547 	-126.27373 	0.80000 	-153.58194 	366.01631 	-16003.36772 	42.60316 	42.25721 	45.64578 	-531352.57620 	-0.00000 	1.20000 	50.08572 	41.35952 	0.80000 	50.30401 	-119.88446 	1.20000 	254027.07879	710113.29699
Replication8	 2907.25553	1.04156	18.22759 	0.53926 	-9.00319 	0.59005 	-19.48654 	-7.13703 	24.91868 	-2.42516 	-21.82062 	6.07889 	0.89565 	29.04974 	-0.23498 	-0.27843 	-0.26193 	-0.53445 	0.05372 	-3.29966 	-0.21856 	-0.22850 	0.80000 	-0.24425 	0.36143 	-18.06765 	0.01219 	0.01444 	0.01358 	0.80000 	-0.00279 	1.20000 	0.01134 	0.01185 	0.80000 	0.01267 	-0.01874 	1.20000 	145.77379	575.34755
Replication9	 8679.39025	1.00138	288.28370 	132.16298 	-3.47233 	-120.15860 	38.29053 	23.59481 	15.22576 	12.49592 	-15.16601 	12.62098 	7.60980 	6.14358 	-0.66744 	-0.62955 	-0.59384 	0.80000 	0.00000 	-538.30121 	-0.61770 	-0.60079 	0.80000 	-0.59090 	1.18349 	-51.09511 	0.13957 	0.13165 	0.12418 	0.80000 	-0.00000 	1.20000 	0.12917 	0.12563 	0.80000 	0.12356 	-0.24748 	1.20000 	646.31593	2096.71390